execute if entity @s[tag=aj.yuji.locator_origin.head] at @s on origin run tp @s ^0 ^1.48222 ^-0.16233 ~0 ~-12.5
execute if entity @s[tag=aj.yuji.bone.torso] run data modify entity @s {} merge value {transformation:[-1f,2.6506208041798655e-17f,1.195617780139768e-16f,1.987965603134899e-17f,0f,0.9762960071199334f,-0.21643961393810288f,1.48222200533995f,-1.2246467991473532e-16f,-0.21643961393810288f,-0.9762960071199334f,-0.16232971045357716f,0f,0f,0f,1f],start_interpolation:0}
execute if entity @s[tag=aj.yuji.bone.bottom2] run data modify entity @s {} merge value {transformation:[-0.9997774267456657f,-0.021090327237901607f,0.0005432005276831686f,-0.3704786557267779f,-0.016415756334231858f,0.7614925606266149f,-0.6479657421918974f,1.111408750411691f,0.01325216638101772f,-0.6478304393954637f,-0.7616692864221913f,-0.10128798324197677f,0f,0f,0f,1f],start_interpolation:0}
execute if entity @s[tag=aj.yuji.bone.rightarm] run data modify entity @s {} merge value {transformation:[-0.9997774267456657f,-0.018029733779304745f,-0.010955622741882233f,-0.3125f,-0.016415756334231858f,0.9910010770695119f,-0.13284347251951203f,1.3601850044499584f,0.01325216638101772f,-0.13263406028209582f,-0.9910764784512319f,-0.13527475871131434f,0f,0f,0f,1f],start_interpolation:0}
execute if entity @s[tag=aj.yuji.bone.bottom] run data modify entity @s {} merge value {transformation:[-0.9997774265248338f,0.021090338494858835f,-0.000543169911481697f,0.3704786574881259f,0.016415745066106754f,0.761492560468353f,-0.6479657426633574f,1.1114087510854418f,-0.013252196999179233f,-0.6478304392150187f,-0.7616692860429459f,-0.10128798131497325f,0f,0f,0f,1f],start_interpolation:0}
execute if entity @s[tag=aj.yuji.bone.leftarm] run data modify entity @s {} merge value {transformation:[-0.9997774265248338f,0.01802972667870466f,0.01095565457978978f,0.3125f,0.016415745066106754f,0.9910010771915395f,-0.13284347300162255f,1.3601850044499584f,-0.013252196999179233f,-0.1326340603355693f,-0.9910764780346649f,-0.13527475871131428f,0f,0f,0f,1f],start_interpolation:0}
execute if entity @s[tag=aj.yuji.bone.head] run data modify entity @s {} merge value {transformation:[-1f,9.715776287805221e-17f,7.455177354798985e-17f,1.987965603134899e-17f,0f,0.6087614290087207f,-0.7933533402912352f,1.48222200533995f,-1.2246467991473532e-16f,-0.7933533402912352f,-0.6087614290087207f,-0.16232971045357716f,0f,0f,0f,1f],start_interpolation:0}
execute if entity @s[tag=aj.yuji.locator_origin.mount] at @s on origin run tp @s ^0 ^0.59375 ^0 ~0 ~0
execute if entity @s[tag=aj.yuji.camera_origin.camera] at @s on origin run tp @s ^0 ^1.5675 ^2.8125 ~-180 ~0