execute if entity @s[tag=aj.yuji.locator_origin.head] at @s on origin run tp @s ^0 ^1.47039 ^-0.20864 ~0 ~-16.15234
execute if entity @s[tag=aj.yuji.bone.torso] run data modify entity @s {} merge value {transformation:[-1f,3.4068728184116564e-17f,1.1763043648025523e-16f,2.5551546138087424e-17f,0f,0.9605254066899461f,-0.27819227721688033f,1.4703940550174597f,-1.2246467991473532e-16f,-0.27819227721688033f,-0.9605254066899461f,-0.20864420791266025f,0f,0f,0f,1f],start_interpolation:0}
execute if entity @s[tag=aj.yuji.bone.bottom2] run data modify entity @s {} merge value {transformation:[-0.82703557728753f,0.5613365333630946f,0.030223338872227206f,-0.5045238569212442f,-0.48567781919733466f,-0.6864238689212364f,-0.5412386979096396f,1.4915794827116922f,-0.2830710332061605f,-0.4623024642883752f,0.8403256640567941f,-0.07598649676384148f,0f,0f,0f,1f],start_interpolation:0}
execute if entity @s[tag=aj.yuji.bone.rightarm] run data modify entity @s {} merge value {transformation:[-0.82703557728753f,0.5613365333630946f,0.030223338872227206f,-0.3125f,-0.48567781919733466f,-0.6864238689212364f,-0.5412386979096396f,1.3503283791812164f,-0.2830710332061605f,-0.4623024642883752f,0.8403256640567941f,-0.17387017326055024f,0f,0f,0f,1f],start_interpolation:0}
execute if entity @s[tag=aj.yuji.bone.bottom] run data modify entity @s {} merge value {transformation:[-0.8270356538358395f,-0.5613364547977826f,-0.030222703376473082f,0.5045238420641857f,0.48567741476414433f,-0.6864240402629438f,-0.5412388435220757f,1.4915795508241934f,0.2830715034621867f,-0.4623023052767026f,0.8403255931265594f,-0.0759865659077612f,0f,0f,0f,1f],start_interpolation:0}
execute if entity @s[tag=aj.yuji.bone.leftarm] run data modify entity @s {} merge value {transformation:[-0.8270356538358395f,-0.5613364547977826f,-0.030222703376473082f,0.3125f,0.48567741476414433f,-0.6864240402629438f,-0.5412388435220757f,1.3503283791812164f,0.2830715034621867f,-0.4623023052767026f,0.8403255931265594f,-0.17387017326055018f,0f,0f,0f,1f],start_interpolation:0}
execute if entity @s[tag=aj.yuji.bone.head] run data modify entity @s {} merge value {transformation:[-1f,7.231351067101142e-17f,9.883498369025058e-17f,2.5551546138087424e-17f,0f,0.8070488875573213f,-0.5904846256190674f,1.4703940550174597f,-1.2246467991473532e-16f,-0.5904846256190674f,-0.8070488875573213f,-0.20864420791266025f,0f,0f,0f,1f],start_interpolation:0}
execute if entity @s[tag=aj.yuji.locator_origin.mount] at @s on origin run tp @s ^0 ^0.59375 ^0 ~0 ~0
execute if entity @s[tag=aj.yuji.camera_origin.camera] at @s on origin run tp @s ^0 ^1.49283 ^3.1882 ~-180 ~-0.99556