execute if entity @s[tag=aj.yuji.locator_origin.head] at @s on origin run tp @s ^0 ^1.46529 ^-0.22553 ~0 ~-17.5
execute if entity @s[tag=aj.yuji.bone.torso] run data modify entity @s {} merge value {transformation:[-1f,3.6825839484795376e-17f,1.16796641102639e-16f,2.7619379613596534e-17f,0f,0.9537169507482269f,-0.30070579950427306f,1.4652877130611701f,-1.2246467991473532e-16f,-0.30070579950427306f,-0.9537169507482269f,-0.2255293496282048f,0f,0f,0f,1f],start_interpolation:0}
execute if entity @s[tag=aj.yuji.bone.bottom2] run data modify entity @s {} merge value {transformation:[-0.8252928421701616f,0.5641780369131137f,0.024389902163847295f,-0.5051253118639135f,-0.49487780951034593f,-0.7017644495927919f,-0.5124671803559396f,1.4905843435214432f,-0.2720067615279782f,-0.4350055171518986f,0.8583603682198233f,-0.09619016799769467f,0f,0f,0f,1f],start_interpolation:0}
execute if entity @s[tag=aj.yuji.bone.rightarm] run data modify entity @s {} merge value {transformation:[-0.8252928421701616f,0.5641780369131137f,0.024389902163847295f,-0.3125f,-0.49487780951034593f,-0.7017644495927919f,-0.5124671803559396f,1.3460730942176418f,-0.2720067615279782f,-0.4350055171518986f,0.8583603682198233f,-0.18794112469017069f,0f,0f,0f,1f],start_interpolation:0}
execute if entity @s[tag=aj.yuji.bone.bottom] run data modify entity @s {} merge value {transformation:[-0.8252929176403023f,-0.5641779524849049f,-0.024389301398306355f,0.5051252954737451f,0.4948774351217968f,-0.7017646128845764f,-0.5124673182850128f,1.4905844077436736f,0.2720072136911609f,-0.435005363223146f,0.8583603029422262f,-0.09619023474008169f,0f,0f,0f,1f],start_interpolation:0}
execute if entity @s[tag=aj.yuji.bone.leftarm] run data modify entity @s {} merge value {transformation:[-0.8252929176403023f,-0.5641779524849049f,-0.024389301398306355f,0.3125f,0.4948774351217968f,-0.7017646128845764f,-0.5124673182850128f,1.3460730942176418f,0.2720072136911609f,-0.435005363223146f,0.8583603029422262f,-0.18794112469017063f,0f,0f,0f,1f],start_interpolation:0}
execute if entity @s[tag=aj.yuji.bone.head] run data modify entity @s {} merge value {transformation:[-1f,9.655220240162035e-17f,7.533438815053261e-17f,2.7619379613596534e-17f,0f,0.6151519622064366f,-0.7884085637495135f,1.4652877130611701f,-1.2246467991473532e-16f,-0.7884085637495135f,-0.6151519622064366f,-0.2255293496282048f,0f,0f,0f,1f],start_interpolation:0}
execute if entity @s[tag=aj.yuji.locator_origin.mount] at @s on origin run tp @s ^0 ^0.59375 ^0 ~0 ~0
execute if entity @s[tag=aj.yuji.camera_origin.camera] at @s on origin run tp @s ^0 ^1.5675 ^3.8125 ~-180 ~0