execute if entity @s[tag=aj.yuji.locator_origin.head] at @s on origin run tp @s ^0 ^1.21307 ^0.38103 ~0 ~40.625
execute if entity @s[tag=aj.yuji.bone.torso] run data modify entity @s {} merge value {transformation:[-1f,-7.973742051420657e-17f,9.294913445728886e-17f,-4.6662277280496716e-17f,0f,0.7589872812471619f,0.651105449911949f,1.2130736379201925f,-1.2246467991473532e-16f,0.651105449911949f,-0.7589872812471619f,0.3810264095164811f,0f,0f,0f,1f],start_interpolation:0}
execute if entity @s[tag=aj.yuji.bone.bottom2] run data modify entity @s {} merge value {transformation:[-0.9830323130570547f,0.14946297006866546f,-0.10634045356283726f,-0.41921013047774197f,0.17374854806739548f,0.944572955696055f,-0.27855587125761705f,0.8864685500674846f,0.058812528683680046f,-0.29230592184536974f,-0.9545147115283031f,0.2633115493039862f,0f,0f,0f,1f],start_interpolation:0}
execute if entity @s[tag=aj.yuji.bone.rightarm] run data modify entity @s {} merge value {transformation:[-0.9830323130570547f,0.18108244364670395f,-0.029268072854819544f,-0.31250000000000006f,0.17374854806739548f,0.9703638478040997f,0.16794476746625342f,1.1182002277642973f,0.058812528683680046f,0.16000984806492463f,-0.9853618294779187f,0.2996382282774874f,0f,0f,0f,1f],start_interpolation:0}
execute if entity @s[tag=aj.yuji.bone.bottom] run data modify entity @s {} merge value {transformation:[-0.9830323202560379f,-0.14946310228022383f,0.10634020118845845f,0.41921013266633067f,-0.17374860301154435f,0.94457293521602f,-0.27855590643339284f,0.8864685542040283f,-0.05881224603402966f,-0.2923059204227032f,-0.9545147293794207f,0.2633115293455586f,0f,0f,0f,1f],start_interpolation:0}
execute if entity @s[tag=aj.yuji.bone.leftarm] run data modify entity @s {} merge value {transformation:[-0.9830323202560379f,-0.1810824506013133f,0.029267788031441543f,0.31249999999999994f,-0.17374860301154435f,0.9703638449939622f,0.16794472685997103f,1.1182002277642973f,-0.05881224603402966f,0.1600098572362229f,-0.9853618448588702f,0.2996382282774875f,0f,0f,0f,1f],start_interpolation:0}
execute if entity @s[tag=aj.yuji.bone.head] run data modify entity @s {} merge value {transformation:[-1f,-1.1056355711182072e-16f,5.266210844050717e-17f,-4.6662277280496716e-17f,0f,0.43001874889292646f,0.902819957466915f,1.2130736379201925f,-1.2246467991473532e-16f,0.902819957466915f,-0.43001874889292646f,0.3810264095164811f,0f,0f,0f,1f],start_interpolation:0}
execute if entity @s[tag=aj.yuji.bone.bottom3] run data modify entity @s {} merge value {transformation:[-1f,-5.89041356282954e-17f,1.0736806151040428e-16f,-0.12499999999999997f,0f,0.8767267557075077f,0.48098876891938763f,0.3438175974892184f,-1.2246467991473532e-16f,0.48098876891938763f,-0.8767267557075077f,-0.19474924480216568f,0f,0f,0f,1f],start_interpolation:0}
execute if entity @s[tag=aj.yuji.bone.rightleg] run data modify entity @s {} merge value {transformation:[-1f,-3.4269170634161425e-17f,1.17572198119561e-16f,-0.11874999999999998f,0f,0.9600498543859286f,0.27982901403099203f,0.6438331769848211f,-1.2246467991473532e-16f,0.27982901403099203f,-0.9600498543859286f,-0.10730267791748067f,0f,0f,0f,1f],start_interpolation:0}
execute if entity @s[tag=aj.yuji.bone.bottom4] run data modify entity @s {} merge value {transformation:[-1f,-5.89041356282954e-17f,1.0736806151040428e-16f,0.12500000000000003f,0f,0.8767267557075077f,0.48098876891938763f,0.3438175974892184f,-1.2246467991473532e-16f,0.48098876891938763f,-0.8767267557075077f,-0.19474924480216566f,0f,0f,0f,1f],start_interpolation:0}
execute if entity @s[tag=aj.yuji.bone.leftleg] run data modify entity @s {} merge value {transformation:[-1f,-3.4269170634161425e-17f,1.17572198119561e-16f,0.11875000000000001f,0f,0.9600498543859286f,0.27982901403099203f,0.6438331769848211f,-1.2246467991473532e-16f,0.27982901403099203f,-0.9600498543859286f,-0.10730267791748065f,0f,0f,0f,1f],start_interpolation:0}
execute if entity @s[tag=aj.yuji.locator_origin.mount] at @s on origin run tp @s ^0 ^0.48892 ^-0.08691 ~0 ~-7.5
execute if entity @s[tag=aj.yuji.camera_origin.camera] at @s on origin run tp @s ^0 ^1.755 ^3.125 ~-180 ~5.61224