execute if entity @s[tag=aj.yuji.locator_origin.head] at @s on origin run tp @s ^0 ^1.4999 ^0.01227 ~0 ~0.9375
execute if entity @s[tag=aj.yuji.bone.torso] run data modify entity @s {} merge value {transformation:[-1f,-2.003734226488505e-18f,1.224482865366771e-16f,-1.502800669866379e-18f,0f,0.9998661379095618f,0.01636173162648678f,1.4998996034321714f,-1.2246467991473532e-16f,0.01636173162648678f,-0.9998661379095618f,0.012271298719865084f,0f,0f,0f,1f],start_interpolation:0}
execute if entity @s[tag=aj.yuji.bone.bottom2] run data modify entity @s {} merge value {transformation:[-0.9992738632044899f,0.03119529530069589f,-0.021876925457586103f,-0.3827534402754546f,0.027155353708263864f,0.9858533478391294f,0.165395777816f,1.13015020884046f,0.02672701033324675f,0.1646816022070557f,-0.9859846027262107f,-0.0292738801393818f,0f,0f,0f,1f],start_interpolation:0}
execute if entity @s[tag=aj.yuji.bone.rightarm] run data modify entity @s {} merge value {transformation:[-0.9992738632044899f,0.03119529530069589f,-0.021876925457586103f,-0.3125f,0.027155353708263864f,0.9858533478391294f,0.165395777816f,1.374916336193476f,0.02672701033324675f,0.1646816022070557f,-0.9859846027262107f,0.0102260822665542f,0f,0f,0f,1f],start_interpolation:0}
execute if entity @s[tag=aj.yuji.bone.bottom] run data modify entity @s {} merge value {transformation:[-0.9992738635342345f,-0.031195266194034805f,0.021876951900285695f,0.38275343301939835f,-0.027155320638825555f,0.9858533487718312f,0.16539577768603636f,1.1301502065404447f,-0.02672703160410223f,0.16468160213712246f,-0.9859846021613035f,-0.029273878792469947f,0f,0f,0f,1f],start_interpolation:0}
execute if entity @s[tag=aj.yuji.bone.leftarm] run data modify entity @s {} merge value {transformation:[-0.9992738635342345f,-0.031195266194034805f,0.021876951900285695f,0.3125f,-0.027155320638825555f,0.9858533487718312f,0.16539577768603636f,1.374916336193476f,-0.02672703160410223f,0.16468160213712246f,-0.9859846021613035f,0.010226082266554276f,0f,0f,0f,1f],start_interpolation:0}
execute if entity @s[tag=aj.yuji.bone.head] run data modify entity @s {} merge value {transformation:[-1f,-5.341834311772723e-18f,1.223481206754078e-16f,-1.502800669866379e-18f,0f,0.9990482215818578f,0.04361938736533599f,1.4998996034321714f,-1.2246467991473532e-16f,0.04361938736533599f,-0.9990482215818578f,0.012271298719865084f,0f,0f,0f,1f],start_interpolation:0}
execute if entity @s[tag=aj.yuji.locator_origin.mount] at @s on origin run tp @s ^0 ^0.59375 ^0 ~0 ~0
execute if entity @s[tag=aj.yuji.camera_origin.camera] at @s on origin run tp @s ^0 ^1.73938 ^0.34375 ~0 ~0