execute if entity @s[tag=aj.yuji.locator_origin.head] at @s on origin run tp @s ^0 ^1.49878 ^-0.0427 ~0 ~-3.26375
execute if entity @s[tag=aj.yuji.bone.torso] run data modify entity @s {} merge value {transformation:[-1f,6.97220602773318e-18f,1.2226604667578574e-16f,5.2291545207998845e-18f,0f,0.998378036515607f,-0.056932382729351035f,1.4987835273867052f,-1.2246467991473532e-16f,-0.056932382729351035f,-0.998378036515607f,-0.04269928704701328f,0f,0f,0f,1f],start_interpolation:0}
execute if entity @s[tag=aj.yuji.bone.bottom2] run data modify entity @s {} merge value {transformation:[-0.9992585184931103f,0.02768032935048467f,-0.026762148381680277f,-0.3818737397434406f,0.02852515419123583f,0.9990896924286493f,-0.031719111923147914f,1.1259966718520444f,0.0258597911306452f,-0.0324589871973181f,-0.9991384715607761f,-0.02585175546084959f,0f,0f,0f,1f],start_interpolation:0}
execute if entity @s[tag=aj.yuji.bone.rightarm] run data modify entity @s {} merge value {transformation:[-0.9992585184931103f,0.02768032935048467f,-0.026762148381680277f,-0.3125f,0.02852515419123583f,0.9990896924286493f,-0.031719111923147914f,1.3739862728222545f,0.0258597911306452f,-0.0324589871973181f,-0.9991384715607761f,-0.03558273920584444f,0f,0f,0f,1f],start_interpolation:0}
execute if entity @s[tag=aj.yuji.bone.bottom] run data modify entity @s {} merge value {transformation:[-0.9992585164340688f,-0.02768039637726069f,0.02676215593672637f,0.3818737563714445f,-0.02852522139903283f,0.9990896905748655f,-0.03171910987331786f,1.1259966765159777f,-0.025859796559912926f,-0.03245898709783139f,-0.9991384714234872f,-0.02585175514639195f,0f,0f,0f,1f],start_interpolation:0}
execute if entity @s[tag=aj.yuji.bone.leftarm] run data modify entity @s {} merge value {transformation:[-0.9992585164340688f,-0.02768039637726069f,0.02676215593672637f,0.3125f,-0.02852522139903283f,0.9990896905748655f,-0.03171910987331786f,1.3739862728222545f,-0.025859796559912926f,-0.03245898709783139f,-0.9991384714234872f,-0.03558273920584436f,0f,0f,0f,1f],start_interpolation:0}
execute if entity @s[tag=aj.yuji.bone.head] run data modify entity @s {} merge value {transformation:[-1f,6.027736786685018e-18f,1.2231624673709138e-16f,5.2291545207998845e-18f,0f,0.9987879511239707f,-0.04922020611070689f,1.4987835273867052f,-1.2246467991473532e-16f,-0.04922020611070689f,-0.9987879511239707f,-0.04269928704701328f,0f,0f,0f,1f],start_interpolation:0}
execute if entity @s[tag=aj.yuji.locator_origin.mount] at @s on origin run tp @s ^0 ^0.59375 ^0 ~0 ~0
execute if entity @s[tag=aj.yuji.camera_origin.camera] at @s on origin run tp @s ^0 ^1.755 ^2.75 ~-180 ~-11.53061