execute if entity @s[tag=aj.yuji.locator_origin.head] at @s on origin run tp @s ^0 ^1.49873 ^0.04361 ~0 ~3.33333
execute if entity @s[tag=aj.yuji.bone.torso] run data modify entity @s {} merge value {transformation:[-1f,-7.120687861218535e-18f,1.2225748905895979e-16f,-5.340515895913901e-18f,0f,0.9983081582712682f,0.05814482891047636f,1.498731118703451f,-1.2246467991473532e-16f,0.05814482891047636f,-0.9983081582712682f,0.04360862168285727f,0f,0f,0f,1f],start_interpolation:0}
execute if entity @s[tag=aj.yuji.bone.bottom2] run data modify entity @s {} merge value {transformation:[-0.9996453760074225f,-0.01323081828508851f,-0.02310990425089814f,-0.3716701314291918f,-0.017918946730147257f,0.9761790610390202f,0.21622523473697333f,1.1287778994891533f,0.019698567842887905f,0.21656266122414558f,-0.9760699668509708f,-0.01656898674680822f,0f,0f,0f,1f],start_interpolation:0}
execute if entity @s[tag=aj.yuji.bone.rightarm] run data modify entity @s {} merge value {transformation:[-0.9996453760074225f,-0.01323081828508851f,-0.02310990425089814f,-0.3125f,-0.017918946730147257f,0.9761790610390202f,0.21622523473697333f,1.3739425989195426f,0.019698567842887905f,0.21656266122414558f,-0.9760699668509708f,0.03634051806904768f,0f,0f,0f,1f],start_interpolation:0}
execute if entity @s[tag=aj.yuji.bone.bottom] run data modify entity @s {} merge value {transformation:[-0.9996453748993873f,0.013230814541292947f,0.023109954323564177f,0.37167013229588847f,0.0179189539033003f,0.976179061125373f,0.21622523375267005f,1.1287778990192432f,-0.01969861754729784f,0.21656266106362684f,-0.976069965883474f,-0.016568983600152833f,0f,0f,0f,1f],start_interpolation:0}
execute if entity @s[tag=aj.yuji.bone.leftarm] run data modify entity @s {} merge value {transformation:[-0.9996453748993873f,0.013230814541292947f,0.023109954323564177f,0.3125f,0.0179189539033003f,0.976179061125373f,0.21622523375267005f,1.3739425989195426f,-0.01969861754729784f,0.21656266106362684f,-0.976069965883474f,0.03634051806904776f,0f,0f,0f,1f],start_interpolation:0}
execute if entity @s[tag=aj.yuji.bone.head] run data modify entity @s {} merge value {transformation:[-1f,2.3649700734631342e-17f,1.2015943359462442e-16f,-5.340515895913901e-18f,0f,0.981176235289098f,-0.1931144616643524f,1.498731118703451f,-1.2246467991473532e-16f,-0.1931144616643524f,-0.981176235289098f,0.04360862168285727f,0f,0f,0f,1f],start_interpolation:0}
execute if entity @s[tag=aj.yuji.locator_origin.mount] at @s on origin run tp @s ^0 ^0.59375 ^0 ~0 ~0
execute if entity @s[tag=aj.yuji.camera_origin.camera] at @s on origin run tp @s ^0 ^1.5675 ^2.8125 ~-180 ~0