execute if entity @s[tag=aj.yuji.locator_origin.head] at @s on origin run tp @s ^0 ^1.39952 ^-0.375 ~0 ~-30
execute if entity @s[tag=aj.yuji.bone.torso] run data modify entity @s {} merge value {transformation:[-1f,6.123233995736765e-17f,1.0605752387249069e-16f,4.5924254968025736e-17f,0f,0.8660254037844387f,-0.49999999999999994f,1.399519052838329f,-1.2246467991473532e-16f,-0.49999999999999994f,-0.8660254037844387f,-0.37499999999999994f,0f,0f,0f,1f],start_interpolation:0}
execute if entity @s[tag=aj.yuji.bone.bottom2] run data modify entity @s {} merge value {transformation:[-0.8302888019643311f,0.5558228977704031f,0.04100501977499867f,-0.5033487745653714f,-0.5342022039594889f,-0.772696097623024f,-0.34288299170850606f,1.4510522640235624f,-0.15889779928451048f,-0.30659688033680776f,0.9384827341780333f,-0.24578189237107995f,0f,0f,0f,1f],start_interpolation:0}
execute if entity @s[tag=aj.yuji.bone.rightarm] run data modify entity @s {} merge value {transformation:[-0.8302888019643311f,0.5558228977704031f,0.04100501977499867f,-0.31249999999999994f,-0.5342022039594889f,-0.772696097623024f,-0.34288299170850606f,1.2912658773652743f,-0.15889779928451048f,-0.30659688033680776f,0.9384827341780333f,-0.3125f,0f,0f,0f,1f],start_interpolation:0}
execute if entity @s[tag=aj.yuji.bone.bottom] run data modify entity @s {} merge value {transformation:[-0.8302888802511912f,-0.5558228325200536f,-0.041004319048212425f,0.503348763145713f,0.5342019003709091f,-0.7726962293537567f,-0.3428831678321293f,1.4510523159305317f,0.15889841085213086f,-0.30659666663529006f,0.9384827004462024f,-0.24578198401943555f,0f,0f,0f,1f],start_interpolation:0}
execute if entity @s[tag=aj.yuji.bone.leftarm] run data modify entity @s {} merge value {transformation:[-0.8302888802511912f,-0.5558228325200536f,-0.041004319048212425f,0.31250000000000006f,0.5342019003709091f,-0.7726962293537567f,-0.3428831678321293f,1.2912658773652743f,0.15889841085213086f,-0.30659666663529006f,0.9384827004462024f,-0.3124999999999999f,0f,0f,0f,1f],start_interpolation:0}
execute if entity @s[tag=aj.yuji.bone.head] run data modify entity @s {} merge value {transformation:[-1f,8.27359385291814e-17f,9.029043306084036e-17f,4.5924254968025736e-17f,0f,0.7372773368101241f,-0.6755902076156601f,1.399519052838329f,-1.2246467991473532e-16f,-0.6755902076156601f,-0.7372773368101241f,-0.37499999999999994f,0f,0f,0f,1f],start_interpolation:0}
execute if entity @s[tag=aj.yuji.locator_origin.mount] at @s on origin run tp @s ^0 ^0.59375 ^0 ~0 ~0
execute if entity @s[tag=aj.yuji.camera_origin.camera] at @s on origin run tp @s ^0 ^1.49035 ^3.45544 ~-180 ~-1.02861