execute if entity @s[tag=aj.yuji.locator_origin.head] at @s on origin run tp @s ^0 ^0.63086 ^0.52741 ~0 ~83.22157
execute if entity @s[tag=aj.yuji.bone.torso] run data modify entity @s {} merge value {transformation:[-1f,-1.216086544886505e-16f,1.4454514176498684e-17f,-6.458916786196796e-17f,0f,0.1180300653752778f,0.9930100219370938f,0.6308602887909835f,-1.2246467991473532e-16f,0.9930100219370938f,-0.1180300653752778f,0.5274105799887563f,0f,0f,0f,1f],start_interpolation:0}
execute if entity @s[tag=aj.yuji.bone.bottom2] run data modify entity @s {} merge value {transformation:[-0.9060818239644588f,-0.11273736993117639f,-0.4078063433815622f,-0.4335307499865373f,0.14264156273457507f,0.8260277385371209f,-0.5452811749436137f,0.3918134395230617f,0.3983329171206891f,-0.5522394956794116f,-0.7323676853533826f,0.3651999886769097f,0f,0f,0f,1f],start_interpolation:0}
execute if entity @s[tag=aj.yuji.bone.rightarm] run data modify entity @s {} merge value {transformation:[-0.9060818239644588f,0.25760254395503435f,-0.33564364678797975f,-0.31250000000000006f,0.14264156273457507f,0.9328327550676925f,0.3308722346366594f,0.6161065306190738f,0.3983329171206891f,0.2519205835590115f,-0.8819676335996742f,0.40328432724661956f,0f,0f,0f,1f],start_interpolation:0}
execute if entity @s[tag=aj.yuji.bone.bottom] run data modify entity @s {} merge value {transformation:[-0.9060818510773972f,0.11273686489383825f,0.4078064227572512f,0.43353084357722327f,-0.14264206359497295f,0.8260276691847775f,-0.5452811489814511f,0.3918134864518109f,-0.39833267609063294f,-0.5522397025161014f,-0.7323676604844063f,0.36520000972394434f,0f,0f,0f,1f],start_interpolation:0}
execute if entity @s[tag=aj.yuji.bone.leftarm] run data modify entity @s {} merge value {transformation:[-0.9060818510773972f,-0.257602911539544f,0.33564329147847916f,0.31249999999999994f,-0.14264206359497295f,0.932832692567795f,0.3308721949183483f,0.6161065306190738f,-0.39833267609063294f,0.25192043911335915f,-0.881967783717414f,0.40328432724661956f,0f,0f,0f,1f],start_interpolation:0}
execute if entity @s[tag=aj.yuji.bone.head] run data modify entity @s {} merge value {transformation:[-1f,-8.479277204762042e-17f,-8.836166383165755e-17f,-6.458916786196796e-17f,0f,-0.7215277408406928f,0.6923855278653113f,0.6308602887909835f,-1.2246467991473532e-16f,0.6923855278653113f,0.7215277408406928f,0.5274105799887563f,0f,0f,0f,1f],start_interpolation:0}
execute if entity @s[tag=aj.yuji.bone.bottom3] run data modify entity @s {} merge value {transformation:[-1f,-1.0385924071694355e-16f,6.489110836099617e-17f,-0.12499999999999994f,0f,0.5298761112687828f,0.8480750595947697f,0.2796141711458699f,-1.2246467991473532e-16f,0.8480750595947697f,-0.5298761112687828f,-0.3865585687323744f,0f,0f,0f,1f],start_interpolation:0}
execute if entity @s[tag=aj.yuji.bone.rightleg] run data modify entity @s {} merge value {transformation:[-1f,-6.631183482748328e-17f,1.029579447562506e-16f,-0.11874999999999997f,0f,0.8407154195636972f,0.5414772232585932f,0.5423377397595253f,-1.2246467991473532e-16f,0.5414772232585932f,-0.8407154195636972f,-0.217346936464064f,0f,0f,0f,1f],start_interpolation:0}
execute if entity @s[tag=aj.yuji.bone.bottom4] run data modify entity @s {} merge value {transformation:[-1f,-1.0385924071694355e-16f,6.489110836099617e-17f,0.12500000000000006f,0f,0.5298761112687828f,0.8480750595947697f,0.2796141711458699f,-1.2246467991473532e-16f,0.8480750595947697f,-0.5298761112687828f,-0.3865585687323744f,0f,0f,0f,1f],start_interpolation:0}
execute if entity @s[tag=aj.yuji.bone.leftleg] run data modify entity @s {} merge value {transformation:[-1f,-6.631183482748328e-17f,1.029579447562506e-16f,0.11875000000000002f,0f,0.8407154195636972f,0.5414772232585932f,0.5423377397595253f,-1.2246467991473532e-16f,0.5414772232585932f,-0.8407154195636972f,-0.217346936464064f,0f,0f,0f,1f],start_interpolation:0}
execute if entity @s[tag=aj.yuji.locator_origin.mount] at @s on origin run tp @s ^0 ^0.3915 ^-0.17656 ~0 ~-15.1312
execute if entity @s[tag=aj.yuji.camera_origin.camera] at @s on origin run tp @s ^0 ^1.755 ^3.5 ~-180 ~20