execute if entity @s[tag=aj.yuji.locator_origin.head] at @s on origin run tp @s ^0 ^1.39952 ^-0.375 ~0 ~-30
execute if entity @s[tag=aj.yuji.bone.torso] run data modify entity @s {} merge value {transformation:[-1f,6.123233995736765e-17f,1.0605752387249069e-16f,4.5924254968025736e-17f,0f,0.8660254037844387f,-0.49999999999999994f,1.399519052838329f,-1.2246467991473532e-16f,-0.49999999999999994f,-0.8660254037844387f,-0.37499999999999994f,0f,0f,0f,1f],start_interpolation:0}
execute if entity @s[tag=aj.yuji.bone.bottom2] run data modify entity @s {} merge value {transformation:[-0.7506706735617263f,0.6127126530625532f,-0.2471370968337846f,-0.5125950803632462f,-0.6421883822201657f,-0.7645651428432277f,0.055083791541253924f,1.442270389187321f,-0.15520187368659683f,0.20005835930088336f,0.9674135781960099f,-0.37221470693063313f,0f,0f,0f,1f],start_interpolation:0}
execute if entity @s[tag=aj.yuji.bone.rightarm] run data modify entity @s {} merge value {transformation:[-0.7506706735617263f,0.6127126530625532f,-0.2471370968337846f,-0.31249999999999994f,-0.6421883822201657f,-0.7645651428432277f,0.055083791541253924f,1.2912658773652743f,-0.15520187368659683f,0.20005835930088336f,0.9674135781960099f,-0.3125f,0f,0f,0f,1f],start_interpolation:0}
execute if entity @s[tag=aj.yuji.bone.bottom] run data modify entity @s {} merge value {transformation:[-0.7506706241035899f,-0.6127129598414134f,0.24713648648125885f,0.5125951539668278f,0.6421886005797415f,-0.7645649439599727f,0.05508400632594823f,1.4422703258190337f,0.15520120938111334f,0.2000581798124194f,0.9674137218877874f,-0.37221462053942433f,0f,0f,0f,1f],start_interpolation:0}
execute if entity @s[tag=aj.yuji.bone.leftarm] run data modify entity @s {} merge value {transformation:[-0.7506706241035899f,-0.6127129598414134f,0.24713648648125885f,0.31250000000000006f,0.6421886005797415f,-0.7645649439599727f,0.05508400632594823f,1.2912658773652743f,0.15520120938111334f,0.2000581798124194f,0.9674137218877874f,-0.3124999999999999f,0f,0f,0f,1f],start_interpolation:0}
execute if entity @s[tag=aj.yuji.bone.head] run data modify entity @s {} merge value {transformation:[-1f,1.1947548318583493e-16f,2.6892503493164204e-17f,4.5924254968025736e-17f,0f,0.2195939556767536f,-0.9755913563732697f,1.399519052838329f,-1.2246467991473532e-16f,-0.9755913563732697f,-0.2195939556767536f,-0.37499999999999994f,0f,0f,0f,1f],start_interpolation:0}
execute if entity @s[tag=aj.yuji.locator_origin.mount] at @s on origin run tp @s ^0 ^0.59375 ^0 ~0 ~0
execute if entity @s[tag=aj.yuji.camera_origin.camera] at @s on origin run tp @s ^0 ^1.70292 ^4.1713 ~-180 ~2.5