execute if entity @s[tag=aj.yuji.locator_origin.head] at @s on origin run tp @s ^0 ^0.55317 ^0.51897 ~0 ~88.27259
execute if entity @s[tag=aj.yuji.bone.torso] run data modify entity @s {} merge value {transformation:[-1f,-1.2240902658362015e-16f,3.6916171888688675e-18f,-6.355538084110108e-17f,0f,0.03014434195589391f,0.9995455560643778f,0.553168546071382f,-1.2246467991473532e-16f,0.9995455560643778f,-0.03014434195589391f,0.5189690683497545f,0f,0f,0f,1f],start_interpolation:0}
execute if entity @s[tag=aj.yuji.bone.bottom2] run data modify entity @s {} merge value {transformation:[-0.894584167527237f,-0.1722003449733133f,-0.41239084422507744f,-0.4300924043136399f,0.11343567347751782f,0.8050649468586468f,-0.5822394518771343f,0.32352879813262486f,0.43226324756136986f,-0.5676420285096548f,-0.7006646931857932f,0.35452588345727787f,0f,0f,0f,1f],start_interpolation:0}
execute if entity @s[tag=aj.yuji.bone.rightarm] run data modify entity @s {} merge value {transformation:[-0.894584167527237f,0.24672357537275028f,-0.37262131523154574f,-0.3125f,0.11343567347751782f,0.9318457391464611f,0.3446677623702097f,0.5494005033268953f,0.43226324756136986f,0.2660657734280607f,-0.8616016997533288f,0.3940258738417074f,0f,0f,0f,1f],start_interpolation:0}
execute if entity @s[tag=aj.yuji.bone.bottom] run data modify entity @s {} merge value {transformation:[-0.8945841983017239f,0.17219982958624197f,0.4123909926748296f,0.43009250879380434f,-0.11343622485375658f,0.8050648933975597f,-0.582239418375039f,0.3235288469915959f,-0.4322630391784499f,-0.567642260679422f,-0.7006646336521951f,0.35452591510847026f,0f,0f,0f,1f],start_interpolation:0}
execute if entity @s[tag=aj.yuji.bone.leftarm] run data modify entity @s {} merge value {transformation:[-0.8945841983017239f,-0.24672398559978653f,0.3726209697247572f,0.3125f,-0.11343622485375658f,0.9318456815546368f,0.34466773660861033f,0.5494005033268953f,-0.4322630391784499f,0.266065594727561f,-0.8616018594817905f,0.3940258738417074f,0f,0f,0f,1f],start_interpolation:0}
execute if entity @s[tag=aj.yuji.bone.head] run data modify entity @s {} merge value {transformation:[-1f,-7.120942387299369e-17f,-9.963340693911301e-17f,-6.355538084110108e-17f,0f,-0.8135685081484855f,0.5814690727365022f,0.553168546071382f,-1.2246467991473532e-16f,0.5814690727365022f,0.8135685081484855f,0.5189690683497545f,0f,0f,0f,1f],start_interpolation:0}
execute if entity @s[tag=aj.yuji.bone.bottom3] run data modify entity @s {} merge value {transformation:[-1f,-1.0764783488860786e-16f,5.83912790612913e-17f,-0.12499999999999994f,0f,0.4768009772445866f,0.8790112787095552f,0.2738704196682723f,-1.2246467991473532e-16f,0.8790112787095552f,-0.4768009772445866f,-0.4089218598191053f,0f,0f,0f,1f],start_interpolation:0}
execute if entity @s[tag=aj.yuji.bone.rightleg] run data modify entity @s {} merge value {transformation:[-1f,-6.984670584406712e-17f,1.0059341682908947e-16f,-0.11874999999999997f,0f,0.8214075837958056f,0.5703416355858449f,0.5305602896044616f,-1.2246467991473532e-16f,0.5703416355858449f,-0.8214075837958056f,-0.23069009869852874f,0f,0f,0f,1f],start_interpolation:0}
execute if entity @s[tag=aj.yuji.bone.bottom4] run data modify entity @s {} merge value {transformation:[-1f,-1.0764783488860786e-16f,5.83912790612913e-17f,0.12500000000000006f,0f,0.4768009772445866f,0.8790112787095552f,0.2738704196682723f,-1.2246467991473532e-16f,0.8790112787095552f,-0.4768009772445866f,-0.4089218598191052f,0f,0f,0f,1f],start_interpolation:0}
execute if entity @s[tag=aj.yuji.bone.leftleg] run data modify entity @s {} merge value {transformation:[-1f,-6.984670584406712e-17f,1.0059341682908947e-16f,0.11875000000000002f,0f,0.8214075837958056f,0.5703416355858449f,0.5305602896044616f,-1.2246467991473532e-16f,0.5703416355858449f,-0.8214075837958056f,-0.2306900986985287f,0f,0f,0f,1f],start_interpolation:0}
execute if entity @s[tag=aj.yuji.locator_origin.mount] at @s on origin run tp @s ^0 ^0.3804 ^-0.18749 ~0 ~-16.04956
execute if entity @s[tag=aj.yuji.camera_origin.camera] at @s on origin run tp @s ^0 ^1.755 ^3.5 ~-180 ~20