execute if entity @s[tag=aj.yuji.locator_origin.head] at @s on origin run tp @s ^0 ^0.62944 ^0.52758 ~0 ~83.3309
execute if entity @s[tag=aj.yuji.bone.torso] run data modify entity @s {} merge value {transformation:[-1f,-1.216360145876389e-16f,1.4222439377767196e-17f,-6.460968793620926e-17f,0f,0.11613503083231355f,0.9932334340997474f,0.6294390128837604f,-1.2246467991473532e-16f,0.9932334340997474f,-0.11613503083231355f,0.5275781391107466f,0f,0f,0f,1f],start_interpolation:0}
execute if entity @s[tag=aj.yuji.bone.bottom2] run data modify entity @s {} merge value {transformation:[-0.9060818239644588f,-0.10946551555242676f,-0.40869674477059503f,-0.4335307499865373f,0.1418812210495389f,0.831412208413764f,-0.5372368740267554f,0.3907021221888157f,0.39860437453034975f,-0.5447669599061504f,-0.7377963892564663f,0.3649117040358687f,0f,0f,0f,1f],start_interpolation:0}
execute if entity @s[tag=aj.yuji.bone.rightarm] run data modify entity @s {} merge value {transformation:[-0.9060818239644588f,0.25760254395503435f,-0.33564364678797975f,-0.31250000000000006f,0.1418812210495389f,0.9323503526260071f,0.3325545655552665f,0.6149221340297213f,0.39860437453034975f,0.2537001168822253f,-0.8813346715630865f,0.40342395984827817f,0f,0f,0f,1f],start_interpolation:0}
execute if entity @s[tag=aj.yuji.bone.bottom] run data modify entity @s {} merge value {transformation:[-0.9060818510773972f,0.10946500989517619f,0.4086968200962743f,0.43353084357722327f,-0.14188172236894828f,0.8314121392507534f,-0.5372368486655642f,0.3907021690773185f,-0.3986041344564529f,-0.5447671670678536f,-0.7377963659974798f,0.3649117251724124f,0f,0f,0f,1f],start_interpolation:0}
execute if entity @s[tag=aj.yuji.bone.leftarm] run data modify entity @s {} merge value {transformation:[-0.9060818510773972f,-0.257602911539544f,0.3356432914784791f,0.31249999999999994f,-0.14188172236894828f,0.9323502904018482f,0.332554526123476f,0.6149221340297213f,-0.3986041344564529f,0.2536999723175763f,-0.8813348217563418f,0.40342395984827817f,0f,0f,0f,1f],start_interpolation:0}
execute if entity @s[tag=aj.yuji.bone.head] run data modify entity @s {} merge value {transformation:[-1f,-8.438722489464661e-17f,-8.874905126928908e-17f,-6.460968793620926e-17f,0f,-0.7246909993238838f,0.6890739840532003f,0.6294390128837604f,-1.2246467991473532e-16f,0.6890739840532003f,0.7246909993238838f,0.5275781391107466f,0f,0f,0f,1f],start_interpolation:0}
execute if entity @s[tag=aj.yuji.bone.bottom3] run data modify entity @s {} merge value {transformation:[-1f,-1.0385924071694355e-16f,6.489110836099617e-17f,-0.12499999999999994f,0f,0.5298761112687828f,0.8480750595947697f,0.2796141711458699f,-1.2246467991473532e-16f,0.8480750595947697f,-0.5298761112687828f,-0.3865585687323744f,0f,0f,0f,1f],start_interpolation:0}
execute if entity @s[tag=aj.yuji.bone.rightleg] run data modify entity @s {} merge value {transformation:[-1f,-6.631183482748328e-17f,1.029579447562506e-16f,-0.11874999999999997f,0f,0.8407154195636972f,0.5414772232585932f,0.5423377397595253f,-1.2246467991473532e-16f,0.5414772232585932f,-0.8407154195636972f,-0.217346936464064f,0f,0f,0f,1f],start_interpolation:0}
execute if entity @s[tag=aj.yuji.bone.bottom4] run data modify entity @s {} merge value {transformation:[-1f,-1.0385924071694355e-16f,6.489110836099617e-17f,0.12500000000000006f,0f,0.5298761112687828f,0.8480750595947697f,0.2796141711458699f,-1.2246467991473532e-16f,0.8480750595947697f,-0.5298761112687828f,-0.3865585687323744f,0f,0f,0f,1f],start_interpolation:0}
execute if entity @s[tag=aj.yuji.bone.leftleg] run data modify entity @s {} merge value {transformation:[-1f,-6.631183482748328e-17f,1.029579447562506e-16f,0.11875000000000002f,0f,0.8407154195636972f,0.5414772232585932f,0.5423377397595253f,-1.2246467991473532e-16f,0.5414772232585932f,-0.8407154195636972f,-0.217346936464064f,0f,0f,0f,1f],start_interpolation:0}
execute if entity @s[tag=aj.yuji.locator_origin.mount] at @s on origin run tp @s ^0 ^0.3915 ^-0.17656 ~0 ~-15.1312
execute if entity @s[tag=aj.yuji.camera_origin.camera] at @s on origin run tp @s ^0 ^1.255 ^2.5 ~-180 ~10