execute if entity @s[tag=aj.yuji.locator_origin.head] at @s on origin run tp @s ^0 ^1.49941 ^0.02984 ~0 ~2.28
execute if entity @s[tag=aj.yuji.bone.torso] run data modify entity @s {} merge value {transformation:[-1f,-4.8720130289004575e-18f,1.223677298786931e-16f,-3.654009771675343e-18f,0f,0.9992083428780468f,0.03978300545342986f,1.4994062571585351f,-1.2246467991473532e-16f,0.03978300545342986f,-0.9992083428780468f,0.029837254090072395f,0f,0f,0f,1f],start_interpolation:0}
execute if entity @s[tag=aj.yuji.bone.bottom2] run data modify entity @s {} merge value {transformation:[-0.8825113678449763f,0.3763936546511751f,-0.28196010775058356f,-0.4617553741531048f,0.39312665186225f,0.919479359891294f,-0.0030236285276813712f,1.1692057900673465f,0.2581184247975453f,-0.11351441966652534f,-0.9594213648381017f,0.06937538487487155f,0f,0f,0f,1f],start_interpolation:0}
execute if entity @s[tag=aj.yuji.bone.rightarm] run data modify entity @s {} merge value {transformation:[-0.8825113678449763f,0.3763936546511751f,-0.28196010775058356f,-0.3125f,0.39312665186225f,0.919479359891294f,-0.0030236285276813712f,1.3745052142987793f,0.2581184247975453f,-0.11351441966652534f,-0.9594213648381017f,0.024864378408393624f,0f,0f,0f,1f],start_interpolation:0}
execute if entity @s[tag=aj.yuji.bone.bottom] run data modify entity @s {} merge value {transformation:[-0.8825111408762955f,-0.37639423073903544f,0.28196004911261685f,0.46175550398952736f,-0.3931272082485791f,0.9194791224535667f,-0.003023492466879281f,1.1692058842009239f,-0.2581183534038172f,-0.11351443273165182f,-0.9594213824997405f,0.06937538367904524f,0f,0f,0f,1f],start_interpolation:0}
execute if entity @s[tag=aj.yuji.bone.leftarm] run data modify entity @s {} merge value {transformation:[-0.8825111408762955f,-0.37639423073903544f,0.28196004911261685f,0.3125f,-0.3931272082485791f,0.9194791224535667f,-0.003023492466879281f,1.3745052142987793f,-0.2581183534038172f,-0.11351443273165182f,-0.9594213824997405f,0.0248643784083937f,0f,0f,0f,1f],start_interpolation:0}
execute if entity @s[tag=aj.yuji.bone.head] run data modify entity @s {} merge value {transformation:[-1f,-5.341586914960551e-17f,1.1020137362851153e-16f,-3.654009771675343e-18f,0f,0.899862504889067f,0.436173672170586f,1.4994062571585351f,-1.2246467991473532e-16f,0.436173672170586f,-0.899862504889067f,0.029837254090072395f,0f,0f,0f,1f],start_interpolation:0}
execute if entity @s[tag=aj.yuji.locator_origin.mount] at @s on origin run tp @s ^0 ^0.59375 ^0 ~0 ~0
execute if entity @s[tag=aj.yuji.camera_origin.camera] at @s on origin run tp @s ^0 ^1.755 ^2.625 ~-180 ~-17.40741