execute if entity @s[tag=aj.yuji.locator_origin.head] at @s on origin run tp @s ^0 ^0.605 ^0.52525 ~0 ~84.90525
execute if entity @s[tag=aj.yuji.bone.torso] run data modify entity @s {} merge value {transformation:[-1f,-1.2198084684991773e-16f,1.0875239233942698e-17f,-6.432397463833358e-17f,0f,0.08880306747638964f,0.9960492032057371f,0.6050039102541728f,-1.2246467991473532e-16f,0.9960492032057371f,-0.08880306747638964f,0.5252451129837473f,0f,0f,0f,1f],start_interpolation:0}
execute if entity @s[tag=aj.yuji.bone.bottom2] run data modify entity @s {} merge value {transformation:[-0.9023184937266107f,-0.13217829123379998f,-0.41030505140133633f,-0.43250422095619223f,0.13346444194533638f,0.8193969059444801f,-0.5574728273780101f,0.3691312629074046f,0.4098884953437464f,-0.5577791766058727f,-0.7217158800592615f,0.3622335560993562f,0f,0f,0f,1f],start_interpolation:0}
execute if entity @s[tag=aj.yuji.bone.rightarm] run data modify entity @s {} merge value {transformation:[-0.9023184937266107f,0.2544372603931159f,-0.34796984984706103f,-0.31250000000000006f,0.13346444194533638f,0.9324551661352122f,0.3357299597652461f,0.5939035268196241f,0.4098884953437464f,0.2564937497706321f,-0.8753298679431886f,0.4007389625830301f,0f,0f,0f,1f],start_interpolation:0}
execute if entity @s[tag=aj.yuji.bone.bottom] run data modify entity @s {} merge value {transformation:[-0.9023185220296415f,0.1321777816125844f,0.4103051533312976f,0.4325043181807766f,-0.1334649598307865f,0.8193968412839596f,-0.5574727984316689f,0.3691313106266739f,-0.4098882644082533f,-0.5577793923603183f,-0.721715844469653f,0.3622335805478316f,0f,0f,0f,1f],start_interpolation:0}
execute if entity @s[tag=aj.yuji.bone.leftarm] run data modify entity @s {} merge value {transformation:[-0.9023185220296415f,-0.25443764221569626f,0.34796949726371273f,0.31249999999999994f,-0.1334649598307865f,0.9324551047294973f,0.33572992443520533f,0.5939035268196241f,-0.4098882644082533f,0.2564935942428572f,-0.8753300216562726f,0.4007389625830301f,0f,0f,0f,1f],start_interpolation:0}
execute if entity @s[tag=aj.yuji.bone.head] run data modify entity @s {} merge value {transformation:[-1f,-8.044747438410897e-17f,-9.233526786573321e-17f,-6.432397463833358e-17f,0f,-0.7539746801283491f,0.6569034797634684f,0.6050039102541728f,-1.2246467991473532e-16f,0.6569034797634684f,0.7539746801283491f,0.5252451129837473f,0f,0f,0f,1f],start_interpolation:0}
execute if entity @s[tag=aj.yuji.bone.bottom3] run data modify entity @s {} merge value {transformation:[-1f,-1.0516639437335515e-16f,6.275051650087442e-17f,-0.12499999999999994f,0f,0.5123968522562078f,0.8587487792119008f,0.27765442206489055f,-1.2246467991473532e-16f,0.8587487792119008f,-0.5123968522562078f,-0.3940333470310303f,0f,0f,0f,1f],start_interpolation:0}
execute if entity @s[tag=aj.yuji.bone.rightleg] run data modify entity @s {} merge value {transformation:[-1f,-6.749922310650315e-17f,1.0218342677086674e-16f,-0.11874999999999997f,0f,0.834391000262368f,0.5511729843535194f,0.5384016096468806f,-1.2246467991473532e-16f,0.5511729843535194f,-0.834391000262368f,-0.22179178942055555f,0f,0f,0f,1f],start_interpolation:0}
execute if entity @s[tag=aj.yuji.bone.bottom4] run data modify entity @s {} merge value {transformation:[-1f,-1.0516639437335515e-16f,6.275051650087442e-17f,0.12500000000000006f,0f,0.5123968522562078f,0.8587487792119008f,0.27765442206489055f,-1.2246467991473532e-16f,0.8587487792119008f,-0.5123968522562078f,-0.3940333470310303f,0f,0f,0f,1f],start_interpolation:0}
execute if entity @s[tag=aj.yuji.bone.leftleg] run data modify entity @s {} merge value {transformation:[-1f,-6.749922310650315e-17f,1.0218342677086674e-16f,0.11875000000000002f,0f,0.834391000262368f,0.5511729843535194f,0.5384016096468806f,-1.2246467991473532e-16f,0.5511729843535194f,-0.834391000262368f,-0.2217917894205555f,0f,0f,0f,1f],start_interpolation:0}
execute if entity @s[tag=aj.yuji.locator_origin.mount] at @s on origin run tp @s ^0 ^0.38779 ^-0.1802 ~0 ~-15.43732
execute if entity @s[tag=aj.yuji.camera_origin.camera] at @s on origin run tp @s ^0 ^1.755 ^3.5 ~-180 ~20