execute if entity @s[tag=aj.yuji.locator_origin.head] at @s on origin run tp @s ^0 ^1.45722 ^-0.24967 ~0 ~-19.44444
execute if entity @s[tag=aj.yuji.bone.torso] run data modify entity @s {} merge value {transformation:[-1f,4.076759690752334e-17f,1.1547987213798027e-16f,3.0575697680642504e-17f,0f,0.9429647161808764f,-0.3328926914756755f,1.4572235371356572f,-1.2246467991473532e-16f,-0.3328926914756755f,-0.9429647161808764f,-0.24966951860675662f,0f,0f,0f,1f],start_interpolation:0}
execute if entity @s[tag=aj.yuji.bone.bottom2] run data modify entity @s {} merge value {transformation:[-0.7546568944017672f,0.6111369924642934f,-0.23875625263766f,-0.5124503040161839f,-0.5949020666858917f,-0.7908172438232901f,-0.14387361788941505f,1.499875879401002f,-0.27673905178838554f,0.03346137046555034f,0.9603623451082578f,-0.2337194655254589f,0f,0f,0f,1f],start_interpolation:0}
execute if entity @s[tag=aj.yuji.bone.rightarm] run data modify entity @s {} merge value {transformation:[-0.7546568944017672f,0.6111369924642934f,-0.23875625263766f,-0.3125f,-0.5949020666858917f,-0.7908172438232901f,-0.14387361788941505f,1.339352947613048f,-0.27673905178838554f,0.03346137046555034f,0.9603623451082578f,-0.20805793217229723f,0f,0f,0f,1f],start_interpolation:0}
execute if entity @s[tag=aj.yuji.bone.bottom] run data modify entity @s {} merge value {transformation:[-0.7546568906034794f,-0.6111371356064261f,0.23875589824643234f,0.5124503395643241f,0.5949022385534493f,-0.7908171365085785f,-0.14387349710237618f,1.499875841830602f,0.2767386926846027f,0.03346129237111439f,0.960362451308917f,-0.23371942355786346f,0f,0f,0f,1f],start_interpolation:0}
execute if entity @s[tag=aj.yuji.bone.leftarm] run data modify entity @s {} merge value {transformation:[-0.7546568906034794f,-0.6111371356064261f,0.23875589824643234f,0.3125f,0.5949022385534493f,-0.7908171365085785f,-0.14387349710237618f,1.339352947613048f,0.2767386926846027f,0.03346129237111439f,0.960362451308917f,-0.20805793217229718f,0f,0f,0f,1f],start_interpolation:0}
execute if entity @s[tag=aj.yuji.bone.head] run data modify entity @s {} merge value {transformation:[-1f,9.727811502275752e-17f,7.439466489095662e-17f,3.0575697680642504e-17f,0f,0.6074785394674863f,-0.7943360901321617f,1.4572235371356572f,-1.2246467991473532e-16f,-0.7943360901321617f,-0.6074785394674863f,-0.24966951860675662f,0f,0f,0f,1f],start_interpolation:0}
execute if entity @s[tag=aj.yuji.locator_origin.mount] at @s on origin run tp @s ^0 ^0.59375 ^0 ~0 ~0
execute if entity @s[tag=aj.yuji.camera_origin.camera] at @s on origin run tp @s ^0 ^2.05207 ^4.9579 ~-180 ~6.66667