execute if entity @s[tag=aj.yuji.locator_origin.head] at @s on origin run tp @s ^0 ^1.49987 ^0.01414 ~0 ~1.08
execute if entity @s[tag=aj.yuji.bone.torso] run data modify entity @s {} merge value {transformation:[-1f,-2.30826813663965e-18f,1.2244292435591348e-16f,-1.7312011024797373e-18f,0f,0.999822352380809f,0.018848439715408196f,1.4998667642856067f,-1.2246467991473532e-16f,0.018848439715408196f,-0.999822352380809f,0.014136329786556146f,0f,0f,0f,1f],start_interpolation:0}
execute if entity @s[tag=aj.yuji.bone.bottom2] run data modify entity @s {} merge value {transformation:[-0.999036417179199f,0.036496846355567505f,-0.02437657391528863f,-0.3840639876625918f,0.031201405380377724f,0.9812201717881687f,0.1903508517929091f,1.131534015127237f,0.030865991836303702f,0.18940684961768092f,-0.9814134377854555f,-0.033642313092521164f,0f,0f,0f,1f],start_interpolation:0}
execute if entity @s[tag=aj.yuji.bone.rightarm] run data modify entity @s {} merge value {transformation:[-0.999036417179199f,0.036496846355567505f,-0.02437657391528863f,-0.3125f,0.031201405380377724f,0.9812201717881687f,0.1903508517929091f,1.3748889702380056f,0.030865991836303702f,0.18940684961768092f,-0.9814134377854555f,0.011780274822130085f,0f,0f,0f,1f],start_interpolation:0}
execute if entity @s[tag=aj.yuji.bone.bottom] run data modify entity @s {} merge value {transformation:[-0.9990364176167427f,-0.0364968135289032f,0.024376605131597735f,0.3840639794832722f,-0.031201367226602807f,0.9812201730297617f,0.1903508516467286f,1.131534012432228f,-0.03086601624272308f,0.1894068495109949f,-0.9814134370384497f,-0.03364231154044837f,0f,0f,0f,1f],start_interpolation:0}
execute if entity @s[tag=aj.yuji.bone.leftarm] run data modify entity @s {} merge value {transformation:[-0.9990364176167427f,-0.0364968135289032f,0.024376605131597735f,0.3125f,-0.031201367226602807f,0.9812201730297617f,0.1903508516467286f,1.3748889702380056f,-0.03086601624272308f,0.1894068495109949f,-0.9814134370384497f,0.011780274822130161f,0f,0f,0f,1f],start_interpolation:0}
execute if entity @s[tag=aj.yuji.bone.head] run data modify entity @s {} merge value {transformation:[-1f,-6.153154343419602e-18f,1.2231000170977282e-16f,-1.7312011024797373e-18f,0f,0.9987369566060175f,0.05024431817976961f,1.4998667642856067f,-1.2246467991473532e-16f,0.05024431817976961f,-0.9987369566060175f,0.014136329786556146f,0f,0f,0f,1f],start_interpolation:0}
execute if entity @s[tag=aj.yuji.locator_origin.mount] at @s on origin run tp @s ^0 ^0.59375 ^0 ~0 ~0
execute if entity @s[tag=aj.yuji.camera_origin.camera] at @s on origin run tp @s ^0 ^1.73938 ^0.34375 ~0 ~0