execute if entity @s[tag=aj.yuji.locator_origin.head] at @s on origin run tp @s ^0 ^1.40307 ^-0.36878 ~0 ~-29.45313
execute if entity @s[tag=aj.yuji.bone.torso] run data modify entity @s {} merge value {transformation:[-1f,6.02172715327043e-17f,1.0663713253728805e-16f,4.5162953649528224e-17f,0f,0.8707582677024345f,-0.4917113372984759f,1.4030687007768259f,-1.2246467991473532e-16f,-0.4917113372984759f,-0.8707582677024345f,-0.3687835029738569f,0f,0f,0f,1f],start_interpolation:0}
execute if entity @s[tag=aj.yuji.bone.bottom2] run data modify entity @s {} merge value {transformation:[-0.8253826760140284f,0.5640334787090365f,0.024691557895451795f,-0.5050947869281359f,-0.5403440975329659f,-0.7765292871763122f,-0.32408412861282315f,1.4545847330122892f,-0.1636205806040496f,-0.28083536289582733f,0.9457059820842642f,-0.24733703137534377f,0f,0f,0f,1f],start_interpolation:0}
execute if entity @s[tag=aj.yuji.bone.rightarm] run data modify entity @s {} merge value {transformation:[-0.8253826760140284f,0.5640334787090365f,0.024691557895451795f,-0.31249999999999994f,-0.5403440975329659f,-0.7765292871763122f,-0.32408412861282315f,1.2942239173140215f,-0.1636205806040496f,-0.28083536289582733f,0.9457059820842642f,-0.3073195858115475f,0f,0f,0f,1f],start_interpolation:0}
execute if entity @s[tag=aj.yuji.bone.bottom] run data modify entity @s {} merge value {transformation:[-0.8253827515422139f,-0.5640333945617264f,-0.024690955343601165f,0.5050947706118201f,0.5403438242533911f,-0.7765294151714603f,-0.3240842775647875f,1.4545847820910498f,0.16362110208596067f,-0.28083517798282603f,0.9457059467717912f,-0.24733711019621343f,0f,0f,0f,1f],start_interpolation:0}
execute if entity @s[tag=aj.yuji.bone.leftarm] run data modify entity @s {} merge value {transformation:[-0.8253827515422139f,-0.5640333945617264f,-0.024690955343601165f,0.31250000000000006f,0.5403438242533911f,-0.7765294151714603f,-0.3240842775647875f,1.2942239173140215f,0.16362110208596067f,-0.28083517798282603f,0.9457059467717912f,-0.3073195858115474f,0f,0f,0f,1f],start_interpolation:0}
execute if entity @s[tag=aj.yuji.bone.head] run data modify entity @s {} merge value {transformation:[-1f,8.949663678501709e-17f,8.359395809978916e-17f,4.5162953649528224e-17f,0f,0.6825964691043207f,-0.7307954983210516f,1.4030687007768259f,-1.2246467991473532e-16f,-0.7307954983210516f,-0.6825964691043207f,-0.3687835029738569f,0f,0f,0f,1f],start_interpolation:0}
execute if entity @s[tag=aj.yuji.locator_origin.mount] at @s on origin run tp @s ^0 ^0.59375 ^0 ~0 ~0
execute if entity @s[tag=aj.yuji.camera_origin.camera] at @s on origin run tp @s ^0 ^1.5135 ^3.0685 ~-180 ~-0.72