execute if entity @s[tag=aj.yuji.locator_origin.head] at @s on origin run tp @s ^0 ^1.38254 ^-0.40297 ~0 ~-32.5
execute if entity @s[tag=aj.yuji.bone.torso] run data modify entity @s {} merge value {transformation:[-1f,6.580022455450643e-17f,1.0328566345430089e-16f,4.935016841587982e-17f,0f,0.8433914458128857f,-0.5372996083468239f,1.3825435843596643f,-1.2246467991473532e-16f,-0.5372996083468239f,-0.8433914458128857f,-0.4029747062601179f,0f,0f,0f,1f],start_interpolation:0}
execute if entity @s[tag=aj.yuji.bone.bottom2] run data modify entity @s {} merge value {transformation:[-0.80436050573678f,0.591206070040262f,-0.05898779160487503f,-0.5105740491186141f,-0.5761024448347565f,-0.8003642118903518f,-0.16590087817896576f,1.4412043038034692f,-0.14529332354340263f,-0.09946110331523716f,0.9843766246010859f,-0.3200278121094184f,0f,0f,0f,1f],start_interpolation:0}
execute if entity @s[tag=aj.yuji.bone.rightarm] run data modify entity @s {} merge value {transformation:[-0.80436050573678f,0.591206070040262f,-0.05898779160487503f,-0.31249999999999994f,-0.5761024448347565f,-0.8003642118903518f,-0.16590087817896576f,1.2771196536330536f,-0.14529332354340263f,-0.09946110331523716f,0.9843766246010859f,-0.335812255216765f,0f,0f,0f,1f],start_interpolation:0}
execute if entity @s[tag=aj.yuji.bone.bottom] run data modify entity @s {} merge value {transformation:[-0.8043605896833659f,-0.5912058942429715f,0.05898840883255196f,0.5105740104159533f,0.5761021860260985f,-0.8003643675235923f,-0.16590102608034268f,1.4412043588873205f,0.14529388500614396f,-0.0994608958884255f,0.984376562687721f,-0.32002789905754253f,0f,0f,0f,1f],start_interpolation:0}
execute if entity @s[tag=aj.yuji.bone.leftarm] run data modify entity @s {} merge value {transformation:[-0.8043605896833659f,-0.5912058942429715f,0.05898840883255196f,0.31250000000000006f,0.5761021860260985f,-0.8003643675235923f,-0.16590102608034268f,1.2771196536330536f,0.14529388500614396f,-0.0994608958884255f,0.984376562687721f,-0.3358122552167649f,0f,0f,0f,1f],start_interpolation:0}
execute if entity @s[tag=aj.yuji.bone.head] run data modify entity @s {} merge value {transformation:[-1f,1.2141697760125282e-16f,1.598484835071783e-17f,4.935016841587982e-17f,0f,0.13052619222005152f,-0.9914448613738104f,1.3825435843596643f,-1.2246467991473532e-16f,-0.9914448613738104f,-0.13052619222005152f,-0.4029747062601179f,0f,0f,0f,1f],start_interpolation:0}
execute if entity @s[tag=aj.yuji.locator_origin.mount] at @s on origin run tp @s ^0 ^0.59375 ^0 ~0 ~0
execute if entity @s[tag=aj.yuji.camera_origin.camera] at @s on origin run tp @s ^0 ^1.53206 ^2.99175 ~-180 ~-0.4725