execute if entity @s[tag=aj.yuji.locator_origin.head] at @s on origin run tp @s ^0 ^1.46529 ^-0.22553 ~0 ~-17.5
execute if entity @s[tag=aj.yuji.bone.torso] run data modify entity @s {} merge value {transformation:[-1f,3.6825839484795376e-17f,1.16796641102639e-16f,2.7619379613596534e-17f,0f,0.9537169507482269f,-0.30070579950427306f,1.4652877130611701f,-1.2246467991473532e-16f,-0.30070579950427306f,-0.9537169507482269f,-0.2255293496282048f,0f,0f,0f,1f],start_interpolation:0}
execute if entity @s[tag=aj.yuji.bone.bottom2] run data modify entity @s {} merge value {transformation:[-0.826488777869303f,0.5622365111043901f,0.028397282216245052f,-0.504714676392929f,-0.4930431079625755f,-0.6985838033016853f,-0.5185452376168892f,1.489903850795402f,-0.27170718383346093f,-0.4425729039895179f,0.854578510675043f,-0.09427959768238253f,0f,0f,0f,1f],start_interpolation:0}
execute if entity @s[tag=aj.yuji.bone.rightarm] run data modify entity @s {} merge value {transformation:[-0.826488777869303f,0.5622365111043901f,0.028397282216245052f,-0.3125f,-0.4930431079625755f,-0.6985838033016853f,-0.5185452376168892f,1.3460730942176418f,-0.27170718383346093f,-0.4425729039895179f,0.854578510675043f,-0.18794112469017069f,0f,0f,0f,1f],start_interpolation:0}
execute if entity @s[tag=aj.yuji.bone.bottom] run data modify entity @s {} merge value {transformation:[-0.826488854090231f,-0.5622364306053146f,-0.0283966576345187f,0.504714661031968f,0.49304272063333543f,-0.6985839695449196f,-0.5185453819342538f,1.4899039165642882f,0.27170765483345444f,-0.44257274384563905f,0.8545784438598052f,-0.09427966715585177f,0f,0f,0f,1f],start_interpolation:0}
execute if entity @s[tag=aj.yuji.bone.leftarm] run data modify entity @s {} merge value {transformation:[-0.826488854090231f,-0.5622364306053146f,-0.0283966576345187f,0.3125f,0.49304272063333543f,-0.6985839695449196f,-0.5185453819342538f,1.3460730942176418f,0.27170765483345444f,-0.44257274384563905f,0.8545784438598052f,-0.18794112469017063f,0f,0f,0f,1f],start_interpolation:0}
execute if entity @s[tag=aj.yuji.bone.head] run data modify entity @s {} merge value {transformation:[-1f,7.02428546843654e-17f,1.0031719290535246e-16f,2.7619379613596534e-17f,0f,0.8191520442889919f,-0.5735764363510459f,1.4652877130611701f,-1.2246467991473532e-16f,-0.5735764363510459f,-0.8191520442889919f,-0.2255293496282048f,0f,0f,0f,1f],start_interpolation:0}
execute if entity @s[tag=aj.yuji.locator_origin.mount] at @s on origin run tp @s ^0 ^0.59375 ^0 ~0 ~0
execute if entity @s[tag=aj.yuji.camera_origin.camera] at @s on origin run tp @s ^0 ^1.49719 ^3.15625 ~-180 ~-0.9375