execute if entity @s[tag=aj.yuji.locator_origin.head] at @s on origin run tp @s ^0 ^1.42685 ^0.16387 ~0 ~16.05469
execute if entity @s[tag=aj.yuji.bone.torso] run data modify entity @s {} merge value {transformation:[-1f,-3.386818676246107e-17f,1.1768833311778034e-16f,-2.0068512355685094e-17f,0f,0.9609981686125302f,0.2765547322382373f,1.4268451389714312f,-1.2246467991473532e-16f,0.2765547322382373f,-0.9609981686125302f,0.16387183937162592f,0f,0f,0f,1f],start_interpolation:0}
execute if entity @s[tag=aj.yuji.bone.bottom2] run data modify entity @s {} merge value {transformation:[-0.9982345135147643f,0.05408605874132369f,0.024546981031726804f,-0.38704203620403355f,0.05101908329105648f,0.9924101248762419f,-0.11188921835128746f,1.060915211534745f,-0.030412319347299262f,-0.11043931497864301f,-0.9934174593487706f,0.10857666986481271f,0f,0f,0f,1f],start_interpolation:0}
execute if entity @s[tag=aj.yuji.bone.rightarm] run data modify entity @s {} merge value {transformation:[-0.9982345135147643f,0.04860951643744315f,0.0341316706250927f,-0.3125f,0.05101908329105648f,0.9959753962632435f,0.07368896239203895f,1.306720367894865f,-0.030412319347299262f,0.07530023207130931f,-0.9966970281293734f,0.12930249784184625f,0f,0f,0f,1f],start_interpolation:0}
execute if entity @s[tag=aj.yuji.bone.bottom] run data modify entity @s {} merge value {transformation:[-0.998234513373253f,-0.05408600514655788f,-0.024547104875144235f,0.3870420172985916f,-0.05101901625556645f,0.9924101280795878f,-0.11188922050568871f,1.0609152064583536f,0.030412436449239993f,-0.11043931244055667f,-0.9934174560459856f,0.10857666207517397f,0f,0f,0f,1f],start_interpolation:0}
execute if entity @s[tag=aj.yuji.bone.leftarm] run data modify entity @s {} merge value {transformation:[-0.998234513373253f,-0.0486094408510532f,-0.03413178241189253f,0.3125f,-0.05101901625556645f,0.995975399809937f,0.07368896086762619f,1.306720367894865f,0.030412436449239993f,0.07530023395437932f,-0.9966970244139572f,0.1293024978418463f,0f,0f,0f,1f],start_interpolation:0}
execute if entity @s[tag=aj.yuji.bone.head] run data modify entity @s {} merge value {transformation:[-1f,-4.99709977963358e-17f,1.118056224250694e-16f,-2.0068512355685094e-17f,0f,0.912962190428398f,0.40804416286497913f,1.4268451389714312f,-1.2246467991473532e-16f,0.40804416286497913f,-0.912962190428398f,0.16387183937162592f,0f,0f,0f,1f],start_interpolation:0}
execute if entity @s[tag=aj.yuji.bone.bottom3] run data modify entity @s {} merge value {transformation:[-1f,-2.4791765544178237e-17f,1.1992900478124995e-16f,-0.12499999999999999f,0f,0.9792946412365524f,0.20244012854513832f,0.39566850288501215f,-1.2246467991473532e-16f,0.20244012854513832f,-0.9792946412365524f,-0.07947053496014723f,0f,0f,0f,1f],start_interpolation:0}
execute if entity @s[tag=aj.yuji.bone.rightleg] run data modify entity @s {} merge value {transformation:[-1f,-1.407905891323682e-17f,1.2165269387373295e-16f,-0.11874999999999998f,0f,0.9933696308064685f,0.11496424048990458f,0.7060965125120335f,-1.2246467991473532e-16f,0.11496424048990458f,-0.9933696308064685f,-0.04354420980705205f,0f,0f,0f,1f],start_interpolation:0}
execute if entity @s[tag=aj.yuji.bone.bottom4] run data modify entity @s {} merge value {transformation:[-1f,-2.4791765544178237e-17f,1.1992900478124995e-16f,0.12500000000000003f,0f,0.9792946412365524f,0.20244012854513832f,0.39566850288501215f,-1.2246467991473532e-16f,0.20244012854513832f,-0.9792946412365524f,-0.07947053496014721f,0f,0f,0f,1f],start_interpolation:0}
execute if entity @s[tag=aj.yuji.bone.leftleg] run data modify entity @s {} merge value {transformation:[-1f,-1.407905891323682e-17f,1.2165269387373295e-16f,0.11875000000000001f,0f,0.9933696308064685f,0.11496424048990458f,0.7060965125120335f,-1.2246467991473532e-16f,0.11496424048990458f,-0.9933696308064685f,-0.04354420980705202f,0f,0f,0f,1f],start_interpolation:0}
execute if entity @s[tag=aj.yuji.locator_origin.mount] at @s on origin run tp @s ^0 ^0.55007 ^-0.03524 ~0 ~-3.04688
execute if entity @s[tag=aj.yuji.camera_origin.camera] at @s on origin run tp @s ^0 ^1.755 ^3 ~-180 ~-0.61224