execute if entity @s[tag=aj.yuji.locator_origin.head] at @s on origin run tp @s ^0 ^1.49997 ^-0.00614 ~0 ~-0.46875
execute if entity @s[tag=aj.yuji.bone.torso] run data modify entity @s {} merge value {transformation:[-1f,1.0019006429339248e-18f,1.2246058150164184e-16f,7.514254822004436e-19f,0f,0.9999665339174011f,-0.008181139603937128f,1.4999749004380507f,-1.2246467991473532e-16f,-0.008181139603937128f,-0.9999665339174011f,-0.006135854702952847f,0f,0f,0f,1f],start_interpolation:0}
execute if entity @s[tag=aj.yuji.bone.bottom2] run data modify entity @s {} merge value {transformation:[-0.9251877255241169f,0.3097561225015991f,-0.21926882384936897f,-0.4477632634706571f,0.32496979289606753f,0.9450329256260661f,-0.036158030750100004f,1.1590314643478634f,0.19601608669851112f,-0.10470871050400984f,-0.9749942459830157f,0.03331497079219866f,0f,0f,0f,1f],start_interpolation:0}
execute if entity @s[tag=aj.yuji.bone.rightarm] run data modify entity @s {} merge value {transformation:[-0.9251877255241169f,0.3097561225015991f,-0.21926882384936897f,-0.3125f,0.32496979289606753f,0.9450329256260661f,-0.036158030750100004f,1.3749790836983757f,0.19601608669851112f,-0.10470871050400984f,-0.9749942459830157f,-0.005113212252460743f,0f,0f,0f,1f],start_interpolation:0}
execute if entity @s[tag=aj.yuji.bone.bottom] run data modify entity @s {} merge value {transformation:[-0.9251875755447891f,-0.3097566031077176f,0.21926877773345457f,0.44776337424847873f,-0.3249702608883049f,0.9450327680965434f,-0.036157941893475695f,1.159031532979759f,-0.19601601872230304f,-0.1047087105018146f,-0.974994259649412f,0.03331496654313692f,0f,0f,0f,1f],start_interpolation:0}
execute if entity @s[tag=aj.yuji.bone.leftarm] run data modify entity @s {} merge value {transformation:[-0.9251875755447891f,-0.3097566031077176f,0.21926877773345457f,0.3125f,-0.3249702608883049f,0.9450327680965434f,-0.036157941893475695f,1.3749790836983757f,-0.19601601872230304f,-0.1047087105018146f,-0.974994259649412f,-0.005113212252460667f,0f,0f,0f,1f],start_interpolation:0}
execute if entity @s[tag=aj.yuji.bone.head] run data modify entity @s {} merge value {transformation:[-1f,-3.6507189515217396e-17f,1.1689663357136755e-16f,7.514254822004436e-19f,0f,0.9545334512183885f,0.2981038250427399f,1.4999749004380507f,-1.2246467991473532e-16f,0.2981038250427399f,-0.9545334512183885f,-0.006135854702952847f,0f,0f,0f,1f],start_interpolation:0}
execute if entity @s[tag=aj.yuji.locator_origin.mount] at @s on origin run tp @s ^0 ^0.59375 ^0 ~0 ~0
execute if entity @s[tag=aj.yuji.camera_origin.camera] at @s on origin run tp @s ^0 ^1.755 ^2.625 ~-180 ~-18.125