execute if entity @s[tag=aj.yuji.locator_origin.head] at @s on origin run tp @s ^0 ^1.4641 ^-0.22927 ~0 ~-17.8
execute if entity @s[tag=aj.yuji.bone.torso] run data modify entity @s {} merge value {transformation:[-1f,3.743687767374392e-17f,1.166022213195774e-16f,2.807765825530794e-17f,0f,0.9521293927421393f,-0.30569530496310393f,1.4640970445566044f,-1.2246467991473532e-16f,-0.30569530496310393f,-0.9521293927421393f,-0.22927147872232795f,0f,0f,0f,1f],start_interpolation:0}
execute if entity @s[tag=aj.yuji.bone.bottom2] run data modify entity @s {} merge value {transformation:[-0.8252928421701616f,0.5641780369131137f,0.024389902163847295f,-0.5051253118639135f,-0.4962952434130408f,-0.7040325031336268f,-0.507965811740308f,1.4900705435339288f,-0.2694118706150255f,-0.4313251409276589f,0.8610318616494095f,-0.10006652228346435f,0f,0f,0f,1f],start_interpolation:0}
execute if entity @s[tag=aj.yuji.bone.rightarm] run data modify entity @s {} merge value {transformation:[-0.8252928421701616f,0.5641780369131137f,0.024389902163847295f,-0.3125f,-0.4962952434130408f,-0.7040325031336268f,-0.507965811740308f,1.345080870463837f,-0.2694118706150255f,-0.4313251409276589f,0.8610318616494095f,-0.19105956560193998f,0f,0f,0f,1f],start_interpolation:0}
execute if entity @s[tag=aj.yuji.bone.bottom] run data modify entity @s {} merge value {transformation:[-0.8252929176403023f,-0.5641779524849049f,-0.024389301398306355f,0.5051252954737451f,0.4962948713971338f,-0.7040326656172075f,-0.5079659500092816f,1.490070607405818f,0.2694123247322949f,-0.4313249861460264f,0.8610317970948987f,-0.10006658936120177f,0f,0f,0f,1f],start_interpolation:0}
execute if entity @s[tag=aj.yuji.bone.leftarm] run data modify entity @s {} merge value {transformation:[-0.8252929176403023f,-0.5641779524849049f,-0.024389301398306355f,0.3125f,0.4962948713971338f,-0.7040326656172075f,-0.5079659500092816f,1.345080870463837f,0.2694123247322949f,-0.4313249861460264f,0.8610317970948987f,-0.19105956560193993f,0f,0f,0f,1f],start_interpolation:0}
execute if entity @s[tag=aj.yuji.bone.head] run data modify entity @s {} merge value {transformation:[-1f,1.1688866615627589e-16f,3.653269153546256e-17f,2.807765825530794e-17f,0f,0.2983120648410468f,-0.9544683923369444f,1.4640970445566044f,-1.2246467991473532e-16f,-0.9544683923369444f,-0.2983120648410468f,-0.22927147872232795f,0f,0f,0f,1f],start_interpolation:0}
execute if entity @s[tag=aj.yuji.locator_origin.mount] at @s on origin run tp @s ^0 ^0.59375 ^0 ~0 ~0
execute if entity @s[tag=aj.yuji.camera_origin.camera] at @s on origin run tp @s ^0 ^1.54402 ^2.94595 ~-180 ~-0.31306