execute if entity @s[tag=aj.yuji.locator_origin.head] at @s on origin run tp @s ^0 ^1.42062 ^-0.33582 ~0 ~-26.6
execute if entity @s[tag=aj.yuji.bone.torso] run data modify entity @s {} merge value {transformation:[-1f,5.483467337108884e-17f,1.0950231240893764e-16f,4.1126005028316625e-17f,0f,0.894154236839368f,-0.4477590878387701f,1.420615677629526f,-1.2246467991473532e-16f,-0.4477590878387701f,-0.894154236839368f,-0.3358193158790776f,0f,0f,0f,1f],start_interpolation:0}
execute if entity @s[tag=aj.yuji.bone.bottom2] run data modify entity @s {} merge value {transformation:[-0.801680481783268f,0.5936489349491972f,-0.06992386689415152f,-0.5110172638487536f,-0.5613407027938087f,-0.7878810252502566f,-0.2532589691157205f,1.4707328604125562f,-0.20543860521990573f,-0.16378165979220083f,0.9648681502676992f,-0.25174392777742527f,0f,0f,0f,1f],start_interpolation:0}
execute if entity @s[tag=aj.yuji.bone.rightarm] run data modify entity @s {} merge value {transformation:[-0.801680481783268f,0.5936489349491972f,-0.06992386689415152f,-0.31249999999999994f,-0.5613407027938087f,-0.7878810252502566f,-0.2532589691157205f,1.308846398024605f,-0.20543860521990573f,-0.16378165979220083f,0.9648681502676992f,-0.2798494298992314f,0f,0f,0f,1f],start_interpolation:0}
execute if entity @s[tag=aj.yuji.bone.bottom] run data modify entity @s {} merge value {transformation:[-0.8016805668055683f,-0.5936487473065715f,0.06992448517966325f,0.511017222251991f,0.5613403855352492f,-0.7878812064467924f,-0.25325910861227563f,1.47073292554035f,0.20543914031518037f,-0.16378146827185608f,0.9648680688453081f,-0.25174400910096606f,0f,0f,0f,1f],start_interpolation:0}
execute if entity @s[tag=aj.yuji.bone.leftarm] run data modify entity @s {} merge value {transformation:[-0.8016805668055683f,-0.5936487473065715f,0.06992448517966325f,0.31250000000000006f,0.5613403855352492f,-0.7878812064467924f,-0.25325910861227563f,1.308846398024605f,0.20543914031518037f,-0.16378146827185608f,0.9648680688453081f,-0.2798494298992313f,0f,0f,0f,1f],start_interpolation:0}
execute if entity @s[tag=aj.yuji.bone.head] run data modify entity @s {} merge value {transformation:[-1f,1.2058177232671534e-16f,2.1392382035826666e-17f,4.1126005028316625e-17f,0f,0.17468205568104106f,-0.9846248927500492f,1.420615677629526f,-1.2246467991473532e-16f,-0.9846248927500492f,-0.17468205568104106f,-0.3358193158790776f,0f,0f,0f,1f],start_interpolation:0}
execute if entity @s[tag=aj.yuji.locator_origin.mount] at @s on origin run tp @s ^0 ^0.59375 ^0 ~0 ~0
execute if entity @s[tag=aj.yuji.camera_origin.camera] at @s on origin run tp @s ^0 ^1.53817 ^2.96835 ~-180 ~-0.39111