execute if entity @s[tag=aj.yuji.locator_origin.head] at @s on origin run tp @s ^0 ^1.45121 ^-0.2661 ~0 ~-20.78125
execute if entity @s[tag=aj.yuji.bone.torso] run data modify entity @s {} merge value {transformation:[-1f,4.345059364308246e-17f,1.1449735254005788e-16f,3.258794523231184e-17f,0f,0.9349418348194385f,-0.3548010224118044f,1.4512063761145788f,-1.2246467991473532e-16f,-0.3548010224118044f,-0.9349418348194385f,-0.2661007668088533f,0f,0f,0f,1f],start_interpolation:0}
execute if entity @s[tag=aj.yuji.bone.bottom2] run data modify entity @s {} merge value {transformation:[-0.999910804515717f,-0.011376998911398963f,0.006996206722324279f,-0.37187533976031784f,-0.010345264302174664f,0.32843836797809256f,-0.9444687469399955f,1.0963825563889735f,0.008447397187869125f,-0.9444568822003772f,-0.32852677081950765f,-0.14264489912296768f,0f,0f,0f,1f],start_interpolation:0}
execute if entity @s[tag=aj.yuji.bone.rightarm] run data modify entity @s {} merge value {transformation:[-0.999910804515717f,-0.012476342087657853f,-0.004766959286925568f,-0.3125f,-0.010345264302174664f,0.9492380454171583f,-0.31438846772604584f,1.334338646762149f,0.008447397187869125f,-0.3143111102406731f,-0.9492824487264188f,-0.22175063900737776f,0f,0f,0f,1f],start_interpolation:0}
execute if entity @s[tag=aj.yuji.bone.bottom] run data modify entity @s {} merge value {transformation:[-0.9999108044935047f,0.011377010038524874f,-0.006996191802371737f,0.37187534102468683f,0.010345253864543056f,0.32843836788009806f,-0.9444687470884018f,1.0963825570268046f,-0.008447412599750664f,-0.9444568821004168f,-0.32852677071059055f,-0.1426448981533356f,0f,0f,0f,1f],start_interpolation:0}
execute if entity @s[tag=aj.yuji.bone.leftarm] run data modify entity @s {} merge value {transformation:[-0.9999108044935047f,0.012476337024628737f,0.004766977197359707f,0.3125f,0.010345253864543056f,0.9492380454752417f,-0.3143884678941341f,1.334338646762149f,-0.008447412599750664f,-0.3143111102662308f,-0.9492824485808103f,-0.2217506390073777f,0f,0f,0f,1f],start_interpolation:0}
execute if entity @s[tag=aj.yuji.bone.head] run data modify entity @s {} merge value {transformation:[-1f,1.0025329890993128e-16f,7.033401655169814e-17f,3.258794523231184e-17f,0f,0.5743208294886935f,-0.8186303102227641f,1.4512063761145788f,-1.2246467991473532e-16f,-0.8186303102227641f,-0.5743208294886935f,-0.2661007668088533f,0f,0f,0f,1f],start_interpolation:0}
execute if entity @s[tag=aj.yuji.locator_origin.mount] at @s on origin run tp @s ^0 ^0.59375 ^0 ~0 ~0
execute if entity @s[tag=aj.yuji.camera_origin.camera] at @s on origin run tp @s ^0 ^1.5675 ^2.8125 ~-180 ~0