execute if entity @s[tag=aj.yuji.locator_origin.head] at @s on origin run tp @s ^0 ^1.47759 ^-0.18195 ~0 ~-14.04
execute if entity @s[tag=aj.yuji.bone.torso] run data modify entity @s {} merge value {transformation:[-1f,2.9709837146920624e-17f,1.1880624311593238e-16f,2.2282377860190468e-17f,0f,0.9701265964901057f,-0.24259923079540785f,1.4775949473675793f,-1.2246467991473532e-16f,-0.24259923079540785f,-0.9701265964901057f,-0.18194942309655587f,0f,0f,0f,1f],start_interpolation:0}
execute if entity @s[tag=aj.yuji.bone.bottom2] run data modify entity @s {} merge value {transformation:[-0.8483733690198163f,0.5181656675415055f,0.10847565496106769f,-0.4950647524491149f,-0.4485871502129604f,-0.594808508967309f,-0.6670625205510359f,1.4769945531598332f,-0.28112665366660183f,-0.6145788628332025f,0.7370621588148898f,-0.01555021939299192f,0f,0f,0f,1f],start_interpolation:0}
execute if entity @s[tag=aj.yuji.bone.rightarm] run data modify entity @s {} merge value {transformation:[-0.8483733690198163f,0.5181656675415055f,0.10847565496106769f,-0.3125f,-0.4485871502129604f,-0.594808508967309f,-0.6670625205510359f,1.356329122806316f,-0.28112665366660183f,-0.6145788628332025f,0.7370621588148898f,-0.15162451924712994f,0f,0f,0f,1f],start_interpolation:0}
execute if entity @s[tag=aj.yuji.bone.bottom] run data modify entity @s {} merge value {transformation:[-0.8483734376446075f,-0.518165685743656f,-0.10847503130618612f,0.49506476128870197f,0.44858673993233406f,-0.5948086465291662f,-0.6670626737953651f,1.4769946131928366f,0.2811271012477305f,-0.6145787143498771f,0.7370621119092339f,-0.015550284487643756f,0f,0f,0f,1f],start_interpolation:0}
execute if entity @s[tag=aj.yuji.bone.leftarm] run data modify entity @s {} merge value {transformation:[-0.8483734376446075f,-0.518165685743656f,-0.10847503130618612f,0.3125f,0.44858673993233406f,-0.5948086465291662f,-0.6670626737953651f,1.356329122806316f,0.2811271012477305f,-0.6145787143498771f,0.7370621119092339f,-0.15162451924712989f,0f,0f,0f,1f],start_interpolation:0}
execute if entity @s[tag=aj.yuji.bone.head] run data modify entity @s {} merge value {transformation:[-1f,7.444998931763971e-17f,9.723578002578015e-17f,2.2282377860190468e-17f,0f,0.7939903986478345f,-0.6079302976946063f,1.4775949473675793f,-1.2246467991473532e-16f,-0.6079302976946063f,-0.7939903986478345f,-0.18194942309655587f,0f,0f,0f,1f],start_interpolation:0}
execute if entity @s[tag=aj.yuji.locator_origin.mount] at @s on origin run tp @s ^0 ^0.59375 ^0 ~0 ~0
execute if entity @s[tag=aj.yuji.camera_origin.camera] at @s on origin run tp @s ^0 ^2.6925 ^6.3125 ~-180 ~15