execute if entity @s[tag=aj.yuji.locator_origin.head] at @s on origin run tp @s ^0 ^1.48436 ^0.15235 ~0 ~11.72
execute if entity @s[tag=aj.yuji.bone.torso] run data modify entity @s {} merge value {transformation:[-1f,-2.487613975217849e-17f,1.1991153196272935e-16f,-1.8657104814133867e-17f,0f,0.9791519648458349f,0.2031290962381825f,1.484363973634376f,-1.2246467991473532e-16f,0.2031290962381825f,-0.9791519648458349f,0.15234682217863688f,0f,0f,0f,1f],start_interpolation:0}
execute if entity @s[tag=aj.yuji.bone.bottom2] run data modify entity @s {} merge value {transformation:[-0.9995742599953227f,-0.0011995754790465579f,-0.029152354509938232f,-0.37467349737994604f,-0.012613131451805544f,0.9187347377575582f,0.3946737773814345f,1.1314979728735193f,0.026309839790134026f,0.39487345144516955f,-0.9183587260292118f,0.029881687274455032f,0f,0f,0f,1f],start_interpolation:0}
execute if entity @s[tag=aj.yuji.bone.rightarm] run data modify entity @s {} merge value {transformation:[-0.9995742599953227f,-0.0011995754790465579f,-0.029152354509938232f,-0.3125f,-0.012613131451805544f,0.9187347377575582f,0.3946737773814345f,1.3619699780286467f,0.026309839790134026f,0.39487345144516955f,-0.9183587260292118f,0.12695568514886404f,0f,0f,0f,1f],start_interpolation:0}
execute if entity @s[tag=aj.yuji.bone.bottom] run data modify entity @s {} merge value {transformation:[-0.9995742583374011f,0.0011995789487532673f,0.029152411213830106f,0.37467349640889924f,0.012613157018981025f,0.9187347378787715f,0.39467377628218414f,1.1314979712452675f,-0.026309890521419292f,0.3948734511526075f,-0.918358724701617f,0.02988169051830092f,0f,0f,0f,1f],start_interpolation:0}
execute if entity @s[tag=aj.yuji.bone.leftarm] run data modify entity @s {} merge value {transformation:[-0.9995742583374011f,0.0011995789487532673f,0.029152411213830106f,0.3125f,0.012613157018981025f,0.9187347378787715f,0.39467377628218414f,1.3619699780286467f,-0.026309890521419292f,0.3948734511526075f,-0.918358724701617f,0.1269556851488641f,0f,0f,0f,1f],start_interpolation:0}
execute if entity @s[tag=aj.yuji.bone.head] run data modify entity @s {} merge value {transformation:[-1f,-1.5026491181537878e-17f,1.215393038872189e-16f,-1.8657104814133867e-17f,0f,0.99244373130146f,0.12270061206218728f,1.484363973634376f,-1.2246467991473532e-16f,0.12270061206218728f,-0.99244373130146f,0.15234682217863688f,0f,0f,0f,1f],start_interpolation:0}
execute if entity @s[tag=aj.yuji.locator_origin.mount] at @s on origin run tp @s ^0 ^0.59375 ^0 ~0 ~0
execute if entity @s[tag=aj.yuji.camera_origin.camera] at @s on origin run tp @s ^0 ^1.5675 ^2.8125 ~-180 ~0