execute if entity @s[tag=aj.yuji.locator_origin.head] at @s on origin run tp @s ^0 ^1.48861 ^0.13024 ~0 ~10
execute if entity @s[tag=aj.yuji.bone.torso] run data modify entity @s {} merge value {transformation:[-1f,-2.1265768495757713e-17f,1.2060416625018976e-16f,-1.5949326371818283e-17f,0f,0.984807753012208f,0.17364817766693033f,1.4886058147591559f,-1.2246467991473532e-16f,0.17364817766693033f,-0.984807753012208f,0.13023613325019776f,0f,0f,0f,1f],start_interpolation:0}
execute if entity @s[tag=aj.yuji.bone.bottom2] run data modify entity @s {} merge value {transformation:[-0.9996048899051833f,-0.005646507555302066f,-0.027535087253797944f,-0.3735636787302484f,-0.015078183582835728f,0.9344567253909061f,0.3557573284579632f,1.1309482778109763f,0.02372156102554493f,0.35603194424676665f,-0.9341726511830554f,0.021004722544236312f,0f,0f,0f,1f],start_interpolation:0}
execute if entity @s[tag=aj.yuji.bone.rightarm] run data modify entity @s {} merge value {transformation:[-0.9996048899051833f,-0.005646507555302066f,-0.027535087253797944f,-0.3125f,-0.015078183582835728f,0.9344567253909061f,0.3557573284579632f,1.36550484563263f,0.02372156102554493f,0.35603194424676665f,-0.9341726511830554f,0.10853011104183141f,0f,0f,0f,1f],start_interpolation:0}
execute if entity @s[tag=aj.yuji.bone.bottom] run data modify entity @s {} merge value {transformation:[-0.99960488838251f,0.005646508303396008f,0.027535142377864547f,0.3735636784480579f,0.015078203893858794f,0.9344567254825338f,0.3557573273564377f,1.1309482765186303f,-0.02372161227920256f,0.3560319439944119f,-0.934172649977741f,0.02100472581067868f,0f,0f,0f,1f],start_interpolation:0}
execute if entity @s[tag=aj.yuji.bone.leftarm] run data modify entity @s {} merge value {transformation:[-0.99960488838251f,0.005646508303396008f,0.027535142377864547f,0.3125f,0.015078203893858794f,0.9344567254825338f,0.3557573273564377f,1.36550484563263f,-0.02372161227920256f,0.3560319439944119f,-0.934172649977741f,0.1085301110418315f,0f,0f,0f,1f],start_interpolation:0}
execute if entity @s[tag=aj.yuji.bone.head] run data modify entity @s {} merge value {transformation:[-1f,-4.532396577493626e-18f,1.2238077956886408e-16f,-1.5949326371818283e-17f,0f,0.9993149016848805f,0.03700982667532593f,1.4886058147591559f,-1.2246467991473532e-16f,0.03700982667532593f,-0.9993149016848805f,0.13023613325019776f,0f,0f,0f,1f],start_interpolation:0}
execute if entity @s[tag=aj.yuji.locator_origin.mount] at @s on origin run tp @s ^0 ^0.59375 ^0 ~0 ~0
execute if entity @s[tag=aj.yuji.camera_origin.camera] at @s on origin run tp @s ^0 ^1.5675 ^2.8125 ~-180 ~0