execute if entity @s[tag=aj.yuji.locator_origin.head] at @s on origin run tp @s ^0 ^1.46529 ^-0.22553 ~0 ~-17.5
execute if entity @s[tag=aj.yuji.bone.torso] run data modify entity @s {} merge value {transformation:[-1f,3.6825839484795376e-17f,1.16796641102639e-16f,2.7619379613596534e-17f,0f,0.9537169507482269f,-0.30070579950427306f,1.4652877130611701f,-1.2246467991473532e-16f,-0.30070579950427306f,-0.9537169507482269f,-0.2255293496282048f,0f,0f,0f,1f],start_interpolation:0}
execute if entity @s[tag=aj.yuji.bone.bottom2] run data modify entity @s {} merge value {transformation:[-0.8281662593943807f,0.5594511107666991f,0.03398678364638295f,-0.5041231689038236f,-0.49045307758131357f,-0.6940071067430785f,-0.5270767633667023f,1.4889215535545792f,-0.27128661133888904f,-0.4531761141675579f,0.8491377886163438f,-0.09160250935696178f,0f,0f,0f,1f],start_interpolation:0}
execute if entity @s[tag=aj.yuji.bone.rightarm] run data modify entity @s {} merge value {transformation:[-0.8281662593943807f,0.5594511107666991f,0.03398678364638295f,-0.3125f,-0.49045307758131357f,-0.6940071067430785f,-0.5270767633667023f,1.3460730942176418f,-0.27128661133888904f,-0.4531761141675579f,0.8491377886163438f,-0.18794112469017069f,0f,0f,0f,1f],start_interpolation:0}
execute if entity @s[tag=aj.yuji.bone.bottom] run data modify entity @s {} merge value {transformation:[-0.8281663365877587f,-0.5594510364758697f,-0.03398612553507748f,0.5041231551557024f,0.4904526720220375f,-0.6940072769332502f,-0.5270769166546168f,1.488921621449577f,0.27128710888882024f,-0.4531759452461806f,0.8491377198081448f,-0.09160258268417674f,0f,0f,0f,1f],start_interpolation:0}
execute if entity @s[tag=aj.yuji.bone.leftarm] run data modify entity @s {} merge value {transformation:[-0.8281663365877587f,-0.5594510364758697f,-0.03398612553507748f,0.3125f,0.4904526720220375f,-0.6940072769332502f,-0.5270769166546168f,1.3460730942176418f,0.27128710888882024f,-0.4531759452461806f,0.8491377198081448f,-0.18794112469017063f,0f,0f,0f,1f],start_interpolation:0}
execute if entity @s[tag=aj.yuji.bone.head] run data modify entity @s {} merge value {transformation:[-1f,9.715776287805219e-17f,7.455177354798983e-17f,2.7619379613596534e-17f,0f,0.6087614290087208f,-0.793353340291235f,1.4652877130611701f,-1.2246467991473532e-16f,-0.793353340291235f,-0.6087614290087208f,-0.2255293496282048f,0f,0f,0f,1f],start_interpolation:0}
execute if entity @s[tag=aj.yuji.locator_origin.mount] at @s on origin run tp @s ^0 ^0.59375 ^0 ~0 ~0
execute if entity @s[tag=aj.yuji.camera_origin.camera] at @s on origin run tp @s ^0 ^1.53483 ^3.7002 ~-180 ~-0.43556