execute if entity @s[tag=aj.yuji.locator_origin.head] at @s on origin run tp @s ^0 ^1.49715 ^0.06537 ~0 ~5
execute if entity @s[tag=aj.yuji.bone.torso] run data modify entity @s {} merge value {transformation:[-1f,-1.0673500138322974e-17f,1.2199866483456202e-16f,-8.005125103742231e-18f,0f,0.9961946980917455f,0.08715574274765818f,1.4971460235688092f,-1.2246467991473532e-16f,0.08715574274765818f,-0.9961946980917455f,0.06536680706074363f,0f,0f,0f,1f],start_interpolation:0}
execute if entity @s[tag=aj.yuji.bone.bottom2] run data modify entity @s {} merge value {transformation:[-0.9923478998227931f,-0.039678309783917086f,0.11692423807741206f,-0.3646021662929453f,-0.08148460352291037f,0.9219196639564216f,-0.3787141304456343f,1.1370489825980536f,-0.09276801768931969f,-0.3853436971628968f,-0.9180982136736917f,0.14501026240242804f,0f,0f,0f,1f],start_interpolation:0}
execute if entity @s[tag=aj.yuji.bone.rightarm] run data modify entity @s {} merge value {transformation:[-0.9923478998227931f,-0.039678309783917086f,0.11692423807741206f,-0.3125f,-0.08148460352291037f,0.9219196639564216f,-0.3787141304456343f,1.3726216863073408f,-0.09276801768931969f,-0.3853436971628968f,-0.9180982136736917f,0.05447233921728632f,0f,0f,0f,1f],start_interpolation:0}
execute if entity @s[tag=aj.yuji.bone.bottom] run data modify entity @s {} merge value {transformation:[-0.9923479032913787f,0.039678182894035026f,-0.1169242516992609f,0.3646021982322024f,0.08148449168536466f,0.9219196708523113f,-0.37871413772177f,1.1370489878639276f,0.09276807882015424f,-0.3853436937304068f,-0.9180982089374884f,0.14501025772362847f,0f,0f,0f,1f],start_interpolation:0}
execute if entity @s[tag=aj.yuji.bone.leftarm] run data modify entity @s {} merge value {transformation:[-0.9923479032913787f,0.039678182894035026f,-0.1169242516992609f,0.3125f,0.08148449168536466f,0.9219196708523113f,-0.37871413772177f,1.3726216863073408f,0.09276807882015424f,-0.3853436937304068f,-0.9180982089374884f,0.054472339217286406f,0f,0f,0f,1f],start_interpolation:0}
execute if entity @s[tag=aj.yuji.bone.head] run data modify entity @s {} merge value {transformation:[-1f,4.686520405326298e-17f,1.1314261122877005e-16f,-8.005125103742231e-18f,0f,0.9238795325112867f,-0.3826834323650898f,1.4971460235688092f,-1.2246467991473532e-16f,-0.3826834323650898f,-0.9238795325112867f,0.06536680706074363f,0f,0f,0f,1f],start_interpolation:0}
execute if entity @s[tag=aj.yuji.locator_origin.mount] at @s on origin run tp @s ^0 ^0.59375 ^0 ~0 ~0
execute if entity @s[tag=aj.yuji.camera_origin.camera] at @s on origin run tp @s ^0 ^1.55883 ^2.8842 ~-180 ~-0.11556