execute if entity @s[tag=aj.yuji.locator_origin.head] at @s on origin run tp @s ^0 ^1.49023 ^-0.12068 ~0 ~-9.25926
execute if entity @s[tag=aj.yuji.bone.torso] run data modify entity @s {} merge value {transformation:[-1f,1.9704820085999822e-17f,1.2086901129734185e-16f,1.4778615064499868e-17f,0f,0.9869703769404825f,-0.16090206661805742f,1.4902277827053618f,-1.2246467991473532e-16f,-0.16090206661805742f,-0.9869703769404825f,-0.12067654996354307f,0f,0f,0f,1f],start_interpolation:0}
execute if entity @s[tag=aj.yuji.bone.bottom2] run data modify entity @s {} merge value {transformation:[-0.9993857010218378f,0.025678849430867734f,-0.023849890670540577f,-0.38138131867158176f,0.025560040872203087f,0.9996593812403232f,0.005273121355080401f,1.1185391428322335f,0.02397717463966975f,0.004660277901683663f,-0.9997016439449211f,-0.10023028769672748f,0f,0f,0f,1f],start_interpolation:0}
execute if entity @s[tag=aj.yuji.bone.rightarm] run data modify entity @s {} merge value {transformation:[-0.9993857010218378f,0.025678849430867734f,-0.023849890670540577f,-0.3125f,0.025560040872203087f,0.9996593812403232f,0.005273121355080401f,1.3668564855878016f,0.02397717463966975f,0.004660277901683663f,-0.9997016439449211f,-0.10056379163628593f,0f,0f,0f,1f],start_interpolation:0}
execute if entity @s[tag=aj.yuji.bone.bottom] run data modify entity @s {} merge value {transformation:[-0.9993857008427335f,-0.02567882453558325f,0.023849924979949897f,0.38138131243656664f,-0.025560015809223423f,0.9996593818809552f,0.005273121392385449f,1.1185391411056393f,-0.02397720882235376f,0.004660277658821627f,-0.9997016431262039f,-0.10023028549959415f,0f,0f,0f,1f],start_interpolation:0}
execute if entity @s[tag=aj.yuji.bone.leftarm] run data modify entity @s {} merge value {transformation:[-0.9993857008427335f,-0.02567882453558325f,0.023849924979949897f,0.3125f,-0.025560015809223423f,0.9996593818809552f,0.005273121392385449f,1.3668564855878016f,-0.02397720882235376f,0.004660277658821627f,-0.9997016431262039f,-0.10056379163628584f,0f,0f,0f,1f],start_interpolation:0}
execute if entity @s[tag=aj.yuji.bone.head] run data modify entity @s {} merge value {transformation:[-1f,5.513883360492035e-17f,1.0934947121640542e-16f,1.4778615064499868e-17f,0f,0.8929061937902324f,-0.4502427446289834f,1.4902277827053618f,-1.2246467991473532e-16f,-0.4502427446289834f,-0.8929061937902324f,-0.12067654996354307f,0f,0f,0f,1f],start_interpolation:0}
execute if entity @s[tag=aj.yuji.locator_origin.mount] at @s on origin run tp @s ^0 ^0.59375 ^0 ~0 ~0
execute if entity @s[tag=aj.yuji.camera_origin.camera] at @s on origin run tp @s ^0 ^1.5675 ^2.8125 ~-180 ~0