execute if entity @s[tag=aj.yuji.locator_origin.head] at @s on origin run tp @s ^0 ^1.46852 ^-0.21502 ~0 ~-16.66016
execute if entity @s[tag=aj.yuji.bone.torso] run data modify entity @s {} merge value {transformation:[-1f,3.510993501832162e-17f,1.173238692237339e-16f,2.6332451263741215e-17f,0f,0.9580220950678949f,-0.2866943762296731f,1.4685165713009212f,-1.2246467991473532e-16f,-0.2866943762296731f,-0.9580220950678949f,-0.21502078217225482f,0f,0f,0f,1f],start_interpolation:0}
execute if entity @s[tag=aj.yuji.bone.bottom2] run data modify entity @s {} merge value {transformation:[-0.9998410713769962f,-0.016886049954362423f,0.005717805928778487f,-0.3709778326976658f,-0.013894594014929382f,0.5371352737364155f,-0.8433816680277479f,1.104314272077081f,0.011170149724183925f,-0.8433270771326182f,-0.5372845323756255f,-0.1223419516025904f,0f,0f,0f,1f],start_interpolation:0}
execute if entity @s[tag=aj.yuji.bone.rightarm] run data modify entity @s {} merge value {transformation:[-0.9998410713769962f,-0.016048937053585833f,-0.007762963812258646f,-0.3125f,-0.013894594014929382f,0.9743245008576804f,-0.22471917427222876f,1.3487638094174343f,0.011170149724183925f,-0.22457559673277516f,-0.974392646271131f,-0.1791839851435457f,0f,0f,0f,1f],start_interpolation:0}
execute if entity @s[tag=aj.yuji.bone.bottom] run data modify entity @s {} merge value {transformation:[-0.9998410712836158f,0.01688606312670307f,-0.005717783356566731f,0.3709778343005137f,0.013894582051727188f,0.5371352735805387f,-0.8433816683241151f,1.1043142728006166f,-0.011170172963721439f,-0.8433270769681481f,-0.5372845321506284f,-0.12234195013999663f,0f,0f,0f,1f],start_interpolation:0}
execute if entity @s[tag=aj.yuji.bone.leftarm] run data modify entity @s {} merge value {transformation:[-0.9998410712836158f,0.01604893061884915f,0.0077629891422698084f,0.3125f,0.013894582051727188f,0.9743245009543396f,-0.22471917459283455f,1.3487638094174343f,-0.011170172963721439f,-0.22457559677326563f,-0.9743926459953873f,-0.17918398514354564f,0f,0f,0f,1f],start_interpolation:0}
execute if entity @s[tag=aj.yuji.bone.head] run data modify entity @s {} merge value {transformation:[-1f,9.927683050966618e-17f,7.170570933038454e-17f,2.6332451263741215e-17f,0f,0.5855215510325822f,-0.8106568406399833f,1.4685165713009212f,-1.2246467991473532e-16f,-0.8106568406399833f,-0.5855215510325822f,-0.21502078217225482f,0f,0f,0f,1f],start_interpolation:0}
execute if entity @s[tag=aj.yuji.locator_origin.mount] at @s on origin run tp @s ^0 ^0.59375 ^0 ~0 ~0
execute if entity @s[tag=aj.yuji.camera_origin.camera] at @s on origin run tp @s ^0 ^1.5675 ^2.8125 ~-180 ~0