execute if entity @s[tag=aj.yuji.locator_origin.head] at @s on origin run tp @s ^0 ^1.49009 ^0.12154 ~0 ~9.32625
execute if entity @s[tag=aj.yuji.bone.torso] run data modify entity @s {} merge value {transformation:[-1f,-1.9846127720206657e-17f,1.2084588963275424e-16f,-1.4884595790154994e-17f,0f,0.9867815742211703f,0.16205593101639024f,1.4900861806658776f,-1.2246467991473532e-16f,0.16205593101639024f,-0.9867815742211703f,0.12154194826229267f,0f,0f,0f,1f],start_interpolation:0}
execute if entity @s[tag=aj.yuji.bone.bottom2] run data modify entity @s {} merge value {transformation:[-0.7637212462584155f,0.48716559433007023f,-0.4235558306935724f,-0.4820239764736685f,0.4932162002234781f,0.8636627229784152f,0.10404076496558112f,1.181648815657595f,0.41649446316920785f,-0.12944645471599006f,-0.8998755344551016f,0.15967747451231687f,0f,0f,0f,1f],start_interpolation:0}
execute if entity @s[tag=aj.yuji.bone.rightarm] run data modify entity @s {} merge value {transformation:[-0.7637212462584155f,0.48716559433007023f,-0.4235558306935724f,-0.3125f,0.4932162002234781f,0.8636627229784152f,0.10404076496558112f,1.3667384838882315f,0.41649446316920785f,-0.12944645471599006f,-0.8998755344551016f,0.10128495688524386f,0f,0f,0f,1f],start_interpolation:0}
execute if entity @s[tag=aj.yuji.bone.bottom] run data modify entity @s {} merge value {transformation:[-0.7637208185995394f,-0.48716633977015605f,0.423555744421674f,0.4820241361050102f,-0.49321690097236365f,0.863662289428908f,0.10404104196726775f,1.1816489678417772f,-0.4164944175290554f,-0.1294465419135098f,-0.899875543035684f,0.15967749345918736f,0f,0f,0f,1f],start_interpolation:0}
execute if entity @s[tag=aj.yuji.bone.leftarm] run data modify entity @s {} merge value {transformation:[-0.7637208185995394f,-0.48716633977015605f,0.423555744421674f,0.3125f,-0.49321690097236365f,0.863662289428908f,0.10404104196726775f,1.3667384838882315f,-0.4164944175290554f,-0.1294465419135098f,-0.899875543035684f,0.10128495688524394f,0f,0f,0f,1f],start_interpolation:0}
execute if entity @s[tag=aj.yuji.bone.head] run data modify entity @s {} merge value {transformation:[-1f,-8.766014253809855e-17f,8.551781824169055e-17f,-1.4884595790154994e-17f,0f,0.6983059793340528f,0.7157993847624552f,1.4900861806658776f,-1.2246467991473532e-16f,0.7157993847624552f,-0.6983059793340528f,0.12154194826229267f,0f,0f,0f,1f],start_interpolation:0}
execute if entity @s[tag=aj.yuji.locator_origin.mount] at @s on origin run tp @s ^0 ^0.59375 ^0 ~0 ~0
execute if entity @s[tag=aj.yuji.camera_origin.camera] at @s on origin run tp @s ^0 ^1.755 ^2.625 ~-180 ~-13.51312