execute if entity @s[tag=aj.yuji.locator_origin.head] at @s on origin run tp @s ^0 ^1.48222 ^-0.16233 ~0 ~-12.5
execute if entity @s[tag=aj.yuji.bone.torso] run data modify entity @s {} merge value {transformation:[-1f,2.6506208041798655e-17f,1.195617780139768e-16f,1.987965603134899e-17f,0f,0.9762960071199334f,-0.21643961393810288f,1.48222200533995f,-1.2246467991473532e-16f,-0.21643961393810288f,-0.9762960071199334f,-0.16232971045357716f,0f,0f,0f,1f],start_interpolation:0}
execute if entity @s[tag=aj.yuji.bone.bottom2] run data modify entity @s {} merge value {transformation:[-1f,1.1419723024032787e-16f,4.423336333646943e-17f,-0.375f,0f,0.36119282202236946f,-0.9324911502633775f,1.116111002669975f,-1.2246467991473532e-16f,-0.9324911502633775f,-0.36119282202236946f,-0.08116485522678862f,0f,0f,0f,1f],start_interpolation:0}
execute if entity @s[tag=aj.yuji.bone.rightarm] run data modify entity @s {} merge value {transformation:[-1f,2.6506208041798655e-17f,1.195617780139768e-16f,-0.3125f,0f,0.9762960071199334f,-0.21643961393810288f,1.3601850044499584f,-1.2246467991473532e-16f,-0.21643961393810288f,-0.9762960071199334f,-0.13527475871131434f,0f,0f,0f,1f],start_interpolation:0}
execute if entity @s[tag=aj.yuji.bone.bottom] run data modify entity @s {} merge value {transformation:[-1f,1.1419723024032787e-16f,4.423336333646943e-17f,0.375f,0f,0.36119282202236946f,-0.9324911502633775f,1.116111002669975f,-1.2246467991473532e-16f,-0.9324911502633775f,-0.36119282202236946f,-0.08116485522678855f,0f,0f,0f,1f],start_interpolation:0}
execute if entity @s[tag=aj.yuji.bone.leftarm] run data modify entity @s {} merge value {transformation:[-1f,2.6506208041798655e-17f,1.195617780139768e-16f,0.3125f,0f,0.9762960071199334f,-0.21643961393810288f,1.3601850044499584f,-1.2246467991473532e-16f,-0.21643961393810288f,-0.9762960071199334f,-0.13527475871131428f,0f,0f,0f,1f],start_interpolation:0}
execute if entity @s[tag=aj.yuji.bone.head] run data modify entity @s {} merge value {transformation:[-1f,6.123233995736765e-17f,1.0605752387249069e-16f,1.987965603134899e-17f,0f,0.8660254037844386f,-0.4999999999999999f,1.48222200533995f,-1.2246467991473532e-16f,-0.4999999999999999f,-0.8660254037844386f,-0.16232971045357716f,0f,0f,0f,1f],start_interpolation:0}
execute if entity @s[tag=aj.yuji.bone.bottom3] run data modify entity @s {} merge value {transformation:[-1f,0f,1.2246467991473532e-16f,-0.125f,0f,1f,0f,0.4375f,-1.2246467991473532e-16f,0f,-1f,-1.5308084989341915e-17f,0f,0f,0f,1f],start_interpolation:0}
execute if entity @s[tag=aj.yuji.bone.rightleg] run data modify entity @s {} merge value {transformation:[-1f,0f,1.2246467991473532e-16f,-0.11875f,0f,1f,0f,0.75f,-1.2246467991473532e-16f,0f,-1f,-1.4542680739874818e-17f,0f,0f,0f,1f],start_interpolation:0}
execute if entity @s[tag=aj.yuji.bone.bottom4] run data modify entity @s {} merge value {transformation:[-1f,0f,1.2246467991473532e-16f,0.125f,0f,1f,0f,0.4375f,-1.2246467991473532e-16f,0f,-1f,1.5308084989341915e-17f,0f,0f,0f,1f],start_interpolation:0}
execute if entity @s[tag=aj.yuji.bone.leftleg] run data modify entity @s {} merge value {transformation:[-1f,0f,1.2246467991473532e-16f,0.11875f,0f,1f,0f,0.75f,-1.2246467991473532e-16f,0f,-1f,1.4542680739874818e-17f,0f,0f,0f,1f],start_interpolation:0}
execute if entity @s[tag=aj.yuji.locator_origin.mount] at @s on origin run tp @s ^0 ^0.59375 ^0 ~0 ~0
execute if entity @s[tag=aj.yuji.camera_origin.camera] at @s on origin run tp @s ^0 ^1.5675 ^2.8125 ~-180 ~0