execute if entity @s[tag=aj.yuji.locator_origin.head] at @s on origin run tp @s ^0 ^1.49792 ^-0.05586 ~0 ~-4.27125
execute if entity @s[tag=aj.yuji.bone.torso] run data modify entity @s {} merge value {transformation:[-1f,9.120967011399846e-18f,1.2212455030580678e-16f,6.8407252585498845e-18f,0f,0.9972226309727397f,-0.07447834769788496f,1.4979169732295547f,-1.2246467991473532e-16f,-0.07447834769788496f,-0.9972226309727397f,-0.055858760773413715f,0f,0f,0f,1f],start_interpolation:0}
execute if entity @s[tag=aj.yuji.bone.bottom2] run data modify entity @s {} merge value {transformation:[-0.9822964635143951f,0.15438409585919344f,-0.10610941858690921f,-0.41248955293444806f,0.1615493447328901f,0.9848788058016353f,-0.06257433259027707f,1.137141276953359f,0.09484443570123859f,-0.07860845265290588f,-0.9923836174524595f,-0.020969076916624262f,0f,0f,0f,1f],start_interpolation:0}
execute if entity @s[tag=aj.yuji.bone.rightarm] run data modify entity @s {} merge value {transformation:[-0.9822964635143951f,0.15438409585919344f,-0.10610941858690921f,-0.3125f,0.1615493447328901f,0.9848788058016353f,-0.06257433259027707f,1.3732641443579623f,0.09484443570123859f,-0.07860845265290588f,-0.9923836174524595f,-0.04654896731117814f,0f,0f,0f,1f],start_interpolation:0}
execute if entity @s[tag=aj.yuji.bone.bottom] run data modify entity @s {} merge value {transformation:[-0.9822964238914593f,-0.1543843581976167f,0.10610940370184217f,0.41248961604262036f,-0.1615496040800998f,0.9848787649220602f,-0.06257430644569911f,1.1371413033824536f,-0.09484440432420636f,-0.07860844960630659f,-0.9923836206925623f,-0.020969079639338514f,0f,0f,0f,1f],start_interpolation:0}
execute if entity @s[tag=aj.yuji.bone.leftarm] run data modify entity @s {} merge value {transformation:[-0.9822964238914593f,-0.1543843581976167f,0.10610940370184217f,0.3125f,-0.1615496040800998f,0.9848787649220602f,-0.06257430644569911f,1.3732641443579623f,-0.09484440432420636f,-0.07860844960630659f,-0.9923836206925623f,-0.04654896731117806f,0f,0f,0f,1f],start_interpolation:0}
execute if entity @s[tag=aj.yuji.bone.head] run data modify entity @s {} merge value {transformation:[-1f,-5.82492057671616e-18f,1.2232607296440742e-16f,6.8407252585498845e-18f,0f,0.9988681883590892f,0.047564086075852205f,1.4979169732295547f,-1.2246467991473532e-16f,0.047564086075852205f,-0.9988681883590892f,-0.055858760773413715f,0f,0f,0f,1f],start_interpolation:0}
execute if entity @s[tag=aj.yuji.locator_origin.mount] at @s on origin run tp @s ^0 ^0.59375 ^0 ~0 ~0
execute if entity @s[tag=aj.yuji.camera_origin.camera] at @s on origin run tp @s ^0 ^1.755 ^2.625 ~-180 ~-17.19907