execute if entity @s[tag=aj.yuji.locator_origin.head] at @s on origin run tp @s ^0 ^1.48234 ^0.16182 ~0 ~12.46
execute if entity @s[tag=aj.yuji.bone.torso] run data modify entity @s {} merge value {transformation:[-1f,-2.6422731721741827e-17f,1.1958025370009645e-16f,-1.981704879130637e-17f,0f,0.9764468725460508f,0.2157579780565169f,1.482335154409538f,-1.2246467991473532e-16f,0.2157579780565169f,-0.9764468725460508f,0.16181848354238768f,0f,0f,0f,1f],start_interpolation:0}
execute if entity @s[tag=aj.yuji.bone.bottom2] run data modify entity @s {} merge value {transformation:[-0.9995333610288946f,0.003437678038397113f,-0.030351977859537076f,-0.3758302545739052f,-0.009488549616451836f,0.9095495042511887f,0.4154872642363336f,1.1322988849274565f,0.029034937858683944f,0.4155813779347206f,-0.9090924544277228f,0.03276807541781064f,0f,0f,0f,1f],start_interpolation:0}
execute if entity @s[tag=aj.yuji.bone.rightarm] run data modify entity @s {} merge value {transformation:[-0.9995333610288946f,0.003437678038397113f,-0.030351977859537076f,-0.3125f,-0.009488549616451836f,0.9095495042511887f,0.4154872642363336f,1.360279295341282f,0.029034937858683944f,0.4155813779347206f,-0.9090924544277228f,0.13484873628532304f,0f,0f,0f,1f],start_interpolation:0}
execute if entity @s[tag=aj.yuji.bone.bottom] run data modify entity @s {} merge value {transformation:[-0.9995333593003213f,-0.0034376716312828756f,0.030352035509504532f,0.3758302528640908f,0.009488579394565462f,0.909549504422302f,0.4154872631816986f,1.132298883023546f,-0.029034987633677043f,0.4155813776132185f,-0.90909245298496f,0.032768078609123286f,0f,0f,0f,1f],start_interpolation:0}
execute if entity @s[tag=aj.yuji.bone.leftarm] run data modify entity @s {} merge value {transformation:[-0.9995333593003213f,-0.0034376716312828756f,0.030352035509504532f,0.3125f,0.009488579394565462f,0.909549504422302f,0.4154872631816986f,1.360279295341282f,-0.029034987633677043f,0.4155813776132185f,-0.90909245298496f,0.1348487362853231f,0f,0f,0f,1f],start_interpolation:0}
execute if entity @s[tag=aj.yuji.bone.head] run data modify entity @s {} merge value {transformation:[-1f,-2.2744827926946865e-17f,1.2033399614901912e-16f,-1.981704879130637e-17f,0f,0.9826016467180607f,0.18572561446110586f,1.482335154409538f,-1.2246467991473532e-16f,0.18572561446110586f,-0.9826016467180607f,0.16181848354238768f,0f,0f,0f,1f],start_interpolation:0}
execute if entity @s[tag=aj.yuji.locator_origin.mount] at @s on origin run tp @s ^0 ^0.59375 ^0 ~0 ~0
execute if entity @s[tag=aj.yuji.camera_origin.camera] at @s on origin run tp @s ^0 ^1.5675 ^2.8125 ~-180 ~0