execute if entity @s[tag=aj.yuji.locator_origin.head] at @s on origin run tp @s ^0 ^1.49385 ^0.09582 ~0 ~7.34
execute if entity @s[tag=aj.yuji.bone.torso] run data modify entity @s {} merge value {transformation:[-1f,-1.564572630055123e-17f,1.2146114224371026e-16f,-1.1734294725413424e-17f,0f,0.9918054930472707f,0.12775705053444303f,1.493854119785453f,-1.2246467991473532e-16f,0.12775705053444303f,-0.9918054930472707f,0.09581778790083227f,0f,0f,0f,1f],start_interpolation:0}
execute if entity @s[tag=aj.yuji.bone.bottom2] run data modify entity @s {} merge value {transformation:[-0.9993079952161316f,0.020329809124391352f,-0.031148508119681548f,-0.38003920198210606f,0.00831880837473073f,0.9383603069909782f,0.3455585792467345f,1.1358082819302202f,0.03625366359887733f,0.34506033258658253f,-0.9378800769559488f,-0.004151072587688959f,0f,0f,0f,1f],start_interpolation:0}
execute if entity @s[tag=aj.yuji.bone.rightarm] run data modify entity @s {} merge value {transformation:[-0.9993079952161316f,0.020329809124391352f,-0.031148508119681548f,-0.3125f,0.00831880837473073f,0.9383603069909782f,0.3455585792467345f,1.3698784331545442f,0.03625366359887733f,0.34506033258658253f,-0.9378800769559488f,0.07984815658402684f,0f,0f,0f,1f],start_interpolation:0}
execute if entity @s[tag=aj.yuji.bone.bottom] run data modify entity @s {} merge value {transformation:[-0.9993079938865114f,-0.020329790649409075f,0.031148562834702655f,0.38003919728025926f,-0.008318772144412576f,0.9383603075085007f,0.34555857871359696f,1.1358082795364448f,-0.03625370856237421f,0.3450603322677109f,-0.9378800753352059f,-0.004151069697752405f,0f,0f,0f,1f],start_interpolation:0}
execute if entity @s[tag=aj.yuji.bone.leftarm] run data modify entity @s {} merge value {transformation:[-0.9993079938865114f,-0.020329790649409075f,0.031148562834702655f,0.3125f,-0.008318772144412576f,0.9383603075085007f,0.34555857871359696f,1.3698784331545442f,-0.03625370856237421f,0.3450603322677109f,-0.9378800753352059f,0.07984815658402693f,0f,0f,0f,1f],start_interpolation:0}
execute if entity @s[tag=aj.yuji.bone.head] run data modify entity @s {} merge value {transformation:[-1f,-2.092889564928678e-17f,1.20663081153764e-16f,-1.1734294725413424e-17f,0f,0.9852888297080787f,0.1708974021232758f,1.493854119785453f,-1.2246467991473532e-16f,0.1708974021232758f,-0.9852888297080787f,0.09581778790083227f,0f,0f,0f,1f],start_interpolation:0}
execute if entity @s[tag=aj.yuji.locator_origin.mount] at @s on origin run tp @s ^0 ^0.59375 ^0 ~0 ~0
execute if entity @s[tag=aj.yuji.camera_origin.camera] at @s on origin run tp @s ^0 ^1.5675 ^2.8125 ~-180 ~0