execute if entity @s[tag=aj.yuji.locator_origin.head] at @s on origin run tp @s ^0 ^1.48861 ^0.13024 ~0 ~10
execute if entity @s[tag=aj.yuji.bone.torso] run data modify entity @s {} merge value {transformation:[-1f,-2.1265768495757713e-17f,1.2060416625018976e-16f,-1.5949326371818283e-17f,0f,0.984807753012208f,0.17364817766693033f,1.4886058147591559f,-1.2246467991473532e-16f,0.17364817766693033f,-0.984807753012208f,0.13023613325019776f,0f,0f,0f,1f],start_interpolation:0}
execute if entity @s[tag=aj.yuji.bone.bottom2] run data modify entity @s {} merge value {transformation:[-0.9993637609926034f,0.016698522121490887f,-0.03151559254840059f,-0.37913486559241044f,0.003104622582478001f,0.9210023454377659f,0.38954465856529763f,1.1354482981845933f,0.03553075475329915f,0.38919897103806944f,-0.9204682104285671f,0.013451040454395255f,0f,0f,0f,1f],start_interpolation:0}
execute if entity @s[tag=aj.yuji.bone.rightarm] run data modify entity @s {} merge value {transformation:[-0.9993637609926034f,0.016698522121490887f,-0.03151559254840059f,-0.3125f,0.003104622582478001f,0.9210023454377659f,0.38954465856529763f,1.36550484563263f,0.03553075475329915f,0.38919897103806944f,-0.9204682104285671f,0.10853011104183141f,0f,0f,0f,1f],start_interpolation:0}
execute if entity @s[tag=aj.yuji.bone.bottom] run data modify entity @s {} merge value {transformation:[-0.9993637594715629f,-0.01669850650236518f,0.03151564905653636f,0.379134861592564f,-0.0031045861957297955f,0.9210023458600122f,0.38954465785697495f,1.13544829580486f,-0.035530800714557186f,0.38919897070899984f,-0.9204682087935668f,0.013451043409241359f,0f,0f,0f,1f],start_interpolation:0}
execute if entity @s[tag=aj.yuji.bone.leftarm] run data modify entity @s {} merge value {transformation:[-0.9993637594715629f,-0.01669850650236518f,0.03151564905653636f,0.3125f,-0.0031045861957297955f,0.9210023458600122f,0.38954465785697495f,1.36550484563263f,-0.035530800714557186f,0.38919897070899984f,-0.9204682087935668f,0.1085301110418315f,0f,0f,0f,1f],start_interpolation:0}
execute if entity @s[tag=aj.yuji.bone.head] run data modify entity @s {} merge value {transformation:[-1f,-3.169619151431765e-17f,1.1829179713786698e-16f,-1.5949326371818283e-17f,0f,0.9659258262890682f,0.25881904510252074f,1.4886058147591559f,-1.2246467991473532e-16f,0.25881904510252074f,-0.9659258262890682f,0.13023613325019776f,0f,0f,0f,1f],start_interpolation:0}
execute if entity @s[tag=aj.yuji.locator_origin.mount] at @s on origin run tp @s ^0 ^0.59375 ^0 ~0 ~0
execute if entity @s[tag=aj.yuji.camera_origin.camera] at @s on origin run tp @s ^0 ^1.5675 ^2.8125 ~-180 ~0