execute if entity @s[tag=aj.yuji.locator_origin.head] at @s on origin run tp @s ^0 ^1.13209 ^0.41254 ~0 ~46.78
execute if entity @s[tag=aj.yuji.bone.torso] run data modify entity @s {} merge value {transformation:[-1f,-8.924364100446558e-17f,8.38639992302099e-17f,-5.052110881166262e-17f,0f,0.6848015222723749f,0.728729630997284f,1.1320939126263312f,-1.2246467991473532e-16f,0.728729630997284f,-0.6848015222723749f,0.4125361601960449f,0f,0f,0f,1f],start_interpolation:0}
execute if entity @s[tag=aj.yuji.bone.bottom2] run data modify entity @s {} merge value {transformation:[-0.9636416684275897f,0.039271329348591816f,-0.26429623069821784f,-0.43196991491122494f,0.22122114919602737f,0.6720016233281881f,-0.7067354677619262f,0.8186487975176838f,0.14985305475191402f,-0.7395076611742939f,-0.6562564140989751f,0.3066166164690335f,0f,0f,0f,1f],start_interpolation:0}
execute if entity @s[tag=aj.yuji.bone.rightarm] run data modify entity @s {} merge value {transformation:[-0.9636416684275897f,0.2369692425380021f,-0.12345166244752112f,-0.31250000000000006f,0.22122114919602737f,0.9666849865974089f,0.1287685514229161f,1.0464937223422843f,0.14985305475191402f,0.09677662309738194f,-0.9839605414869983f,0.32144495632138437f,0f,0f,0f,1f],start_interpolation:0}
execute if entity @s[tag=aj.yuji.bone.bottom] run data modify entity @s {} merge value {transformation:[-0.9636416783405871f,-0.03927165208679549f,0.26429614659943534f,0.4319699459051577f,-0.22122131158914193f,0.6720015541347281f,-0.7067354827227014f,0.8186488148004443f,-0.149852751271761f,-0.7395077069124321f,-0.6562564318567855f,0.3066166006246451f,0f,0f,0f,1f],start_interpolation:0}
execute if entity @s[tag=aj.yuji.bone.leftarm] run data modify entity @s {} merge value {transformation:[-0.9636416783405871f,-0.23696936403548416f,0.12345135184984699f,0.31249999999999994f,-0.22122131158914193f,0.9666849580646457f,0.1287684866352541f,1.0464937223422843f,-0.149852751271761f,0.09677661060489795f,-0.9839605889343899f,0.3214449563213845f,0f,0f,0f,1f],start_interpolation:0}
execute if entity @s[tag=aj.yuji.bone.head] run data modify entity @s {} merge value {transformation:[-1f,-1.1767335912676971e-16f,3.392017656853895e-17f,-5.052110881166262e-17f,0f,0.2769792612217293f,0.9608758966968964f,1.1320939126263312f,-1.2246467991473532e-16f,0.9608758966968964f,-0.2769792612217293f,0.4125361601960449f,0f,0f,0f,1f],start_interpolation:0}
execute if entity @s[tag=aj.yuji.bone.bottom3] run data modify entity @s {} merge value {transformation:[-1f,-7.177527075174828e-17f,9.92265505554426e-17f,-0.12499999999999997f,0f,0.810246273656437f,0.586089563143602f,0.3253646519038538f,-1.2246467991473532e-16f,0.586089563143602f,-0.810246273656437f,-0.2423261397534289f,0f,0f,0f,1f],start_interpolation:0}
execute if entity @s[tag=aj.yuji.bone.rightleg] run data modify entity @s {} merge value {transformation:[-1f,-4.244726783420968e-17f,1.1487309206262992e-16f,-0.11874999999999998f,0f,0.9380099808582281f,0.3466082454448345f,0.61849277092205f,-1.2246467991473532e-16f,0.3466082454448345f,-0.9380099808582281f,-0.13401106305191812f,0f,0f,0f,1f],start_interpolation:0}
execute if entity @s[tag=aj.yuji.bone.bottom4] run data modify entity @s {} merge value {transformation:[-1f,-7.177527075174828e-17f,9.92265505554426e-17f,0.12500000000000003f,0f,0.810246273656437f,0.586089563143602f,0.3253646519038538f,-1.2246467991473532e-16f,0.586089563143602f,-0.810246273656437f,-0.24232613975342887f,0f,0f,0f,1f],start_interpolation:0}
execute if entity @s[tag=aj.yuji.bone.leftleg] run data modify entity @s {} merge value {transformation:[-1f,-4.244726783420968e-17f,1.1487309206262992e-16f,0.11875000000000001f,0f,0.9380099808582281f,0.3466082454448345f,0.61849277092205f,-1.2246467991473532e-16f,0.3466082454448345f,-0.9380099808582281f,-0.1340110630519181f,0f,0f,0f,1f],start_interpolation:0}
execute if entity @s[tag=aj.yuji.locator_origin.mount] at @s on origin run tp @s ^0 ^0.46432 ^-0.1086 ~0 ~-9.36
execute if entity @s[tag=aj.yuji.camera_origin.camera] at @s on origin run tp @s ^0 ^1.5675 ^2.8125 ~-180 ~0