execute if entity @s[tag=aj.yuji.locator_origin.head] at @s on origin run tp @s ^0 ^1.46997 ^-0.21012 ~0 ~-16.26953
execute if entity @s[tag=aj.yuji.bone.torso] run data modify entity @s {} merge value {transformation:[-1f,3.430924719632992e-17f,1.1756050945551276e-16f,2.5731935397247442e-17f,0f,0.9599544092007831f,-0.28015626399560556f,1.4699658069005874f,-1.2246467991473532e-16f,-0.28015626399560556f,-0.9599544092007831f,-0.21011719799670417f,0f,0f,0f,1f],start_interpolation:0}
execute if entity @s[tag=aj.yuji.bone.bottom2] run data modify entity @s {} merge value {transformation:[-0.8282157677102411f,0.559367802906146f,0.0341511813571232f,-0.5041054362084265f,-0.4844378980807346f,-0.6839717111488706f,-0.5454380086235335f,1.4906870649076613f,-0.2817420185546625f,-0.46828448556410385f,0.8374551185351411f,-0.07563541976589397f,0f,0f,0f,1f],start_interpolation:0}
execute if entity @s[tag=aj.yuji.bone.rightarm] run data modify entity @s {} merge value {transformation:[-0.8282157677102411f,0.559367802906146f,0.0341511813571232f,-0.3125f,-0.4844378980807346f,-0.6839717111488706f,-0.5454380086235335f,1.3499715057504895f,-0.2817420185546625f,-0.46828448556410385f,0.8374551185351411f,-0.17509766499725352f,0f,0f,0f,1f],start_interpolation:0}
execute if entity @s[tag=aj.yuji.bone.bottom] run data modify entity @s {} merge value {transformation:[-0.8282158449308765f,-0.5593677288110234f,-0.03415052225415282f,0.5041054225109356f,0.48443748137435866f,-0.6839718850458543f,-0.5454381606621308f,1.4906871344260557f,0.2817425080549649f,-0.4682843200787505f,0.8374550463895241f,-0.07563549173100115f,0f,0f,0f,1f],start_interpolation:0}
execute if entity @s[tag=aj.yuji.bone.leftarm] run data modify entity @s {} merge value {transformation:[-0.8282158449308765f,-0.5593677288110234f,-0.03415052225415282f,0.3125f,0.48443748137435866f,-0.6839718850458543f,-0.5454381606621308f,1.3499715057504895f,0.2817425080549649f,-0.4682843200787505f,0.8374550463895241f,-0.17509766499725346f,0f,0f,0f,1f],start_interpolation:0}
execute if entity @s[tag=aj.yuji.bone.head] run data modify entity @s {} merge value {transformation:[-1f,8.465576407214982e-17f,8.849293438449808e-17f,2.5731935397247442e-17f,0f,0.7225996462499253f,-0.691266772844958f,1.4699658069005874f,-1.2246467991473532e-16f,-0.691266772844958f,-0.7225996462499253f,-0.21011719799670417f,0f,0f,0f,1f],start_interpolation:0}
execute if entity @s[tag=aj.yuji.locator_origin.mount] at @s on origin run tp @s ^0 ^0.59375 ^0 ~0 ~0
execute if entity @s[tag=aj.yuji.camera_origin.camera] at @s on origin run tp @s ^0 ^1.4865 ^3.2565 ~-180 ~-1.08