execute if entity @s[tag=aj.yuji.locator_origin.head] at @s on origin run tp @s ^0 ^1.47444 ^-0.19411 ~0 ~-15
execute if entity @s[tag=aj.yuji.bone.torso] run data modify entity @s {} merge value {transformation:[-1f,3.169619151431765e-17f,1.1829179713786698e-16f,2.3772143635738236e-17f,0f,0.9659258262890683f,-0.25881904510252074f,1.4744443697168013f,-1.2246467991473532e-16f,-0.25881904510252074f,-0.9659258262890683f,-0.19411428382689055f,0f,0f,0f,1f],start_interpolation:0}
execute if entity @s[tag=aj.yuji.bone.bottom2] run data modify entity @s {} merge value {transformation:[-0.8252928421701616f,0.5641780369131137f,0.024389902163847295f,-0.5051253118639135f,-0.4825420271945571f,-0.6821218511763432f,-0.5494205785541035f,1.4940752275250935f,-0.2933341382343078f,-0.4652020236549104f,0.8351898948943959f,-0.06379478091499212f,0f,0f,0f,1f],start_interpolation:0}
execute if entity @s[tag=aj.yuji.bone.rightarm] run data modify entity @s {} merge value {transformation:[-0.8252928421701616f,0.5641780369131137f,0.024389902163847295f,-0.3125f,-0.4825420271945571f,-0.6821218511763432f,-0.5494205785541035f,1.3537036414306676f,-0.2933341382343078f,-0.4652020236549104f,0.8351898948943959f,-0.1617619031890755f,0f,0f,0f,1f],start_interpolation:0}
execute if entity @s[tag=aj.yuji.bone.bottom] run data modify entity @s {} merge value {transformation:[-0.8252929176403023f,-0.5641779524849049f,-0.024389301398306355f,0.5051252954737451f,0.4825416334392618f,-0.6821220210269879f,-0.5494207135045299f,1.4940752945974607f,0.29333457363653226f,-0.46520187699535154f,0.8351898236625469f,-0.06379484479252082f,0f,0f,0f,1f],start_interpolation:0}
execute if entity @s[tag=aj.yuji.bone.leftarm] run data modify entity @s {} merge value {transformation:[-0.8252929176403023f,-0.5641779524849049f,-0.024389301398306355f,0.3125f,0.4825416334392618f,-0.6821220210269879f,-0.5494207135045299f,1.3537036414306676f,0.29333457363653226f,-0.46520187699535154f,0.8351898236625469f,-0.16176190318907543f,0f,0f,0f,1f],start_interpolation:0}
execute if entity @s[tag=aj.yuji.bone.head] run data modify entity @s {} merge value {transformation:[-1f,7.871877887341986e-17f,9.381338752702731e-17f,2.3772143635738236e-17f,0f,0.766044443118978f,-0.6427876096865393f,1.4744443697168013f,-1.2246467991473532e-16f,-0.6427876096865393f,-0.766044443118978f,-0.19411428382689055f,0f,0f,0f,1f],start_interpolation:0}
execute if entity @s[tag=aj.yuji.locator_origin.mount] at @s on origin run tp @s ^0 ^0.59375 ^0 ~0 ~0
execute if entity @s[tag=aj.yuji.camera_origin.camera] at @s on origin run tp @s ^0 ^2.6925 ^6.3125 ~-180 ~15