execute if entity @s[tag=aj.yuji.locator_origin.head] at @s on origin run tp @s ^0 ^1.39952 ^-0.375 ~0 ~-30
execute if entity @s[tag=aj.yuji.bone.torso] run data modify entity @s {} merge value {transformation:[-1f,6.123233995736765e-17f,1.0605752387249069e-16f,4.5924254968025736e-17f,0f,0.8660254037844387f,-0.49999999999999994f,1.399519052838329f,-1.2246467991473532e-16f,-0.49999999999999994f,-0.8660254037844387f,-0.37499999999999994f,0f,0f,0f,1f],start_interpolation:0}
execute if entity @s[tag=aj.yuji.bone.bottom2] run data modify entity @s {} merge value {transformation:[-0.7517690767829314f,0.6118702651975582f,-0.2458821542121525f,-0.5124531335983227f,-0.6400703249944413f,-0.7667571796390891f,0.04892245428654146f,1.442950776962894f,-0.15859771200887213f,0.19416025864985414f,0.9680643365533983f,-0.37095242166301806f,0f,0f,0f,1f],start_interpolation:0}
execute if entity @s[tag=aj.yuji.bone.rightarm] run data modify entity @s {} merge value {transformation:[-0.7517690767829314f,0.6118702651975582f,-0.2458821542121525f,-0.31249999999999994f,-0.6400703249944413f,-0.7667571796390891f,0.04892245428654146f,1.2912658773652743f,-0.15859771200887213f,0.19416025864985414f,0.9680643365533983f,-0.3125f,0f,0f,0f,1f],start_interpolation:0}
execute if entity @s[tag=aj.yuji.bone.bottom] run data modify entity @s {} merge value {transformation:[-0.7517690464211345f,-0.6118705069186624f,0.24588164552515346f,0.5124531921309865f,0.6400704976083016f,-0.7667570238098299f,0.04892263821334342f,1.4429507272172128f,0.15859715928893342f,0.19416011228208432f,0.968064456461495f,-0.37095235052607933f,0f,0f,0f,1f],start_interpolation:0}
execute if entity @s[tag=aj.yuji.bone.leftarm] run data modify entity @s {} merge value {transformation:[-0.7517690464211345f,-0.6118705069186624f,0.24588164552515346f,0.31250000000000006f,0.6400704976083016f,-0.7667570238098299f,0.04892263821334342f,1.2912658773652743f,0.15859715928893342f,0.19416011228208432f,0.968064456461495f,-0.3124999999999999f,0f,0f,0f,1f],start_interpolation:0}
execute if entity @s[tag=aj.yuji.bone.head] run data modify entity @s {} merge value {transformation:[-1f,1.2141697760125282e-16f,1.5984848350717854e-17f,4.5924254968025736e-17f,0f,0.13052619222005174f,-0.9914448613738105f,1.399519052838329f,-1.2246467991473532e-16f,-0.9914448613738105f,-0.13052619222005174f,-0.37499999999999994f,0f,0f,0f,1f],start_interpolation:0}
execute if entity @s[tag=aj.yuji.locator_origin.mount] at @s on origin run tp @s ^0 ^0.59375 ^0 ~0 ~0
execute if entity @s[tag=aj.yuji.camera_origin.camera] at @s on origin run tp @s ^0 ^1.90083 ^4.62731 ~-180 ~5