execute if entity @s[tag=aj.yuji.locator_origin.head] at @s on origin run tp @s ^0 ^1.38254 ^-0.40297 ~0 ~-32.5
execute if entity @s[tag=aj.yuji.bone.torso] run data modify entity @s {} merge value {transformation:[-1f,6.580022455450643e-17f,1.0328566345430089e-16f,4.935016841587982e-17f,0f,0.8433914458128857f,-0.5372996083468239f,1.3825435843596643f,-1.2246467991473532e-16f,-0.5372996083468239f,-0.8433914458128857f,-0.4029747062601179f,0f,0f,0f,1f],start_interpolation:0}
execute if entity @s[tag=aj.yuji.bone.bottom2] run data modify entity @s {} merge value {transformation:[-0.8252928421701616f,0.5641780369131137f,0.02438990216384728f,-0.5051253118639135f,-0.5484157873435055f,-0.7904401183967935f,-0.2728452737748372f,1.4404536965232828f,-0.13465455378523095f,-0.2385530588647486f,0.9617487141926275f,-0.2845899001121548f,0f,0f,0f,1f],start_interpolation:0}
execute if entity @s[tag=aj.yuji.bone.rightarm] run data modify entity @s {} merge value {transformation:[-0.8252928421701616f,0.5641780369131137f,0.02438990216384728f,-0.31249999999999994f,-0.5484157873435055f,-0.7904401183967935f,-0.2728452737748372f,1.2771196536330536f,-0.13465455378523095f,-0.2385530588647486f,0.9617487141926275f,-0.335812255216765f,0f,0f,0f,1f],start_interpolation:0}
execute if entity @s[tag=aj.yuji.bone.bottom] run data modify entity @s {} merge value {transformation:[-0.8252929176403023f,-0.5641779524849049f,-0.02438930139830637f,0.5051252954737452f,0.5484155427403801f,-0.7904402362848526f,-0.2728454238991764f,1.440453741282993f,0.1346550874402136f,-0.23855286791796737f,0.9617486868379814f,-0.2845899812022864f,0f,0f,0f,1f],start_interpolation:0}
execute if entity @s[tag=aj.yuji.bone.leftarm] run data modify entity @s {} merge value {transformation:[-0.8252929176403023f,-0.5641779524849049f,-0.02438930139830637f,0.31250000000000006f,0.5484155427403801f,-0.7904402362848526f,-0.2728454238991764f,1.2771196536330536f,0.1346550874402136f,-0.23855286791796737f,0.9617486868379814f,-0.3358122552167649f,0f,0f,0f,1f],start_interpolation:0}
execute if entity @s[tag=aj.yuji.bone.head] run data modify entity @s {} merge value {transformation:[-1f,1.0565949378009675e-16f,6.191663105137645e-17f,4.935016841587982e-17f,0f,0.5055876608217588f,-0.8627752414301086f,1.3825435843596643f,-1.2246467991473532e-16f,-0.8627752414301086f,-0.5055876608217588f,-0.4029747062601179f,0f,0f,0f,1f],start_interpolation:0}
execute if entity @s[tag=aj.yuji.locator_origin.mount] at @s on origin run tp @s ^0 ^0.59375 ^0 ~0 ~0
execute if entity @s[tag=aj.yuji.camera_origin.camera] at @s on origin run tp @s ^0 ^1.5196 ^3.04177 ~-180 ~-0.63861