execute if entity @s[tag=aj.yuji.locator_origin.head] at @s on origin run tp @s ^0 ^1.47171 ^-0.20405 ~0 ~-15.78717
execute if entity @s[tag=aj.yuji.bone.torso] run data modify entity @s {} merge value {transformation:[-1f,3.331832970401925e-17f,1.1784518120123897e-16f,2.4988747278014437e-17f,0f,0.9622789304090564f,-0.2720648086225087f,1.4717091978067924f,-1.2246467991473532e-16f,-0.2720648086225087f,-0.9622789304090564f,-0.20404860646688153f,0f,0f,0f,1f],start_interpolation:0}
execute if entity @s[tag=aj.yuji.bone.bottom2] run data modify entity @s {} merge value {transformation:[-0.8127493621287407f,0.582134315166319f,-0.023624425181706318f,-0.508830413924626f,-0.5018401965282119f,-0.7200930461745739f,-0.47918933836172584f,1.5000825807662905f,-0.29596434161542295f,-0.3776051429163324f,0.8773935630806081f,-0.09413699101094881f,0f,0f,0f,1f],start_interpolation:0}
execute if entity @s[tag=aj.yuji.bone.rightarm] run data modify entity @s {} merge value {transformation:[-0.8127493621287407f,0.582134315166319f,-0.023624425181706318f,-0.3125f,-0.5018401965282119f,-0.7200930461745739f,-0.47918933836172584f,1.3514243315056602f,-0.29596434161542295f,-0.3776051429163324f,0.8773935630806081f,-0.17004050538906798f,0f,0f,0f,1f],start_interpolation:0}
execute if entity @s[tag=aj.yuji.bone.bottom] run data modify entity @s {} merge value {transformation:[-0.8127494394675934f,-0.5821341847493262f,0.023624978123798466f,0.5088303861540562f,0.5018398309255026f,-0.7200932236096181f,-0.4791894546086879f,1.500082647975221f,0.2959647491539756f,-0.3776050056047272f,0.8773934847036867f,-0.0941370508100096f,0f,0f,0f,1f],start_interpolation:0}
execute if entity @s[tag=aj.yuji.bone.leftarm] run data modify entity @s {} merge value {transformation:[-0.8127494394675934f,-0.5821341847493262f,0.023624978123798466f,0.3125f,0.5018398309255026f,-0.7200932236096181f,-0.4791894546086879f,1.3514243315056602f,0.2959647491539756f,-0.3776050056047272f,0.8773934847036867f,-0.17004050538906793f,0f,0f,0f,1f],start_interpolation:0}
execute if entity @s[tag=aj.yuji.bone.head] run data modify entity @s {} merge value {transformation:[-1f,8.231575946378638e-17f,9.067366525358198e-17f,2.4988747278014437e-17f,0f,0.7404066651438808f,-0.6721591851715761f,1.4717091978067924f,-1.2246467991473532e-16f,-0.6721591851715761f,-0.7404066651438808f,-0.20404860646688153f,0f,0f,0f,1f],start_interpolation:0}
execute if entity @s[tag=aj.yuji.locator_origin.mount] at @s on origin run tp @s ^0 ^0.59375 ^0 ~0 ~0
execute if entity @s[tag=aj.yuji.camera_origin.camera] at @s on origin run tp @s ^0 ^2.65623 ^6.23337 ~-180 ~14.16667