execute if entity @s[tag=aj.yuji.locator_origin.head] at @s on origin run tp @s ^0 ^1.43648 ^-0.30206 ~0 ~-23.75
execute if entity @s[tag=aj.yuji.bone.torso] run data modify entity @s {} merge value {transformation:[-1f,4.932224446026936e-17f,1.1209332731264608e-16f,3.699168334520202e-17f,0f,0.9153114791194474f,-0.40274668985873663f,1.4364836093395856f,-1.2246467991473532e-16f,-0.40274668985873663f,-0.9153114791194474f,-0.30206001739405247f,0f,0f,0f,1f],start_interpolation:0}
execute if entity @s[tag=aj.yuji.bone.bottom2] run data modify entity @s {} merge value {transformation:[-0.8297569157534312f,0.5567429670201621f,0.03925212647666166f,-0.5035455489896299f,-0.5145692587276716f,-0.7358719182149964f,-0.44012611596568035f,1.4738770753329244f,-0.2161525820613942f,-0.3853956261508007f,0.8970776290890459f,-0.16887731100284745f,0f,0f,0f,1f],start_interpolation:0}
execute if entity @s[tag=aj.yuji.bone.rightarm] run data modify entity @s {} merge value {transformation:[-0.8297569157534312f,0.5567429670201621f,0.03925212647666166f,-0.31249999999999994f,-0.5145692587276716f,-0.7358719182149964f,-0.44012611596568035f,1.3220696744496547f,-0.2161525820613942f,-0.3853956261508007f,0.8970776290890459f,-0.2517166811617105f,0f,0f,0f,1f],start_interpolation:0}
execute if entity @s[tag=aj.yuji.bone.bottom] run data modify entity @s {} merge value {transformation:[-0.8297569937807863f,-0.5567428993787648f,-0.039251436447584796f,0.5035455369559904f,0.5145688952324337f,-0.7358720716044335f,-0.44012628448193425f,1.473877136398736f,0.21615314786314116f,-0.3853954309847568f,0.8970775766035672f,-0.16887739515696748f,0f,0f,0f,1f],start_interpolation:0}
execute if entity @s[tag=aj.yuji.bone.leftarm] run data modify entity @s {} merge value {transformation:[-0.8297569937807863f,-0.5567428993787648f,-0.039251436447584796f,0.31250000000000006f,0.5145688952324337f,-0.7358720716044335f,-0.44012628448193425f,1.3220696744496547f,0.21615314786314116f,-0.3853954309847568f,0.8970775766035672f,-0.25171668116171037f,0f,0f,0f,1f],start_interpolation:0}
execute if entity @s[tag=aj.yuji.bone.head] run data modify entity @s {} merge value {transformation:[-1f,9.876098033058259e-17f,7.24145468173409e-17f,3.699168334520202e-17f,0f,0.591309648363583f,-0.8064446042674822f,1.4364836093395856f,-1.2246467991473532e-16f,-0.8064446042674822f,-0.591309648363583f,-0.30206001739405247f,0f,0f,0f,1f],start_interpolation:0}
execute if entity @s[tag=aj.yuji.locator_origin.mount] at @s on origin run tp @s ^0 ^0.59375 ^0 ~0 ~0
execute if entity @s[tag=aj.yuji.camera_origin.camera] at @s on origin run tp @s ^0 ^1.48481 ^3.37075 ~-180 ~-1.1025