execute if entity @s[tag=aj.yuji.locator_origin.head] at @s on origin run tp @s ^0 ^1.49968 ^0.02199 ~0 ~1.68
execute if entity @s[tag=aj.yuji.bone.torso] run data modify entity @s {} merge value {transformation:[-1f,-3.590337443250087e-18f,1.2241203904707321e-16f,-2.6927530824375653e-18f,0f,0.999570154695225f,0.029317330072228337f,1.499677616021419f,-1.2246467991473532e-16f,0.029317330072228337f,-0.999570154695225f,0.021987997554171253f,0f,0f,0f,1f],start_interpolation:0}
execute if entity @s[tag=aj.yuji.bone.bottom2] run data modify entity @s {} merge value {transformation:[-0.9924681340561028f,0.10507683986423869f,-0.06297507925634249f,-0.4007984683445661f,0.10618610181583853f,0.9942401819592741f,-0.01452488756396915f,1.132807932558187f,0.061086124974120415f,-0.02110256623576163f,-0.9979093982090316f,0.027416855664965607f,0f,0f,0f,1f],start_interpolation:0}
execute if entity @s[tag=aj.yuji.bone.rightarm] run data modify entity @s {} merge value {transformation:[-0.9924681340561028f,0.10507683986423869f,-0.06297507925634249f,-0.3125f,0.10618610181583853f,0.9942401819592741f,-0.01452488756396915f,1.3747313466845157f,0.061086124974120415f,-0.02110256623576163f,-0.9979093982090316f,0.018323331295142672f,0f,0f,0f,1f],start_interpolation:0}
execute if entity @s[tag=aj.yuji.bone.bottom] run data modify entity @s {} merge value {transformation:[-0.99246811992166f,-0.10507698693864016f,0.06297505661023656f,0.4007985042297638f,-0.10618624829852062f,0.994240166404122f,-0.014524881444906417f,1.1328079456021427f,-0.061086099985598864f,-0.021102566777539248f,-0.9979093997272243f,0.02741685423862749f,0f,0f,0f,1f],start_interpolation:0}
execute if entity @s[tag=aj.yuji.bone.leftarm] run data modify entity @s {} merge value {transformation:[-0.99246811992166f,-0.10507698693864016f,0.06297505661023656f,0.3125f,-0.10618624829852062f,0.994240166404122f,-0.014524881444906417f,1.3747313466845157f,-0.061086099985598864f,-0.021102566777539248f,-0.9979093997272243f,0.01832333129514275f,0f,0f,0f,1f],start_interpolation:0}
execute if entity @s[tag=aj.yuji.bone.head] run data modify entity @s {} merge value {transformation:[-1f,-1.7001456009580078e-17f,1.2127880408452622e-16f,-2.6927530824375653e-18f,0f,0.9903165889868428f,0.138827423722637f,1.499677616021419f,-1.2246467991473532e-16f,0.138827423722637f,-0.9903165889868428f,0.021987997554171253f,0f,0f,0f,1f],start_interpolation:0}
execute if entity @s[tag=aj.yuji.locator_origin.mount] at @s on origin run tp @s ^0 ^0.59375 ^0 ~0 ~0
execute if entity @s[tag=aj.yuji.camera_origin.camera] at @s on origin run tp @s ^0 ^1.755 ^2.625 ~-180 ~-1.48688