execute if entity @s[tag=aj.yuji.locator_origin.head] at @s on origin run tp @s ^0 ^1.49994 ^0.00942 ~0 ~0.72
execute if entity @s[tag=aj.yuji.bone.torso] run data modify entity @s {} merge value {transformation:[-1f,-1.5388960521105868e-18f,1.2245501061842825e-16f,-1.15417203908294e-18f,0f,0.9999210442038161f,0.012566039883352703f,1.4999407831528622f,-1.2246467991473532e-16f,0.012566039883352703f,-0.9999210442038161f,0.009424529912514527f,0f,0f,0f,1f],start_interpolation:0}
execute if entity @s[tag=aj.yuji.bone.bottom2] run data modify entity @s {} merge value {transformation:[-0.9995716646062084f,0.023364019339271846f,-0.01762412882067717f,-0.38081423387270597f,0.020937174972892207f,0.9916618338495308f,0.12715518860958958f,1.1283437676008081f,0.0204480321920763f,0.1267317240729405f,-0.9917262465483969f,-0.022551154079134956f,0f,0f,0f,1f],start_interpolation:0}
execute if entity @s[tag=aj.yuji.bone.rightarm] run data modify entity @s {} merge value {transformation:[-0.9995716646062084f,0.023364019339271846f,-0.01762412882067717f,-0.3125f,0.020937174972892207f,0.9916618338495308f,0.12715518860958958f,1.3749506526273851f,0.0204480321920763f,0.1267317240729405f,-0.9917262465483969f,0.007853774927095401f,0f,0f,0f,1f],start_interpolation:0}
execute if entity @s[tag=aj.yuji.bone.bottom] run data modify entity @s {} merge value {transformation:[-0.999571664800734f,-0.02336399629205734f,0.01762414834123125f,0.3808142281230602f,-0.020937149635228972f,0.9916618343965945f,0.12715518851518867f,1.1283437658804383f,-0.0204480486267278f,0.1267317240411645f,-0.9917262462135975f,-0.022551153044025163f,0f,0f,0f,1f],start_interpolation:0}
execute if entity @s[tag=aj.yuji.bone.leftarm] run data modify entity @s {} merge value {transformation:[-0.999571664800734f,-0.02336399629205734f,0.01762414834123125f,0.3125f,-0.020937149635228972f,0.9916618343965945f,0.12715518851518867f,1.3749506526273851f,-0.0204480486267278f,0.1267317240411645f,-0.9917262462135975f,0.007853774927095478f,0f,0f,0f,1f],start_interpolation:0}
execute if entity @s[tag=aj.yuji.bone.head] run data modify entity @s {} merge value {transformation:[-1f,-4.1030627959679405e-18f,1.2239592600373152e-16f,-1.15417203908294e-18f,0f,0.9994385817114643f,0.03350405030107173f,1.4999407831528622f,-1.2246467991473532e-16f,0.03350405030107173f,-0.9994385817114643f,0.009424529912514527f,0f,0f,0f,1f],start_interpolation:0}
execute if entity @s[tag=aj.yuji.locator_origin.mount] at @s on origin run tp @s ^0 ^0.59375 ^0 ~0 ~0
execute if entity @s[tag=aj.yuji.camera_origin.camera] at @s on origin run tp @s ^0 ^1.73938 ^0.34375 ~0 ~0