execute if entity @s[tag=aj.yuji.locator_origin.head] at @s on origin run tp @s ^0 ^0.54946 ^0.51842 ~0 ~88.51312
execute if entity @s[tag=aj.yuji.bone.torso] run data modify entity @s {} merge value {transformation:[-1f,-1.2242344516812349e-16f,3.1777192742654892e-18f,-6.34883021856504e-17f,0f,0.025948047032646027f,0.9996632927417068f,0.5494628066927064f,-1.2246467991473532e-16f,0.9996632927417068f,-0.025948047032646027f,0.5184213295609268f,0f,0f,0f,1f],start_interpolation:0}
execute if entity @s[tag=aj.yuji.bone.bottom2] run data modify entity @s {} merge value {transformation:[-0.8940211772690236f,-0.17510940435886285f,-0.4123867494229091f,-0.4299017636868093f,0.11192081891455292f,0.8039824039820774f,-0.5840257052396713f,0.3202623580318236f,0.4338200835461688f,-0.5682860112586654f,-0.6991789073761532f,0.3538839296955234f,0f,0f,0f,1f],start_interpolation:0}
execute if entity @s[tag=aj.yuji.bone.rightarm] run data modify entity @s {} merge value {transformation:[-0.8940211772690236f,0.24610176042998153f,-0.37437956422295937f,-0.3125f,0.11192081891455292f,0.9318079758558465f,0.3452645745293397f,0.5462193008136257f,0.4338200835461688f,0.2667729739773018f,-0.8605999741269467f,0.3934634179682133f,0f,0f,0f,1f],start_interpolation:0}
execute if entity @s[tag=aj.yuji.bone.bottom] run data modify entity @s {} merge value {transformation:[-0.8940212082247586f,0.17510888873869482f,0.4123869012578387f,0.42990186868379365f,-0.11192137264938169f,0.8039823514098248f,-0.5840256714955322f,0.3202624069481024f,-0.4338198768943411f,-0.5682862445161139f,-0.6991788460080514f,0.3538839618805166f,0f,0f,0f,1f],start_interpolation:0}
execute if entity @s[tag=aj.yuji.bone.leftarm] run data modify entity @s {} merge value {transformation:[-0.8940212082247586f,-0.2461021726789849f,0.37437921930447227f,0.3125f,-0.11192137264938169f,0.9318079186244387f,0.34526454948788143f,0.5462193008136257f,-0.4338198768943411f,0.2667727935743723f,-0.8606001342202453f,0.3934634179682133f,0f,0f,0f,1f],start_interpolation:0}
execute if entity @s[tag=aj.yuji.bone.head] run data modify entity @s {} merge value {transformation:[-1f,-7.052333023251855e-17f,-1.0012021633782915e-16f,-6.34883021856504e-17f,0f,-0.8175436085533947f,0.5758666930058498f,0.5494628066927064f,-1.2246467991473532e-16f,0.5758666930058498f,0.8175436085533947f,0.5184213295609268f,0f,0f,0f,1f],start_interpolation:0}
execute if entity @s[tag=aj.yuji.bone.bottom3] run data modify entity @s {} merge value {transformation:[-1f,-1.0781821762649493e-16f,5.807606886200508e-17f,-0.12499999999999994f,0f,0.4742270906390309f,0.8804025593465982f,0.27360700092163814f,-1.2246467991473532e-16f,0.8804025593465982f,-0.4742270906390309f,-0.409982154901105f,0f,0f,0f,1f],start_interpolation:0}
execute if entity @s[tag=aj.yuji.bone.rightleg] run data modify entity @s {} merge value {transformation:[-1f,-7.001296537688016e-17f,1.004777712021637e-16f,-0.11874999999999997f,0f,0.8204632655890681f,0.571699247698405f,0.5300017714182219f,-1.2246467991473532e-16f,0.571699247698405f,-0.8204632655890681f,-0.23132613999535342f,0f,0f,0f,1f],start_interpolation:0}
execute if entity @s[tag=aj.yuji.bone.bottom4] run data modify entity @s {} merge value {transformation:[-1f,-1.0781821762649493e-16f,5.807606886200508e-17f,0.12500000000000006f,0f,0.4742270906390309f,0.8804025593465982f,0.27360700092163814f,-1.2246467991473532e-16f,0.8804025593465982f,-0.4742270906390309f,-0.40998215490110496f,0f,0f,0f,1f],start_interpolation:0}
execute if entity @s[tag=aj.yuji.bone.leftleg] run data modify entity @s {} merge value {transformation:[-1f,-7.001296537688016e-17f,1.004777712021637e-16f,0.11875000000000002f,0f,0.8204632655890681f,0.571699247698405f,0.5300017714182219f,-1.2246467991473532e-16f,0.571699247698405f,-0.8204632655890681f,-0.2313261399953534f,0f,0f,0f,1f],start_interpolation:0}
execute if entity @s[tag=aj.yuji.locator_origin.mount] at @s on origin run tp @s ^0 ^0.37987 ^-0.18801 ~0 ~-16.09329
execute if entity @s[tag=aj.yuji.camera_origin.camera] at @s on origin run tp @s ^0 ^1.755 ^3.5 ~-180 ~20