execute if entity @s[tag=aj.yuji.locator_origin.head] at @s on origin run tp @s ^0 ^1.45459 ^-0.257 ~0 ~-20.03906
execute if entity @s[tag=aj.yuji.bone.torso] run data modify entity @s {} merge value {transformation:[-1f,4.196383506496697e-17f,1.1505057311138797e-16f,3.147287629872522e-17f,0f,0.93945922360219f,-0.34266071731199416f,1.4545944177016426f,-1.2246467991473532e-16f,-0.34266071731199416f,-0.93945922360219f,-0.2569955379839956f,0f,0f,0f,1f],start_interpolation:0}
execute if entity @s[tag=aj.yuji.bone.bottom2] run data modify entity @s {} merge value {transformation:[-0.829313052797727f,0.5575052047943175f,0.037786334653689274f,-0.5037083669984374f,-0.5001967808267866f,-0.710518399371088f,-0.4949411930781946f,1.4835293157924665f,-0.24908440519196312f,-0.429361794740046f,0.8681044915836876f,-0.12239027495948258f,0f,0f,0f,1f],start_interpolation:0}
execute if entity @s[tag=aj.yuji.bone.rightarm] run data modify entity @s {} merge value {transformation:[-0.829313052797727f,0.5575052047943175f,0.037786334653689274f,-0.3125f,-0.5001967808267866f,-0.710518399371088f,-0.4949411930781946f,1.3371620147513688f,-0.24908440519196312f,-0.429361794740046f,0.8681044915836876f,-0.21416294831999638f,0f,0f,0f,1f],start_interpolation:0}
execute if entity @s[tag=aj.yuji.bone.bottom] run data modify entity @s {} merge value {transformation:[-0.8293131306010698f,-0.5575051352221022f,-0.037785653542559666f,0.5037083544680925f,0.500196386011283f,-0.7105185642094987f,-0.49494135545024337f,1.4835293816780382f,0.24908493899452144f,-0.4293616122974411f,0.8681044286555839f,-0.12239035393279366f,0f,0f,0f,1f],start_interpolation:0}
execute if entity @s[tag=aj.yuji.bone.leftarm] run data modify entity @s {} merge value {transformation:[-0.8293131306010698f,-0.5575051352221022f,-0.037785653542559666f,0.3125f,0.500196386011283f,-0.7105185642094987f,-0.49494135545024337f,1.3371620147513688f,0.24908493899452144f,-0.4293616122974411f,0.8681044286555839f,-0.21416294831999633f,0f,0f,0f,1f],start_interpolation:0}
execute if entity @s[tag=aj.yuji.bone.head] run data modify entity @s {} merge value {transformation:[-1f,9.639028914141515e-17f,7.554144548427017e-17f,3.147287629872522e-17f,0f,0.6168427136449878f,-0.7870864416460797f,1.4545944177016426f,-1.2246467991473532e-16f,-0.7870864416460797f,-0.6168427136449878f,-0.2569955379839956f,0f,0f,0f,1f],start_interpolation:0}
execute if entity @s[tag=aj.yuji.locator_origin.mount] at @s on origin run tp @s ^0 ^0.59375 ^0 ~0 ~0
execute if entity @s[tag=aj.yuji.camera_origin.camera] at @s on origin run tp @s ^0 ^1.48417 ^3.33102 ~-180 ~-1.11111