execute if entity @s[tag=aj.yuji.locator_origin.head] at @s on origin run tp @s ^0 ^1.5 ^0.00131 ~0 ~0.1
execute if entity @s[tag=aj.yuji.bone.torso] run data modify entity @s {} merge value {transformation:[-1f,-2.1374107967589682e-19f,1.224644933904086e-16f,-1.6030580975692261e-19f,0f,0.9999984769132877f,0.0017453283658987366f,1.4999988576849659f,-1.2246467991473532e-16f,0.0017453283658987366f,-0.9999984769132877f,0.0013089962744240525f,0f,0f,0f,1f],start_interpolation:0}
execute if entity @s[tag=aj.yuji.bone.bottom2] run data modify entity @s {} merge value {transformation:[-0.9542309550592362f,0.10850715727883387f,0.27869244917292685f,-0.3992662240109107f,-0.2138381567802978f,0.40393654509478727f,-0.8894428088650171f,1.2606500269983394f,-0.20908497581496083f,-0.9083289406135604f,-0.3622457846991513f,0.21510525439364173f,0f,0f,0f,1f],start_interpolation:0}
execute if entity @s[tag=aj.yuji.bone.rightarm] run data modify entity @s {} merge value {transformation:[-0.9542309550592362f,0.10850715727883387f,0.27869244917292685f,-0.3125f,-0.2138381567802978f,0.40393654509478727f,-0.8894428088650171f,1.3749990480708048f,-0.20908497581496083f,-0.9083289406135604f,-0.3622457846991513f,0.0010908302286866721f,0f,0f,0f,1f],start_interpolation:0}
execute if entity @s[tag=aj.yuji.bone.bottom] run data modify entity @s {} merge value {transformation:[-0.9542309755948045f,-0.10850741741775136f,-0.2786922775763931f,0.3992662903291131f,0.21383789868722522f,0.40393655137838286f,-0.8894428680615584f,1.2606500415582576f,0.2090851460539927f,-0.9083289067435147f,-0.3622457713676056f,0.21510523528619088f,0f,0f,0f,1f],start_interpolation:0}
execute if entity @s[tag=aj.yuji.bone.leftarm] run data modify entity @s {} merge value {transformation:[-0.9542309755948045f,-0.10850741741775136f,-0.2786922775763931f,0.3125f,0.21383789868722522f,0.40393655137838286f,-0.8894428680615584f,1.3749990480708048f,0.2090851460539927f,-0.9083289067435147f,-0.3622457713676056f,0.0010908302286867485f,0f,0f,0f,1f],start_interpolation:0}
execute if entity @s[tag=aj.yuji.bone.head] run data modify entity @s {} merge value {transformation:[-1f,9.367585452340663e-17f,7.88823941442457e-17f,-1.6030580975692261e-19f,0f,0.6441236297613867f,-0.7649214009184315f,1.4999988576849659f,-1.2246467991473532e-16f,-0.7649214009184315f,-0.6441236297613867f,0.0013089962744240525f,0f,0f,0f,1f],start_interpolation:0}
execute if entity @s[tag=aj.yuji.locator_origin.mount] at @s on origin run tp @s ^0 ^0.59375 ^0 ~0 ~0
execute if entity @s[tag=aj.yuji.camera_origin.camera] at @s on origin run tp @s ^0 ^1.55448 ^2.90394 ~-180 ~-0.17361