execute if entity @s[tag=aj.yuji.locator_origin.head] at @s on origin run tp @s ^0 ^1.49989 ^-0.01257 ~0 ~-0.96
execute if entity @s[tag=aj.yuji.bone.torso] run data modify entity @s {} merge value {transformation:[-1f,2.0518194004306875e-18f,1.224474902305743e-16f,1.5388645503230156e-18f,0f,0.9998596355767804f,-0.016754376868981687f,1.4998947266825853f,-1.2246467991473532e-16f,-0.016754376868981687f,-0.9998596355767804f,-0.012565782651736265f,0f,0f,0f,1f],start_interpolation:0}
execute if entity @s[tag=aj.yuji.bone.bottom2] run data modify entity @s {} merge value {transformation:[-0.9992607624467393f,-0.02338729969192523f,0.030511683786401102f,-0.3691069727299399f,-0.02812756405107825f,0.9857979457693749f,-0.16556343273027774f,1.1267048130399515f,-0.026206273579312038f,-0.16629926136336498f,-0.9857270346780012f,0.02946543769902065f,0f,0f,0f,1f],start_interpolation:0}
execute if entity @s[tag=aj.yuji.bone.rightarm] run data modify entity @s {} merge value {transformation:[-0.9992607624467393f,-0.02338729969192523f,0.030511683786401102f,-0.3125f,-0.02812756405107825f,0.9857979457693749f,-0.16556343273027774f,1.3749122722354876f,-0.026206273579312038f,-0.16629926136336498f,-0.9857270346780012f,-0.010471485543113591f,0f,0f,0f,1f],start_interpolation:0}
execute if entity @s[tag=aj.yuji.bone.bottom] run data modify entity @s {} merge value {transformation:[-0.9992607628045377f,0.023387257978592504f,-0.030511704041828337f,0.3691069831806355f,0.02812752628251721f,0.9857979467738611f,-0.16556343316585984f,1.126704815149365f,0.026206300473734668f,-0.16629926127521613f,-0.9857270339778643f,0.029465435996082104f,0f,0f,0f,1f],start_interpolation:0}
execute if entity @s[tag=aj.yuji.bone.leftarm] run data modify entity @s {} merge value {transformation:[-0.9992607628045377f,0.023387257978592504f,-0.030511704041828337f,0.3125f,0.02812752628251721f,0.9857979467738611f,-0.16556343316585984f,1.3749122722354876f,0.026206300473734668f,-0.16629926127521613f,-0.9857270339778643f,-0.010471485543113515f,0f,0f,0f,1f],start_interpolation:0}
execute if entity @s[tag=aj.yuji.bone.head] run data modify entity @s {} merge value {transformation:[-1f,5.4699540117324404e-18f,1.2234245963576222e-16f,1.5388645503230156e-18f,0f,0.999001995685138f,-0.044665564108286857f,1.4998947266825853f,-1.2246467991473532e-16f,-0.044665564108286857f,-0.999001995685138f,-0.012565782651736265f,0f,0f,0f,1f],start_interpolation:0}
execute if entity @s[tag=aj.yuji.locator_origin.mount] at @s on origin run tp @s ^0 ^0.59375 ^0 ~0 ~0
execute if entity @s[tag=aj.yuji.camera_origin.camera] at @s on origin run tp @s ^0 ^2.6925 ^6.3125 ~-180 ~15