execute if entity @s[tag=aj.yuji.locator_origin.head] at @s on origin run tp @s ^0 ^0.56682 ^0.5224 ~0 ~87.48542
execute if entity @s[tag=aj.yuji.bone.torso] run data modify entity @s {} merge value {transformation:[-1f,-1.2234675763986173e-16f,5.372962091017604e-18f,-6.397588005292369e-17f,0f,0.04387356497202677f,0.9990370915519833f,0.566820982988889f,-1.2246467991473532e-16f,0.9990370915519833f,-0.04387356497202677f,0.5224027049878072f,0f,0f,0f,1f],start_interpolation:0}
execute if entity @s[tag=aj.yuji.bone.bottom2] run data modify entity @s {} merge value {transformation:[-0.8979326599791625f,-0.13489700308234795f,-0.41895075689410893f,-0.4311847637572173f,0.11744171772380074f,0.8439266288851922f,-0.523445592202818f,0.33642007232175053f,0.42417494159936997f,-0.5192211894923751f,-0.7419467469443444f,0.3558979782138885f,0f,0f,0f,1f],start_interpolation:0}
execute if entity @s[tag=aj.yuji.bone.rightarm] run data modify entity @s {} merge value {transformation:[-0.8979326599791625f,0.2502558900340786f,-0.36206204944180065f,-0.3125f,0.11744171772380074f,0.9290272896134912f,0.35087852326908525f,0.5613367873673858f,0.42417494159936997f,0.27254409671952545f,-0.8635944269519749f,0.39752306854380925f,0f,0f,0f,1f],start_interpolation:0}
execute if entity @s[tag=aj.yuji.bone.bottom] run data modify entity @s {} merge value {transformation:[-0.8979326896794246f,0.13489648402572038f,0.4189508603673858f,0.43118486513161475f,-0.11744225731480416f,0.8439265714827255f,-0.5234455636856767f,0.33642012043833247f,-0.424174729329645f,-0.5192214176465675f,-0.7419467086356079f,0.35589800726798976f,0f,0f,0f,1f],start_interpolation:0}
execute if entity @s[tag=aj.yuji.bone.leftarm] run data modify entity @s {} merge value {transformation:[-0.8979326896794246f,-0.2502562881066028f,0.36206170063703125f,0.3125f,-0.11744225731480416f,0.9290272320449143f,0.35087849508878227f,0.5613367873673858f,-0.424174729329645f,0.27254392743568917f,-0.8635945846379843f,0.39752306854380925f,0f,0f,0f,1f],start_interpolation:0}
execute if entity @s[tag=aj.yuji.bone.head] run data modify entity @s {} merge value {transformation:[-1f,-7.257149822869212e-17f,-9.864570680704514e-17f,-6.397588005292369e-17f,0f,-0.8055033245154941f,0.5925912538963827f,0.566820982988889f,-1.2246467991473532e-16f,0.5925912538963827f,0.8055033245154941f,0.5224027049878072f,0f,0f,0f,1f],start_interpolation:0}
execute if entity @s[tag=aj.yuji.bone.bottom3] run data modify entity @s {} merge value {transformation:[-1f,-1.0660623803543562e-16f,6.027194901901393e-17f,-0.12499999999999994f,0f,0.49215781285655275f,0.8705059949502097f,0.2754701129591097f,-1.2246467991473532e-16f,0.8705059949502097f,-0.49215781285655275f,-0.4025511566177713f,0f,0f,0f,1f],start_interpolation:0}
execute if entity @s[tag=aj.yuji.bone.rightleg] run data modify entity @s {} merge value {transformation:[-1f,-6.884515317609353e-17f,1.0128150231300281e-16f,-0.11874999999999997f,0f,0.8270262281624298f,0.562163337413091f,0.533915809259869f,-1.2246467991473532e-16f,0.562163337413091f,-0.8270262281624298f,-0.22687511367618035f,0f,0f,0f,1f],start_interpolation:0}
execute if entity @s[tag=aj.yuji.bone.bottom4] run data modify entity @s {} merge value {transformation:[-1f,-1.0660623803543562e-16f,6.027194901901393e-17f,0.12500000000000006f,0f,0.49215781285655275f,0.8705059949502097f,0.2754701129591097f,-1.2246467991473532e-16f,0.8705059949502097f,-0.49215781285655275f,-0.40255115661777124f,0f,0f,0f,1f],start_interpolation:0}
execute if entity @s[tag=aj.yuji.bone.leftleg] run data modify entity @s {} merge value {transformation:[-1f,-6.884515317609353e-17f,1.0128150231300281e-16f,0.11875000000000002f,0f,0.8270262281624298f,0.562163337413091f,0.533915809259869f,-1.2246467991473532e-16f,0.562163337413091f,-0.8270262281624298f,-0.2268751136761803f,0f,0f,0f,1f],start_interpolation:0}
execute if entity @s[tag=aj.yuji.locator_origin.mount] at @s on origin run tp @s ^0 ^0.38356 ^-0.18436 ~0 ~-15.78717
execute if entity @s[tag=aj.yuji.camera_origin.camera] at @s on origin run tp @s ^0 ^1.255 ^2.5 ~-180 ~10