execute if entity @s[tag=aj.yuji.locator_origin.head] at @s on origin run tp @s ^0 ^1.47752 ^-0.18224 ~0 ~-14.0625
execute if entity @s[tag=aj.yuji.bone.torso] run data modify entity @s {} merge value {transformation:[-1f,2.975648995747801e-17f,1.187945669297594e-16f,2.2317367468108508e-17f,0f,0.970031253194544f,-0.24298017990326387f,1.4775234398959078f,-1.2246467991473532e-16f,-0.24298017990326387f,-0.970031253194544f,-0.18223513492744792f,0f,0f,0f,1f],start_interpolation:0}
execute if entity @s[tag=aj.yuji.bone.bottom2] run data modify entity @s {} merge value {transformation:[-0.7602887446123376f,0.6107397084842197f,-0.22126462278549244f,-0.512702973659326f,-0.5574440409779201f,-0.7883022128780244f,-0.26045299451113507f,1.518504833904976f,-0.3334923777149977f,-0.07467683477639489f,0.9397905108872812f,-0.15403667735262858f,0f,0f,0f,1f],start_interpolation:0}
execute if entity @s[tag=aj.yuji.bone.rightarm] run data modify entity @s {} merge value {transformation:[-0.7602887446123376f,0.6107397084842197f,-0.22126462278549244f,-0.3125f,-0.5574440409779201f,-0.7883022128780244f,-0.26045299451113507f,1.35626953324659f,-0.3334923777149977f,-0.07467683477639489f,0.9397905108872812f,-0.15186261243953994f,0f,0f,0f,1f],start_interpolation:0}
execute if entity @s[tag=aj.yuji.bone.bottom] run data modify entity @s {} merge value {transformation:[-0.7602887699249767f,-0.6107397337906445f,0.22126446595713992f,0.5127029815679722f,0.5574441042952282f,-0.7883021905958131f,-0.2604529264345713f,1.5185048243770916f,0.3334922141706706f,-0.0746768630244608f,0.9397905666776873f,-0.15403666006909159f,0f,0f,0f,1f],start_interpolation:0}
execute if entity @s[tag=aj.yuji.bone.leftarm] run data modify entity @s {} merge value {transformation:[-0.7602887699249767f,-0.6107397337906445f,0.22126446595713992f,0.3125f,0.5574441042952282f,-0.7883021905958131f,-0.2604529264345713f,1.35626953324659f,0.3334922141706706f,-0.0746768630244608f,0.9397905666776873f,-0.15186261243953988f,0f,0f,0f,1f],start_interpolation:0}
execute if entity @s[tag=aj.yuji.bone.head] run data modify entity @s {} merge value {transformation:[-1f,7.374454250821134e-17f,9.777187876313507e-17f,2.2317367468108508e-17f,0f,0.7983679770461791f,-0.602169887346745f,1.4775234398959078f,-1.2246467991473532e-16f,-0.602169887346745f,-0.7983679770461791f,-0.18223513492744792f,0f,0f,0f,1f],start_interpolation:0}
execute if entity @s[tag=aj.yuji.locator_origin.mount] at @s on origin run tp @s ^0 ^0.59375 ^0 ~0 ~0
execute if entity @s[tag=aj.yuji.camera_origin.camera] at @s on origin run tp @s ^0 ^2.20793 ^5.29055 ~-180 ~8.33333