execute if entity @s[tag=aj.yuji.locator_origin.head] at @s on origin run tp @s ^0 ^1.474 ^-0.19577 ~0 ~-15.1312
execute if entity @s[tag=aj.yuji.bone.torso] run data modify entity @s {} merge value {transformation:[-1f,3.196697162472634e-17f,1.1821890945091024e-16f,2.3975228718544756e-17f,0f,0.9653306531582727f,-0.26103013250010526f,1.4739979898687046f,-1.2246467991473532e-16f,-0.26103013250010526f,-0.9653306531582727f,-0.19577259937507896f,0f,0f,0f,1f],start_interpolation:0}
execute if entity @s[tag=aj.yuji.bone.bottom2] run data modify entity @s {} merge value {transformation:[-0.7694985856707617f,0.6100100019754302f,-0.1891024170671364f,-0.5130961620982801f,-0.5509762292974197f,-0.7838244795442685f,-0.28643390165333615f,1.514851763778899f,-0.3229506485515931f,-0.1162195455037213f,0.9392528391455692f,-0.15427336197111005f,0f,0f,0f,1f],start_interpolation:0}
execute if entity @s[tag=aj.yuji.bone.rightarm] run data modify entity @s {} merge value {transformation:[-0.7694985856707617f,0.6100100019754302f,-0.1891024170671364f,-0.3125f,-0.5509762292974197f,-0.7838244795442685f,-0.28643390165333615f,1.3533316582239205f,-0.3229506485515931f,-0.1162195455037213f,0.9392528391455692f,-0.1631438328125658f,0f,0f,0f,1f],start_interpolation:0}
execute if entity @s[tag=aj.yuji.bone.bottom] run data modify entity @s {} merge value {transformation:[-0.7694986365154531f,-0.6100099179360446f,0.18910248126483803f,0.513096144266227f,0.550976142222013f,-0.7838245477882161f,-0.2864338824000159f,1.5148517862820987f,0.32295067595997773f,-0.11621952634672902f,0.9392528320919427f,-0.1542733684733821f,0f,0f,0f,1f],start_interpolation:0}
execute if entity @s[tag=aj.yuji.bone.leftarm] run data modify entity @s {} merge value {transformation:[-0.7694986365154531f,-0.6100099179360446f,0.18910248126483803f,0.3125f,0.550976142222013f,-0.7838245477882161f,-0.2864338824000159f,1.3533316582239205f,0.32295067595997773f,-0.11621952634672902f,0.9392528320919427f,-0.16314383281256575f,0f,0f,0f,1f],start_interpolation:0}
execute if entity @s[tag=aj.yuji.bone.head] run data modify entity @s {} merge value {transformation:[-1f,7.893338532849395e-17f,9.363289222918445e-17f,2.3975228718544756e-17f,0f,0.7645705871633791f,-0.6445400043788172f,1.4739979898687046f,-1.2246467991473532e-16f,-0.6445400043788172f,-0.7645705871633791f,-0.19577259937507896f,0f,0f,0f,1f],start_interpolation:0}
execute if entity @s[tag=aj.yuji.locator_origin.mount] at @s on origin run tp @s ^0 ^0.59375 ^0 ~0 ~0
execute if entity @s[tag=aj.yuji.camera_origin.camera] at @s on origin run tp @s ^0 ^2.35917 ^5.6088 ~-180 ~10