execute if entity @s[tag=aj.yuji.locator_origin.head] at @s on origin run tp @s ^0 ^1.49233 ^-0.10697 ~0 ~-8.2
execute if entity @s[tag=aj.yuji.bone.torso] run data modify entity @s {} merge value {transformation:[-1f,1.7467006712825346e-17f,1.2121262930533554e-16f,1.310025503461901e-17f,0f,0.9897762309077891f,-0.1426289337055105f,1.4923321731808419f,-1.2246467991473532e-16f,-0.1426289337055105f,-0.9897762309077891f,-0.10697170027913287f,0f,0f,0f,1f],start_interpolation:0}
execute if entity @s[tag=aj.yuji.bone.bottom2] run data modify entity @s {} merge value {transformation:[-0.8864977899189808f,0.4038942884676403f,0.22581202849268517f,-0.4688796839868464f,-0.3691103546069143f,-0.32291667985222594f,-0.8714828535290713f,1.4262699171174924f,-0.27906847652631894f,-0.8559171815172503f,0.4353464870569715f,0.10739443203047354f,0f,0f,0f,1f],start_interpolation:0}
execute if entity @s[tag=aj.yuji.bone.rightarm] run data modify entity @s {} merge value {transformation:[-0.8864977899189808f,0.4038942884676403f,0.22581202849268517f,-0.3125f,-0.3691103546069143f,-0.32291667985222594f,-0.8714828535290713f,1.3686101443173682f,-0.27906847652631894f,-0.8559171815172503f,0.4353464870569715f,-0.0891430835659441f,0f,0f,0f,1f],start_interpolation:0}
execute if entity @s[tag=aj.yuji.bone.bottom] run data modify entity @s {} merge value {transformation:[-0.8864978398752517f,-0.4038944392795965f,-0.22581156262586058f,0.4688797248121024f,0.36910999476070816f,-0.3229167495404295f,-0.8714829801172216f,1.4262699570299313f,0.2790687937843689f,-0.8559170840597025f,0.4353464752934995f,0.10739438783745854f,0f,0f,0f,1f],start_interpolation:0}
execute if entity @s[tag=aj.yuji.bone.leftarm] run data modify entity @s {} merge value {transformation:[-0.8864978398752517f,-0.4038944392795965f,-0.22581156262586058f,0.3125f,0.36910999476070816f,-0.3229167495404295f,-0.8714829801172216f,1.3686101443173682f,0.2790687937843689f,-0.8559170840597025f,0.4353464752934995f,-0.08914308356594401f,0f,0f,0f,1f],start_interpolation:0}
execute if entity @s[tag=aj.yuji.bone.head] run data modify entity @s {} merge value {transformation:[-1f,1.0825584939350627e-16f,5.725616908865857e-17f,1.310025503461901e-17f,0f,0.46753210091695463f,-0.8839760939144103f,1.4923321731808419f,-1.2246467991473532e-16f,-0.8839760939144103f,-0.46753210091695463f,-0.10697170027913287f,0f,0f,0f,1f],start_interpolation:0}
execute if entity @s[tag=aj.yuji.locator_origin.mount] at @s on origin run tp @s ^0 ^0.59375 ^0 ~0 ~0
execute if entity @s[tag=aj.yuji.camera_origin.camera] at @s on origin run tp @s ^0 ^1.5495 ^2.9245 ~-180 ~-0.24