execute if entity @s[tag=aj.yuji.locator_origin.head] at @s on origin run tp @s ^0 ^1.48861 ^0.13024 ~0 ~10
execute if entity @s[tag=aj.yuji.bone.torso] run data modify entity @s {} merge value {transformation:[-1f,-2.1265768495757713e-17f,1.2060416625018976e-16f,-1.5949326371818283e-17f,0f,0.984807753012208f,0.17364817766693033f,1.4886058147591559f,-1.2246467991473532e-16f,0.17364817766693033f,-0.984807753012208f,0.13023613325019776f,0f,0f,0f,1f],start_interpolation:0}
execute if entity @s[tag=aj.yuji.bone.bottom2] run data modify entity @s {} merge value {transformation:[-0.7521009472207323f,0.49441869538763433f,-0.43576865288919836f,-0.4831109830482043f,0.49825334044385855f,0.8593606770783577f,0.11507751921188891f,1.1818055101407816f,0.43137892151357293f,-0.13057327575968974f,-0.8926717457896662f,0.16813461257635215f,0f,0f,0f,1f],start_interpolation:0}
execute if entity @s[tag=aj.yuji.bone.rightarm] run data modify entity @s {} merge value {transformation:[-0.7521009472207323f,0.49441869538763433f,-0.43576865288919836f,-0.3125f,0.49825334044385855f,0.8593606770783577f,0.11507751921188891f,1.36550484563263f,0.43137892151357293f,-0.13057327575968974f,-0.8926717457896662f,0.10853011104183141f,0f,0f,0f,1f],start_interpolation:0}
execute if entity @s[tag=aj.yuji.bone.bottom] run data modify entity @s {} merge value {transformation:[-0.752100500838864f,-0.4944194528941731f,0.4357685638475502f,0.48311114452597226f,-0.4982540502735996f,0.8593602264980835f,0.11507781062879033f,1.181805667150209f,-0.4313788799001211f,-0.13057337290959847f,-0.8926717516887873f,0.1681346342629887f,0f,0f,0f,1f],start_interpolation:0}
execute if entity @s[tag=aj.yuji.bone.leftarm] run data modify entity @s {} merge value {transformation:[-0.752100500838864f,-0.4944194528941731f,0.4357685638475502f,0.3125f,-0.4982540502735996f,0.8593602264980835f,0.11507781062879033f,1.36550484563263f,-0.4313788799001211f,-0.13057337290959847f,-0.8926717516887873f,0.1085301110418315f,0f,0f,0f,1f],start_interpolation:0}
execute if entity @s[tag=aj.yuji.bone.head] run data modify entity @s {} merge value {transformation:[-1f,-9.029043306084033e-17f,8.27359385291814e-17f,-1.5949326371818283e-17f,0f,0.6755902076156602f,0.737277336810124f,1.4886058147591559f,-1.2246467991473532e-16f,0.737277336810124f,-0.6755902076156602f,0.13023613325019776f,0f,0f,0f,1f],start_interpolation:0}
execute if entity @s[tag=aj.yuji.locator_origin.mount] at @s on origin run tp @s ^0 ^0.59375 ^0 ~0 ~0
execute if entity @s[tag=aj.yuji.camera_origin.camera] at @s on origin run tp @s ^0 ^1.755 ^2.625 ~-180 ~-11.37026