execute if entity @s[tag=aj.yuji.locator_origin.head] at @s on origin run tp @s ^0 ^1.4999 ^-0.01204 ~0 ~-0.92
execute if entity @s[tag=aj.yuji.bone.torso] run data modify entity @s {} merge value {transformation:[-1f,1.966334432745718e-18f,1.224488928309161e-16f,1.4747508245592884e-18f,0f,0.9998710886777297f,-0.016056339134799983f,1.4999033165082971f,-1.2246467991473532e-16f,-0.016056339134799983f,-0.9998710886777297f,-0.012042254351099988f,0f,0f,0f,1f],start_interpolation:0}
execute if entity @s[tag=aj.yuji.bone.bottom2] run data modify entity @s {} merge value {transformation:[-0.99924458925513f,0.025449803051740823f,-0.02936934403377342f,-0.38131523759138086f,0.019221574785756358f,0.9804854324813916f,0.19564980898159334f,1.1309994207273428f,0.033775463092341376f,0.1949374879709031f,-0.9802339485431486f,-0.05665861750870447f,0f,0f,0f,1f],start_interpolation:0}
execute if entity @s[tag=aj.yuji.bone.rightarm] run data modify entity @s {} merge value {transformation:[-0.99924458925513f,0.025449803051740823f,-0.02936934403377342f,-0.3125f,0.019221574785756358f,0.9804854324813916f,0.19564980898159334f,1.374919430423581f,0.033775463092341376f,0.1949374879709031f,-0.9802339485431486f,-0.010035211959250027f,0f,0f,0f,1f],start_interpolation:0}
execute if entity @s[tag=aj.yuji.bone.bottom] run data modify entity @s {} merge value {transformation:[-0.9992445884076743f,-0.025449779947077217f,0.029369392888225657f,0.38131523176224896f,-0.019221542587139786f,0.9804854331444941f,0.19564980882184457f,1.1309994185491536f,-0.03377550648840644f,0.19493748765206478f,-0.9802339471112764f,-0.056658614716740746f,0f,0f,0f,1f],start_interpolation:0}
execute if entity @s[tag=aj.yuji.bone.leftarm] run data modify entity @s {} merge value {transformation:[-0.9992445884076743f,-0.025449779947077217f,0.029369392888225657f,0.3125f,-0.019221542587139786f,0.9804854331444941f,0.19564980882184457f,1.374919430423581f,-0.03377550648840644f,0.19493748765206478f,-0.9802339471112764f,-0.01003521195924995f,0f,0f,0f,1f],start_interpolation:0}
execute if entity @s[tag=aj.yuji.bone.head] run data modify entity @s {} merge value {transformation:[-1f,3.869641869648317e-17f,1.1619029652550614e-16f,1.4747508245592884e-18f,0f,0.9487657715383926f,-0.31598023792186547f,1.4999033165082971f,-1.2246467991473532e-16f,-0.31598023792186547f,-0.9487657715383926f,-0.012042254351099988f,0f,0f,0f,1f],start_interpolation:0}
execute if entity @s[tag=aj.yuji.locator_origin.mount] at @s on origin run tp @s ^0 ^0.59375 ^0 ~0 ~0
execute if entity @s[tag=aj.yuji.camera_origin.camera] at @s on origin run tp @s ^0 ^1.5675 ^2.8125 ~-180 ~0