execute if entity @s[tag=aj.yuji.locator_origin.head] at @s on origin run tp @s ^0 ^1.47117 ^-0.20594 ~0 ~-15.9375
execute if entity @s[tag=aj.yuji.bone.torso] run data modify entity @s {} merge value {transformation:[-1f,3.362740723424721e-17f,1.1775735777148142e-16f,2.5220555425685407e-17f,0f,0.9615617976829619f,-0.27458861818493235f,1.4711713482622213f,-1.2246467991473532e-16f,-0.27458861818493235f,-0.9615617976829619f,-0.20594146363869925f,0f,0f,0f,1f],start_interpolation:0}
execute if entity @s[tag=aj.yuji.bone.bottom2] run data modify entity @s {} merge value {transformation:[-0.8269064097754064f,0.5615498253999867f,0.029792332328841247f,-0.5045691069609596f,-0.4848111255164016f,-0.6850578661500032f,-0.5437406482887986f,1.4919398947445768f,-0.28492799449662265f,-0.46406628149354656f,0.8387243434722064f,-0.07340931564823502f,0f,0f,0f,1f],start_interpolation:0}
execute if entity @s[tag=aj.yuji.bone.rightarm] run data modify entity @s {} merge value {transformation:[-0.8269064097754064f,0.5615498253999867f,0.029792332328841247f,-0.3125f,-0.4848111255164016f,-0.6850578661500032f,-0.5437406482887986f,1.3509761235518511f,-0.28492799449662265f,-0.46406628149354656f,0.8387243434722064f,-0.17161788636558276f,0f,0f,0f,1f],start_interpolation:0}
execute if entity @s[tag=aj.yuji.bone.bottom] run data modify entity @s {} merge value {transformation:[-0.8269064862472841f,-0.5615497463700593f,-0.02979169941262429f,0.5045690919829701f,0.4848107207800936f,-0.6850580377608684f,-0.5437407929481792f,1.4919399629433123f,0.284928461229931f,-0.4640661237915892f,0.8387242721718463f,-0.07340938424455609f,0f,0f,0f,1f],start_interpolation:0}
execute if entity @s[tag=aj.yuji.bone.leftarm] run data modify entity @s {} merge value {transformation:[-0.8269064862472841f,-0.5615497463700593f,-0.02979169941262429f,0.3125f,0.4848107207800936f,-0.6850580377608684f,-0.5437407929481792f,1.3509761235518511f,0.284928461229931f,-0.4640661237915892f,0.8387242721718463f,-0.1716178863655827f,0f,0f,0f,1f],start_interpolation:0}
execute if entity @s[tag=aj.yuji.bone.head] run data modify entity @s {} merge value {transformation:[-1f,9.644558007771412e-17f,7.54708414561002e-17f,2.5220555425685407e-17f,0f,0.616266188003316f,-0.7875379264034601f,1.4711713482622213f,-1.2246467991473532e-16f,-0.7875379264034601f,-0.616266188003316f,-0.20594146363869925f,0f,0f,0f,1f],start_interpolation:0}
execute if entity @s[tag=aj.yuji.locator_origin.mount] at @s on origin run tp @s ^0 ^0.59375 ^0 ~0 ~0
execute if entity @s[tag=aj.yuji.camera_origin.camera] at @s on origin run tp @s ^0 ^1.54998 ^3.75527 ~-180 ~-0.23361