execute if entity @s[tag=aj.yuji.locator_origin.head] at @s on origin run tp @s ^0 ^1.41549 ^-0.34586 ~0 ~-27.46094
execute if entity @s[tag=aj.yuji.bone.torso] run data modify entity @s {} merge value {transformation:[-1f,5.647382409815211e-17f,1.086660251336615e-16f,4.235536807361408e-17f,0f,0.8873254330090848f,-0.4611437692685874f,1.4154940747568137f,-1.2246467991473532e-16f,-0.4611437692685874f,-0.8873254330090848f,-0.3458578269514406f,0f,0f,0f,1f],start_interpolation:0}
execute if entity @s[tag=aj.yuji.bone.bottom2] run data modify entity @s {} merge value {transformation:[-0.8300919024445691f,0.5561643467682189f,0.04035657170568993f,-0.5034218305948402f,-0.5269503779346872f,-0.7586964959534932f,-0.3830181800154942f,1.4613181209981334f,-0.18240266634686655f,-0.3392062004323796f,0.9228588304273748f,-0.21481347233145148f,0f,0f,0f,1f],start_interpolation:0}
execute if entity @s[tag=aj.yuji.bone.rightarm] run data modify entity @s {} merge value {transformation:[-0.8300919024445691f,0.5561643467682189f,0.04035657170568993f,-0.31249999999999994f,-0.5269503779346872f,-0.7586964959534932f,-0.3830181800154942f,1.304578395630678f,-0.18240266634686655f,-0.3392062004323796f,0.9228588304273748f,-0.2882148557928672f,0f,0f,0f,1f],start_interpolation:0}
execute if entity @s[tag=aj.yuji.bone.bottom] run data modify entity @s {} merge value {transformation:[-0.8300919806365005f,-0.5561642806228732f,-0.04035587494050427f,0.5034218189454996f,0.5269500491330743f,-0.7586966367906159f,-0.3830183534000165f,1.4613181767575147f,0.18240326039197435f,-0.3392059938766578f,0.9228587889360582f,-0.21481356109820104f,0f,0f,0f,1f],start_interpolation:0}
execute if entity @s[tag=aj.yuji.bone.leftarm] run data modify entity @s {} merge value {transformation:[-0.8300919806365005f,-0.5561642806228732f,-0.04035587494050427f,0.31250000000000006f,0.5269500491330743f,-0.7586966367906159f,-0.3830183534000165f,1.304578395630678f,0.18240326039197435f,-0.3392059938766578f,0.9228587889360582f,-0.2882148557928671f,0f,0f,0f,1f],start_interpolation:0}
execute if entity @s[tag=aj.yuji.bone.head] run data modify entity @s {} merge value {transformation:[-1f,9.201874944550213e-17f,8.080932852774164e-17f,4.235536807361408e-17f,0f,0.6598582430787737f,-0.7513901110881045f,1.4154940747568137f,-1.2246467991473532e-16f,-0.7513901110881045f,-0.6598582430787737f,-0.3458578269514406f,0f,0f,0f,1f],start_interpolation:0}
execute if entity @s[tag=aj.yuji.locator_origin.mount] at @s on origin run tp @s ^0 ^0.59375 ^0 ~0 ~0
execute if entity @s[tag=aj.yuji.camera_origin.camera] at @s on origin run tp @s ^0 ^1.48683 ^3.4122 ~-180 ~-1.07556