execute if entity @s[tag=aj.yuji.locator_origin.head] at @s on origin run tp @s ^0 ^1.42663 ^-0.32354 ~0 ~-25.55556
execute if entity @s[tag=aj.yuji.bone.torso] run data modify entity @s {} merge value {transformation:[-1f,5.282955645333182e-17f,1.1048364490531078e-16f,3.962216733999886e-17f,0f,0.9021674247810372f,-0.4313860656812545f,1.4266255685857778f,-1.2246467991473532e-16f,-0.4313860656812545f,-0.9021674247810372f,-0.32353954926094086f,0f,0f,0f,1f],start_interpolation:0}
execute if entity @s[tag=aj.yuji.bone.bottom2] run data modify entity @s {} merge value {transformation:[-0.7529237775284374f,0.6114688051772119f,-0.24333451363803899f,-0.5124249373898302f,-0.6238008418287384f,-0.7809200329901126f,-0.0321933503767281f,1.4700970961213804f,-0.2097100259073597f,0.12755313547645264f,0.9694080166081054f,-0.31461145153910725f,0f,0f,0f,1f],start_interpolation:0}
execute if entity @s[tag=aj.yuji.bone.rightarm] run data modify entity @s {} merge value {transformation:[-0.7529237775284374f,0.6114688051772119f,-0.24333451363803899f,-0.31249999999999994f,-0.6238008418287384f,-0.7809200329901126f,-0.0321933503767281f,1.3138546404881484f,-0.2097100259073597f,0.12755313547645264f,0.9694080166081054f,-0.2696162910507841f,0f,0f,0f,1f],start_interpolation:0}
execute if entity @s[tag=aj.yuji.bone.bottom] run data modify entity @s {} merge value {transformation:[-0.7529237596870979f,-0.6114690015403894f,0.24333407540631152f,0.512424985365541f,0.6238010190996471f,-0.7809198977528775f,-0.032193195925171f,1.47009705123264f,0.20970956265484622f,0.12755302210780445f,0.9694081317392991f,-0.314611394243663f,0f,0f,0f,1f],start_interpolation:0}
execute if entity @s[tag=aj.yuji.bone.leftarm] run data modify entity @s {} merge value {transformation:[-0.7529237596870979f,-0.6114690015403894f,0.24333407540631152f,0.31250000000000006f,0.6238010190996471f,-0.7809198977528775f,-0.032193195925171f,1.3138546404881484f,0.20970956265484622f,0.12755302210780445f,0.9694081317392991f,-0.269616291050784f,0f,0f,0f,1f],start_interpolation:0}
execute if entity @s[tag=aj.yuji.bone.head] run data modify entity @s {} merge value {transformation:[-1f,1.1501131708559394e-16f,4.2071305765991474e-17f,3.962216733999886e-17f,0f,0.3435382821829376f,-0.9391386738255413f,1.4266255685857778f,-1.2246467991473532e-16f,-0.9391386738255413f,-0.3435382821829376f,-0.32353954926094086f,0f,0f,0f,1f],start_interpolation:0}
execute if entity @s[tag=aj.yuji.locator_origin.mount] at @s on origin run tp @s ^0 ^0.59375 ^0 ~0 ~0
execute if entity @s[tag=aj.yuji.camera_origin.camera] at @s on origin run tp @s ^0 ^1.97529 ^4.79132 ~-180 ~5.83333