execute if entity @s[tag=aj.yuji.locator_origin.head] at @s on origin run tp @s ^0 ^0.60025 ^0.52565 ~0 ~85.26968
execute if entity @s[tag=aj.yuji.bone.torso] run data modify entity @s {} merge value {transformation:[-1f,-1.2204755122118582e-16f,1.0099161724152816e-17f,-6.437400291678467e-17f,0f,0.08246591369188444f,0.9965938857322788f,0.6002510449157938f,-1.2246467991473532e-16f,0.9965938857322788f,-0.08246591369188444f,0.5256536248786536f,0f,0f,0f,1f],start_interpolation:0}
execute if entity @s[tag=aj.yuji.bone.bottom2] run data modify entity @s {} merge value {transformation:[-0.9023184937266107f,-0.12117145246682812f,-0.4136892734722761f,-0.43250422095619223f,0.13085465199001428f,0.8374022192538252f,-0.5306925505802211f,0.36542000162405264f,0.4107291028543176f,-0.5329868687836948f,-0.7397476608767611f,0.36114510062912347f,0f,0f,0f,1f],start_interpolation:0}
execute if entity @s[tag=aj.yuji.bone.rightarm] run data modify entity @s {} merge value {transformation:[-0.9023184937266107f,0.2544372603931159f,-0.3479698498470609f,-0.31250000000000006f,0.13085465199001428f,0.9308048793185263f,0.34129069235681736f,0.5899428057043083f,0.4107291028543176f,0.26241942984556077f,-0.8731767558221061f,0.4010793891621188f,0f,0f,0f,1f],start_interpolation:0}
execute if entity @s[tag=aj.yuji.bone.bottom] run data modify entity @s {} merge value {transformation:[-0.9023185220296415f,0.12117094030479136f,0.4136893617533527f,0.4325043181807766f,-0.13085517133385066f,0.8374021552223718f,-0.5306925235615395f,0.36542004918685256f,-0.41072887521749935f,-0.5329870858234554f,-0.7397476308904195f,0.3611451253806221f,0f,0f,0f,1f],start_interpolation:0}
execute if entity @s[tag=aj.yuji.bone.leftarm] run data modify entity @s {} merge value {transformation:[-0.9023185220296415f,-0.2544376422156963f,0.3479694972637126f,0.31249999999999994f,-0.13085517133385066f,0.9308048189032859f,0.34129065800518105f,0.5899428057043083f,-0.41072887521749935f,0.2624192739303617f,-0.873176909756797f,0.4010793891621188f,0f,0f,0f,1f],start_interpolation:0}
execute if entity @s[tag=aj.yuji.bone.head] run data modify entity @s {} merge value {transformation:[-1f,-7.90286331984747e-17f,-9.355251445792097e-17f,-6.437400291678467e-17f,0f,-0.7639142528527889f,0.6453177622600861f,0.6002510449157938f,-1.2246467991473532e-16f,0.6453177622600861f,0.7639142528527889f,0.5256536248786536f,0f,0f,0f,1f],start_interpolation:0}
execute if entity @s[tag=aj.yuji.bone.bottom3] run data modify entity @s {} merge value {transformation:[-1f,-1.0516639437335511e-16f,6.275051650087445e-17f,-0.12499999999999994f,0f,0.5123968522562082f,0.8587487792119006f,0.27765442206489044f,-1.2246467991473532e-16f,0.8587487792119006f,-0.5123968522562082f,-0.39403334703103016f,0f,0f,0f,1f],start_interpolation:0}
execute if entity @s[tag=aj.yuji.bone.rightleg] run data modify entity @s {} merge value {transformation:[-1f,-6.749922310650311e-17f,1.0218342677086676e-16f,-0.11874999999999997f,0f,0.8343910002623683f,0.5511729843535189f,0.5384016096468806f,-1.2246467991473532e-16f,0.5511729843535189f,-0.8343910002623683f,-0.2217917894205555f,0f,0f,0f,1f],start_interpolation:0}
execute if entity @s[tag=aj.yuji.bone.bottom4] run data modify entity @s {} merge value {transformation:[-1f,-1.0516639437335511e-16f,6.275051650087445e-17f,0.12500000000000006f,0f,0.5123968522562082f,0.8587487792119006f,0.27765442206489044f,-1.2246467991473532e-16f,0.8587487792119006f,-0.5123968522562082f,-0.3940333470310301f,0f,0f,0f,1f],start_interpolation:0}
execute if entity @s[tag=aj.yuji.bone.leftleg] run data modify entity @s {} merge value {transformation:[-1f,-6.749922310650311e-17f,1.0218342677086676e-16f,0.11875000000000002f,0f,0.8343910002623683f,0.5511729843535189f,0.5384016096468806f,-1.2246467991473532e-16f,0.5511729843535189f,-0.8343910002623683f,-0.22179178942055544f,0f,0f,0f,1f],start_interpolation:0}
execute if entity @s[tag=aj.yuji.locator_origin.mount] at @s on origin run tp @s ^0 ^0.38779 ^-0.1802 ~0 ~-15.43732
execute if entity @s[tag=aj.yuji.camera_origin.camera] at @s on origin run tp @s ^0 ^1.255 ^2.5 ~-180 ~10