execute if entity @s[tag=aj.yuji.locator_origin.head] at @s on origin run tp @s ^0 ^1.485 ^0.14927 ~0 ~11.48
execute if entity @s[tag=aj.yuji.bone.torso] run data modify entity @s {} merge value {transformation:[-1f,-2.4373638732894796e-17f,1.2001468060840268e-16f,-1.8280229049671097e-17f,0f,0.9799942374565596f,0.19902586402760922f,1.4849956780924196f,-1.2246467991473532e-16f,0.19902586402760922f,-0.9799942374565596f,0.1492693980207069f,0f,0f,0f,1f],start_interpolation:0}
execute if entity @s[tag=aj.yuji.bone.bottom2] run data modify entity @s {} merge value {transformation:[-0.9994242475912021f,0.01256132021892611f,-0.031518035489498344f,-0.37810434552918165f,-0.0015127213022235603f,0.9115217058150236f,0.4112491841965543f,1.1345214268752049f,0.03389520616579103f,0.4110600844918262f,-0.9109778932205497f,0.02374459427966112f,0f,0f,0f,1f],start_interpolation:0}
execute if entity @s[tag=aj.yuji.bone.rightarm] run data modify entity @s {} merge value {transformation:[-0.9994242475912021f,0.01256132021892611f,-0.031518035489498344f,-0.3125f,-0.0015127213022235603f,0.9115217058150236f,0.4112491841965543f,1.3624963984103498f,0.03389520616579103f,0.4110600844918262f,-0.9109778932205497f,0.12439116501725572f,0f,0f,0f,1f],start_interpolation:0}
execute if entity @s[tag=aj.yuji.bone.bottom] run data modify entity @s {} merge value {transformation:[-0.9994242459335839f,-0.012561307638296588f,0.031518093065779546f,0.3781043422804231f,0.0015127564397396124f,0.9115217061409615f,0.4112491833448727f,1.1345214245976256f,-0.033895253473622156f,0.4110600841535052f,-0.910977891613003f,0.023744597320980887f,0f,0f,0f,1f],start_interpolation:0}
execute if entity @s[tag=aj.yuji.bone.leftarm] run data modify entity @s {} merge value {transformation:[-0.9994242459335839f,-0.012561307638296588f,0.031518093065779546f,0.3125f,0.0015127564397396124f,0.9115217061409615f,0.4112491833448727f,1.3624963984103498f,-0.033895253473622156f,0.4110600841535052f,-0.910977891613003f,0.1243911650172558f,0f,0f,0f,1f],start_interpolation:0}
execute if entity @s[tag=aj.yuji.bone.head] run data modify entity @s {} merge value {transformation:[-1f,-2.958540727256223e-17f,1.188372900361465e-16f,-1.8280229049671097e-17f,0f,0.9703801138327037f,0.24158318376499038f,1.4849956780924196f,-1.2246467991473532e-16f,0.24158318376499038f,-0.9703801138327037f,0.1492693980207069f,0f,0f,0f,1f],start_interpolation:0}
execute if entity @s[tag=aj.yuji.locator_origin.mount] at @s on origin run tp @s ^0 ^0.59375 ^0 ~0 ~0
execute if entity @s[tag=aj.yuji.camera_origin.camera] at @s on origin run tp @s ^0 ^1.5675 ^2.8125 ~-180 ~0