execute if entity @s[tag=aj.yuji.locator_origin.head] at @s on origin run tp @s ^0 ^0.85393 ^0.51325 ~0 ~68.06
execute if entity @s[tag=aj.yuji.bone.torso] run data modify entity @s {} merge value {transformation:[-1f,-1.1359525301862593e-16f,4.5757144996742595e-17f,-6.28552105070402e-17f,0f,0.3736354435303347f,0.9275756332169847f,0.8539299287556867f,-1.2246467991473532e-16f,0.9275756332169847f,-0.3736354435303347f,0.5132517436929771f,0f,0f,0f,1f],start_interpolation:0}
execute if entity @s[tag=aj.yuji.bone.bottom2] run data modify entity @s {} merge value {transformation:[-0.9332613925786527f,-0.031244053834862562f,-0.3578365300274945f,-0.4375304778765414f,0.20469438189235403f,0.7723633671211002f,-0.6012944695829687f,0.5837148002508612f,0.2951667039892218f,-0.6344120413653265f,-0.7144214292886367f,0.3687286202189248f,0f,0f,0f,1f],start_interpolation:0}
execute if entity @s[tag=aj.yuji.bone.rightarm] run data modify entity @s {} merge value {transformation:[-0.9332613925786527f,0.26680656336150216f,-0.24049413895015925f,-0.31250000000000006f,0.20469438189235403f,0.9452163877272234f,0.25429547851585244f,0.8072254983143949f,0.2951667039892218f,0.18809635328502267f,-0.9367477668705781f,0.3973047895408541f,0f,0f,0f,1f],start_interpolation:0}
execute if entity @s[tag=aj.yuji.bone.bottom] run data modify entity @s {} merge value {transformation:[-0.9332614113367584f,0.03124361309822149f,0.3578365195872139f,0.43753054333870106f,-0.20469473619222986f,0.7723632784602805f,-0.6012944628559957f,0.5837148370889423f,-0.2951663989767726f,-0.634412171010815f,-0.7144214401796947f,0.36872861850640376f,0f,0f,0f,1f],start_interpolation:0}
execute if entity @s[tag=aj.yuji.bone.leftarm] run data modify entity @s {} merge value {transformation:[-0.9332614113367584f,-0.26680682052061483f,0.24049378086221335f,0.31249999999999994f,-0.20469473619222986f,0.9452163289498677f,0.25429541179842163f,0.8072254983143949f,-0.2951663989767726f,0.18809628388199445f,-0.9367478769150581f,0.3973047895408541f,0f,0f,0f,1f],start_interpolation:0}
execute if entity @s[tag=aj.yuji.bone.head] run data modify entity @s {} merge value {transformation:[-1f,-1.149026978496355e-16f,-4.236706094944448e-17f,-6.28552105070402e-17f,0f,-0.34595330652839734f,0.9382517304551422f,0.8539299287556867f,-1.2246467991473532e-16f,0.9382517304551422f,0.34595330652839734f,0.5132517436929771f,0f,0f,0f,1f],start_interpolation:0}
execute if entity @s[tag=aj.yuji.bone.bottom3] run data modify entity @s {} merge value {transformation:[-1f,-9.208791290342777e-17f,8.073050305621339e-17f,-0.12499999999999997f,0f,0.6592145842574455f,0.7519548735810437f,0.2966637195793471f,-1.2246467991473532e-16f,0.7519548735810437f,-0.6592145842574455f,-0.32701661729965686f,0f,0f,0f,1f],start_interpolation:0}
execute if entity @s[tag=aj.yuji.bone.rightleg] run data modify entity @s {} merge value {transformation:[-1f,-5.666161954391272e-17f,1.0856822139686855e-16f,-0.11874999999999998f,0f,0.8865268048914836f,0.4626772354556657f,0.5737033461079357f,-1.2246467991473532e-16f,0.4626772354556657f,-0.8865268048914836f,-0.18242998121976134f,0f,0f,0f,1f],start_interpolation:0}
execute if entity @s[tag=aj.yuji.bone.bottom4] run data modify entity @s {} merge value {transformation:[-1f,-9.208791290342777e-17f,8.073050305621339e-17f,0.12500000000000003f,0f,0.6592145842574455f,0.7519548735810437f,0.2966637195793471f,-1.2246467991473532e-16f,0.7519548735810437f,-0.6592145842574455f,-0.3270166172996568f,0f,0f,0f,1f],start_interpolation:0}
execute if entity @s[tag=aj.yuji.bone.leftleg] run data modify entity @s {} merge value {transformation:[-1f,-5.666161954391272e-17f,1.0856822139686855e-16f,0.11875000000000001f,0f,0.8865268048914836f,0.4626772354556657f,0.5737033461079357f,-1.2246467991473532e-16f,0.4626772354556657f,-0.8865268048914836f,-0.1824299812197613f,0f,0f,0f,1f],start_interpolation:0}
execute if entity @s[tag=aj.yuji.locator_origin.mount] at @s on origin run tp @s ^0 ^0.42129 ^-0.14803 ~0 ~-12.72
execute if entity @s[tag=aj.yuji.camera_origin.camera] at @s on origin run tp @s ^0 ^1.5675 ^2.8125 ~-180 ~0