execute if entity @s[tag=aj.yuji.locator_origin.head] at @s on origin run tp @s ^0 ^0.5754 ^0.52198 ~0 ~86.82945
execute if entity @s[tag=aj.yuji.bone.torso] run data modify entity @s {} merge value {transformation:[-1f,-1.2227722576583972e-16f,6.7733216097011656e-18f,-6.392373114740718e-17f,0f,0.05530836821210011f,0.9984693207133182f,0.5753970854189441f,-1.2246467991473532e-16f,0.9984693207133182f,-0.05530836821210011f,0.5219768768588083f,0f,0f,0f,1f],start_interpolation:0}
execute if entity @s[tag=aj.yuji.bone.bottom2] run data modify entity @s {} merge value {transformation:[-0.8979326599791625f,-0.1548788137081386f,-0.4119823918653628f,-0.4311847637572173f,0.12229027356466456f,0.8113912128723295f,-0.5715674839116113f,0.343105011776779f,0.4228025864800559f,-0.5636105505913903f,-0.7096344975604306f,0.35812085409087036f,0f,0f,0f,1f],start_interpolation:0}
execute if entity @s[tag=aj.yuji.bone.rightarm] run data modify entity @s {} merge value {transformation:[-0.8979326599791625f,0.2502558900340786f,-0.3620620494418005f,-0.3125f,0.12229027356466456f,0.9320866788537765f,0.3409684913519381f,0.5684835393924316f,0.4228025864800559f,0.26189007733510694f,-0.867554932127751f,0.39716821176964356f,0f,0f,0f,1f],start_interpolation:0}
execute if entity @s[tag=aj.yuji.bone.bottom] run data modify entity @s {} merge value {transformation:[-0.8979326896794246f,0.1548783002251409f,0.41198252016856884f,0.43118486513161475f,-0.12229081069009094f,0.8113911543226482f,-0.5715674521066788f,0.3431050602228392f,-0.42280236804662585f,-0.5636107759849269f,-0.7096344486901929f,0.358120882592195f,0f,0f,0f,1f],start_interpolation:0}
execute if entity @s[tag=aj.yuji.bone.leftarm] run data modify entity @s {} merge value {transformation:[-0.8979326896794246f,-0.2502562881066028f,0.36206170063703114f,0.3125f,-0.12229081069009094f,0.9320866193508922f,0.3409684613681817f,0.5684835393924316f,-0.42280236804662585f,0.26188990872145074f,-0.8675550894807981f,0.39716821176964356f,0f,0f,0f,1f],start_interpolation:0}
execute if entity @s[tag=aj.yuji.bone.head] run data modify entity @s {} merge value {transformation:[-1f,-7.525429880107824e-17f,-9.661463832451382e-17f,-6.392373114740718e-17f,0f,-0.7889183917500188f,0.6144979830386461f,0.5753970854189441f,-1.2246467991473532e-16f,0.6144979830386461f,0.7889183917500188f,0.5219768768588083f,0f,0f,0f,1f],start_interpolation:0}
execute if entity @s[tag=aj.yuji.bone.bottom3] run data modify entity @s {} merge value {transformation:[-1f,-1.0660623803543562e-16f,6.027194901901393e-17f,-0.12499999999999994f,0f,0.4921578128565528f,0.8705059949502096f,0.2754701129591097f,-1.2246467991473532e-16f,0.8705059949502096f,-0.4921578128565528f,-0.40255115661777124f,0f,0f,0f,1f],start_interpolation:0}
execute if entity @s[tag=aj.yuji.bone.rightleg] run data modify entity @s {} merge value {transformation:[-1f,-6.884515317609353e-17f,1.0128150231300281e-16f,-0.11874999999999997f,0f,0.8270262281624298f,0.562163337413091f,0.533915809259869f,-1.2246467991473532e-16f,0.562163337413091f,-0.8270262281624298f,-0.2268751136761803f,0f,0f,0f,1f],start_interpolation:0}
execute if entity @s[tag=aj.yuji.bone.bottom4] run data modify entity @s {} merge value {transformation:[-1f,-1.0660623803543562e-16f,6.027194901901393e-17f,0.12500000000000006f,0f,0.4921578128565528f,0.8705059949502096f,0.2754701129591097f,-1.2246467991473532e-16f,0.8705059949502096f,-0.4921578128565528f,-0.4025511566177712f,0f,0f,0f,1f],start_interpolation:0}
execute if entity @s[tag=aj.yuji.bone.leftleg] run data modify entity @s {} merge value {transformation:[-1f,-6.884515317609353e-17f,1.0128150231300281e-16f,0.11875000000000002f,0f,0.8270262281624298f,0.562163337413091f,0.533915809259869f,-1.2246467991473532e-16f,0.562163337413091f,-0.8270262281624298f,-0.22687511367618024f,0f,0f,0f,1f],start_interpolation:0}
execute if entity @s[tag=aj.yuji.locator_origin.mount] at @s on origin run tp @s ^0 ^0.38356 ^-0.18436 ~0 ~-15.78717
execute if entity @s[tag=aj.yuji.camera_origin.camera] at @s on origin run tp @s ^0 ^1.755 ^3.5 ~-180 ~20