execute if entity @s[tag=aj.yuji.locator_origin.head] at @s on origin run tp @s ^0 ^1.49866 ^0.04474 ~0 ~3.42
execute if entity @s[tag=aj.yuji.bone.torso] run data modify entity @s {} merge value {transformation:[-1f,-7.305608606917864e-18f,1.2224657831408248e-16f,-5.479206455188398e-18f,0f,0.9982190652782118f,0.05965482139016991f,1.498664298958659f,-1.2246467991473532e-16f,0.05965482139016991f,-0.9982190652782118f,0.04474111604262743f,0f,0f,0f,1f],start_interpolation:0}
execute if entity @s[tag=aj.yuji.bone.bottom2] run data modify entity @s {} merge value {transformation:[-0.9992653132344752f,0.02329690964475569f,-0.030431690183264123f,-0.3807783094883436f,0.013977296238714645f,0.9608743170600901f,0.2766318528372335f,1.1345419175487794f,0.03568569680223854f,0.27600326232729516f,-0.9604940032235646f,-0.02948619616282773f,0f,0f,0f,1f],start_interpolation:0}
execute if entity @s[tag=aj.yuji.bone.rightarm] run data modify entity @s {} merge value {transformation:[-0.9992653132344752f,0.02329690964475569f,-0.030431690183264123f,-0.3125f,0.013977296238714645f,0.9608743170600901f,0.2766318528372335f,1.3738869157988822f,0.03568569680223854f,0.27600326232729516f,-0.9604940032235646f,0.03728426336885615f,0f,0f,0f,1f],start_interpolation:0}
execute if entity @s[tag=aj.yuji.bone.bottom] run data modify entity @s {} merge value {transformation:[-0.9992653121357014f,-0.02329688862616389f,0.030431742353660206f,0.38077830416502234f,-0.013977261624675002f,0.9608743176606627f,0.2766318525000894f,1.1345419152352587f,-0.03568574112744232f,0.27600326201060726f,-0.9604940016677299f,-0.02948619331333044f,0f,0f,0f,1f],start_interpolation:0}
execute if entity @s[tag=aj.yuji.bone.leftarm] run data modify entity @s {} merge value {transformation:[-0.9992653121357014f,-0.02329688862616389f,0.030431742353660206f,0.3125f,-0.013977261624675002f,0.9608743176606627f,0.2766318525000894f,1.3738869157988822f,-0.03568574112744232f,0.27600326201060726f,-0.9604940016677299f,0.037284263368856235f,0f,0f,0f,1f],start_interpolation:0}
execute if entity @s[tag=aj.yuji.bone.head] run data modify entity @s {} merge value {transformation:[-1f,8.71327226673052e-18f,1.2215431516333918e-16f,-5.479206455188398e-18f,0f,0.9974656794790775f,-0.07114926746876765f,1.498664298958659f,-1.2246467991473532e-16f,-0.07114926746876765f,-0.9974656794790775f,0.04474111604262743f,0f,0f,0f,1f],start_interpolation:0}
execute if entity @s[tag=aj.yuji.locator_origin.mount] at @s on origin run tp @s ^0 ^0.59375 ^0 ~0 ~0
execute if entity @s[tag=aj.yuji.camera_origin.camera] at @s on origin run tp @s ^0 ^1.5675 ^2.8125 ~-180 ~0