execute if entity @s[tag=aj.yuji.locator_origin.head] at @s on origin run tp @s ^0 ^0.89474 ^0.51116 ~0 ~65.50781
execute if entity @s[tag=aj.yuji.bone.torso] run data modify entity @s {} merge value {transformation:[-1f,-1.1144503950441985e-16f,5.07700797367591e-17f,-6.259863971064042e-17f,0f,0.41456916208091354f,0.9100178074364971f,0.8947414512908247f,-1.2246467991473532e-16f,0.9100178074364971f,-0.41456916208091354f,0.5111566841494547f,0f,0f,0f,1f],start_interpolation:0}
execute if entity @s[tag=aj.yuji.bone.bottom2] run data modify entity @s {} merge value {transformation:[-0.9452505255224173f,0.0664844787970636f,-0.31950157758401865f,-0.43723873433595123f,0.2062628267806763f,0.8803974262282446f,-0.4270316360401507f,0.6206174765160133f,0.25289739082884705f,-0.4695531769350152f,-0.845909406344554f,0.3596162306083139f,0f,0f,0f,1f],start_interpolation:0}
execute if entity @s[tag=aj.yuji.bone.rightarm] run data modify entity @s {} merge value {transformation:[-0.9452505255224173f,0.2626423059632004f,-0.1937019956477644f,-0.31250000000000006f,0.2062628267806763f,0.940777024753958f,0.2690617698290409f,0.8429203060307104f,0.25289739082884705f,0.21437725815352654f,-0.9434433215082598f,0.39740445821989256f,0f,0f,0f,1f],start_interpolation:0}
execute if entity @s[tag=aj.yuji.bone.bottom] run data modify entity @s {} merge value {transformation:[-0.9452505434085181f,-0.06648487898811489f,0.3195014413924248f,0.4372387872852514f,-0.20626313445149547f,0.880397345469114f,-0.4270316539288187f,0.6206175078050591f,-0.25289707303989434f,-0.4695532716922264f,-0.8459094487538137f,0.3596162213246606f,0f,0f,0f,1f],start_interpolation:0}
execute if entity @s[tag=aj.yuji.bone.leftarm] run data modify entity @s {} merge value {transformation:[-0.9452505434085181f,-0.2626425132888763f,0.19370162724975695f,0.31249999999999994f,-0.20626313445149547f,0.9407769765154791f,0.26906170263461554f,0.8429203060307104f,-0.25289707303989434f,0.21437721584090141f,-0.9434434163086614f,0.39740445821989256f,0f,0f,0f,1f],start_interpolation:0}
execute if entity @s[tag=aj.yuji.bone.head] run data modify entity @s {} merge value {transformation:[-1f,-1.1744287169569297e-16f,-3.470979277505961e-17f,-6.259863971064042e-17f,0f,-0.28342696685465496f,0.9589938239944877f,0.8947414512908247f,-1.2246467991473532e-16f,0.9589938239944877f,0.28342696685465496f,0.5111566841494547f,0f,0f,0f,1f],start_interpolation:0}
execute if entity @s[tag=aj.yuji.bone.bottom3] run data modify entity @s {} merge value {transformation:[-1f,-8.782649082024567e-17f,8.534697028494847e-17f,-0.12499999999999997f,0f,0.6969108998967731f,0.717157721568324f,0.30269905143589093f,-1.2246467991473532e-16f,0.717157721568324f,-0.6969108998967731f,-0.3078495641067881f,0f,0f,0f,1f],start_interpolation:0}
execute if entity @s[tag=aj.yuji.bone.rightleg] run data modify entity @s {} merge value {transformation:[-1f,-5.3489786920173204e-17f,1.10165514213174e-16f,-0.11874999999999998f,0f,0.8995696905415955f,0.4367772565723838f,0.5838145797301395f,-1.2246467991473532e-16f,0.4367772565723838f,-0.8995696905415955f,-0.17135667142791816f,0f,0f,0f,1f],start_interpolation:0}
execute if entity @s[tag=aj.yuji.bone.bottom4] run data modify entity @s {} merge value {transformation:[-1f,-8.782649082024567e-17f,8.534697028494847e-17f,0.12500000000000003f,0f,0.6969108998967731f,0.717157721568324f,0.30269905143589093f,-1.2246467991473532e-16f,0.717157721568324f,-0.6969108998967731f,-0.30784956410678804f,0f,0f,0f,1f],start_interpolation:0}
execute if entity @s[tag=aj.yuji.bone.leftleg] run data modify entity @s {} merge value {transformation:[-1f,-5.3489786920173204e-17f,1.10165514213174e-16f,0.11875000000000001f,0f,0.8995696905415955f,0.4367772565723838f,0.5838145797301395f,-1.2246467991473532e-16f,0.4367772565723838f,-0.8995696905415955f,-0.1713566714279181f,0f,0f,0f,1f],start_interpolation:0}
execute if entity @s[tag=aj.yuji.locator_origin.mount] at @s on origin run tp @s ^0 ^0.43095 ^-0.139 ~0 ~-11.95313
execute if entity @s[tag=aj.yuji.camera_origin.camera] at @s on origin run tp @s ^0 ^1.755 ^3.25 ~-180 ~11.53061