execute if entity @s[tag=aj.yuji.locator_origin.head] at @s on origin run tp @s ^0 ^0.64192 ^0.52814 ~0 ~82.5
execute if entity @s[tag=aj.yuji.bone.torso] run data modify entity @s {} merge value {transformation:[-1f,-1.2141697760125282e-16f,1.5984848350717888e-17f,-6.467859254545395e-17f,0f,0.130526192220052f,0.9914448613738103f,0.6419224593066384f,-1.2246467991473532e-16f,0.9914448613738103f,-0.130526192220052f,0.528140787943803f,0f,0f,0f,1f],start_interpolation:0}
execute if entity @s[tag=aj.yuji.bone.bottom2] run data modify entity @s {} merge value {transformation:[-0.9076733674360008f,-0.10453841061736374f,-0.40644898665513485f,-0.43393426271152813f,0.1464014094406224f,0.828769624541801f,-0.5400995618871036f,0.40150358025215727f,0.3933137238403839f,-0.5497386926008005f,-0.7369475452814621f,0.36629226686724436f,0f,0f,0f,1f],start_interpolation:0}
execute if entity @s[tag=aj.yuji.bone.rightarm] run data modify entity @s {} merge value {transformation:[-0.9076733674360008f,0.2588187089871121f,-0.3303663631873486f,-0.31250000000000006f,0.1464014094406224f,0.933012772468054f,0.3287153688607735f,0.6256066852791319f,0.3933137238403839f,0.2500000845794251f,-0.8847622688321933f,0.40421018027207667f,0f,0f,0f,1f],start_interpolation:0}
execute if entity @s[tag=aj.yuji.bone.bottom] run data modify entity @s {} merge value {transformation:[-0.9076733940480866f,0.10453790787936784f,0.40644905652914465f,0.43393435474535336f,-0.14640190295855116f,0.8287695533700541f,-0.5400995373233675f,0.4015036268006119f,-0.3933134787257385f,-0.5497388954976765f,-0.7369475247462687f,0.3662922864994432f,0f,0f,0f,1f],start_interpolation:0}
execute if entity @s[tag=aj.yuji.bone.leftarm] run data modify entity @s {} merge value {transformation:[-0.9076733940480866f,-0.258819070469392f,0.33036600687508233f,0.31249999999999994f,-0.14640190295855116f,0.9330127096537175f,0.32871532734988546f,0.6256066852791319f,-0.3933134787257385f,0.24999994477196855f,-0.884762417300074f,0.40421018027207667f,0f,0f,0f,1f],start_interpolation:0}
execute if entity @s[tag=aj.yuji.bone.head] run data modify entity @s {} merge value {transformation:[-1f,-8.659560562354938e-17f,-8.659560562354929e-17f,-6.467859254545395e-17f,0f,-0.7071067811865472f,0.7071067811865478f,0.6419224593066384f,-1.2246467991473532e-16f,0.7071067811865478f,0.7071067811865472f,0.528140787943803f,0f,0f,0f,1f],start_interpolation:0}
execute if entity @s[tag=aj.yuji.bone.bottom3] run data modify entity @s {} merge value {transformation:[-1f,-1.0328566345430088e-16f,6.580022455450643e-17f,-0.12499999999999994f,0f,0.5372996083468239f,0.8433914458128857f,0.2804679883250726f,-1.2246467991473532e-16f,0.8433914458128857f,-0.5372996083468239f,-0.38334898569493714f,0f,0f,0f,1f],start_interpolation:0}
execute if entity @s[tag=aj.yuji.bone.rightleg] run data modify entity @s {} merge value {transformation:[-1f,-6.580022455450643e-17f,1.0328566345430089e-16f,-0.11874999999999997f,0f,0.8433914458128857f,0.5372996083468238f,0.5440278151415994f,-1.2246467991473532e-16f,0.5372996083468238f,-0.8433914458128857f,-0.21544285808655472f,0f,0f,0f,1f],start_interpolation:0}
execute if entity @s[tag=aj.yuji.bone.bottom4] run data modify entity @s {} merge value {transformation:[-1f,-1.0328566345430088e-16f,6.580022455450643e-17f,0.12500000000000006f,0f,0.5372996083468239f,0.8433914458128857f,0.2804679883250726f,-1.2246467991473532e-16f,0.8433914458128857f,-0.5372996083468239f,-0.38334898569493714f,0f,0f,0f,1f],start_interpolation:0}
execute if entity @s[tag=aj.yuji.bone.leftleg] run data modify entity @s {} merge value {transformation:[-1f,-6.580022455450643e-17f,1.0328566345430089e-16f,0.11875000000000002f,0f,0.8433914458128857f,0.5372996083468238f,0.5440278151415994f,-1.2246467991473532e-16f,0.5372996083468238f,-0.8433914458128857f,-0.21544285808655472f,0f,0f,0f,1f],start_interpolation:0}
execute if entity @s[tag=aj.yuji.locator_origin.mount] at @s on origin run tp @s ^0 ^0.3931 ^-0.175 ~0 ~-15
execute if entity @s[tag=aj.yuji.camera_origin.camera] at @s on origin run tp @s ^0 ^1.5675 ^2.8125 ~-180 ~0