execute if entity @s[tag=aj.yuji.locator_origin.head] at @s on origin run tp @s ^0 ^1.49393 ^0.09519 ~0 ~7.29167
execute if entity @s[tag=aj.yuji.bone.torso] run data modify entity @s {} merge value {transformation:[-1f,-1.554325906493671e-17f,1.214742973812108e-16f,-1.1657444298702531e-17f,0f,0.9919129128968935f,0.12692034205910252f,1.4939346846726702f,-1.2246467991473532e-16f,0.12692034205910252f,-0.9919129128968935f,0.09519025654432689f,0f,0f,0f,1f],start_interpolation:0}
execute if entity @s[tag=aj.yuji.bone.bottom2] run data modify entity @s {} merge value {transformation:[-0.9996272826539448f,-0.009718771063586238f,-0.02551159075604555f,-0.372547012399975f,-0.016884264867542288f,0.9544198411613172f,0.297989409874728f,1.1302853437160076f,0.021452677543211878f,0.29830908850824445f,-0.9542282066359217f,0.006088734006328658f,0f,0f,0f,1f],start_interpolation:0}
execute if entity @s[tag=aj.yuji.bone.rightarm] run data modify entity @s {} merge value {transformation:[-0.9996272826539448f,-0.009718771063586238f,-0.02551159075604555f,-0.3125f,-0.016884264867542288f,0.9544198411613172f,0.297989409874728f,1.3699455705605583f,0.021452677543211878f,0.29830908850824445f,-0.9542282066359217f,0.07932521378693903f,0f,0f,0f,1f],start_interpolation:0}
execute if entity @s[tag=aj.yuji.bone.bottom] run data modify entity @s {} merge value {transformation:[-0.9996272813198162f,0.009718769383434784f,0.02551164367156337f,0.3725470127366298f,0.016884279033699236f,0.9544198412427934f,0.29798940881110714f,1.1302853428102537f,-0.021452728559915007f,0.29830908830230524f,-0.9542282055533582f,0.006088737246357501f,0f,0f,0f,1f],start_interpolation:0}
execute if entity @s[tag=aj.yuji.bone.leftarm] run data modify entity @s {} merge value {transformation:[-0.9996272813198162f,0.009718769383434784f,0.02551164367156337f,0.3125f,0.016884279033699236f,0.9544198412427934f,0.29798940881110714f,1.3699455705605583f,-0.021452728559915007f,0.29830908830230524f,-0.9542282055533582f,0.07932521378693912f,0f,0f,0f,1f],start_interpolation:0}
execute if entity @s[tag=aj.yuji.bone.head] run data modify entity @s {} merge value {transformation:[-1f,8.352836548718893e-18f,1.2217949070203625e-16f,-1.1657444298702531e-17f,0f,0.9976712533532309f,-0.06820608647762329f,1.4939346846726702f,-1.2246467991473532e-16f,-0.06820608647762329f,-0.9976712533532309f,0.09519025654432689f,0f,0f,0f,1f],start_interpolation:0}
execute if entity @s[tag=aj.yuji.locator_origin.mount] at @s on origin run tp @s ^0 ^0.59375 ^0 ~0 ~0
execute if entity @s[tag=aj.yuji.camera_origin.camera] at @s on origin run tp @s ^0 ^1.5675 ^2.8125 ~-180 ~0