execute if entity @s[tag=aj.yuji.locator_origin.head] at @s on origin run tp @s ^0 ^1.42973 ^-0.31696 ~0 ~-25
execute if entity @s[tag=aj.yuji.bone.torso] run data modify entity @s {} merge value {transformation:[-1f,5.17558101501965e-17f,1.1099069304367548e-16f,3.881685761264738e-17f,0f,0.9063077870366503f,-0.4226182617406987f,1.4297308402774878f,-1.2246467991473532e-16f,-0.4226182617406987f,-0.9063077870366503f,-0.316963696305524f,0f,0f,0f,1f],start_interpolation:0}
execute if entity @s[tag=aj.yuji.bone.bottom2] run data modify entity @s {} merge value {transformation:[-0.8256320965661219f,0.5636310264935666f,0.025528554476086485f,-0.5050097626587742f,-0.5256219600045868f,-0.7519329529977135f,-0.39789243440542493f,1.471574232647048f,-0.20506875988498707f,-0.3419311336657537f,0.917076825325603f,-0.19147042766431005f,0f,0f,0f,1f],start_interpolation:0}
execute if entity @s[tag=aj.yuji.bone.rightarm] run data modify entity @s {} merge value {transformation:[-0.8256320965661219f,0.5636310264935666f,0.025528554476086485f,-0.31249999999999994f,-0.5256219600045868f,-0.7519329529977135f,-0.39789243440542493f,1.3164423668979064f,-0.20506875988498707f,-0.3419311336657537f,0.917076825325603f,-0.26413641358793677f,0f,0f,0f,1f],start_interpolation:0}
execute if entity @s[tag=aj.yuji.bone.bottom] run data modify entity @s {} merge value {transformation:[-0.8256321722540667f,-0.5636309431382566f,-0.02552794696230981f,0.5050097465504434f,0.5256216448997408f,-0.751933095412751f,-0.39789258152909784f,1.4715742879448603f,0.20506926281605892f,-0.34193095788489014f,0.917076778404077f,-0.1914705030427178f,0f,0f,0f,1f],start_interpolation:0}
execute if entity @s[tag=aj.yuji.bone.leftarm] run data modify entity @s {} merge value {transformation:[-0.8256321722540667f,-0.5636309431382566f,-0.02552794696230981f,0.31250000000000006f,0.5256216448997408f,-0.751933095412751f,-0.39789258152909784f,1.3164423668979064f,0.20506926281605892f,-0.34193095788489014f,0.917076778404077f,-0.26413641358793666f,0f,0f,0f,1f],start_interpolation:0}
execute if entity @s[tag=aj.yuji.bone.head] run data modify entity @s {} merge value {transformation:[-1f,7.811071159469707e-17f,9.432027650928847e-17f,3.881685761264738e-17f,0f,0.7701835057663804f,-0.6378223635507052f,1.4297308402774878f,-1.2246467991473532e-16f,-0.6378223635507052f,-0.7701835057663804f,-0.316963696305524f,0f,0f,0f,1f],start_interpolation:0}
execute if entity @s[tag=aj.yuji.locator_origin.mount] at @s on origin run tp @s ^0 ^0.59375 ^0 ~0 ~0
execute if entity @s[tag=aj.yuji.camera_origin.camera] at @s on origin run tp @s ^0 ^1.50765 ^3.09645 ~-180 ~-0.79806