execute if entity @s[tag=aj.yuji.locator_origin.head] at @s on origin run tp @s ^0 ^1.47444 ^-0.19411 ~0 ~-15
execute if entity @s[tag=aj.yuji.bone.torso] run data modify entity @s {} merge value {transformation:[-1f,3.169619151431765e-17f,1.1829179713786698e-16f,2.3772143635738236e-17f,0f,0.9659258262890683f,-0.25881904510252074f,1.4744443697168013f,-1.2246467991473532e-16f,-0.25881904510252074f,-0.9659258262890683f,-0.19411428382689055f,0f,0f,0f,1f],start_interpolation:0}
execute if entity @s[tag=aj.yuji.bone.bottom2] run data modify entity @s {} merge value {transformation:[-0.7570765359593341f,0.6109045967473454f,-0.23158301399882172f,-0.5125434326842948f,-0.56768462188082f,-0.7905685340394949f,-0.22964225017769427f,1.51586548607299f,-0.3233717501264536f,-0.04239064353849384f,0.9453220321988415f,-0.17137497668735538f,0f,0f,0f,1f],start_interpolation:0}
execute if entity @s[tag=aj.yuji.bone.rightarm] run data modify entity @s {} merge value {transformation:[-0.7570765359593341f,0.6109045967473454f,-0.23158301399882172f,-0.3125f,-0.56768462188082f,-0.7905685340394949f,-0.22964225017769427f,1.3537036414306676f,-0.3233717501264536f,-0.04239064353849384f,0.9453220321988415f,-0.1617619031890755f,0f,0f,0f,1f],start_interpolation:0}
execute if entity @s[tag=aj.yuji.bone.bottom] run data modify entity @s {} merge value {transformation:[-0.7570765468212788f,-0.6109046817606825f,0.23158275422847732f,0.5125434546165005f,0.5676847541161708f,-0.790568465661303f,-0.22964215868606505f,1.5158654607137327f,0.32337149255497266f,-0.04239069361089151f,0.9453221180623866f,-0.17137494807103834f,0f,0f,0f,1f],start_interpolation:0}
execute if entity @s[tag=aj.yuji.bone.leftarm] run data modify entity @s {} merge value {transformation:[-0.7570765468212788f,-0.6109046817606825f,0.23158275422847732f,0.3125f,0.5676847541161708f,-0.790568465661303f,-0.22964215868606505f,1.3537036414306676f,0.32337149255497266f,-0.04239069361089151f,0.9453221180623866f,-0.16176190318907543f,0f,0f,0f,1f],start_interpolation:0}
execute if entity @s[tag=aj.yuji.bone.head] run data modify entity @s {} merge value {transformation:[-1f,7.871877887341986e-17f,9.381338752702731e-17f,2.3772143635738236e-17f,0f,0.766044443118978f,-0.6427876096865393f,1.4744443697168013f,-1.2246467991473532e-16f,-0.6427876096865393f,-0.766044443118978f,-0.19411428382689055f,0f,0f,0f,1f],start_interpolation:0}
execute if entity @s[tag=aj.yuji.locator_origin.mount] at @s on origin run tp @s ^0 ^0.59375 ^0 ~0 ~0
execute if entity @s[tag=aj.yuji.camera_origin.camera] at @s on origin run tp @s ^0 ^2.13 ^5.125 ~-180 ~7.5