execute if entity @s[tag=aj.yuji.locator_origin.head] at @s on origin run tp @s ^0 ^1.48907 ^-0.12755 ~0 ~-9.79167
execute if entity @s[tag=aj.yuji.bone.torso] run data modify entity @s {} merge value {transformation:[-1f,2.082709975881416e-17f,1.2068069332853114e-16f,1.562032481911062e-17f,0f,0.9854326440289048f,-0.1700661755970358f,1.4890744830216787f,-1.2246467991473532e-16f,-0.1700661755970358f,-0.9854326440289048f,-0.12754963169777683f,0f,0f,0f,1f],start_interpolation:0}
execute if entity @s[tag=aj.yuji.bone.bottom2] run data modify entity @s {} merge value {transformation:[-0.9997266522620802f,-0.022277225565119817f,-0.007095489974228264f,-0.37034001955959517f,-0.017599665669083032f,0.9168492832581122f,-0.3988453880357933f,1.1153750181451774f,0.015390663572117415f,-0.39861148629988924f,-0.9169907363025013f,-0.08896164102550273f,0f,0f,0f,1f],start_interpolation:0}
execute if entity @s[tag=aj.yuji.bone.rightarm] run data modify entity @s {} merge value {transformation:[-0.9997266522620802f,-0.018571584827139304f,-0.014202710792731471f,-0.3125f,-0.017599665669083032f,0.9976816210742823f,-0.0657391416047466f,1.3658954025180656f,0.015390663572117415f,-0.06547120899754941f,-0.9977357607439002f,-0.10629135974814742f,0f,0f,0f,1f],start_interpolation:0}
execute if entity @s[tag=aj.yuji.bone.bottom] run data modify entity @s {} merge value {transformation:[-0.9997266518613226f,0.02227723154017465f,0.007095527679845682f,0.3703400213123563f,0.01759965610656831f,0.9168492831681072f,-0.39884538866465363f,1.1153750187109137f,-0.015390700538979419f,-0.3986114861729822f,-0.9169907357372189f,-0.08896163869720473f,0f,0f,0f,1f],start_interpolation:0}
execute if entity @s[tag=aj.yuji.bone.leftarm] run data modify entity @s {} merge value {transformation:[-0.9997266518613226f,0.018571577715905375f,0.01420274830066686f,0.3125f,0.01759965610656831f,0.9976816212019655f,-0.06573914222705148f,1.3658954025180656f,-0.015390700538979419f,-0.06547120906902558f,-0.9977357601689736f,-0.10629135974814734f,0f,0f,0f,1f],start_interpolation:0}
execute if entity @s[tag=aj.yuji.bone.head] run data modify entity @s {} merge value {transformation:[-1f,8.99890004866738e-17f,8.306369614956947e-17f,1.562032481911062e-17f,0f,0.6782665516898558f,-0.7348159530513422f,1.4890744830216787f,-1.2246467991473532e-16f,-0.7348159530513422f,-0.6782665516898558f,-0.12754963169777683f,0f,0f,0f,1f],start_interpolation:0}
execute if entity @s[tag=aj.yuji.locator_origin.mount] at @s on origin run tp @s ^0 ^0.59375 ^0 ~0 ~0
execute if entity @s[tag=aj.yuji.camera_origin.camera] at @s on origin run tp @s ^0 ^1.5675 ^2.8125 ~-180 ~0