execute if entity @s[tag=aj.yuji.locator_origin.head] at @s on origin run tp @s ^0 ^1.43648 ^-0.30206 ~0 ~-23.75
execute if entity @s[tag=aj.yuji.bone.torso] run data modify entity @s {} merge value {transformation:[-1f,4.9322244460269574e-17f,1.1209332731264598e-16f,3.699168334520218e-17f,0f,0.9153114791194467f,-0.4027466898587384f,1.436483609339585f,-1.2246467991473532e-16f,-0.4027466898587384f,-0.9153114791194467f,-0.3020600173940538f,0f,0f,0f,1f],start_interpolation:0}
execute if entity @s[tag=aj.yuji.bone.bottom2] run data modify entity @s {} merge value {transformation:[-0.8291057226628499f,0.5578595130761245f,0.03710073204376083f,-0.5037839859354591f,-0.5155960375936066f,-0.7372567983653586f,-0.4365926468481041f,1.4741591216913936f,-0.2162045944597056f,-0.381110452407869f,0.898893985072758f,-0.16995185521347594f,0f,0f,0f,1f],start_interpolation:0}
execute if entity @s[tag=aj.yuji.bone.rightarm] run data modify entity @s {} merge value {transformation:[-0.8291057226628499f,0.5578595130761245f,0.03710073204376083f,-0.31249999999999994f,-0.5155960375936066f,-0.7372567983653586f,-0.4365926468481041f,1.3220696744496543f,-0.2162045944597056f,-0.381110452407869f,0.898893985072758f,-0.2517166811617116f,0f,0f,0f,1f],start_interpolation:0}
execute if entity @s[tag=aj.yuji.bone.bottom] run data modify entity @s {} merge value {transformation:[-0.8291058003592403f,-0.5578594426220577f,-0.037100055095247934f,0.503783973177967f,0.5155956800481978f,-0.7372569507151803f,-0.4365928118256075f,1.474159182125437f,0.21620514916694267f,-0.38111026081642146f,0.8988939328831508f,-0.16995193778054002f,0f,0f,0f,1f],start_interpolation:0}
execute if entity @s[tag=aj.yuji.bone.leftarm] run data modify entity @s {} merge value {transformation:[-0.8291058003592403f,-0.5578594426220577f,-0.037100055095247934f,0.31250000000000006f,0.5155956800481978f,-0.7372569507151803f,-0.4365928118256075f,1.3220696744496543f,0.21620514916694267f,-0.38111026081642146f,0.8988939328831508f,-0.2517166811617115f,0f,0f,0f,1f],start_interpolation:0}
execute if entity @s[tag=aj.yuji.bone.head] run data modify entity @s {} merge value {transformation:[-1f,9.661304277887973e-17f,7.525634718497126e-17f,3.699168334520218e-17f,0f,0.6145147093624681f,-0.7889053631311942f,1.436483609339585f,-1.2246467991473532e-16f,-0.7889053631311942f,-0.6145147093624681f,-0.3020600173940538f,0f,0f,0f,1f],start_interpolation:0}
execute if entity @s[tag=aj.yuji.locator_origin.mount] at @s on origin run tp @s ^0 ^0.59375 ^0 ~0 ~0
execute if entity @s[tag=aj.yuji.camera_origin.camera] at @s on origin run tp @s ^0 ^1.52194 ^3.64725 ~-180 ~-0.6075