execute if entity @s[tag=aj.yuji.locator_origin.head] at @s on origin run tp @s ^0 ^0.56682 ^0.5224 ~0 ~87.48542
execute if entity @s[tag=aj.yuji.bone.torso] run data modify entity @s {} merge value {transformation:[-1f,-1.223467576398617e-16f,5.372962091017727e-18f,-6.397588005292368e-17f,0f,0.043873564972027795f,0.9990370915519831f,0.5668209829888899f,-1.2246467991473532e-16f,0.9990370915519831f,-0.043873564972027795f,0.5224027049878069f,0f,0f,0f,1f],start_interpolation:0}
execute if entity @s[tag=aj.yuji.bone.bottom2] run data modify entity @s {} merge value {transformation:[-0.8979326599791626f,-0.13489700308234748f,-0.4189507568941087f,-0.43118476375721737f,0.11744171772380108f,0.843926628885192f,-0.5234455922028179f,0.3364200723217514f,0.42417494159936947f,-0.519221189492375f,-0.7419467469443441f,0.3558979782138884f,0f,0f,0f,1f],start_interpolation:0}
execute if entity @s[tag=aj.yuji.bone.rightarm] run data modify entity @s {} merge value {transformation:[-0.8979326599791626f,0.2502558900340787f,-0.36206204944180015f,-0.3125f,0.11744171772380108f,0.929027289613491f,0.35087852326908514f,0.5613367873673866f,0.42417494159936947f,0.27254409671952534f,-0.8635944269519746f,0.39752306854380914f,0f,0f,0f,1f],start_interpolation:0}
execute if entity @s[tag=aj.yuji.bone.bottom] run data modify entity @s {} merge value {transformation:[-0.8979326896794246f,0.13489648402572f,0.4189508603673857f,0.4311848651316148f,-0.11744225731480451f,0.8439265714827251f,-0.5234455636856766f,0.33642012043833336f,-0.4241747293296447f,-0.5192214176465675f,-0.7419467086356075f,0.3558980072679897f,0f,0f,0f,1f],start_interpolation:0}
execute if entity @s[tag=aj.yuji.bone.leftarm] run data modify entity @s {} merge value {transformation:[-0.8979326896794246f,-0.25025628810660294f,0.3620617006370309f,0.3125f,-0.11744225731480451f,0.929027232044914f,0.350878495088782f,0.5613367873673866f,-0.4241747293296447f,0.27254392743568884f,-0.863594584637984f,0.39752306854380914f,0f,0f,0f,1f],start_interpolation:0}
execute if entity @s[tag=aj.yuji.bone.head] run data modify entity @s {} merge value {transformation:[-1f,-7.257149822869228e-17f,-9.864570680704501e-17f,-6.397588005292368e-17f,0f,-0.8055033245154931f,0.5925912538963837f,0.5668209829888899f,-1.2246467991473532e-16f,0.5925912538963837f,0.8055033245154931f,0.5224027049878069f,0f,0f,0f,1f],start_interpolation:0}
execute if entity @s[tag=aj.yuji.bone.bottom3] run data modify entity @s {} merge value {transformation:[-1f,-1.0660623803543561e-16f,6.027194901901395e-17f,-0.12499999999999994f,0f,0.4921578128565527f,0.8705059949502096f,0.2754701129591099f,-1.2246467991473532e-16f,0.8705059949502096f,-0.4921578128565527f,-0.4025511566177713f,0f,0f,0f,1f],start_interpolation:0}
execute if entity @s[tag=aj.yuji.bone.rightleg] run data modify entity @s {} merge value {transformation:[-1f,-6.884515317609352e-17f,1.0128150231300283e-16f,-0.11874999999999997f,0f,0.8270262281624297f,0.562163337413091f,0.5339158092598691f,-1.2246467991473532e-16f,0.562163337413091f,-0.8270262281624297f,-0.22687511367618032f,0f,0f,0f,1f],start_interpolation:0}
execute if entity @s[tag=aj.yuji.bone.bottom4] run data modify entity @s {} merge value {transformation:[-1f,-1.0660623803543561e-16f,6.027194901901395e-17f,0.12500000000000006f,0f,0.4921578128565527f,0.8705059949502096f,0.2754701129591099f,-1.2246467991473532e-16f,0.8705059949502096f,-0.4921578128565527f,-0.40255115661777124f,0f,0f,0f,1f],start_interpolation:0}
execute if entity @s[tag=aj.yuji.bone.leftleg] run data modify entity @s {} merge value {transformation:[-1f,-6.884515317609352e-17f,1.0128150231300283e-16f,0.11875000000000002f,0f,0.8270262281624297f,0.562163337413091f,0.5339158092598691f,-1.2246467991473532e-16f,0.562163337413091f,-0.8270262281624297f,-0.2268751136761803f,0f,0f,0f,1f],start_interpolation:0}
execute if entity @s[tag=aj.yuji.locator_origin.mount] at @s on origin run tp @s ^0 ^0.38356 ^-0.18436 ~0 ~-15.78717
execute if entity @s[tag=aj.yuji.camera_origin.camera] at @s on origin run tp @s ^0 ^1.255 ^2.5 ~-180 ~10