execute if entity @s[tag=aj.yuji.locator_origin.head] at @s on origin run tp @s ^0 ^1.39024 ^-0.39063 ~0 ~-31.38889
execute if entity @s[tag=aj.yuji.bone.bottom2] run data modify entity @s {} merge value {transformation:[-0.8301509840855895f,0.5560619962525256f,0.04055120152823418f,-0.5033999355684807f,-0.5381142671247017f,-0.7800757515941327f,-0.31924106454479406f,1.444919182618187f,-0.1458848146263771f,-0.2868394639837838f,0.9468055464365015f,-0.26293549542018374f,0f,0f,0f,1f],start_interpolation:0}
execute if entity @s[tag=aj.yuji.bone.rightarm] run data modify entity @s {} merge value {transformation:[-0.8301509840855895f,0.5560619962525256f,0.04055120152823418f,-0.31249999999999994f,-0.5381142671247017f,-0.7800757515941327f,-0.31924106454479406f,1.2835323864149477f,-0.1458848146263771f,-0.2868394639837838f,0.9468055464365015f,-0.3255275605019811f,0f,0f,0f,1f],start_interpolation:0}
execute if entity @s[tag=aj.yuji.bone.bottom] run data modify entity @s {} merge value {transformation:[-0.8301510623061459f,-0.5560619303745148f,-0.04055050357450308f,0.5033999239877629f,0.5381139793867116f,-0.7800758779979303f,-0.31924124068540327f,1.4449192322027609f,0.14588543087154168f,-0.28683924793153043f,0.946805516938668f,-0.26293558794856975f,0f,0f,0f,1f],start_interpolation:0}
execute if entity @s[tag=aj.yuji.bone.leftarm] run data modify entity @s {} merge value {transformation:[-0.8301510623061459f,-0.5560619303745148f,-0.04055050357450308f,0.31250000000000006f,0.5381139793867116f,-0.7800758779979303f,-0.31924124068540327f,1.2835323864149477f,0.14588543087154168f,-0.28683924793153043f,0.946805516938668f,-0.325527560501981f,0f,0f,0f,1f],start_interpolation:0}
execute if entity @s[tag=aj.yuji.bone.head] run data modify entity @s {} merge value {transformation:[-1f,8.490011897203387e-17f,8.82585272092905e-17f,4.7838754200359687e-17f,0f,0.7206855664077146f,-0.6932620820235242f,1.3902388636979373f,-1.2246467991473532e-16f,-0.6932620820235242f,-0.7206855664077146f,-0.39063307260237723f,0f,0f,0f,1f],start_interpolation:0}
execute if entity @s[tag=aj.yuji.locator_origin.mount] at @s on origin run tp @s ^0 ^0.59375 ^0 ~0 ~0
execute if entity @s[tag=aj.yuji.camera_origin.camera] at @s on origin run tp @s ^0 ^1.5024 ^3.54745 ~-180 ~-0.86806