execute if entity @s[tag=aj.yuji.locator_origin.head] at @s on origin run tp @s ^0 ^1.39024 ^-0.39063 ~0 ~-31.38889
execute if entity @s[tag=aj.yuji.bone.torso] run data modify entity @s {} merge value {transformation:[-1f,6.378500560047959e-17f,1.0454219668232232e-16f,4.7838754200359687e-17f,0f,0.8536518182639163f,-0.5208440968031697f,1.3902388636979373f,-1.2246467991473532e-16f,-0.5208440968031697f,-0.8536518182639163f,-0.39063307260237723f,0f,0f,0f,1f],start_interpolation:0}
execute if entity @s[tag=aj.yuji.bone.bottom2] run data modify entity @s {} merge value {transformation:[-0.8303183272103927f,0.555771611318305f,0.04110220859261184f,-0.5033377982802257f,-0.5378500414063363f,-0.7798628050980967f,-0.32020515015179135f,1.444882460101576f,-0.14590684856351951f,-0.28797902923161606f,0.9464561639426727f,-0.26265198122929706f,0f,0f,0f,1f],start_interpolation:0}
execute if entity @s[tag=aj.yuji.bone.rightarm] run data modify entity @s {} merge value {transformation:[-0.8303183272103927f,0.555771611318305f,0.04110220859261184f,-0.31249999999999994f,-0.5378500414063363f,-0.7798628050980967f,-0.32020515015179135f,1.2835323864149477f,-0.14590684856351951f,-0.28797902923161606f,0.9464561639426727f,-0.3255275605019811f,0f,0f,0f,1f],start_interpolation:0}
execute if entity @s[tag=aj.yuji.bone.bottom] run data modify entity @s {} merge value {transformation:[-0.8303184055113718f,-0.5557715462031609f,-0.04110150727163967f,0.503337786895251f,0.5378497525293071f,-0.7798629316333969f,-0.3202053272016668f,1.4448825097902152f,0.1459074678459472f,-0.28797881223296806f,0.9464561344994666f,-0.2626520741841107f,0f,0f,0f,1f],start_interpolation:0}
execute if entity @s[tag=aj.yuji.bone.leftarm] run data modify entity @s {} merge value {transformation:[-0.8303184055113718f,-0.5557715462031609f,-0.04110150727163967f,0.31250000000000006f,0.5378497525293071f,-0.7798629316333969f,-0.3202053272016668f,1.2835323864149477f,0.1459074678459472f,-0.28797881223296806f,0.9464561344994666f,-0.325527560501981f,0f,0f,0f,1f],start_interpolation:0}
execute if entity @s[tag=aj.yuji.bone.head] run data modify entity @s {} merge value {transformation:[-1f,8.096952998446248e-17f,9.187781582467992e-17f,4.7838754200359687e-17f,0f,0.7502393007408246f,-0.6611663872459931f,1.3902388636979373f,-1.2246467991473532e-16f,-0.6611663872459931f,-0.7502393007408246f,-0.39063307260237723f,0f,0f,0f,1f],start_interpolation:0}
execute if entity @s[tag=aj.yuji.locator_origin.mount] at @s on origin run tp @s ^0 ^0.59375 ^0 ~0 ~0
execute if entity @s[tag=aj.yuji.camera_origin.camera] at @s on origin run tp @s ^0 ^1.4955 ^3.5005 ~-180 ~-0.96