execute if entity @s[tag=aj.yuji.locator_origin.head] at @s on origin run tp @s ^0 ^1.49705 ^0.06646 ~0 ~5.08375
execute if entity @s[tag=aj.yuji.bone.torso] run data modify entity @s {} merge value {transformation:[-1f,-1.0851815736985887e-17f,1.219829329120639e-16f,-8.138861802739415e-18f,0f,0.9960662371958443f,0.08861180010874437f,1.4970496778968831f,-1.2246467991473532e-16f,0.08861180010874437f,-0.9960662371958443f,0.06645885008155827f,0f,0f,0f,1f],start_interpolation:0}
execute if entity @s[tag=aj.yuji.bone.bottom2] run data modify entity @s {} merge value {transformation:[-0.8365175911149274f,0.42880956569926415f,-0.3411168071498201f,-0.471984740869499f,0.4439364089113346f,0.8953022541384422f,0.03680133934427634f,1.1764618602697505f,0.3211834127071126f,-0.1206492026473144f,-0.9393002636550145f,0.10561863902398833f,0f,0f,0f,1f],start_interpolation:0}
execute if entity @s[tag=aj.yuji.bone.rightarm] run data modify entity @s {} merge value {transformation:[-0.8365175911149274f,0.42880956569926415f,-0.3411168071498201f,-0.3125f,0.4439364089113346f,0.8953022541384422f,0.03680133934427634f,1.3725413982474026f,0.3211834127071126f,-0.1206492026473144f,-0.9393002636550145f,0.05538237506796519f,0f,0f,0f,1f],start_interpolation:0}
execute if entity @s[tag=aj.yuji.bone.bottom] run data modify entity @s {} merge value {transformation:[-0.8365172843566255f,-0.42881021945793646f,0.34111673758561434f,0.4719848851367732f,-0.44393703441264626f,0.8953019362128117f,0.03680152837173452f,1.1764619788449902f,-0.321183347092469f,-0.12064923829857781f,-0.9393002815119622f,0.10561864383588904f,0f,0f,0f,1f],start_interpolation:0}
execute if entity @s[tag=aj.yuji.bone.leftarm] run data modify entity @s {} merge value {transformation:[-0.8365172843566255f,-0.42881021945793646f,0.34111673758561434f,0.3125f,-0.44393703441264626f,0.8953019362128117f,0.03680152837173452f,1.3725413982474026f,-0.321183347092469f,-0.12064923829857781f,-0.9393002815119622f,0.05538237506796527f,0f,0f,0f,1f],start_interpolation:0}
execute if entity @s[tag=aj.yuji.bone.head] run data modify entity @s {} merge value {transformation:[-1f,-6.850131355495121e-17f,1.015143727157137e-16f,-8.138861802739415e-18f,0f,0.8289277593049028f,0.5593556738370972f,1.4970496778968831f,-1.2246467991473532e-16f,0.5593556738370972f,-0.8289277593049028f,0.06645885008155827f,0f,0f,0f,1f],start_interpolation:0}
execute if entity @s[tag=aj.yuji.locator_origin.mount] at @s on origin run tp @s ^0 ^0.59375 ^0 ~0 ~0
execute if entity @s[tag=aj.yuji.camera_origin.camera] at @s on origin run tp @s ^0 ^1.755 ^2.625 ~-180 ~-16.27315