execute if entity @s[tag=aj.yuji.locator_origin.head] at @s on origin run tp @s ^0 ^1.47077 ^-0.20735 ~0 ~-16.04956
execute if entity @s[tag=aj.yuji.bone.torso] run data modify entity @s {} merge value {transformation:[-1f,3.385766000064216e-17f,1.1769136198506453e-16f,2.5393245000481624e-17f,0f,0.9610229011908237f,-0.276468774704798f,1.4707671758931178f,-1.2246467991473532e-16f,-0.276468774704798f,-0.9610229011908237f,-0.20735158102859852f,0f,0f,0f,1f],start_interpolation:0}
execute if entity @s[tag=aj.yuji.bone.bottom2] run data modify entity @s {} merge value {transformation:[-0.7916423526280737f,0.6018127368515915f,-0.10546949932888496f,-0.5124308312521525f,-0.5286242590112151f,-0.761204469842774f,-0.37566494097296993f,1.5079014145167575f,-0.30636380058736135f,-0.24163854174071267f,0.9207345094190234f,-0.1315310862920307f,0f,0f,0f,1f],start_interpolation:0}
execute if entity @s[tag=aj.yuji.bone.rightarm] run data modify entity @s {} merge value {transformation:[-0.7916423526280737f,0.6018127368515915f,-0.10546949932888496f,-0.3125f,-0.5286242590112151f,-0.761204469842774f,-0.37566494097296993f,1.350639313244265f,-0.30636380058736135f,-0.24163854174071267f,0.9207345094190234f,-0.1727929841904988f,0f,0f,0f,1f],start_interpolation:0}
execute if entity @s[tag=aj.yuji.bone.bottom] run data modify entity @s {} merge value {transformation:[-0.7916424266521083f,-0.6018125712230493f,0.10546988879421275f,0.5124307944715191f,0.5286239799257088f,-0.7612046317027592f,-0.37566500571888617f,1.5079014724245978f,0.30636409086553407f,-0.24163844435885853f,0.920734438389249f,-0.13153112877988f,0f,0f,0f,1f],start_interpolation:0}
execute if entity @s[tag=aj.yuji.bone.leftarm] run data modify entity @s {} merge value {transformation:[-0.7916424266521083f,-0.6018125712230493f,0.10546988879421275f,0.3125f,0.5286239799257088f,-0.7612046317027592f,-0.37566500571888617f,1.350639313244265f,0.30636409086553407f,-0.24163844435885853f,0.920734438389249f,-0.17279298419049874f,0f,0f,0f,1f],start_interpolation:0}
execute if entity @s[tag=aj.yuji.bone.head] run data modify entity @s {} merge value {transformation:[-1f,8.291237586445145e-17f,9.012844032341016e-17f,2.5393245000481624e-17f,0f,0.7359545657258982f,-0.6770309277922276f,1.4707671758931178f,-1.2246467991473532e-16f,-0.6770309277922276f,-0.7359545657258982f,-0.20735158102859852f,0f,0f,0f,1f],start_interpolation:0}
execute if entity @s[tag=aj.yuji.locator_origin.mount] at @s on origin run tp @s ^0 ^0.59375 ^0 ~0 ~0
execute if entity @s[tag=aj.yuji.camera_origin.camera] at @s on origin run tp @s ^0 ^2.55708 ^6.02315 ~-180 ~12.5