execute if entity @s[tag=aj.yuji.locator_origin.head] at @s on origin run tp @s ^0 ^1.49795 ^0.05545 ~0 ~4.24
execute if entity @s[tag=aj.yuji.bone.torso] run data modify entity @s {} merge value {transformation:[-1f,-9.054357048672972e-18f,1.221295068566713e-16f,-6.790767786504729e-18f,0f,0.997263104282007f,0.07393443607558496f,1.4979473282115052f,-1.2246467991473532e-16f,0.07393443607558496f,-0.997263104282007f,0.05545082705668872f,0f,0f,0f,1f],start_interpolation:0}
execute if entity @s[tag=aj.yuji.bone.bottom2] run data modify entity @s {} merge value {transformation:[-0.9525708377747719f,0.2500298546404887f,-0.17347585079637198f,-0.4345431410210454f,0.2556013699793138f,0.9667285763631333f,-0.010188194521485491f,1.1475823817091781f,0.16515670947850394f,-0.05404564211262351f,-0.9847854232688801f,0.07004272741780293f,0f,0f,0f,1f],start_interpolation:0}
execute if entity @s[tag=aj.yuji.bone.rightarm] run data modify entity @s {} merge value {transformation:[-0.9525708377747719f,0.2500298546404887f,-0.17347585079637198f,-0.3125f,0.2556013699793138f,0.9667285763631333f,-0.010188194521485491f,1.3732894401762543f,0.16515670947850394f,-0.05404564211262351f,-0.9847854232688801f,0.04620902254724056f,0f,0f,0f,1f],start_interpolation:0}
execute if entity @s[tag=aj.yuji.bone.bottom] run data modify entity @s {} merge value {transformation:[-0.9525707493296979f,-0.2500302188152602f,0.17347581157225084f,0.4345432265369212f,-0.2556017297933249f,0.9667284817057338f,-0.010188149271919827f,1.1475824278619036f,-0.1651566627421314f,-0.05404565050140367f,-0.984785430646576f,0.07004272659397477f,0f,0f,0f,1f],start_interpolation:0}
execute if entity @s[tag=aj.yuji.bone.leftarm] run data modify entity @s {} merge value {transformation:[-0.9525707493296979f,-0.2500302188152602f,0.17347581157225084f,0.3125f,-0.2556017297933249f,0.9667284817057338f,-0.010188149271919827f,1.3732894401762543f,-0.1651566627421314f,-0.05404565050140367f,-0.984785430646576f,0.046209022547240644f,0f,0f,0f,1f],start_interpolation:0}
execute if entity @s[tag=aj.yuji.bone.head] run data modify entity @s {} merge value {transformation:[-1f,-4.216645348286262e-17f,1.1497646727611767e-16f,-6.790767786504729e-18f,0f,0.9388541035355563f,0.34431522225200395f,1.4979473282115052f,-1.2246467991473532e-16f,0.34431522225200395f,-0.9388541035355563f,0.05545082705668872f,0f,0f,0f,1f],start_interpolation:0}
execute if entity @s[tag=aj.yuji.locator_origin.mount] at @s on origin run tp @s ^0 ^0.59375 ^0 ~0 ~0
execute if entity @s[tag=aj.yuji.camera_origin.camera] at @s on origin run tp @s ^0 ^1.755 ^2.625 ~-180 ~-3.62974