execute if entity @s[tag=aj.yuji.locator_origin.head] at @s on origin run tp @s ^0 ^1.39952 ^-0.375 ~0 ~-30
execute if entity @s[tag=aj.yuji.bone.torso] run data modify entity @s {} merge value {transformation:[-1f,6.123233995736765e-17f,1.0605752387249069e-16f,4.5924254968025736e-17f,0f,0.8660254037844387f,-0.49999999999999994f,1.399519052838329f,-1.2246467991473532e-16f,-0.49999999999999994f,-0.8660254037844387f,-0.37499999999999994f,0f,0f,0f,1f],start_interpolation:0}
execute if entity @s[tag=aj.yuji.bone.bottom2] run data modify entity @s {} merge value {transformation:[-0.8297569157534312f,0.5567429670201621f,0.039252126476661646f,-0.5035455489896299f,-0.5350426891928094f,-0.7734549618220876f,-0.33984811721432145f,1.4511894497462456f,-0.15884829712867507f,-0.3029928888709753f,0.9396608578593344f,-0.24667979635279835f,0f,0f,0f,1f],start_interpolation:0}
execute if entity @s[tag=aj.yuji.bone.rightarm] run data modify entity @s {} merge value {transformation:[-0.8297569157534312f,0.5567429670201621f,0.039252126476661646f,-0.31249999999999994f,-0.5350426891928094f,-0.7734549618220876f,-0.33984811721432145f,1.2912658773652743f,-0.15884829712867507f,-0.3029928888709753f,0.9396608578593344f,-0.3125f,0f,0f,0f,1f],start_interpolation:0}
execute if entity @s[tag=aj.yuji.bone.bottom] run data modify entity @s {} merge value {transformation:[-0.8297569937807863f,-0.5567428993787648f,-0.03925143644758481f,0.5035455369559904f,0.5350423894551323f,-0.7734550930527123f,-0.3398482904429017f,1.4511895012875067f,0.15884889914007838f,-0.3029926781659038f,0.9396608240316495f,-0.24667988665477883f,0f,0f,0f,1f],start_interpolation:0}
execute if entity @s[tag=aj.yuji.bone.leftarm] run data modify entity @s {} merge value {transformation:[-0.8297569937807863f,-0.5567428993787648f,-0.03925143644758481f,0.31250000000000006f,0.5350423894551323f,-0.7734550930527123f,-0.3398482904429017f,1.2912658773652743f,0.15884889914007838f,-0.3029926781659038f,0.9396608240316495f,-0.3124999999999999f,0f,0f,0f,1f],start_interpolation:0}
execute if entity @s[tag=aj.yuji.bone.head] run data modify entity @s {} merge value {transformation:[-1f,9.26585872026244e-17f,8.00748652464194e-17f,4.5924254968025736e-17f,0f,0.6538608952570705f,-0.7566147828674923f,1.399519052838329f,-1.2246467991473532e-16f,-0.7566147828674923f,-0.6538608952570705f,-0.37499999999999994f,0f,0f,0f,1f],start_interpolation:0}
execute if entity @s[tag=aj.yuji.locator_origin.mount] at @s on origin run tp @s ^0 ^0.59375 ^0 ~0 ~0
execute if entity @s[tag=aj.yuji.camera_origin.camera] at @s on origin run tp @s ^0 ^1.51117 ^3.59635 ~-180 ~-0.75111