execute if entity @s[tag=aj.yuji.locator_origin.head] at @s on origin run tp @s ^0 ^1.49982 ^-0.01636 ~0 ~-1.25
execute if entity @s[tag=aj.yuji.bone.torso] run data modify entity @s {} merge value {transformation:[-1f,2.671552913134201e-18f,1.22435536637248e-16f,2.003664684850651e-18f,0f,0.9997620270799091f,-0.0218148850345605f,1.4998215203099319f,-1.2246467991473532e-16f,-0.0218148850345605f,-0.9997620270799091f,-0.016361163775920375f,0f,0f,0f,1f],start_interpolation:0}
execute if entity @s[tag=aj.yuji.bone.bottom2] run data modify entity @s {} merge value {transformation:[-0.9996643742229759f,-0.015997736422299683f,-0.020376735232824135f,-0.37097958928336106f,-0.018342416077951375f,0.9925279857236218f,0.12063064837690915f,1.1255728694891656f,0.018294662659073587f,0.12096392017776546f,-0.9924883048849583f,-0.042731866774849615f,0f,0f,0f,1f],start_interpolation:0}
execute if entity @s[tag=aj.yuji.bone.rightarm] run data modify entity @s {} merge value {transformation:[-0.9996643742229759f,-0.015997736422299683f,-0.020376735232824135f,-0.3125f,-0.018342416077951375f,0.9925279857236218f,0.12063064837690915f,1.374851266924943f,0.018294662659073587f,0.12096392017776546f,-0.9924883048849583f,-0.01363430314660035f,0f,0f,0f,1f],start_interpolation:0}
execute if entity @s[tag=aj.yuji.bone.bottom] run data modify entity @s {} merge value {transformation:[-0.9996643733595885f,0.015997731045278137f,0.020376781811275394f,0.37097959057365476f,0.018342416359558012f,0.9925279858251416f,0.12063064749880277f,1.1255728694461853f,-0.01829470955423995f,0.12096392005590233f,-0.9924883040353852f,-0.042731863813435855f,0f,0f,0f,1f],start_interpolation:0}
execute if entity @s[tag=aj.yuji.bone.leftarm] run data modify entity @s {} merge value {transformation:[-0.9996643733595885f,0.015997731045278137f,0.020376781811275394f,0.3125f,0.018342416359558012f,0.9925279858251416f,0.12063064749880277f,1.374851266924943f,-0.01829470955423995f,0.12096392005590233f,-0.9924883040353852f,-0.013634303146600274f,0f,0f,0f,1f],start_interpolation:0}
execute if entity @s[tag=aj.yuji.bone.head] run data modify entity @s {} merge value {transformation:[-1f,3.9364981230315273e-17f,1.15965495210237e-16f,2.003664684850651e-18f,0f,0.9469301294951059f,-0.3214394653031609f,1.4998215203099319f,-1.2246467991473532e-16f,-0.3214394653031609f,-0.9469301294951059f,-0.016361163775920375f,0f,0f,0f,1f],start_interpolation:0}
execute if entity @s[tag=aj.yuji.locator_origin.mount] at @s on origin run tp @s ^0 ^0.59375 ^0 ~0 ~0
execute if entity @s[tag=aj.yuji.camera_origin.camera] at @s on origin run tp @s ^0 ^1.5675 ^2.8125 ~-180 ~0