execute if entity @s[tag=aj.yuji.locator_origin.head] at @s on origin run tp @s ^0 ^1.49052 ^0.11888 ~0 ~9.12
execute if entity @s[tag=aj.yuji.bone.torso] run data modify entity @s {} merge value {transformation:[-1f,-1.9410986101441235e-17f,1.2091654744156496e-16f,-1.4558239576080927e-17f,0f,0.9873585390151003f,0.15850273005209273f,1.4905189042613252f,-1.2246467991473532e-16f,0.15850273005209273f,-0.9873585390151003f,0.11887704753906955f,0f,0f,0f,1f],start_interpolation:0}
execute if entity @s[tag=aj.yuji.bone.bottom2] run data modify entity @s {} merge value {transformation:[-0.7911520060943202f,0.46462134152625184f,-0.3977505653688988f,-0.478102335762458f,0.4717507166548781f,0.877464676002274f,0.08664296684574607f,1.1772173376747992f,0.38926824246082714f,-0.1190913572286853f,-0.9133933895342621f,0.15316631074353093f,0f,0f,0f,1f],start_interpolation:0}
execute if entity @s[tag=aj.yuji.bone.rightarm] run data modify entity @s {} merge value {transformation:[-0.7911520060943202f,0.46462134152625184f,-0.3977505653688988f,-0.3125f,0.4717507166548781f,0.877464676002274f,0.08664296684574607f,1.3670990868844377f,0.38926824246082714f,-0.1190913572286853f,-0.9133933895342621f,0.09906420628255791f,0f,0f,0f,1f],start_interpolation:0}
execute if entity @s[tag=aj.yuji.bone.bottom] run data modify entity @s {} merge value {transformation:[-0.7911516272816561f,-0.4646220500148583f,0.39775049124995204f,0.4781024892088181f,-0.4717513893291473f,0.8774642906293678f,0.0866432070985346f,1.1772174760601675f,-0.3892681971541048f,-0.11909143256460847f,-0.9133933990204343f,0.15316632674584166f,0f,0f,0f,1f],start_interpolation:0}
execute if entity @s[tag=aj.yuji.bone.leftarm] run data modify entity @s {} merge value {transformation:[-0.7911516272816561f,-0.4646220500148583f,0.39775049124995204f,0.3125f,-0.4717513893291473f,0.8774642906293678f,0.0866432070985346f,1.3670990868844377f,-0.3892681971541048f,-0.11909143256460847f,-0.9133933990204343f,0.09906420628255799f,0f,0f,0f,1f],start_interpolation:0}
execute if entity @s[tag=aj.yuji.bone.head] run data modify entity @s {} merge value {transformation:[-1f,-8.40196309561878e-17f,8.909713486192797e-17f,-1.4558239576080927e-17f,0f,0.7275333175570367f,0.6860723517563231f,1.4905189042613252f,-1.2246467991473532e-16f,0.6860723517563231f,-0.7275333175570367f,0.11887704753906955f,0f,0f,0f,1f],start_interpolation:0}
execute if entity @s[tag=aj.yuji.locator_origin.mount] at @s on origin run tp @s ^0 ^0.59375 ^0 ~0 ~0
execute if entity @s[tag=aj.yuji.camera_origin.camera] at @s on origin run tp @s ^0 ^1.755 ^2.625 ~-180 ~-8.83382