execute if entity @s[tag=aj.gojo.locator_origin.head] at @s on origin run tp @s ^-0.00042 ^1.41955 ^0.00184 ~12.91153 ~0.14435
execute if entity @s[tag=aj.gojo.bone.torso] run data modify entity @s {} merge value {transformation:[-0.9747162504445359f,-0.0005629422969074363f,0.2234455508962195f,-0.0004222067226805772f,0f,0.9999968263993596f,0.0025193632546967244f,1.4195543756294238f,-0.22344626002541343f,0.002455664305125734f,-0.9747131570844193f,0.0018417482288443005f,0f,0f,0f,1f],start_interpolation:0}
execute if entity @s[tag=aj.gojo.bone.bottom2] run data modify entity @s {} merge value {transformation:[-0.99813886861648f,0.05657153304754234f,-0.022769730030547112f,-0.3814772297499003f,0.029692898829575116f,0.12472391545193204f,-0.9917470830173566f,1.2652295996433691f,-0.05326472299852689f,-0.9905774106868123f,-0.12617156066602356f,0.17602314141705705f,0f,0f,0f,1f],start_interpolation:0}
execute if entity @s[tag=aj.gojo.bone.rightarm] run data modify entity @s {} merge value {transformation:[-0.99813886861648f,0.05657153304754234f,-0.022769730030547112f,-0.30495066719948466f,0.029692898829575116f,0.12472391545193204f,-0.9917470830173566f,1.2945547723295037f,-0.05326472299852689f,-0.9905774106868123f,-0.12617156066602356f,-0.0682921660672381f,0f,0f,0f,1f],start_interpolation:0}
execute if entity @s[tag=aj.gojo.bone.bottom] run data modify entity @s {} merge value {transformation:[-0.36408700477308986f,0.924975226688413f,0.10891043553341848f,0.1913018202886929f,0.47074000819050393f,0.28365868308971903f,-0.8354289893202238f,1.158811842856883f,-0.803644509496683f,-0.25290033910717713f,-0.5386992860913318f,0.25904098314997653f,0f,0f,0f,1f],start_interpolation:0}
execute if entity @s[tag=aj.gojo.bone.leftarm] run data modify entity @s {} merge value {transformation:[-0.7592696544855215f,0.6415980897800101f,0.10891043553341848f,0.3042469893283503f,0.2798644212237623f,0.47300561258454205f,-0.8354289893202238f,1.2945547723295037f,-0.5875248909710339f,-0.6038357240625666f,-0.5386992860913318f,0.07136174644864528f,0f,0f,0f,1f],start_interpolation:0}
execute if entity @s[tag=aj.gojo.bone.head] run data modify entity @s {} merge value {transformation:[-0.9800672351219278f,0.018693989132246472f,0.19778460357364283f,-0.0004222067226805772f,0.06254921858356063f,0.9739671122331084f,0.21788909918324456f,1.4195543756294238f,-0.18856248273462448f,0.22591723940112068f,-0.9557225491984225f,0.0018417482288443005f,0f,0f,0f,1f],start_interpolation:0}
execute if entity @s[tag=aj.gojo.bone.bottom3] run data modify entity @s {} merge value {transformation:[-0.9847548990678466f,0.16225391964825311f,0.06270131035834485f,-0.17926099221740183f,0.1658820302244996f,0.7674725885661552f,0.6192487205058752f,0.37801782031260234f,0.052353995172035005f,0.6202092319196348f,-0.7826874010939382f,-0.09507250600622745f,0f,0f,0f,1f],start_interpolation:0}
execute if entity @s[tag=aj.gojo.bone.rightleg] run data modify entity @s {} merge value {transformation:[-0.9847548990678466f,0.17394007711432888f,0.0016242953353948783f,-0.11875f,0.1658820302244996f,0.9362422342598554f,0.3097315464022229f,0.669556755829904f,0.052353995172035005f,0.3052790991233685f,-0.95082266003075f,-1.4542680739874818e-17f,0f,0f,0f,1f],start_interpolation:0}
execute if entity @s[tag=aj.gojo.bone.bottom4] run data modify entity @s {} merge value {transformation:[-0.9960513489227449f,-0.08139097535577802f,0.03545729036200018f,0.16642995714477524f,-0.08151151876833115f,0.9966704624317759f,-0.001965101552034998f,0.4278592803477788f,-0.03517929244967924f,-0.004847519640491016f,-0.9993692605519119f,0.2567195207571106f,0f,0f,0f,1f],start_interpolation:0}
execute if entity @s[tag=aj.gojo.bone.leftleg] run data modify entity @s {} merge value {transformation:[-0.9909311639654681f,-0.13275723958397145f,-0.020759181585183882f,0.11874999999999998f,-0.09076621079898163f,0.7752472457587803f,-0.6251025539226505f,0.669556755829904f,0.09908038786378191f,-0.6175493691045837f,-0.7802665271939412f,0.06435459533607683f,0f,0f,0f,1f],start_interpolation:0}
execute if entity @s[tag=aj.gojo.locator_origin.purple] at @s on origin run tp @s ^0 ^1 ^0.5 ~0 ~0
execute if entity @s[tag=aj.gojo.locator_origin.blue] at @s on origin run tp @s ^-0.39063 ^1.23438 ^0.79688 ~0 ~0
execute if entity @s[tag=aj.gojo.bone.blue] run data modify entity @s {} merge value {transformation:[0.9284733490616343f,-0.3278727741995003f,1.2058656923760543e-16f,-0.3906250000000001f,-0.3278727741995003f,-0.9284733490616343f,0f,1.234375f,1.1370519150219536e-16f,-4.015283434509809e-17f,-0.9846640625f,0.796875f,0f,0f,0f,1f],start_interpolation:0}
execute if entity @s[tag=aj.gojo.locator_origin.red] at @s on origin run tp @s ^1.0625 ^1.78125 ^-0.53125 ~0 ~0
execute if entity @s[tag=aj.gojo.camera_origin.camera] at @s on origin run tp @s ^0 ^0.005 ^0 ~0 ~0