execute if entity @s[tag=aj.gojo.locator_origin.head] at @s on origin run tp @s ^0.00531 ^1.41582 ^-0.02214 ~13.48848 ~-1.74
execute if entity @s[tag=aj.gojo.bone.torso] run data modify entity @s {} merge value {transformation:[-0.9724168377182627f,0.007082412803831756f,0.23314230236250585f,0.0053118096028738175f,0f,0.9995389055889605f,-0.03036406122413634f,1.4158227320037917f,-0.23324985256589978f,-0.02952652439585838f,-0.9719684617491902f,-0.022144893296893786f,0f,0f,0f,1f],start_interpolation:0}
execute if entity @s[tag=aj.gojo.bone.bottom2] run data modify entity @s {} merge value {transformation:[-0.9973033433610714f,0.04923322759002399f,-0.05442545931728877f,-0.3740935196421352f,0.035295736170082456f,-0.32843378181264055f,-0.9438672904452503f,1.375194797768962f,-0.06434479255573752f,-0.9432429911032022f,0.3258103856626481f,0.14044454156681177f,0f,0f,0f,1f],start_interpolation:0}
execute if entity @s[tag=aj.gojo.bone.rightarm] run data modify entity @s {} merge value {transformation:[-0.9973033433610714f,0.04923322759002399f,-0.05442545931728877f,-0.29945375378456224f,0.035295736170082456f,-0.32843378181264055f,-0.9438672904452503f,1.2908803688051718f,-0.06434479255573752f,-0.9432429911032022f,0.3258103856626481f,-0.09134465667425518f,0f,0f,0f,1f],start_interpolation:0}
execute if entity @s[tag=aj.gojo.bone.bottom] run data modify entity @s {} merge value {transformation:[-0.5180459745817202f,0.8518260009564418f,0.07759402241301756f,0.24116736608053324f,0.3821124480015556f,0.3116334613238807f,-0.8699854383066166f,1.164834776111677f,-0.7652571105856738f,-0.42104281240493047f,-0.48693377868064613f,0.26893838702701606f,0f,0f,0f,1f],start_interpolation:0}
execute if entity @s[tag=aj.gojo.bone.leftarm] run data modify entity @s {} merge value {transformation:[-0.8704170277111959f,0.48616187176307385f,0.07759402241301756f,0.30830676978935195f,0.17904857442478003f,0.45942022716778397f,-0.8699854383066166f,1.2908803688051718f,-0.45860201249761356f,-0.743357040265932f,-0.48693377868064613f,0.054436501179432197f,0f,0f,0f,1f],start_interpolation:0}
execute if entity @s[tag=aj.gojo.bone.head] run data modify entity @s {} merge value {transformation:[-0.9778340699501236f,0.059546375943284796f,0.2007355493100261f,0.0053118096028738175f,0.06874035679529258f,0.9968664854640248f,0.03914043313836836f,1.4158227320037917f,-0.19777587060213592f,0.05207148231637165f,-0.9788632518063711f,-0.022144893296893786f,0f,0f,0f,1f],start_interpolation:0}
execute if entity @s[tag=aj.gojo.bone.bottom3] run data modify entity @s {} merge value {transformation:[-0.9834484488079536f,0.1670804167458727f,0.07009481348327654f,-0.1815033111838718f,0.17277930164073763f,0.7483004692387116f,0.6404636763015238f,0.37639135099710236f,0.0545569561263165f,0.6419739418988512f,-0.76478297343827f,-0.09892677970977787f,0f,0f,0f,1f],start_interpolation:0}
execute if entity @s[tag=aj.gojo.bone.rightleg] run data modify entity @s {} merge value {transformation:[-0.9834484488079536f,0.18114162681223075f,0.004106041043188754f,-0.11875f,0.17277930164073763f,0.9307426318407154f,0.3222816566277977f,0.6661685528120713f,0.0545569561263165f,0.31765683419381546f,-0.9466349213018681f,-1.4542680739874818e-17f,0f,0f,0f,1f],start_interpolation:0}
execute if entity @s[tag=aj.gojo.bone.bottom4] run data modify entity @s {} merge value {transformation:[-0.995358618207105f,-0.08875860368753223f,0.03719047502092453f,0.16833284045556304f,-0.08888788611777537f,0.9960399490176781f,-0.0018340290004666415f,0.43034016826881655f,-0.03688041299058104f,-0.005131299279982238f,-0.9993065119898616f,0.26611748121348905f,0f,0f,0f,1f],start_interpolation:0}
execute if entity @s[tag=aj.gojo.bone.leftleg] run data modify entity @s {} merge value {transformation:[-0.9901536928897925f,-0.13886201560000594f,-0.01769194958760185f,0.11874999999999998f,-0.09453769913021833f,0.7565415845210197f,-0.647076080792351f,0.6661685528120713f,0.10323898439964845f,-0.6390322147700604f,-0.7622201391895917f,0.06706515775034295f,0f,0f,0f,1f],start_interpolation:0}
execute if entity @s[tag=aj.gojo.locator_origin.purple] at @s on origin run tp @s ^0 ^1 ^0.5 ~0 ~0
execute if entity @s[tag=aj.gojo.locator_origin.blue] at @s on origin run tp @s ^-0.39063 ^1.23438 ^0.79688 ~0 ~0
execute if entity @s[tag=aj.gojo.locator_origin.red] at @s on origin run tp @s ^1.0625 ^1.78125 ^-0.53125 ~0 ~0
execute if entity @s[tag=aj.gojo.camera_origin.camera] at @s on origin run tp @s ^0 ^0.005 ^0 ~0 ~0