execute if entity @s[tag=aj.gojo.locator_origin.head] at @s on origin run tp @s ^0 ^1.46788 ^0 ~5.09073 ~0
execute if entity @s[tag=aj.gojo.bone.torso] run data modify entity @s {} merge value {transformation:[-0.9960554365230935f,0f,0.08873312443946581f,0f,0f,1f,0f,1.4678844752186588f,-0.08873312443946581f,0f,-0.9960554365230935f,0f,0f,0f,0f,1f],start_interpolation:0}
execute if entity @s[tag=aj.gojo.bone.bottom2] run data modify entity @s {} merge value {transformation:[-0.9985489236346701f,-0.035405932790861f,-0.040576680880167915f,-0.36482514844291836f,0.024104137095908286f,0.37993703932684864f,-0.9246982408993811f,1.249406723955441f,0.04815638776843223f,-0.9243344990157824f,-0.37853229221076856f,0.20636429760213953f,0f,0f,0f,1f],start_interpolation:0}
execute if entity @s[tag=aj.gojo.bone.rightarm] run data modify entity @s {} merge value {transformation:[-0.9985489236346701f,-0.035405932790861f,-0.040576680880167915f,-0.31126732391346673f,0.024104137095908286f,0.37993703932684864f,-0.9246982408993811f,1.3428844752186588f,0.04815638776843223f,-0.9243344990157824f,-0.37853229221076856f,-0.027729101387333064f,0f,0f,0f,1f],start_interpolation:0}
execute if entity @s[tag=aj.gojo.bone.bottom] run data modify entity @s {} merge value {transformation:[-0.9055415006800445f,0.3819017851662999f,0.18478532688751623f,0.3221988584885314f,0.294514316093553f,0.8793636586214464f,-0.37414017895950585f,1.1055992556378362f,-0.30537830335844035f,-0.28437753494729084f,-0.9087758301447189f,0.12764144356944293f,0f,0f,0f,1f],start_interpolation:0}
execute if entity @s[tag=aj.gojo.bone.leftarm] run data modify entity @s {} merge value {transformation:[-0.9628354922679642f,0.19698273476673223f,0.18478532688751623f,0.31126732391346673f,0.11642223313610146f,0.9200353200392647f,-0.37414017895950585f,1.3428844752186588f,-0.24370818299907418f,-0.3387223229786709f,-0.9087758301447189f,0.027729101387333064f,0f,0f,0f,1f],start_interpolation:0}
execute if entity @s[tag=aj.gojo.bone.head] run data modify entity @s {} merge value {transformation:[-0.9960554365230935f,0f,0.08873312443946581f,0f,0f,1f,0f,1.4678844752186588f,-0.08873312443946581f,0f,-0.9960554365230935f,0f,0f,0f,0f,1f],start_interpolation:0}
execute if entity @s[tag=aj.gojo.bone.bottom3] run data modify entity @s {} merge value {transformation:[-0.9975632212700208f,0.06972273137573456f,-0.0025219633000213605f,-0.14643649138910467f,0.06656136458310187f,0.9619207486781964f,0.2651000905454647f,0.4089428880133128f,0.020909431226479827f,0.26428623496483f,-0.9642176008007217f,-0.03852098635293006f,0f,0f,0f,1f],start_interpolation:0}
execute if entity @s[tag=aj.gojo.bone.rightleg] run data modify entity @s {} merge value {transformation:[-0.9975632212700208f,0.06864550801973454f,-0.012466507052581226f,-0.11875f,0.06656136458310187f,0.9899443063487693f,0.12481928966505736f,0.7178844752186588f,0.020909431226479827f,0.12368534495390576f,-0.9921011698054883f,-1.4542680739874818e-17f,0f,0f,0f,1f],start_interpolation:0}
execute if entity @s[tag=aj.gojo.bone.bottom4] run data modify entity @s {} merge value {transformation:[-0.9998966090264835f,-0.011779341507300336f,0.008247325081141677f,0.13924685787524568f,-0.011788089502130613f,0.9999300050411084f,-0.001012898997327094f,0.417028597403649f,-0.008234816526759739f,-0.0011100144789232824f,-0.9999654772364029f,0.10791730718529913f,0f,0f,0f,1f],start_interpolation:0}
execute if entity @s[tag=aj.gojo.bone.leftleg] run data modify entity @s {} merge value {transformation:[-0.9985508745841858f,-0.04561892770910248f,-0.028549331022449376f,0.11875f,-0.03642996461676358f,0.9634674083003666f,-0.265336410658236f,0.7178844752186588f,0.03961071250531935f,-0.2639118538028301f,-0.9637331191139872f,0.02569241982507297f,0f,0f,0f,1f],start_interpolation:0}
execute if entity @s[tag=aj.gojo.locator_origin.purple] at @s on origin run tp @s ^0 ^1 ^0.5 ~0 ~0
execute if entity @s[tag=aj.gojo.locator_origin.blue] at @s on origin run tp @s ^-0.39063 ^1.23438 ^0.79688 ~0 ~0
execute if entity @s[tag=aj.gojo.locator_origin.red] at @s on origin run tp @s ^1.0625 ^1.78125 ^-0.53125 ~0 ~0
execute if entity @s[tag=aj.gojo.camera_origin.camera] at @s on origin run tp @s ^0 ^0.005 ^0 ~0 ~0