execute if entity @s[tag=aj.gojo.locator_origin.head] at @s on origin run tp @s ^0 ^1.41898 ^0 ~12.89556 ~0
execute if entity @s[tag=aj.gojo.bone.torso] run data modify entity @s {} merge value {transformation:[-0.9747785088122581f,0f,0.22317450292932298f,0f,0f,1f,0f,1.4189814814814814f,-0.22317450292932298f,0f,-0.9747785088122581f,0f,0f,0f,0f,1f],start_interpolation:0}
execute if entity @s[tag=aj.gojo.bone.bottom2] run data modify entity @s {} merge value {transformation:[-0.9982052929212147f,0.053793586364349f,-0.0263143164481478f,-0.38045451140249387f,0.03041273685649104f,0.07684671620097194f,-0.9965789721070903f,1.276670598484769f,-0.0515873881968236f,-0.9955906951529772f,-0.07834480904209053f,0.1759314298605294f,0f,0f,0f,1f],start_interpolation:0}
execute if entity @s[tag=aj.gojo.bone.rightarm] run data modify entity @s {} merge value {transformation:[-0.9982052929212147f,0.053793586364349f,-0.0263143164481478f,-0.3046182840038307f,0.03041273685649104f,0.07684671620097194f,-0.9965789721070903f,1.2939814814814814f,-0.0515873881968236f,-0.9955906951529772f,-0.07834480904209053f,-0.06974203216541343f,0f,0f,0f,1f],start_interpolation:0}
execute if entity @s[tag=aj.gojo.bone.bottom] run data modify entity @s {} merge value {transformation:[-0.39591308786026935f,0.9088636924944321f,0.13122353190770827f,0.20109133849747807f,0.4770535332227215f,0.3256709735397899f,-0.8163077504430319f,1.1490212970100195f,-0.7846481716671904f,-0.2605862725836342f,-0.562514036482916f,0.2559541866347833f,0f,0f,0f,1f],start_interpolation:0}
execute if entity @s[tag=aj.gojo.bone.leftarm] run data modify entity @s {} merge value {transformation:[-0.7818045253263197f,0.6095589133569903f,0.13122353190770827f,0.3046182840038307f,0.26367996056762844f,0.5139207477439403f,-0.8163077504430319f,1.2939814814814814f,-0.5650261609645539f,-0.603592077636341f,-0.562514036482916f,0.06974203216541343f,0f,0f,0f,1f],start_interpolation:0}
execute if entity @s[tag=aj.gojo.bone.head] run data modify entity @s {} merge value {transformation:[-0.9800207530706525f,0.021242319817298738f,0.19775764814441624f,0f,0.06132761776579918f,0.9781082283406656f,0.1988547634618202f,1.4189814814814814f,-0.1892042463847024f,0.2070098004952037f,-0.959869103393235f,0f,0f,0f,0f,1f],start_interpolation:0}
execute if entity @s[tag=aj.gojo.bone.bottom3] run data modify entity @s {} merge value {transformation:[-0.9845368255264468f,0.1638070546318544f,0.06208452331413553f,-0.17964639539033336f,0.1670538598139966f,0.771260693913784f,0.6142067648152971f,0.3766529715238512f,0.05272804854678725f,0.6150806377024599f,-0.7866991559802151f,-0.09236332494240243f,0f,0f,0f,1f],start_interpolation:0}
execute if entity @s[tag=aj.gojo.bone.rightleg] run data modify entity @s {} merge value {transformation:[-0.9845368255264468f,0.17517772873853782f,0.00005036183112574567f,-0.11875f,0.1670538598139966f,0.938792309060697f,0.3012673370442446f,0.6689814814814815f,0.05272804854678725f,0.29661720078662346f,-0.9535397155304836f,-1.4542680739874818e-17f,0f,0f,0f,1f],start_interpolation:0}
execute if entity @s[tag=aj.gojo.bone.bottom4] run data modify entity @s {} merge value {transformation:[-0.996405731326735f,-0.07636898416320206f,0.036652378328218854f,0.1650696554544323f,-0.07535084272109324f,0.9967525413015083f,0.028401089947501512f,0.4221618398473891f,-0.0387023136318149f,0.025537221204852856f,-0.9989244121817622f,0.2509058315840314f,0f,0f,0f,1f],start_interpolation:0}
execute if entity @s[tag=aj.gojo.bone.leftleg] run data modify entity @s {} merge value {transformation:[-0.9914448614360867f,-0.1283940002254617f,-0.023496115382825963f,0.11874999999999998f,-0.0881821870634823f,0.7915864969703655f,-0.6046608302998354f,0.6689814814814815f,0.09623403045014767f,-0.597415934270496f,-0.7961364285491718f,0.06481481481481483f,0f,0f,0f,1f],start_interpolation:0}
execute if entity @s[tag=aj.gojo.locator_origin.purple] at @s on origin run tp @s ^0 ^1 ^0.5 ~0 ~0
execute if entity @s[tag=aj.gojo.locator_origin.blue] at @s on origin run tp @s ^-0.39063 ^1.23438 ^0.79688 ~0 ~0
execute if entity @s[tag=aj.gojo.locator_origin.red] at @s on origin run tp @s ^1.0625 ^1.78125 ^-0.53125 ~0 ~0
execute if entity @s[tag=aj.gojo.camera_origin.camera] at @s on origin run tp @s ^0 ^0.005 ^0 ~0 ~0