execute if entity @s[tag=aj.gojo.locator_origin.head] at @s on origin run tp @s ^0 ^1.41609 ^0 ~13.39222 ~0
execute if entity @s[tag=aj.gojo.bone.torso] run data modify entity @s {} merge value {transformation:[-0.9728073285215701f,0f,0.23161584914406425f,0f,0f,1f,0f,1.416087962962963f,-0.23161584914406425f,0f,-0.9728073285215701f,0f,0f,0f,0f,1f],start_interpolation:0}
execute if entity @s[tag=aj.gojo.bone.bottom2] run data modify entity @s {} merge value {transformation:[-0.997907639172016f,0.058148691265697494f,-0.028267886129321622f,-0.38090869042766606f,0.031009837637627463f,0.04680514247729106f,-0.9984225901928345f,1.281324792195992f,-0.05673388451200631f,-0.9972101124345699f,-0.04851039070561321f,0.173376707469122f,0f,0f,0f,1f],start_interpolation:0}
execute if entity @s[tag=aj.gojo.bone.rightarm] run data modify entity @s {} merge value {transformation:[-0.997907639172016f,0.058148691265697494f,-0.028267886129321622f,-0.3040022901629907f,0.031009837637627463f,0.04680514247729106f,-0.9984225901928345f,1.291087962962963f,-0.05673388451200631f,-0.9972101124345699f,-0.04851039070561321f,-0.07237995285752008f,0f,0f,0f,1f],start_interpolation:0}
execute if entity @s[tag=aj.gojo.bone.bottom] run data modify entity @s {} merge value {transformation:[-0.3714765969607191f,0.9186520266590521f,0.13447524614478248f,0.19847519684320242f,0.48200710710054984f,0.31461236256884684f,-0.8177335813230416f,1.1467346128698392f,-0.7935201866462143f,-0.23895086363950402f,-0.559667935610834f,0.25793962760494127f,0f,0f,0f,1f],start_interpolation:0}
execute if entity @s[tag=aj.gojo.bone.leftarm] run data modify entity @s {} merge value {transformation:[-0.7760811124537488f,0.6161286513925902f,0.13447524614478248f,0.3040022901629907f,0.2642646025651706f,0.5113472497312026f,-0.8177335813230416f,1.291087962962963f,-0.5725926359320597f,-0.5990905400066698f,-0.559667935610834f,0.07237995285752008f,0f,0f,0f,1f],start_interpolation:0}
execute if entity @s[tag=aj.gojo.bone.head] run data modify entity @s {} merge value {transformation:[-0.9784023852379404f,0.01990773873732362f,0.20574852247118422f,0f,0.06249092742338575f,0.977264121914071f,0.20260730492577228f,1.416087962962963f,-0.1970371958551838f,0.21108888639122195f,-0.9574016009447862f,0f,0f,0f,0f,1f],start_interpolation:0}
execute if entity @s[tag=aj.gojo.bone.bottom3] run data modify entity @s {} merge value {transformation:[-0.9834167276458516f,0.16873857295855618f,0.06647430918960245f,-0.18157142865333678f,0.1729432234493922f,0.7621454555727829f,0.6238789514101983f,0.37414743878334705f,0.0546093512986417f,0.6250292781507639f,-0.7786887826372462f,-0.09230119687027237f,0f,0f,0f,1f],start_interpolation:0}
execute if entity @s[tag=aj.gojo.bone.rightleg] run data modify entity @s {} merge value {transformation:[-0.9834167276458516f,0.18136023713776067f,0.00006458838959234414f,-0.11875f,0.1729432234493922f,0.9376685418437589f,0.3014437710411885f,0.666087962962963f,0.0546093512986417f,0.2964560170108444f,-0.9534839530525973f,-1.4542680739874818e-17f,0f,0f,0f,1f],start_interpolation:0}
execute if entity @s[tag=aj.gojo.bone.bottom4] run data modify entity @s {} merge value {transformation:[-0.9963128639125944f,-0.07636038252153572f,0.03911226384970591f,0.16502135400992232f,-0.07399182287011852f,0.9955241687896513f,0.05879489352002304f,0.4180520487466516f,-0.04342680451796192f,0.05568412104755338f,-0.9975035795988505f,0.2516085161098094f,0f,0f,0f,1f],start_interpolation:0}
execute if entity @s[tag=aj.gojo.bone.leftleg] run data modify entity @s {} merge value {transformation:[-0.9914448614360867f,-0.12823943560302978f,-0.02432558094260675f,0.11874999999999998f,-0.0881821870634823f,0.7954785692334663f,-0.5995312733919546f,0.666087962962963f,0.09623403045014768f,-0.5922571173455781f,-0.7999815737483121f,0.06712962962962964f,0f,0f,0f,1f],start_interpolation:0}
execute if entity @s[tag=aj.gojo.locator_origin.purple] at @s on origin run tp @s ^0 ^1 ^0.5 ~0 ~0
execute if entity @s[tag=aj.gojo.locator_origin.blue] at @s on origin run tp @s ^-0.39063 ^1.23438 ^0.79688 ~0 ~0
execute if entity @s[tag=aj.gojo.locator_origin.red] at @s on origin run tp @s ^1.0625 ^1.78125 ^-0.53125 ~0 ~0
execute if entity @s[tag=aj.gojo.camera_origin.camera] at @s on origin run tp @s ^0 ^0.005 ^0 ~0 ~0