execute if entity @s[tag=aj.gojo.locator_origin.head] at @s on origin run tp @s ^-0.00032 ^1.41652 ^0.00136 ~13.34456 ~0.10677
execute if entity @s[tag=aj.gojo.bone.torso] run data modify entity @s {} merge value {transformation:[-0.9729996472697608f,-0.00043009315425391215f,0.2308061988612951f,-0.00032256986569043414f,-2.710505431213761e-20f,0.999998263803022f,0.001863435252819813f,1.4165153302253803f,-0.23080659958701577f,0.0018131218437037154f,-0.9729979579507138f,0.0013598413827777866f,0f,0f,0f,1f],start_interpolation:0}
execute if entity @s[tag=aj.gojo.bone.bottom2] run data modify entity @s {} merge value {transformation:[-0.9977059436284352f,0.06385408232060857f,-0.022483465468793293f,-0.3826513400501383f,0.029774064658022785f,0.115625013647681f,-0.992846595045133f,1.2644701728792087f,-0.060797657210071326f,-0.9912383731423876f,-0.11726095892410276f,0.17301587849133984f,0f,0f,0f,1f],start_interpolation:0}
execute if entity @s[tag=aj.gojo.bone.rightarm] run data modify entity @s {} merge value {transformation:[-0.9977059436284352f,0.06385408232060857f,-0.022483465468793293f,-0.30433119799320896f,0.029774064658022785f,0.115625013647681f,-0.992846595045133f,1.2915155472500026f,-0.060797657210071326f,-0.9912383731423876f,-0.11726095892410276f,-0.07099386121862761f,0f,0f,0f,1f],start_interpolation:0}
execute if entity @s[tag=aj.gojo.bone.bottom] run data modify entity @s {} merge value {transformation:[-0.3277286406550767f,0.9404788424533986f,0.08996379822957004f,0.1858201235939991f,0.46391660285320924f,0.24314748654421653f,-0.8518571977651935f,1.163832628850732f,-0.8230281427092963f,-0.23744230180139603f,-0.515990144890134f,0.263485355366727f,0f,0f,0f,1f],start_interpolation:0}
execute if entity @s[tag=aj.gojo.bone.leftarm] run data modify entity @s {} merge value {transformation:[-0.7470470654424144f,0.6586555981861736f,0.08996379822957004f,0.3037935815503916f,0.2849148215835084f,0.43950296820120544f,-0.8518571977651935f,1.2915155472500026f,-0.6006198685157815f,-0.6107454002449336f,-0.515990144890134f,0.07326026352325726f,0f,0f,0f,1f],start_interpolation:0}
execute if entity @s[tag=aj.gojo.bone.head] run data modify entity @s {} merge value {transformation:[-0.9786980505362686f,0.01854997915605479f,0.20446521501178924f,-0.00032256986569043414f,0.06442302444399885f,0.9733563337302988f,0.2200616311595435f,1.4165153302253803f,-0.1949353733881955f,0.2285461569583286f,-0.9538169920595795f,0.0013598413827777866f,0f,0f,0f,1f],start_interpolation:0}
execute if entity @s[tag=aj.gojo.bone.bottom3] run data modify entity @s {} merge value {transformation:[-0.9835851122430137f,0.16659839357247327f,0.06932028731164865f,-0.1812736237620533f,0.1720712272388382f,0.7502999438776403f,0.6383114341555616f,0.37655521811393544f,0.05433065184974623f,0.6397616505201613f,-0.7666506445528503f,-0.09853165589026863f,0f,0f,0f,1f],start_interpolation:0}
execute if entity @s[tag=aj.gojo.bone.rightleg] run data modify entity @s {} merge value {transformation:[-0.9835851122430137f,0.18040389379371036f,0.003842144969401462f,-0.11875f,0.1720712272388382f,0.9313179501741478f,0.3209959009706256f,0.6665166323731139f,0.05433065184974623f,0.31638791188585447f,-0.9470727899597213f,-1.4542680739874818e-17f,0f,0f,0f,1f],start_interpolation:0}
execute if entity @s[tag=aj.gojo.bone.bottom4] run data modify entity @s {} merge value {transformation:[-0.9954336019250646f,-0.08798695596931595f,0.037016749421653825f,0.16813839629838545f,-0.0881153735362723f,0.9961085594311594f,-0.001848992845812747f,0.43007580155257663f,-0.03671001368911571f,-0.005102294310828703f,-0.9993129347145021f,0.26515965680552195f,0f,0f,0f,1f],start_interpolation:0}
execute if entity @s[tag=aj.gojo.bone.leftleg] run data modify entity @s {} merge value {transformation:[-0.9902350238216939f,-0.13823816767839958f,-0.01802239145529341f,0.11874999999999998f,-0.09415053227295184f,0.7584936692711781f,-0.6448434158369493f,0.6665166323731139f,0.10281184206874715f,-0.6368497174942166f,-0.7641021937267081f,0.06678669410150893f,0f,0f,0f,1f],start_interpolation:0}
execute if entity @s[tag=aj.gojo.locator_origin.purple] at @s on origin run tp @s ^0 ^1 ^0.5 ~0 ~0
execute if entity @s[tag=aj.gojo.locator_origin.blue] at @s on origin run tp @s ^-0.39063 ^1.23438 ^0.79688 ~0 ~0
execute if entity @s[tag=aj.gojo.bone.blue] run data modify entity @s {} merge value {transformation:[0.6253376555447383f,1.758006059808251f,2.2850847656395596e-16f,-0.3906250000000001f,1.758006059808251f,-0.6253376555447383f,0f,1.234375f,7.658177582491739e-17f,2.152936494025825e-16f,-1.8659133124999998f,0.796875f,0f,0f,0f,1f],start_interpolation:0}
execute if entity @s[tag=aj.gojo.locator_origin.red] at @s on origin run tp @s ^1.0625 ^1.78125 ^-0.53125 ~0 ~0
execute if entity @s[tag=aj.gojo.camera_origin.camera] at @s on origin run tp @s ^0 ^0.005 ^0 ~0 ~0