execute if entity @s[tag=aj.gojo.locator_origin.head] at @s on origin run tp @s ^-0.00053 ^1.41733 ^0.00224 ~13.22164 ~0.17578
execute if entity @s[tag=aj.gojo.bone.torso] run data modify entity @s {} merge value {transformation:[-0.973492585271269f,-0.000701698698127579f,0.22871749832664356f,-0.0005262740235956843f,0f,0.9999952938095762f,0.003067956762965976f,1.4173344333201452f,-0.22871857471980966f,0.0029866331606802216f,-0.9734880038297865f,0.002239974870510166f,0f,0f,0f,1f],start_interpolation:0}
execute if entity @s[tag=aj.gojo.bone.bottom2] run data modify entity @s {} merge value {transformation:[-0.9978415325945634f,0.06204845472878007f,-0.021500351046055195f,-0.3825322040529565f,0.029576667572161253f,0.1323329405904627f,-0.9907639545169208f,1.2611003281695923f,-0.05863016770109855f,-0.9892613315501884f,-0.13388249077041206f,0.17404303853171305f,0f,0f,0f,1f],start_interpolation:0}
execute if entity @s[tag=aj.gojo.bone.rightarm] run data modify entity @s {} merge value {transformation:[-0.9978415325945634f,0.06204845472878007f,-0.021500351046055195f,-0.3046549945836013f,0.029576667572161253f,0.1323329405904627f,-0.9907639545169208f,1.292335021593948f,-0.05863016770109855f,-0.9892613315501884f,-0.13388249077041206f,-0.06960790887451539f,0f,0f,0f,1f],start_interpolation:0}
execute if entity @s[tag=aj.gojo.bone.bottom] run data modify entity @s {} merge value {transformation:[-0.3313042373078235f,0.9386595809309846f,0.09568538795631149f,0.18562791052315486f,0.46803539477579104f,0.2515523790505766f,-0.8471506771708706f,1.162568273762937f,-0.8192559865993969f,-0.23588046065849438f,-0.5226662766054316f,0.2620405059595868f,0f,0f,0f,1f],start_interpolation:0}
execute if entity @s[tag=aj.gojo.bone.leftarm] run data modify entity @s {} merge value {transformation:[-0.7459537215766108f,0.6590882731453007f,0.09568538795631149f,0.30377787121094185f,0.2866406427287321f,0.447406830641861f,-0.8471506771708706f,1.292335021593948f,-0.6011573730746915f,-0.6045078792682116f,-0.5226662766054316f,0.07334120032536566f,0f,0f,0f,1f],start_interpolation:0}
execute if entity @s[tag=aj.gojo.bone.head] run data modify entity @s {} merge value {transformation:[-0.979104452683199f,0.01732012060846791f,0.2026190616848318f,-0.0005262740235956843f,0.06381546351095956f,0.9722050036052703f,0.22526654785333233f,1.4173344333201452f,-0.19308562181792543f,0.23348970938134384f,-0.9529955394755009f,0.002239974870510166f,0f,0f,0f,1f],start_interpolation:0}
execute if entity @s[tag=aj.gojo.bone.bottom3] run data modify entity @s {} merge value {transformation:[-0.9839053629084755f,0.16544833137010223f,0.06750619591407749f,-0.18073102940804728f,0.17039999144442602f,0.7549909727856614f,0.6332080810664849f,0.3769448039155662f,0.05379665190028556f,0.6345198820045038f,-0.7710320613212592f,-0.09759855363678334f,0f,0f,0f,1f],start_interpolation:0}
execute if entity @s[tag=aj.gojo.bone.rightleg] run data modify entity @s {} merge value {transformation:[-0.9839053629084755f,0.17866118684758178f,0.0032275616422373487f,-0.11875f,0.17039999144442602f,0.9326661087805583f,0.31795875903624865f,0.667337962962963f,0.05379665190028556f,0.31339130467571236f,-0.94809905094245f,-1.4542680739874818e-17f,0f,0f,0f,1f],start_interpolation:0}
execute if entity @s[tag=aj.gojo.bone.bottom4] run data modify entity @s {} merge value {transformation:[-0.9956070140164149f,-0.08617952820181808f,0.03660276711165679f,0.16767859618664432f,-0.08630587344464534f,0.9962669073776982f,-0.0018829426528670923f,0.42946057858335585f,-0.036303854482341254f,-0.0050337046982474876f,-0.9993281202721835f,0.2628925706930345f,0f,0f,0f,1f],start_interpolation:0}
execute if entity @s[tag=aj.gojo.bone.leftleg] run data modify entity @s {} merge value {transformation:[-0.99042560883537f,-0.13676299562055444f,-0.01878819821001466f,0.11874999999999998f,-0.09323670673782126f,0.7630723641494993f,-0.6395525651484635f,0.667337962962963f,0.10180387949273893f,-0.6316774889927503f,-0.7685177421634726f,0.06612962962962965f,0f,0f,0f,1f],start_interpolation:0}
execute if entity @s[tag=aj.gojo.locator_origin.purple] at @s on origin run tp @s ^0 ^1 ^0.5 ~0 ~0
execute if entity @s[tag=aj.gojo.locator_origin.blue] at @s on origin run tp @s ^-0.39063 ^1.23438 ^0.79688 ~0 ~0
execute if entity @s[tag=aj.gojo.bone.blue] run data modify entity @s {} merge value {transformation:[-1.5746444538821434f,-0.3132162561029479f,1.9661625523673059e-16f,-0.3906250000000001f,-0.3132162561029479f,1.5746444538821434f,0f,1.234375f,-1.9283832902418988e-16f,-3.835792854773928e-17f,-1.6054935624999997f,0.796875f,0f,0f,0f,1f],start_interpolation:0}
execute if entity @s[tag=aj.gojo.locator_origin.red] at @s on origin run tp @s ^1.0625 ^1.78125 ^-0.53125 ~0 ~0
execute if entity @s[tag=aj.gojo.camera_origin.camera] at @s on origin run tp @s ^0 ^0.005 ^0 ~0 ~0