execute if entity @s[tag=aj.gojo.locator_origin.head] at @s on origin run tp @s ^-0.00021 ^1.42086 ^0.00093 ~12.71875 ~0.07289
execute if entity @s[tag=aj.gojo.bone.torso] run data modify entity @s {} merge value {transformation:[-0.9754625612126866f,-0.00028007358815141097f,0.2201651953219919f,-0.00021005519111355823f,0f,0.9999991908734384f,0.001272105525702298f,1.4208593039918416f,-0.2201653734636435f,0.0012408913142343747f,-0.9754617719400185f,0.000930668485675781f,0f,0f,0f,1f],start_interpolation:0}
execute if entity @s[tag=aj.gojo.bone.bottom2] run data modify entity @s {} merge value {transformation:[-0.9983032003646041f,0.052898947639833466f,-0.024339709948709206f,-0.3806257833043053f,0.02992024677361755f,0.1074032877746292f,-0.9937652200636757f,1.2708785986123556f,-0.04995496947046374f,-0.9928072497286663f,-0.10880379548254142f,0.17705350470427045f,0f,0f,0f,1f],start_interpolation:0}
execute if entity @s[tag=aj.gojo.bone.rightarm] run data modify entity @s {} merge value {transformation:[-0.9983032003646041f,0.052898947639833466f,-0.024339709948709206f,-0.3050070963715592f,0.02992024677361755f,0.1074032877746292f,-0.9937652200636757f,1.2958594051326617f,-0.04995496947046374f,-0.9928072497286663f,-0.10880379548254142f,-0.06802612213599211f,0f,0f,0f,1f],start_interpolation:0}
execute if entity @s[tag=aj.gojo.bone.bottom] run data modify entity @s {} merge value {transformation:[-0.3895773926792383f,0.9136221867640872f,0.1162925404557557f,0.19643879753033316f,0.47006945641058495f,0.30582986940798607f,-0.8279509629970554f,1.156306709662353f,-0.7920001018075082f,-0.2678854061540142f,-0.5486102878242397f,0.2572474653824852f,0f,0f,0f,1f],start_interpolation:0}
execute if entity @s[tag=aj.gojo.bone.leftarm] run data modify entity @s {} merge value {transformation:[-0.7713401962424167f,0.625707876484751f,0.1162925404557557f,0.3046570043863699f,0.2726894974806875f,0.49003840751106315f,-0.8279509629970554f,1.2958594051326617f,-0.5750432502207465f,-0.6069201038596139f,-0.5486102878242397f,0.06957723627878508f,0f,0f,0f,1f],start_interpolation:0}
execute if entity @s[tag=aj.gojo.bone.head] run data modify entity @s {} merge value {transformation:[-0.9806437496254383f,0.02060205537431213f,0.1947136144056557f,-0.00021005519111355823f,0.061827654160094975f,0.9761511847492573f,0.20810143126293287f,1.4208593039918416f,-0.18578260817853828f,0.21611205386783788f,-0.9585303347684958f,0.000930668485675781f,0f,0f,0f,1f],start_interpolation:0}
execute if entity @s[tag=aj.gojo.bone.bottom3] run data modify entity @s {} merge value {transformation:[-0.9852432255994542f,0.16031947414740444f,0.05994541366512297f,-0.1783948321980675f,0.16322638591151495f,0.7746718536463815f,0.6109342567824665f,0.37866204929242175f,0.051506634064440456f,0.6117035110060911f,-0.7894085642239844f,-0.09358534180617482f,0f,0f,0f,1f],start_interpolation:0}
execute if entity @s[tag=aj.gojo.bone.rightleg] run data modify entity @s {} merge value {transformation:[-0.9852432255994542f,0.171158598521827f,0.0007215001226858427f,-0.11875f,0.16322638591151495f,0.9382976846601211f,0.30488457144257264f,0.6708599108367627f,0.051506634064440456f,0.3005032264610482f,-0.952389036861435f,-1.4542680739874818e-17f,0f,0f,0f,1f],start_interpolation:0}
execute if entity @s[tag=aj.gojo.bone.bottom4] run data modify entity @s {} merge value {transformation:[-0.9962964097460273f,-0.07864286612888224f,0.0347672767730083f,0.16569255170603603f,-0.07875987962917531f,0.9968915958526303f,-0.002006858040277615f,0.4269604916598002f,-0.03450138095749314f,-0.004737691994074755f,-0.9993934205239672f,0.25306133394962216f,0f,0f,0f,1f],start_interpolation:0}
execute if entity @s[tag=aj.gojo.bone.leftleg] run data modify entity @s {} merge value {transformation:[-0.9912217556561258f,-0.13039173034619286f,-0.021850120624685984f,0.11874999999999998f,-0.08931399947726136f,0.7822644213558251f,-0.6165106524450424f,0.6708599108367627f,0.09748046271619436f,-0.6091472496352272f,-0.7870433200596234f,0.06331207133058986f,0f,0f,0f,1f],start_interpolation:0}
execute if entity @s[tag=aj.gojo.locator_origin.purple] at @s on origin run tp @s ^0 ^1 ^0.5 ~0 ~0
execute if entity @s[tag=aj.gojo.locator_origin.blue] at @s on origin run tp @s ^-0.39063 ^1.23438 ^0.79688 ~0 ~0
execute if entity @s[tag=aj.gojo.bone.blue] run data modify entity @s {} merge value {transformation:[0.5841430293148792f,0.32197192626506504f,8.168394150312846e-17f,-0.3906250000000001f,0.32197192626506504f,-0.5841430293148792f,0f,1.234375f,7.153688910947052e-17f,3.9430188891581955e-17f,-0.667f,0.796875f,0f,0f,0f,1f],start_interpolation:0}
execute if entity @s[tag=aj.gojo.locator_origin.red] at @s on origin run tp @s ^1.0625 ^1.78125 ^-0.53125 ~0 ~0
execute if entity @s[tag=aj.gojo.camera_origin.camera] at @s on origin run tp @s ^0 ^0.005 ^0 ~0 ~0