execute if entity @s[tag=aj.gojo.locator_origin.head] at @s on origin run tp @s ^0 ^1.46635 ^0 ~5.38409 ~0
execute if entity @s[tag=aj.gojo.bone.torso] run data modify entity @s {} merge value {transformation:[-0.9955880620107862f,0f,0.09383182179627038f,0f,0f,1f,0f,1.466349451303155f,-0.09383182179627038f,0f,-0.9955880620107862f,0f,0f,0f,0f,1f],start_interpolation:0}
execute if entity @s[tag=aj.gojo.bone.bottom2] run data modify entity @s {} merge value {transformation:[-0.9983287951303442f,-0.04132324884143346f,-0.04039809300925484f,-0.3631860068636589f,0.025678601250144914f,0.30904618109144066f,-0.9507003036660043f,1.2656928186084289f,0.05177090158990369f,-0.9501488552105852f,-0.3074685783792925f,0.2114504508406808f,0f,0f,0f,1f],start_interpolation:0}
execute if entity @s[tag=aj.gojo.bone.rightarm] run data modify entity @s {} merge value {transformation:[-0.9983287951303442f,-0.04132324884143346f,-0.04039809300925484f,-0.3111212693783707f,0.025678601250144914f,0.30904618109144066f,-0.9507003036660043f,1.341349451303155f,0.05177090158990369f,-0.9501488552105852f,-0.3074685783792925f,-0.029322444311334493f,0f,0f,0f,1f],start_interpolation:0}
execute if entity @s[tag=aj.gojo.bone.bottom] run data modify entity @s {} merge value {transformation:[-0.8970023520805035f,0.4251508784995602f,0.12096904923614527f,0.25321638762566334f,0.21060425119029244f,0.6516736683576829f,-0.7286750162794227f,1.1657174789102507f,-0.38862916738533787f,-0.628146607473361f,-0.6740913957150664f,0.20878465465820129f,0f,0f,0f,1f],start_interpolation:0}
execute if entity @s[tag=aj.gojo.bone.leftarm] run data modify entity @s {} merge value {transformation:[-0.8835215435685287f,0.45249991290296154f,0.12096904923614527f,0.3111212693783707f,0.2305197278047882f,0.6448979576204203f,-0.7286750162794227f,1.341349451303155f,-0.407738074188677f,-0.6159143228402979f,-0.6740913957150664f,0.029322444311334493f,0f,0f,0f,1f],start_interpolation:0}
execute if entity @s[tag=aj.gojo.bone.head] run data modify entity @s {} merge value {transformation:[-0.9965509585772794f,0.0399794275048327f,0.07271748300850053f,0f,0.05174296032014077f,0.9844511608770199f,0.16786476076054868f,1.466349451303155f,-0.06487567353033089f,0.1710484060851598f,-0.9831244019755142f,0f,0f,0f,0f,1f],start_interpolation:0}
execute if entity @s[tag=aj.gojo.bone.bottom3] run data modify entity @s {} merge value {transformation:[-0.9999409044893848f,-0.010846865484986281f,0.0007300945840610398f,-0.12160573441695752f,-0.01037249930510714f,0.9720089479502507f,0.2347147553154943f,0.45289665356703723f,-0.003255577846805984f,0.23469331182161418f,-0.9720640156898547f,-0.08012942876961693f,0f,0f,0f,1f],start_interpolation:0}
execute if entity @s[tag=aj.gojo.bone.rightleg] run data modify entity @s {} merge value {transformation:[-0.9999409044893848f,-0.010860467955523626f,0.00048761125715719483f,-0.11875f,-0.01037249930510714f,0.9665232585993786f,0.2563692685260936f,0.755f,-0.003255577846805984f,0.256349060505838f,-0.966578791610212f,-1.4542680739874818e-17f,0f,0f,0f,1f],start_interpolation:0}
execute if entity @s[tag=aj.gojo.bone.bottom4] run data modify entity @s {} merge value {transformation:[-0.9931049501293545f,-0.11639143936577884f,-0.013985380614575962f,0.15935782732737144f,-0.07512912649124208f,0.723492410359103f,-0.6862319917531086f,0.48186385632286055f,0.0899898459896186f,-0.6804496785179179f,-0.7272482812792528f,0.2295600762609604f,0f,0f,0f,1f],start_interpolation:0}
execute if entity @s[tag=aj.gojo.bone.leftleg] run data modify entity @s {} merge value {transformation:[-0.9938430361336686f,-0.11006818672491528f,-0.0126891213131802f,0.11875f,-0.07490398740819915f,0.7518519836851062f,-0.6550633460201564f,0.716349451303155f,0.08164197571692984f,-0.6500796788854887f,-0.7554674042612138f,0.026920438957476013f,0f,0f,0f,1f],start_interpolation:0}
execute if entity @s[tag=aj.gojo.locator_origin.purple] at @s on origin run tp @s ^0 ^1 ^0.5 ~0 ~0
execute if entity @s[tag=aj.gojo.locator_origin.blue] at @s on origin run tp @s ^-0.39063 ^1.23438 ^0.79688 ~0 ~0
execute if entity @s[tag=aj.gojo.locator_origin.red] at @s on origin run tp @s ^1.0625 ^1.78125 ^-0.53125 ~0 ~0
execute if entity @s[tag=aj.gojo.camera_origin.camera] at @s on origin run tp @s ^0 ^0.005 ^0 ~0 ~0