execute if entity @s[tag=aj.gojo.locator_origin.head] at @s on origin run tp @s ^-0.00002 ^1.4218 ^0.00008 ~12.53901 ~0.00592
execute if entity @s[tag=aj.gojo.bone.torso] run data modify entity @s {} merge value {transformation:[-0.9761484013341561f,-0.000022439601977985234f,0.21710434834253217f,-0.000016829701483488926f,0f,0.9999999946584998f,0.00010335860165601313f,1.4218012648553289f,-0.2171043495021951f,0.00010089333377065108f,-0.9761483961200592f,0.0000756700003279883f,0f,0f,0f,1f],start_interpolation:0}
execute if entity @s[tag=aj.gojo.bone.bottom2] run data modify entity @s {} merge value {transformation:[-0.9984464259867066f,0.049439873096249976f,-0.025698898470528024f,-0.3798232700663917f,0.030133147062643487f,0.09114339435724511f,-0.9953817735487931f,1.2758987386251204f,-0.04686926372872641f,-0.9946097629790622f,-0.09249157531505604f,0.17794106087589084f,0f,0f,0f,1f],start_interpolation:0}
execute if entity @s[tag=aj.gojo.bone.rightarm] run data modify entity @s {} merge value {transformation:[-0.9984464259867066f,0.049439873096249976f,-0.025698898470528024f,-0.30506040016816005f,0.030133147062643487f,0.09114339435724511f,-0.9953817735487931f,1.2968012655230163f,-0.04686926372872641f,-0.9946097629790622f,-0.09249157531505604f,-0.06778205088582931f,0f,0f,0f,1f],start_interpolation:0}
execute if entity @s[tag=aj.gojo.bone.bottom] run data modify entity @s {} merge value {transformation:[-0.41164123519154266f,0.9030453264939582f,0.12272176574431201f,0.20128605643536676f,0.4694407779242794f,0.32552852451220726f,-0.8207658227233591f,1.1537773007330958f,-0.7811381756845768f,-0.2802504558895953f,-0.557927264490494f,0.25549042132254846f,0f,0f,0f,1f],start_interpolation:0}
execute if entity @s[tag=aj.gojo.bone.leftarm] run data modify entity @s {} merge value {transformation:[-0.7823868187018364f,0.6105818815967423f,0.12272176574431201f,0.30503235066568757f,0.2658577013968472f,0.5056314338104704f,-0.8207658227233591f,1.2968012655230163f,-0.563196722761776f,-0.6095298343875792f,-0.557927264490494f,0.06790816755304263f,0f,0f,0f,1f],start_interpolation:0}
execute if entity @s[tag=aj.gojo.bone.head] run data modify entity @s {} merge value {transformation:[-0.9811739862726265f,0.022332408154567433f,0.19183032139863004f,-0.000016829701483488926f,0.06115422842931229f,0.9781051763640356f,0.19892316183666073f,1.4218012648553289f,-0.18318779710204325f,0.2069094669557114f,-0.9610570760766523f,0.0000756700003279883f,0f,0f,0f,1f],start_interpolation:0}
execute if entity @s[tag=aj.gojo.bone.bottom3] run data modify entity @s {} merge value {transformation:[-0.9855910807366728f,0.1588958788842178f,0.05798552617618673f,-0.17776792574159533f,0.16130707061164862f,0.7798111132277923f,0.6048757365419115f,0.379133885094542f,0.050894504055014125f,0.6055136062550892f,-0.7942059066117244f,-0.09250945584204097f,0f,0f,0f,1f],start_interpolation:0}
execute if entity @s[tag=aj.gojo.bone.rightleg] run data modify entity @s {} merge value {transformation:[-0.9855910807366728f,0.16914554075837165f,0.0000872575227577945f,-0.11875f,0.16130707061164862f,0.9397617694663517f,0.30137658439261705f,0.6718012688614541f,0.050894504055014125f,0.29704814877563135f,-0.9535051896901058f,-1.4542680739874818e-17f,0f,0f,0f,1f],start_interpolation:0}
execute if entity @s[tag=aj.gojo.bone.bottom4] run data modify entity @s {} merge value {transformation:[-0.9964663496894518f,-0.07668745604323246f,0.034261465558210226f,0.16515819010435867f,-0.07680187101929103f,0.9970442995634624f,-0.0020340393164471338f,0.42633061255479654f,-0.03400421362883317f,-0.004658196391518488f,-0.9994108337725096f,0.25040399890805876f,0f,0f,0f,1f],start_interpolation:0}
execute if entity @s[tag=aj.gojo.bone.leftleg] run data modify entity @s {} merge value {transformation:[-0.991428752002808f,-0.12867763329389167f,-0.022607441076718943f,0.11874999999999998f,-0.08826441441683348f,0.7872713884696408f,-0.6102566296606187f,0.6718012688614541f,0.09632457033284945f,-0.6030305361977673f,-0.7918811461092032f,0.06255898491083678f,0f,0f,0f,1f],start_interpolation:0}
execute if entity @s[tag=aj.gojo.locator_origin.purple] at @s on origin run tp @s ^0 ^1 ^0.5 ~0 ~0
execute if entity @s[tag=aj.gojo.locator_origin.blue] at @s on origin run tp @s ^-0.39063 ^1.23438 ^0.79688 ~0 ~0
execute if entity @s[tag=aj.gojo.bone.blue] run data modify entity @s {} merge value {transformation:[0.09432928011099397f,0.04436688594579068f,1.2765986125799327e-17f,-0.3906250000000001f,0.04436688594579068f,-0.09432928011099397f,0f,1.234375f,1.1552005095380285e-17f,5.433376486164824e-18f,-0.10424218750000003f,0.796875f,0f,0f,0f,1f],start_interpolation:0}
execute if entity @s[tag=aj.gojo.locator_origin.red] at @s on origin run tp @s ^1.0625 ^1.78125 ^-0.53125 ~0 ~0
execute if entity @s[tag=aj.gojo.camera_origin.camera] at @s on origin run tp @s ^0 ^0.005 ^0 ~0 ~0