execute if entity @s[tag=aj.gojo.locator_origin.head] at @s on origin run tp @s ^0 ^1.43549 ^0 ~10.32236 ~0
execute if entity @s[tag=aj.gojo.bone.torso] run data modify entity @s {} merge value {transformation:[-0.9838151863308751f,0f,0.17918615779335673f,0f,0f,1f,0f,1.4354852537722909f,-0.17918615779335673f,0f,-0.9838151863308751f,0f,0f,0f,0f,1f],start_interpolation:0}
execute if entity @s[tag=aj.gojo.bone.bottom2] run data modify entity @s {} merge value {transformation:[-0.9994695622421661f,-0.00488652137933171f,-0.03219807541239547f,-0.3686874630237009f,0.0322796852384241f,-0.017658753478439593f,-0.999322865917965f,1.3169174224693023f,0.0043146346729753815f,-0.9998321310772106f,0.017807121980874027f,0.19423202312593962f,0f,0f,0f,1f],start_interpolation:0}
execute if entity @s[tag=aj.gojo.bone.rightarm] run data modify entity @s {} merge value {transformation:[-0.9994695622421661f,-0.00488652137933171f,-0.03219807541239547f,-0.30744224572839846f,0.0322796852384241f,-0.017658753478439593f,-0.999322865917965f,1.3104852537722909f,0.0043146346729753815f,-0.9998321310772106f,0.017807121980874027f,-0.055995674310423973f,0f,0f,0f,1f],start_interpolation:0}
execute if entity @s[tag=aj.gojo.bone.bottom] run data modify entity @s {} merge value {transformation:[-0.6188398165506789f,0.782772056052529f,0.06561394451500943f,0.20332720088246747f,0.37649148316750636f,0.3688781891149036f,-0.8498135352520816f,1.1811602946221411f,-0.6894138412839224f,-0.5011953609707558f,-0.5229835232467086f,0.2530777952081398f,0f,0f,0f,1f],start_interpolation:0}
execute if entity @s[tag=aj.gojo.bone.leftarm] run data modify entity @s {} merge value {transformation:[-0.787159022922034f,0.6132499351142324f,0.06561394451500943f,0.30744224572839846f,0.27802487498755163f,0.4477936178537113f,-0.8498135352520816f,1.3104852537722909f,-0.5505296009485641f,-0.6506960833537223f,-0.5229835232467086f,0.055995674310423973f,0f,0f,0f,1f],start_interpolation:0}
execute if entity @s[tag=aj.gojo.bone.head] run data modify entity @s {} merge value {transformation:[-0.9876004955490346f,0.03282001361018985f,0.1535190799149358f,0f,0.0653190187152991f,0.9751425438535195f,0.21173201213079976f,1.4354852537722909f,-0.1427539385984565f,0.21913435575809123f,-0.9651950306239225f,0f,0f,0f,0f,1f],start_interpolation:0}
execute if entity @s[tag=aj.gojo.bone.bottom3] run data modify entity @s {} merge value {transformation:[-0.9963959244997941f,0.08323745896082103f,0.016330556204434077f,-0.15148018273151104f,0.08092218613324549f,0.8750561374232195f,0.47720892295657236f,0.41624684857173583f,0.025431504706110424f,0.4768105302776996f,-0.8786381261843137f,-0.09890130231269567f,0f,0f,0f,1f],start_interpolation:0}
execute if entity @s[tag=aj.gojo.bone.rightleg] run data modify entity @s {} merge value {transformation:[-0.9963959244997941f,0.08480866625083941f,0.001628425298955821f,-0.11875f,0.08092218613324549f,0.9446285282931102f,0.31800714351443293f,0.7109375f,0.025431504706110424f,0.3169927974947483f,-0.9480869184335562f,-1.4542680739874818e-17f,0f,0f,0f,1f],start_interpolation:0}
execute if entity @s[tag=aj.gojo.bone.bottom4] run data modify entity @s {} merge value {transformation:[-0.994595113330014f,-0.10328550954157158f,0.010614332706025957f,0.16823129040575902f,-0.09702009255806054f,0.8880864928187929f,-0.4493211356177691f,0.46901460388009214f,0.03698191693357248f,-0.44792240934290667f,-0.8933072556675917f,0.27158309541682696f,0f,0f,0f,1f],start_interpolation:0}
execute if entity @s[tag=aj.gojo.bone.leftleg] run data modify entity @s {} merge value {transformation:[-0.9903456003290496f,-0.1385332172918479f,-0.004913208286231871f,0.11875f,-0.0936214671485286f,0.6945785089980065f,-0.7132991768725542f,0.6854852537722909f,0.10222823874962937f,-0.7059527197659033f,-0.7008424535209556f,0.05161179698216736f,0f,0f,0f,1f],start_interpolation:0}
execute if entity @s[tag=aj.gojo.locator_origin.purple] at @s on origin run tp @s ^0 ^1 ^0.5 ~0 ~0
execute if entity @s[tag=aj.gojo.locator_origin.blue] at @s on origin run tp @s ^-0.39063 ^1.23438 ^0.79688 ~0 ~0
execute if entity @s[tag=aj.gojo.locator_origin.red] at @s on origin run tp @s ^1.0625 ^1.78125 ^-0.53125 ~0 ~0
execute if entity @s[tag=aj.gojo.camera_origin.camera] at @s on origin run tp @s ^0 ^0.005 ^0 ~0 ~0