execute if entity @s[tag=aj.gojo.locator_origin.head] at @s on origin run tp @s ^-0.00037 ^1.41899 ^0.00153 ~13.73976 ~0.12
execute if entity @s[tag=aj.gojo.bone.torso] run data modify entity @s {} merge value {transformation:[-0.9713845339304015f,-0.0004974442103506361f,0.23751176768757049f,-0.00037308315776297707f,-5.421010862427522e-20f,0.9999978067553793f,0.002094393571219376f,1.41899098195268f,-0.23751228861011986f,0.002034461523045763f,-0.9713824034464977f,0.0015258461422843223f,0f,0f,0f,1f],start_interpolation:0}
execute if entity @s[tag=aj.gojo.bone.bottom2] run data modify entity @s {} merge value {transformation:[-0.9978309022820829f,0.0592362218851169f,-0.02871516093810853f,-0.38104205634862903f,0.031418837839450584f,0.04522741394058648f,-0.9984825174518908f,1.2846480799880764f,-0.0578476194820719f,-0.9972189082869539f,-0.046990444509850876f,0.1727381991153501f,0f,0f,0f,1f],start_interpolation:0}
execute if entity @s[tag=aj.gojo.bone.rightarm] run data modify entity @s {} merge value {transformation:[-0.9978309022820829f,0.0592362218851169f,-0.02871516093810853f,-0.30386856948471963f,0.031418837839450584f,0.04522741394058648f,-0.9984825174518908f,1.2939912561082574f,-0.0578476194820719f,-0.9972189082869539f,-0.046990444509850876f,-0.07295105173875886f,0f,0f,0f,1f],start_interpolation:0}
execute if entity @s[tag=aj.gojo.bone.bottom] run data modify entity @s {} merge value {transformation:[-0.31970649933300904f,0.9447832009423532f,0.07191979909144437f,0.17960488431639654f,0.450861958376255f,0.21844851797681136f,-0.8654500213662617f,1.1739524779122037f,-0.8333734149667608f,-0.24426409521428993f,-0.4958062151847065f,0.2670916945526294f,0f,0f,0f,1f],start_interpolation:0}
execute if entity @s[tag=aj.gojo.bone.leftarm] run data modify entity @s {} merge value {transformation:[-0.7319477452311479f,0.6775544559293261f,0.07191979909144437f,0.3032467642217813f,0.29188686538000086f,0.4071833964392144f,-0.8654500213662617f,1.2939912561082574f,-0.6156740664261213f,-0.6124717470337229f,-0.4958062151847065f,0.07549412864256606f,0f,0f,0f,1f],start_interpolation:0}
execute if entity @s[tag=aj.gojo.bone.head] run data modify entity @s {} merge value {transformation:[-0.9721608287181934f,0.00034082311051625205f,0.23431433363232992f,-0.00037308315776297707f,0.005996275991601078f,0.9997076334892551f,0.02342418018941014f,1.41899098195268f,-0.23423784446623488f,0.024177083838228797f,-0.9718786451182532f,0.0015258461422843223f,0f,0f,0f,1f],start_interpolation:0}
execute if entity @s[tag=aj.gojo.bone.bottom3] run data modify entity @s {} merge value {transformation:[-0.9845410650574998f,0.16307806765761707f,0.0639095850753351f,-0.17963532298678733f,0.16703115962460055f,0.7643257463442497f,0.6228215998099031f,0.3777421565964939f,0.05272080168116786f,0.6238683333239182f,-0.7797492031068268f,-0.0957154820332187f,0f,0f,0f,1f],start_interpolation:0}
execute if entity @s[tag=aj.gojo.bone.rightleg] run data modify entity @s {} merge value {transformation:[-0.9845410650574998f,0.17514221225656945f,0.002024030957915342f,-0.11875f,0.16703115962460055f,0.9353421281193769f,0.31182638611826363f,0.6689926268861455f,0.05272080168116786f,0.30734395853992313f,-0.9501369418242325f,-1.4542680739874818e-17f,0f,0f,0f,1f],start_interpolation:0}
execute if entity @s[tag=aj.gojo.bone.bottom4] run data modify entity @s {} merge value {transformation:[-0.9959416565743224f,-0.08259540603421159f,0.035752141223122494f,0.1667482804578007f,-0.08271745086444984f,0.9965711405694104f,-0.0019455350604985489f,0.4282579650268328f,-0.035468859898250195f,-0.004894965395998818f,-0.9993587940731249f,0.2582956918978076f,0f,0f,0f,1f],start_interpolation:0}
execute if entity @s[tag=aj.gojo.bone.leftleg] run data modify entity @s {} merge value {transformation:[-0.9908039142310915f,-0.13377841918034047f,-0.020271608371240434f,0.11874999999999998f,-0.09139458628684652f,0.7721788096755375f,-0.6287979925902485f,0.6689926268861455f,0.09977290785480795f,-0.6211627970586127f,-0.7773044103879232f,0.06480589849108369f,0f,0f,0f,1f],start_interpolation:0}
execute if entity @s[tag=aj.gojo.locator_origin.purple] at @s on origin run tp @s ^0 ^1 ^0.5 ~0 ~0
execute if entity @s[tag=aj.gojo.locator_origin.blue] at @s on origin run tp @s ^-0.39063 ^1.23438 ^0.79688 ~0 ~0
execute if entity @s[tag=aj.gojo.locator_origin.red] at @s on origin run tp @s ^1.0625 ^1.78125 ^-0.53125 ~0 ~0
execute if entity @s[tag=aj.gojo.camera_origin.camera] at @s on origin run tp @s ^0 ^0.005 ^0 ~0 ~0