execute if entity @s[tag=aj.gojo.locator_origin.head] at @s on origin run tp @s ^-0.00049 ^1.41844 ^0.00199 ~13.73312 ~0.15625
execute if entity @s[tag=aj.gojo.bone.torso] run data modify entity @s {} merge value {transformation:[-0.9714120319566615f,-0.0006474067165422958f,0.23739891540268968f,-0.00048555503740672185f,5.421010862427522e-20f,0.9999962815279418f,0.0027270735760538145f,1.4184428558647493f,-0.23739979816720577f,0.002649112083809755f,-0.9714084197881637f,0.0019868340628573164f,0f,0f,0f,1f],start_interpolation:0}
execute if entity @s[tag=aj.gojo.bone.bottom2] run data modify entity @s {} merge value {transformation:[-0.9977325421377086f,0.06170978202143726f,-0.026864049625703067f,-0.38175661857326176f,0.03097284381017665f,0.06662094957413463f,-0.9972975142975896f,1.278723886018359f,-0.059753303722354434f,-0.9958682402209176f,-0.06838121681833945f,0.17270073669771152f,0f,0f,0f,1f],start_interpolation:0}
execute if entity @s[tag=aj.gojo.bone.rightarm] run data modify entity @s {} merge value {transformation:[-0.9977325421377086f,0.06170978202143726f,-0.026864049625703067f,-0.30397088918429566f,0.03097284381017665f,0.06662094957413463f,-0.9972975142975896f,1.2934433206737566f,-0.059753303722354434f,-0.9958682402209176f,-0.06838121681833945f,-0.0725317418748707f,0f,0f,0f,1f],start_interpolation:0}
execute if entity @s[tag=aj.gojo.bone.bottom] run data modify entity @s {} merge value {transformation:[-0.3127806565080645f,0.9470757642750411f,0.07222020241754287f,0.1786324573387411f,0.4528978547099992f,0.21554398444098619f,-0.8651152084955993f,1.1734391291034751f,-0.834896277458143f,-0.2378829281267375f,-0.4963465708478148f,0.26688692006355297f,0f,0f,0f,1f],start_interpolation:0}
execute if entity @s[tag=aj.gojo.bone.leftarm] run data modify entity @s {} merge value {transformation:[-0.7292471046430637f,0.6804284699602725f,0.07222020241754287f,0.30316163078861774f,0.29369771316289683f,0.406592337990401f,-0.8651152084955993f,1.2934433206737566f,-0.6180131986071116f,-0.6096718526839023f,-0.4963465708478148f,0.0758431319796329f,0f,0f,0f,1f],start_interpolation:0}
execute if entity @s[tag=aj.gojo.bone.head] run data modify entity @s {} merge value {transformation:[-0.9732223843828717f,0.001235732522873189f,0.2298622707215121f,-0.00048555503740672185f,0.014587168663296192f,0.9983020064023078f,0.056394312864995876f,1.4184428558647493f,-0.22940227777096364f,0.05823724734444791f,-0.9715878848437929f,0.0019868340628573164f,0f,0f,0f,1f],start_interpolation:0}
execute if entity @s[tag=aj.gojo.bone.bottom3] run data modify entity @s {} merge value {transformation:[-0.9843323233561502f,0.163869417301938f,0.06508987071278227f,-0.17999790659698203f,0.1681450784628386f,0.76125717292011f,0.6262705080605406f,0.3774767274629116f,0.05307645226472136f,0.6274028456668053f,-0.7768838777218804f,-0.09633844314928214f,0f,0f,0f,1f],start_interpolation:0}
execute if entity @s[tag=aj.gojo.bone.rightleg] run data modify entity @s {} merge value {transformation:[-0.9843323233561502f,0.1763066546432195f,0.0024167591522378327f,-0.11875f,0.1681450784628386f,0.9344634367880769f,0.31385556852625957f,0.6684456447187929f,0.05307645226472136f,0.30934454712299725f,-0.9494676621034854f,-1.4542680739874818e-17f,0f,0f,0f,1f],start_interpolation:0}
execute if entity @s[tag=aj.gojo.bone.bottom4] run data modify entity @s {} merge value {transformation:[-0.9958331800118482f,-0.08377174095561585f,0.036035718457597114f,0.16705638356434765f,-0.0838952249892227f,0.9964727205971384f,-0.001925702402951146f,0.42865004402605156f,-0.03574729096725668f,-0.0049409030553356215f,-0.9993486472025166f,0.25981962792028485f,0f,0f,0f,1f],start_interpolation:0}
execute if entity @s[tag=aj.gojo.bone.leftleg] run data modify entity @s {} merge value {transformation:[-0.9906796936158996f,-0.13476683353359456f,-0.01979002871235463f,0.11874999999999998f,-0.09200369956235846f,0.7691859962080192f,-0.6323671579899736f,0.6684456447187929f,0.10044433246304486f,-0.6246525464742821f,-0.7744159943203962f,0.06524348422496572f,0f,0f,0f,1f],start_interpolation:0}
execute if entity @s[tag=aj.gojo.locator_origin.purple] at @s on origin run tp @s ^0 ^1 ^0.5 ~0 ~0
execute if entity @s[tag=aj.gojo.locator_origin.blue] at @s on origin run tp @s ^-0.39063 ^1.23438 ^0.79688 ~0 ~0
execute if entity @s[tag=aj.gojo.locator_origin.red] at @s on origin run tp @s ^1.0625 ^1.78125 ^-0.53125 ~0 ~0
execute if entity @s[tag=aj.gojo.camera_origin.camera] at @s on origin run tp @s ^0 ^0.005 ^0 ~0 ~0