execute if entity @s[tag=aj.gojo.locator_origin.head] at @s on origin run tp @s ^-0.00006 ^1.42159 ^0.00028 ~12.58977 ~0.02187
execute if entity @s[tag=aj.gojo.bone.torso] run data modify entity @s {} merge value {transformation:[-0.9759557075552105f,-0.0000831838666420375f,0.2179689197359401f,-0.00006238789998152813f,0f,0.9999999271786005f,0.00038163175137650616f,1.4215937382508914f,-0.21796893560874306f,0.0003724556859401923f,-0.9759556364847501f,0.0002793417644551442f,0f,0f,0f,1f],start_interpolation:0}
execute if entity @s[tag=aj.gojo.bone.bottom2] run data modify entity @s {} merge value {transformation:[-0.998406614434378f,0.05040378874372292f,-0.02537105307159238f,-0.3800395091157339f,0.030081891523109663f,0.0950172360274891f,-0.9950210071451198f,1.2747195565668883f,-0.047742141301739566f,-0.9941987643011708f,-0.09638207824045994f,0.17768329966991442f,0f,0f,0f,1f],start_interpolation:0}
execute if entity @s[tag=aj.gojo.bone.rightarm] run data modify entity @s {} merge value {transformation:[-0.998406614434378f,0.05040378874372292f,-0.02537105307159238f,-0.3050381485276546f,0.030081891523109663f,0.0950172360274891f,-0.9950210071451198f,1.2965937473535663f,-0.047742141301739566f,-0.9941987643011708f,-0.09638207824045994f,-0.06788250757401958f,0f,0f,0f,1f],start_interpolation:0}
execute if entity @s[tag=aj.gojo.bone.bottom] run data modify entity @s {} merge value {transformation:[-0.4060780420103854f,0.905802462172882f,0.12092362597340744f,0.20000243271338355f,0.4694353412920898f,0.3202975299407662f,-0.8228243753437443f,1.1545338711412487f,-0.7840478838329908f,-0.27736508762890255f,-0.5552814817924513f,0.25600353901126044f,0f,0f,0f,1f],start_interpolation:0}
execute if entity @s[tag=aj.gojo.bone.leftarm] run data modify entity @s {} merge value {transformation:[-0.7795116149878422f,0.6146048476708345f,0.12092362597340744f,0.304934168694352f,0.26763158594812286f,0.501331608362239f,-0.8228243753437443f,1.2965937473535663f,-0.5663346857662338f,-0.6090381758777039f,-0.5552814817924513f,0.06834807718144482f,0f,0f,0f,1f],start_interpolation:0}
execute if entity @s[tag=aj.gojo.bone.head] run data modify entity @s {} merge value {transformation:[-0.9810243517538978f,0.021911024535055557f,0.19264248822538765f,-0.00006238789998152813f,0.06134826075945657f,0.977623205450115f,0.20121943014339327f,1.4215937382508914f,-0.18392284297398778f,0.20921944261771272f,-0.9604163746329503f,0.0002793417644551442f,0f,0f,0f,1f],start_interpolation:0}
execute if entity @s[tag=aj.gojo.bone.bottom3] run data modify entity @s {} merge value {transformation:[-0.9855147661936842f,0.15921150880832438f,0.05841524695817735f,-0.17790618248160392f,0.16173015782130046f,0.7786828547680791f,0.6062147868052478f,0.37902942586863336f,0.05102941960580431f,0.6068811309912441f,-0.7931527540023315f,-0.09274669663703797f,0f,0f,0f,1f],start_interpolation:0}
execute if entity @s[tag=aj.gojo.bone.rightleg] run data modify entity @s {} merge value {transformation:[-0.9855147661936842f,0.1695894886172589f,0.000225753725597635f,-0.11875f,0.16173015782130046f,0.9394405775510104f,0.30215022307077866f,0.671593792866941f,0.05102941960580431f,0.2978100176306375f,-0.9532602958969465f,-1.4542680739874818e-17f,0f,0f,0f,1f],start_interpolation:0}
execute if entity @s[tag=aj.gojo.bone.bottom4] run data modify entity @s {} merge value {transformation:[-0.9964293974995254f,-0.07711628316082109f,0.03437345880461973f,0.1652760791693312f,-0.07723127410357114f,0.9970111415875066f,-0.002028262979955897f,0.4264680360426985f,-0.03411430930081812f,-0.004675726877915343f,-0.999406999914995f,0.250990734763043f,0f,0f,0f,1f],start_interpolation:0}
execute if entity @s[tag=aj.gojo.bone.leftleg] run data modify entity @s {} merge value {transformation:[-0.9913833401971492f,-0.1290557865379169f,-0.02244274360729847f,0.11874999999999998f,-0.08849578327568303f,0.7861723375030896f,-0.6116384161310927f,0.671593792866941f,0.09657934107233625f,-0.6043820478025533f,-0.7908190508403458f,0.0627249657064472f,0f,0f,0f,1f],start_interpolation:0}
execute if entity @s[tag=aj.gojo.locator_origin.purple] at @s on origin run tp @s ^0 ^1 ^0.5 ~0 ~0
execute if entity @s[tag=aj.gojo.locator_origin.blue] at @s on origin run tp @s ^-0.39063 ^1.23438 ^0.79688 ~0 ~0
execute if entity @s[tag=aj.gojo.bone.blue] run data modify entity @s {} merge value {transformation:[-0.24980980579984666f,-0.013742128019086615f,3.0639132106167855e-17f,-0.3906250000000001f,-0.013742128019086615f,0.24980980579984666f,0f,1.234375f,-3.059287790684041e-17f,-1.6829253092047581e-18f,-0.2501875000000001f,0.796875f,0f,0f,0f,1f],start_interpolation:0}
execute if entity @s[tag=aj.gojo.locator_origin.red] at @s on origin run tp @s ^1.0625 ^1.78125 ^-0.53125 ~0 ~0
execute if entity @s[tag=aj.gojo.camera_origin.camera] at @s on origin run tp @s ^0 ^0.005 ^0 ~0 ~0