execute if entity @s[tag=aj.gojo.locator_origin.head] at @s on origin run tp @s ^-0.00013 ^1.42127 ^0.00058 ~12.65032 ~0.0451
execute if entity @s[tag=aj.gojo.bone.torso] run data modify entity @s {} merge value {transformation:[-0.9757247917189908f,-0.00017237851318566483f,0.2190002308459516f,-0.00012928388488924863f,1.3552527156068805e-20f,0.9999996902246059f,0.0007871154250439893f,1.4212729158166026f,-0.21900029868685544f,0.0007680080341598515f,-0.9757244894634589f,0.0005760060256198886f,0f,0f,0f,1f],start_interpolation:0}
execute if entity @s[tag=aj.gojo.bone.bottom2] run data modify entity @s {} merge value {transformation:[-0.9983585936525137f,0.05157367866738352f,-0.024905303629720883f,-0.3803125657530536f,0.030008159297903802f,0.10065926248453429f,-0.9944683118388544f,1.2729836488735125f,-0.04878143966435136f,-0.9935833475581115f,-0.1020416708971886f,0.17738940859221347f,0f,0f,0f,1f],start_interpolation:0}
execute if entity @s[tag=aj.gojo.bone.rightarm] run data modify entity @s {} merge value {transformation:[-0.9983585936525137f,0.05157367866738352f,-0.024905303629720883f,-0.30502173398292565f,0.030008159297903802f,0.10065926248453429f,-0.9944683118388544f,1.296272954538527f,-0.04878143966435136f,-0.9935833475581115f,-0.1020416708971886f,-0.06795758831829242f,0f,0f,0f,1f],start_interpolation:0}
execute if entity @s[tag=aj.gojo.bone.bottom] run data modify entity @s {} merge value {transformation:[-0.3985566431370605f,0.9094205927637699f,0.11877199867187219f,0.19834808745002486f,0.4696908357900782f,0.313622284970823f,-0.8252463760262735f,1.1553828203636118f,-0.7877455940759908f,-0.27312130606540636f,-0.5521427634108692f,0.25659518735428966f,0f,0f,0f,1f],start_interpolation:0}
execute if entity @s[tag=aj.gojo.bone.leftarm] run data modify entity @s {} merge value {transformation:[-0.7757446582621295f,0.6197688581312073f,0.11877199867187219f,0.3048062608414436f,0.2699738399513904f,0.4960670767118126f,-0.8252463760262735f,1.296272954538527f,-0.5703808823230954f,-0.6081151353924157f,-0.5521427634108692f,0.06891759836099225f,0f,0f,0f,1f],start_interpolation:0}
execute if entity @s[tag=aj.gojo.bone.head] run data modify entity @s {} merge value {transformation:[-0.9808459518188355f,0.021315176229835982f,0.19361529397982363f,-0.00012928388488924863f,0.06157432694292576f,0.9769532322266787f,0.20437951047835246f,1.4212729158166026f,-0.18479670197849357f,0.21238654690007164f,-0.9595530905758866f,0.0005760060256198886f,0f,0f,0f,1f],start_interpolation:0}
execute if entity @s[tag=aj.gojo.bone.bottom3] run data modify entity @s {} merge value {transformation:[-0.9853964329398036f,0.15969722711014742f,0.059081855106633094f,-0.1781197566396129f,0.16238394357870362f,0.7769342415454825f,0.6082800664019611f,0.37886850752882995f,0.05123792362439745f,0.6089909522870399f,-0.7915204957644397f,-0.09311321410433895f,0f,0f,0f,1f],start_interpolation:0}
execute if entity @s[tag=aj.gojo.bone.rightleg] run data modify entity @s {} merge value {transformation:[-0.9853964329398036f,0.17027529258796523f,0.0004412296386518641f,-0.11875f,0.16238394357870362f,0.9389425288533926f,0.30334531870168113f,0.6712731481481482f,0.05123792362439745f,0.2989870436063725f,-0.952880592172063f,-1.4542680739874818e-17f,0f,0f,0f,1f],start_interpolation:0}
execute if entity @s[tag=aj.gojo.bone.bottom4] run data modify entity @s {} merge value {transformation:[-0.9963717322543251f,-0.07778140423257482f,0.03454597400746866f,0.16545814437784256f,-0.0778972817485239f,0.9969593455809823f,-0.0020190975535158695f,0.42668197871848745f,-0.034283883395948546f,-0.004702809197524194f,-0.9994010701039622f,0.2518963342215707f,0f,0f,0f,1f],start_interpolation:0}
execute if entity @s[tag=aj.gojo.bone.leftleg] run data modify entity @s {} merge value {transformation:[-0.9913129243718197f,-0.12963980352165982f,-0.022185745789949154f,0.11874999999999998f,-0.08885330942450845f,0.7844688083634047f,-0.6137701345855893f,0.6712731481481482f,0.09697306521763334f,-0.606466990072638f,-0.7891729940732458f,0.0629814814814815f,0f,0f,0f,1f],start_interpolation:0}
execute if entity @s[tag=aj.gojo.locator_origin.purple] at @s on origin run tp @s ^0 ^1 ^0.5 ~0 ~0
execute if entity @s[tag=aj.gojo.locator_origin.blue] at @s on origin run tp @s ^-0.39063 ^1.23438 ^0.79688 ~0 ~0
execute if entity @s[tag=aj.gojo.bone.blue] run data modify entity @s {} merge value {transformation:[0.23036596456046443f,-0.3722778339046739f,5.3613697409234586e-17f,-0.3906250000000001f,-0.3722778339046739f,-0.23036596456046443f,0f,1.234375f,2.821169411314654e-17f,-4.559088576848689e-17f,-0.43778906250000027f,0.796875f,0f,0f,0f,1f],start_interpolation:0}
execute if entity @s[tag=aj.gojo.locator_origin.red] at @s on origin run tp @s ^1.0625 ^1.78125 ^-0.53125 ~0 ~0
execute if entity @s[tag=aj.gojo.camera_origin.camera] at @s on origin run tp @s ^0 ^0.005 ^0 ~0 ~0