execute if entity @s[tag=aj.gojo.locator_origin.head] at @s on origin run tp @s ^0 ^1.42755 ^0 ~11.59122 ~0
execute if entity @s[tag=aj.gojo.bone.torso] run data modify entity @s {} merge value {transformation:[-0.9796060482774953f,0f,0.20092782330515999f,0f,0f,1f,0f,1.4275548696844993f,-0.20092782330515999f,0f,-0.9796060482774953f,0f,0f,0f,0f,1f],start_interpolation:0}
execute if entity @s[tag=aj.gojo.bone.bottom2] run data modify entity @s {} merge value {transformation:[-0.9993136158289327f,0.01789911426115834f,-0.03243329967132921f,-0.3730587696413152f,0.032196529669946655f,-0.013361422764837982f,-0.9993922432453193f,1.3079075084800804f,-0.018321590982130653f,-0.9997505159240304f,0.012775962332374189f,0.18600258476176196f,0f,0f,0f,1f],start_interpolation:0}
execute if entity @s[tag=aj.gojo.bone.rightarm] run data modify entity @s {} merge value {transformation:[-0.9993136158289327f,0.01789911426115834f,-0.03243329967132921f,-0.3061268900867173f,0.032196529669946655f,-0.013361422764837982f,-0.9993922432453193f,1.3025548696844993f,-0.018321590982130653f,-0.9997505159240304f,0.012775962332374189f,-0.0627899447828625f,0f,0f,0f,1f],start_interpolation:0}
execute if entity @s[tag=aj.gojo.bone.bottom] run data modify entity @s {} merge value {transformation:[-0.5018691358356342f,0.8589838686486263f,0.10136115576014851f,0.20286082800998453f,0.4318216047297964f,0.35036964758742456f,-0.8311264715661794f,1.1641347958572543f,-0.7494381043049367f,-0.37334678711742414f,-0.546767504854595f,0.25405482285728687f,0f,0f,0f,1f],start_interpolation:0}
execute if entity @s[tag=aj.gojo.bone.leftarm] run data modify entity @s {} merge value {transformation:[-0.7861925124429562f,0.6096123764176701f,0.10136115576014851f,0.3061268900867173f,0.26985681489588187f,0.48621609158500956f,-0.8311264715661794f,1.3025548696844993f,-0.5559484084273306f,-0.6260724101908648f,-0.546767504854595f,0.0627899447828625f,0f,0f,0f,1f],start_interpolation:0}
execute if entity @s[tag=aj.gojo.bone.head] run data modify entity @s {} merge value {transformation:[-0.9841894136655238f,0.027824293371662756f,0.17492000093494287f,0f,0.06505214645468374f,0.9753472668238584f,0.21086945568495088f,1.4275548696844993f,-0.1647404512266224f,0.21891440746921326f,-0.9617364846630558f,0f,0f,0f,0f,1f],start_interpolation:0}
execute if entity @s[tag=aj.gojo.bone.bottom3] run data modify entity @s {} merge value {transformation:[-0.9908567448750367f,0.1294628984551823f,0.037977217634121804f,-0.16710369499436706f,0.12868821754152743f,0.8223411729181751f,0.5542511506434102f,0.39388503132135366f,0.04052473074100325f,0.5540707114142949f,-0.83148264741438f,-0.09488970734310097f,0f,0f,0f,1f],start_interpolation:0}
execute if entity @s[tag=aj.gojo.bone.rightleg] run data modify entity @s {} merge value {transformation:[-0.9908567448750367f,0.13491468908447382f,0.000968403266238519f,-0.11875f,0.12868821754152743f,0.9429229141224988f,0.30714120643234943f,0.687744140625f,0.04052473074100325f,0.3044575581127431f,-0.9516634602139534f,-1.4542680739874818e-17f,0f,0f,0f,1f],start_interpolation:0}
execute if entity @s[tag=aj.gojo.bone.bottom4] run data modify entity @s {} merge value {transformation:[-0.9962128772011967f,-0.0841532335092878f,0.02186633459098288f,0.16638395639549042f,-0.0867657533821713f,0.9784384407112513f,-0.18742977825991125f,0.4429034313789509f,-0.00562204042477147f,-0.18861720766798173f,-0.9820345928901872f,0.25886658481339553f,0f,0f,0f,1f],start_interpolation:0}
execute if entity @s[tag=aj.gojo.bone.leftleg] run data modify entity @s {} merge value {transformation:[-0.9910403516264426f,-0.13260785343304055f,-0.01594298140306061f,0.11874999999999998f,-0.09022340093445405f,0.752689070596444f,-0.6521647805029663f,0.6775548696844993f,0.09848227948193448f,-0.6448831833848226f,-0.7579095727166266f,0.05795610425240057f,0f,0f,0f,1f],start_interpolation:0}
execute if entity @s[tag=aj.gojo.locator_origin.purple] at @s on origin run tp @s ^0 ^1 ^0.5 ~0 ~0
execute if entity @s[tag=aj.gojo.locator_origin.blue] at @s on origin run tp @s ^-0.39063 ^1.23438 ^0.79688 ~0 ~0
execute if entity @s[tag=aj.gojo.locator_origin.red] at @s on origin run tp @s ^1.0625 ^1.78125 ^-0.53125 ~0 ~0
execute if entity @s[tag=aj.gojo.camera_origin.camera] at @s on origin run tp @s ^0 ^0.005 ^0 ~0 ~0