execute if entity @s[tag=aj.gojo.locator_origin.head] at @s on origin run tp @s ^0.00128 ^1.4164 ^-0.00535 ~13.47664 ~-0.42
execute if entity @s[tag=aj.gojo.bone.torso] run data modify entity @s {} merge value {transformation:[-0.9724650173337931f,0.0017083223665743555f,0.23304263922440782f,0.0012812417749307665f,1.0842021724855044e-19f,0.9999731328638829f,-0.007330317209460627f,1.4164038894284334f,-0.2330489005809417f,-0.007128477052160331f,-0.9724388899838031f,-0.005346357789120248f,0f,0f,0f,1f],start_interpolation:0}
execute if entity @s[tag=aj.gojo.bone.bottom2] run data modify entity @s {} merge value {transformation:[-0.9974927304391561f,0.06305088226697045f,-0.0321378120971815f,-0.3809336326568913f,0.03140067126519646f,-0.01264773828424514f,-0.9994268520308973f,1.2965317243455843f,-0.06342121541828225f,-0.9979301683793563f,0.010636186967985628f,0.16823563654205195f,0f,0f,0f,1f],start_interpolation:0}
execute if entity @s[tag=aj.gojo.bone.rightarm] run data modify entity @s {} merge value {transformation:[-0.9974927304391561f,0.06305088226697045f,-0.0321378120971815f,-0.3028276164377014f,0.03140067126519646f,-0.01264773828424514f,-0.9994268520308973f,1.2914072478204481f,-0.06342121541828225f,-0.9979301683793563f,0.010636186967985628f,-0.07728307958914449f,0f,0f,0f,1f],start_interpolation:0}
execute if entity @s[tag=aj.gojo.bone.bottom] run data modify entity @s {} merge value {transformation:[-0.37889809482707426f,0.9217436898981569f,0.08261237116403218f,0.199693080744699f,0.4419911304977626f,0.25866904819820824f,-0.8589145266355337f,1.16468195840548f,-0.8130683085065628f,-0.28892714243761064f,-0.5054117450802992f,0.26652694585064424f,0f,0f,0f,1f],start_interpolation:0}
execute if entity @s[tag=aj.gojo.bone.leftarm] run data modify entity @s {} merge value {transformation:[-0.7827904430343716f,0.6167773653634742f,0.08261237116403218f,0.3049630193959193f,0.25794249691013904f,0.44241553343233797f,-0.8589145266355337f,1.2914072478204481f,-0.5663080350673255f,-0.6510408415399692f,-0.5054117450802992f,0.06837248327394407f,0f,0f,0f,1f],start_interpolation:0}
execute if entity @s[tag=aj.gojo.bone.head] run data modify entity @s {} merge value {transformation:[-0.9781596663347957f,0.03012141720887842f,0.2056608066237467f,0.0012812417749307665f,0.06605821635575991f,0.9831956168078678f,0.1701842858247849f,1.4164038894284334f,-0.1970786117459149f,0.1800529902976486f,-0.9637120635735437f,-0.005346357789120248f,0f,0f,0f,1f],start_interpolation:0}
execute if entity @s[tag=aj.gojo.bone.bottom3] run data modify entity @s {} merge value {transformation:[-0.9835488131212318f,0.16672693011135784f,0.06952598782799697f,-0.1813347383380755f,0.17225959335776725f,0.749768725816917f,0.6388845672600751f,0.3765115558586171f,0.05439085128983584f,0.6403506762411664f,-0.7661544535754183f,-0.09863678164552162f,0f,0f,0f,1f],start_interpolation:0}
execute if entity @s[tag=aj.gojo.bone.rightleg] run data modify entity @s {} merge value {transformation:[-0.9835488131212318f,0.18060018641941702f,0.0039121443082023154f,-0.11875f,0.17225959335776725f,0.9311651404172485f,0.3213380054832334f,0.6664240397805212f,0.05439085128983584f,0.31672551829146584f,-0.9469564833501956f,-1.4542680739874818e-17f,0f,0f,0f,1f],start_interpolation:0}
execute if entity @s[tag=aj.gojo.bone.bottom4] run data modify entity @s {} merge value {transformation:[-0.9954137427724676f,-0.08819189322557637f,0.03706306340544818f,0.1681901451190575f,-0.0883205416498626f,0.996090396364103f,-0.0018450457661373654f,0.43014591485949927f,-0.03675544343879726f,-0.005110013746829678f,-0.9993112253633122f,0.265414620403165f,0f,0f,0f,1f],start_interpolation:0}
execute if entity @s[tag=aj.gojo.bone.leftleg] run data modify entity @s {} merge value {transformation:[-0.9902134215959895f,-0.1384041959490643f,-0.017934833003297967f,0.11874999999999998f,-0.09425352900531314f,0.7579750703273765f,-0.6454378862696651f,0.6664240397805212f,0.10292546799120113f,-0.6374308364880864f,-0.7636021717706745f,0.06686076817558301f,0f,0f,0f,1f],start_interpolation:0}
execute if entity @s[tag=aj.gojo.locator_origin.purple] at @s on origin run tp @s ^0 ^1 ^0.5 ~0 ~0
execute if entity @s[tag=aj.gojo.locator_origin.blue] at @s on origin run tp @s ^-0.39063 ^1.23438 ^0.79688 ~0 ~0
execute if entity @s[tag=aj.gojo.locator_origin.red] at @s on origin run tp @s ^1.0625 ^1.78125 ^-0.53125 ~0 ~0
execute if entity @s[tag=aj.gojo.camera_origin.camera] at @s on origin run tp @s ^0 ^0.005 ^0 ~0 ~0