execute if entity @s[tag=aj.gojo.locator_origin.head] at @s on origin run tp @s ^-0.00046 ^1.41927 ^0.00199 ~12.95187 ~0.15625
execute if entity @s[tag=aj.gojo.bone.torso] run data modify entity @s {} merge value {transformation:[-0.9745586663762974f,-0.0006112259900534293f,0.22413172955572744f,-0.00045841949254007194f,0f,0.9999962815279418f,0.002727073576053814f,1.4192676158098796f,-0.2241325629864002f,0.0026576931873890453f,-0.9745550425071275f,0.001993269890541784f,0f,0f,0f,1f],start_interpolation:0}
execute if entity @s[tag=aj.gojo.bone.bottom2] run data modify entity @s {} merge value {transformation:[-0.9981027258639366f,0.05732114534675323f,-0.02247743132824718f,-0.38164330618956066f,0.029654437480470985f,0.12760494757437912f,-0.9913816579361636f,1.2642202460678216f,-0.05395890066241632f,-0.9901672907396387f,-0.12906267232870677f,0.17578902370237676f,0f,0f,0f,1f],start_interpolation:0}
execute if entity @s[tag=aj.gojo.bone.rightarm] run data modify entity @s {} merge value {transformation:[-0.9981027258639366f,0.05732114534675323f,-0.02247743132824718f,-0.3049315994863763f,0.029654437480470985f,0.12760494757437912f,-0.9913816579361636f,1.2942680806188869f,-0.05395890066241632f,-0.9901672907396387f,-0.12906267232870677f,-0.06838036769113191f,0f,0f,0f,1f],start_interpolation:0}
execute if entity @s[tag=aj.gojo.bone.bottom] run data modify entity @s {} merge value {transformation:[-0.3589854430212053f,0.9271566628048862f,0.10728454835331709f,0.19032491493047654f,0.4707214209671911f,0.2791073010331412f,-0.8369710020978167f,1.1593228914017635f,-0.8059471419029272f,-0.24995927093528997f,-0.5366279598865501f,0.2594147546245938f,0f,0f,0f,1f],start_interpolation:0}
execute if entity @s[tag=aj.gojo.bone.leftarm] run data modify entity @s {} merge value {transformation:[-0.756948426062874f,0.6446077147890508f,0.10728454835331709f,0.3041675669988096f,0.28118144480475804f,0.46948539566730385f,-0.8369710020978167f,1.2942680806188869f,-0.5898864936396208f,-0.6033774583869971f,-0.5366279598865501f,0.07170248417536822f,0f,0f,0f,1f],start_interpolation:0}
execute if entity @s[tag=aj.gojo.bone.head] run data modify entity @s {} merge value {transformation:[-0.9799449161122956f,0.018352292884462114f,0.19842165892751973f,-0.00045841949254007194f,0.0627039881655061f,0.9735661342049329f,0.2196296705761824f,1.4192676158098796f,-0.18914589938406304f,0.22766680846171947f,-0.9551919456690623f,0.001993269890541784f,0f,0f,0f,1f],start_interpolation:0}
execute if entity @s[tag=aj.gojo.bone.bottom3] run data modify entity @s {} merge value {transformation:[-0.9846465413820246f,0.1626732659746132f,0.06331348262076429f,-0.17945105001589473f,0.16646536377540883f,0.765877534971397f,0.6210643155819352f,0.37787765078685825f,0.052540186595955905f,0.6220683322299002f,-0.7811981303287743f,-0.09539894137205143f,0f,0f,0f,1f],start_interpolation:0}
execute if entity @s[tag=aj.gojo.bone.rightleg] run data modify entity @s {} merge value {transformation:[-0.9846465413820246f,0.17455042922322264f,0.0018265274172063943f,-0.11875f,0.16646536377540883f,0.935786119682116f,0.3107951429372881f,0.6692704046639232f,0.052540186595955905f,0.30632741612248365f,-0.9504751669160982f,-1.4542680739874818e-17f,0f,0f,0f,1f],start_interpolation:0}
execute if entity @s[tag=aj.gojo.bone.bottom4] run data modify entity @s {} merge value {transformation:[-0.9959959447873263f,-0.08200122784696963f,0.035607254861765456f,0.16659160771249248f,-0.08212253549375192f,0.9966203219056609f,-0.0019552822646439205f,0.42806092947249574f,-0.035326578256021424f,-0.004871611257720454f,-0.999363947855072f,0.2575201480655649f,0f,0f,0f,1f],start_interpolation:0}
execute if entity @s[tag=aj.gojo.bone.leftleg] run data modify entity @s {} merge value {transformation:[-0.9908666819299936f,-0.13327581104137612f,-0.020512845543909763f,0.11874999999999998f,-0.09108519464899244f,0.7736920245055476f,-0.6269801739546972f,0.6692704046639232f,0.09943191618791246f,-0.6193853480732092f,-0.7787651023482174f,0.06458367626886147f,0f,0f,0f,1f],start_interpolation:0}
execute if entity @s[tag=aj.gojo.locator_origin.purple] at @s on origin run tp @s ^0 ^1 ^0.5 ~0 ~0
execute if entity @s[tag=aj.gojo.locator_origin.blue] at @s on origin run tp @s ^-0.39063 ^1.23438 ^0.79688 ~0 ~0
execute if entity @s[tag=aj.gojo.bone.blue] run data modify entity @s {} merge value {transformation:[-1.0599385000000001f,9.998923731593808e-15f,1.298050291318047e-16f,-0.3906250000000001f,9.998923731593808e-15f,1.0599385000000001f,0f,1.234375f,-1.298050291318047e-16f,1.2245149942814865e-30f,-1.0599385000000001f,0.796875f,0f,0f,0f,1f],start_interpolation:0}
execute if entity @s[tag=aj.gojo.locator_origin.red] at @s on origin run tp @s ^1.0625 ^1.78125 ^-0.53125 ~0 ~0
execute if entity @s[tag=aj.gojo.camera_origin.camera] at @s on origin run tp @s ^0 ^0.005 ^0 ~0 ~0