execute if entity @s[tag=aj.gojo.locator_origin.head] at @s on origin run tp @s ^0 ^1.47685 ^0 ~3.7037 ~0
execute if entity @s[tag=aj.gojo.bone.torso] run data modify entity @s {} merge value {transformation:[-0.997911444701132f,0f,0.06459681520399775f,0f,0f,1f,0f,1.4768518518518519f,-0.06459681520399775f,0f,-0.997911444701132f,0f,0f,0f,0f,1f],start_interpolation:0}
execute if entity @s[tag=aj.gojo.bone.bottom2] run data modify entity @s {} merge value {transformation:[-0.9989119720146067f,-0.022618028367569765f,-0.040783537838856715f,-0.3686248176281242f,0.0189892889356695f,0.6014677730843381f,-0.7986713497094313f,1.2026717391392467f,0.042594354926531144f,-0.7985768233136565f,-0.6003838590390832f,0.18211984826007302f,0f,0f,0f,1f],start_interpolation:0}
execute if entity @s[tag=aj.gojo.bone.rightarm] run data modify entity @s {} merge value {transformation:[-0.9989119720146067f,-0.022618028367569765f,-0.040783537838856715f,-0.31184732646910374f,0.0189892889356695f,0.6014677730843381f,-0.7986713497094313f,1.3518518518518519f,0.042594354926531144f,-0.7985768233136565f,-0.6003838590390832f,-0.020186504751249296f,0f,0f,0f,1f],start_interpolation:0}
execute if entity @s[tag=aj.gojo.bone.bottom] run data modify entity @s {} merge value {transformation:[-0.9476883349190688f,0.2784606398318273f,0.15603362433389922f,0.29268176555427855f,0.14677673187916096f,0.8142474151925715f,-0.5616562452524577f,1.1387529757358055f,-0.2834491327155473f,-0.5093729664172073f,-0.8125243197874994f,0.16381031988264758f,0f,0f,0f,1f],start_interpolation:0}
execute if entity @s[tag=aj.gojo.bone.leftarm] run data modify entity @s {} merge value {transformation:[-0.9375015223359967f,0.3110376242432999f,0.15603362433389922f,0.31184732646910374f,0.17482186902235036f,0.8086900372085977f,-0.5616562452524577f,1.3518518518518519f,-0.30087906163311f,-0.49927549511731556f,-0.8125243197874994f,0.020186504751249296f,0f,0f,0f,1f],start_interpolation:0}
execute if entity @s[tag=aj.gojo.bone.head] run data modify entity @s {} merge value {transformation:[-0.9983358042722124f,0.032403610804380305f,0.047703541954378606f,0f,0.038090120204907776f,0.9916033129372029f,0.12357998428038075f,1.4768518518518519f,-0.04329855252696781f,0.1251913566457434f,-0.9911873483707646f,0f,0f,0f,0f,1f],start_interpolation:0}
execute if entity @s[tag=aj.gojo.bone.bottom3] run data modify entity @s {} merge value {transformation:[-0.9999252075039478f,-0.012113345543676286f,0.0016870856310766853f,-0.12120205859619075f,-0.011668989709092803f,0.9862248735815561f,0.16499798001252206f,0.4487498818731524f,-0.0036625233591301375f,0.16496595281688595f,-0.9862924618660839f,-0.05930397780313043f,0f,0f,0f,1f],start_interpolation:0}
execute if entity @s[tag=aj.gojo.bone.rightleg] run data modify entity @s {} merge value {transformation:[-0.9999252075039478f,-0.012151916642268544f,0.001382143301703689f,-0.11875f,-0.011668989709092803f,0.9817669982117304f,0.18972979708389817f,0.755625f,-0.0036625233591301375f,0.18969947850283472f,-0.9818353699976368f,-1.4542680739874818e-17f,0f,0f,0f,1f],start_interpolation:0}
execute if entity @s[tag=aj.gojo.bone.bottom4] run data modify entity @s {} merge value {transformation:[-0.9959537149568927f,-0.08572865060728262f,-0.02695915667484967f,0.14935692881777354f,-0.05721858555896603f,0.8362404544451253f,-0.5453695406016378f,0.45806669732344013f,0.06929813222732567f,-0.5416202551737376f,-0.8377620593314902f,0.17508501912922247f,0f,0f,0f,1f],start_interpolation:0}
execute if entity @s[tag=aj.gojo.bone.leftleg] run data modify entity @s {} merge value {transformation:[-0.9966630297616454f,-0.07800891162164245f,-0.024029457212850488f,0.11875f,-0.05522653911899961f,0.8612170252732975f,-0.5052279334680041f,0.7268518518518519f,0.060106858870473664f,-0.5022149391316622f,-0.8626513319004995f,0.01851851851851853f,0f,0f,0f,1f],start_interpolation:0}
execute if entity @s[tag=aj.gojo.locator_origin.purple] at @s on origin run tp @s ^0 ^1 ^0.5 ~0 ~0
execute if entity @s[tag=aj.gojo.locator_origin.blue] at @s on origin run tp @s ^-0.39063 ^1.23438 ^0.79688 ~0 ~0
execute if entity @s[tag=aj.gojo.locator_origin.red] at @s on origin run tp @s ^1.0625 ^1.78125 ^-0.53125 ~0 ~0
execute if entity @s[tag=aj.gojo.camera_origin.camera] at @s on origin run tp @s ^0 ^0.005 ^0 ~0 ~0