execute if entity @s[tag=aj.gojo.locator_origin.head] at @s on origin run tp @s ^0 ^1.49432 ^0 ~0.90878 ~0
execute if entity @s[tag=aj.gojo.bone.torso] run data modify entity @s {} merge value {transformation:[-0.9998742139894475f,0f,0.015860523288484724f,0f,0f,1f,0f,1.4943201303155007f,-0.015860523288484724f,0f,-0.9998742139894475f,0f,0f,0f,0f,1f],start_interpolation:0}
execute if entity @s[tag=aj.gojo.bone.bottom2] run data modify entity @s {} merge value {transformation:[-0.9999365408969129f,0.0022357061571381953f,-0.011041548672871987f,-0.37551565221704397f,0.004650999721777861f,0.9746101824322055f,-0.22386013602482038f,1.1259582721900605f,0.010260720281953357f,-0.22389728430117684f,-0.9745587328128836f,0.051659202565264815f,0f,0f,0f,1f],start_interpolation:0}
execute if entity @s[tag=aj.gojo.bone.rightarm] run data modify entity @s {} merge value {transformation:[-0.9999365408969129f,0.0022357061571381953f,-0.011041548672871987f,-0.31246069187170233f,0.004650999721777861f,0.9746101824322055f,-0.22386013602482038f,1.3693201303155007f,0.010260720281953357f,-0.22389728430117684f,-0.9745587328128836f,-0.004956413527651476f,0f,0f,0f,1f],start_interpolation:0}
execute if entity @s[tag=aj.gojo.bone.bottom] run data modify entity @s {} merge value {transformation:[-0.9966159908029892f,0.046233038867039694f,0.06796376235093961f,0.36125389911952f,0.036414742498440004f,0.9895947306978115f,-0.13919854706101778f,1.1192478322399146f,-0.07369215293739563f,-0.1362526149923181f,-0.9879294972330802f,0.04354810514212628f,0f,0f,0f,1f],start_interpolation:0}
execute if entity @s[tag=aj.gojo.bone.leftarm] run data modify entity @s {} merge value {transformation:[-0.9962315630044271f,0.05388506175983604f,0.06796376235093961f,0.31246069187170233f,0.044013136024710055f,0.9892859082961669f,-0.13919854706101778f,1.3693201303155007f,-0.07473631467383651f,-0.13568268778944007f,-0.9879294972330802f,0.004956413527651476f,0f,0f,0f,1f],start_interpolation:0}
execute if entity @s[tag=aj.gojo.bone.head] run data modify entity @s {} merge value {transformation:[-0.9998999242118767f,0.00895692591153211f,0.01095057255575882f,0f,0.009282452897418157f,0.9995053946916473f,0.03004666454869076f,1.4943201303155007f,-0.010676030596191958f,0.03014530577900416f,-0.9994885106444193f,0f,0f,0f,0f,1f],start_interpolation:0}
execute if entity @s[tag=aj.gojo.bone.bottom3] run data modify entity @s {} merge value {transformation:[-0.9999963064853452f,-0.00262429255155362f,0.0007071805082914836f,-0.1241786640272124f,-0.0025931813046174406f,0.9991602606199264f,0.04089069586889285f,0.43907244830299746f,-0.0008138958095664307f,0.04088871099123533f,-0.9991633754732439f,-0.014526469748186189f,0f,0f,0f,1f],start_interpolation:0}
execute if entity @s[tag=aj.gojo.bone.rightleg] run data modify entity @s {} merge value {transformation:[-0.9999963064853452f,-0.0026282012426272687f,0.000692512740460195f,-0.11875f,-0.0025931813046174406f,0.9989163018043157f,0.04647039272817276f,0.75125f,-0.0008138958095664307f,0.04646842527800443f,-0.9989194276946433f,-1.4542680739874818e-17f,0f,0f,0f,1f],start_interpolation:0}
execute if entity @s[tag=aj.gojo.bone.bottom4] run data modify entity @s {} merge value {transformation:[-0.9997582099877059f,-0.01681242607648877f,-0.014172645892731001f,0.1297628279801705f,-0.014692164671229316f,0.9902784943503745f,-0.13832080076557152f,0.43450313337978835f,0.016360374673326575f,-0.13807912933017083f,-0.9902860658334895f,0.04438681895380992f,0f,0f,0f,1f],start_interpolation:0}
execute if entity @s[tag=aj.gojo.bone.leftleg] run data modify entity @s {} merge value {transformation:[-0.9998017908308199f,-0.01524501371992922f,-0.012805022770954067f,0.11875f,-0.013482015114031763f,0.9916840304965602f,-0.1279883546521426f,0.7443201303155007f,0.014649720814763042f,-0.12779034867616873f,-0.991693003134172f,0.004543895747599467f,0f,0f,0f,1f],start_interpolation:0}
execute if entity @s[tag=aj.gojo.locator_origin.purple] at @s on origin run tp @s ^0 ^1 ^0.5 ~0 ~0
execute if entity @s[tag=aj.gojo.locator_origin.blue] at @s on origin run tp @s ^-0.39063 ^1.23438 ^0.79688 ~0 ~0
execute if entity @s[tag=aj.gojo.locator_origin.red] at @s on origin run tp @s ^1.0625 ^1.78125 ^-0.53125 ~0 ~0
execute if entity @s[tag=aj.gojo.camera_origin.camera] at @s on origin run tp @s ^0 ^0.005 ^0 ~0 ~0