execute if entity @s[tag=aj.gojo.locator_origin.head] at @s on origin run tp @s ^-0.00025 ^1.42062 ^0.00112 ~12.7553 ~0.08763
execute if entity @s[tag=aj.gojo.bone.torso] run data modify entity @s {} merge value {transformation:[-0.9753218855888081f,-0.0003376965793329808f,0.22078746670160485f,-0.0002532724344997356f,0f,0.9999988303020401f,0.0015295079443362546f,1.42062412272653f,-0.22078772495655632f,0.0014917625722930975f,-0.9753207447567882f,0.0011188219292198231f,0f,0f,0f,1f],start_interpolation:0}
execute if entity @s[tag=aj.gojo.bone.bottom2] run data modify entity @s {} merge value {transformation:[-0.9982730239511786f,0.05360432640794577f,-0.02403218345719117f,-0.3807922952075208f,0.029873566225587497f,0.11098062362730923f,-0.9933734802279853f,1.269746210921047f,-0.050582009571932984f,-0.9923758750441509f,-0.11239031514334738f,0.17686878072155127f,0f,0f,0f,1f],start_interpolation:0}
execute if entity @s[tag=aj.gojo.bone.rightarm] run data modify entity @s {} merge value {transformation:[-0.9982730239511786f,0.05360432640794577f,-0.02403218345719117f,-0.30499914960858565f,0.029873566225587497f,0.11098062362730923f,-0.9933734802279853f,1.295624268938775f,-0.050582009571932984f,-0.9923758750441509f,-0.11239031514334738f,-0.06806381244124067f,0f,0f,0f,1f],start_interpolation:0}
execute if entity @s[tag=aj.gojo.bone.bottom] run data modify entity @s {} merge value {transformation:[-0.384698770072434f,0.9158578711890919f,0.11494005431415691f,0.19542452958035902f,0.4702640369186746f,0.30161826496782174f,-0.8293842039843492f,1.1567908383758898f,-0.7942660712165088f,-0.26501090924485665f,-0.5467271953136283f,0.25759113967592967f,0f,0f,0f,1f],start_interpolation:0}
execute if entity @s[tag=aj.gojo.bone.leftarm] run data modify entity @s {} merge value {transformation:[-0.768979965444821f,0.6288549885774467f,0.11494005431415691f,0.3045770288844194f,0.2741272291734017f,0.4868019149581901f,-0.8293842039843492f,1.295624268938775f,-0.5775154326684226f,-0.606271637910185f,-0.5467271953136283f,0.06992851565660703f,0f,0f,0f,1f],start_interpolation:0}
execute if entity @s[tag=aj.gojo.bone.head] run data modify entity @s {} merge value {transformation:[-0.9805352878522829f,0.020219718164278255f,0.19529903295663778f,-0.0002532724344997356f,0.06196305702667756f,0.9757189369266654f,0.21007887967762653f,1.42062412272653f,-0.18630922907990746f,0.21809107987273374f,-0.9579797242319879f,0.0011188219292198231f,0f,0f,0f,1f],start_interpolation:0}
execute if entity @s[tag=aj.gojo.bone.bottom3] run data modify entity @s {} merge value {transformation:[-0.9851557797490873f,0.1606713161241354f,0.060438545663391366f,-0.1785511155285855f,0.16370521551832767f,0.7733813450723618f,0.6124393010790232f,0.3785451510506326f,0.0516593848111413f,0.6132422223469309f,-0.7882038344818756f,-0.09385361431107202f,0f,0f,0f,1f],start_interpolation:0}
execute if entity @s[tag=aj.gojo.bone.rightleg] run data modify entity @s {} merge value {transformation:[-0.9851557797490873f,0.17166045409649186f,0.0008821147056404924f,-0.11875f,0.16370521551832767f,0.9379296209483424f,0.30575910216998714f,0.670625f,0.0516593848111413f,0.30136475349165326f,-0.9521084987089704f,-1.4542680739874818e-17f,0f,0f,0f,1f],start_interpolation:0}
execute if entity @s[tag=aj.gojo.bone.bottom4] run data modify entity @s {} merge value {transformation:[-0.9962530831408674f,-0.07913472075663432f,0.03489255369108706f,0.1658256842808713f,-0.07925237658712225f,0.9968525778986581f,-0.0019996854984581924f,0.42712021438561354f,-0.03462448754290592f,-0.004757510648363605f,-0.9993890688589815f,0.2537225323992387f,0f,0f,0f,1f],start_interpolation:0}
execute if entity @s[tag=aj.gojo.bone.leftleg] run data modify entity @s {} merge value {transformation:[-0.9911697191717894f,-0.1308187953153524f,-0.021657114054183142f,0.11874999999999998f,-0.08957584573040003f,0.7810068308806447f,-0.6180651243837137f,0.670625f,0.09776888901178914f,-0.6106674814577996f,-0.7858285254630226f,0.06350000000000001f,0f,0f,0f,1f],start_interpolation:0}
execute if entity @s[tag=aj.gojo.locator_origin.purple] at @s on origin run tp @s ^0 ^1 ^0.5 ~0 ~0
execute if entity @s[tag=aj.gojo.locator_origin.blue] at @s on origin run tp @s ^-0.39063 ^1.23438 ^0.79688 ~0 ~0
execute if entity @s[tag=aj.gojo.bone.blue] run data modify entity @s {} merge value {transformation:[-0.3261584066815997f,-0.642119791250642f,8.819983553288436e-17f,-0.3906250000000001f,-0.642119791250642f,0.3261584066815997f,0f,1.234375f,-3.994288487576217e-17f,-7.863699470242654e-17f,-0.7202063125000001f,0.796875f,0f,0f,0f,1f],start_interpolation:0}
execute if entity @s[tag=aj.gojo.locator_origin.red] at @s on origin run tp @s ^1.0625 ^1.78125 ^-0.53125 ~0 ~0
execute if entity @s[tag=aj.gojo.camera_origin.camera] at @s on origin run tp @s ^0 ^0.005 ^0 ~0 ~0