execute if entity @s[tag=aj.gojo.locator_origin.head] at @s on origin run tp @s ^-0.00054 ^1.4184 ^0.00231 ~13.07214 ~0.18102
execute if entity @s[tag=aj.gojo.bone.torso] run data modify entity @s {} merge value {transformation:[-0.9740860794352582f,-0.0007145830271478402f,0.22617647804655855f,-0.0005359372703608802f,0f,0.999995009118343f,0.00315938892903541f,1.4184024639718162f,-0.22617760687222788f,0.0030775167752952618f,-0.974081217886912f,0.0023081375814714465f,0f,0f,0f,1f],start_interpolation:0}
execute if entity @s[tag=aj.gojo.bone.bottom2] run data modify entity @s {} merge value {transformation:[-0.9979908674967405f,0.059501171378291945f,-0.021767843203095032f,-0.38209823627860484f,0.02957176791834536f,0.13359826923144302f,-0.9905942726467512f,1.2618517560190594f,-0.0560333734062739f,-0.9892477511033188f,-0.1350894074372195f,0.1750527977749259f,0f,0f,0f,1f],start_interpolation:0}
execute if entity @s[tag=aj.gojo.bone.rightarm] run data modify entity @s {} merge value {transformation:[-0.9979908674967405f,0.059501171378291945f,-0.021767843203095032f,-0.3048485142154856f,0.02957176791834536f,0.13359826923144302f,-0.9905942726467512f,1.2934030878320235f,-0.0560333734062739f,-0.9892477511033188f,-0.1350894074372195f,-0.06875705416301167f,0f,0f,0f,1f],start_interpolation:0}
execute if entity @s[tag=aj.gojo.bone.bottom] run data modify entity @s {} merge value {transformation:[-0.3448634718519602f,0.9330649445483608f,0.102269228202704f,0.18774434587463976f,0.4701759826065527f,0.2660147326702829f,-0.8415287917726407f,1.1608150213346948f,-0.8124061368319266f,-0.24212800593347822f,-0.530443491411199f,0.260544558170415f,0f,0f,0f,1f],start_interpolation:0}
execute if entity @s[tag=aj.gojo.bone.leftarm] run data modify entity @s {} merge value {transformation:[-0.7508147758326519f,0.652547452185807f,0.102269228202704f,0.30395528543155076f,0.2844981165592606f,0.4592277368494991f,-0.8415287917726407f,1.2934030878320235f,-0.5961023352291099f,-0.6027368483458594f,-0.530443491411199f,0.07260395013213075f,0f,0f,0f,1f],start_interpolation:0}
execute if entity @s[tag=aj.gojo.bone.head] run data modify entity @s {} merge value {transformation:[-0.9795758545687065f,0.017551414428600594f,0.2003074961092173f,-0.0005359372703608802f,0.06317885061515233f,0.9725976220189043f,0.22374605801694164f,1.4184024639718162f,-0.19089153459736463f,0.23183143336210443f,-0.9538420249309293f,0.0023081375814714465f,0f,0f,0f,1f],start_interpolation:0}
execute if entity @s[tag=aj.gojo.bone.bottom3] run data modify entity @s {} merge value {transformation:[-0.9843172194763427f,0.16392617728256695f,0.06517530087299822f,-0.18002403478044088f,0.16822538155571404f,0.7610352685111106f,0.6265185879785662f,0.37745766052200835f,0.053102094523623335f,0.6276571743266752f,-0.7766766631446176f,-0.09638334081490754f,0f,0f,0f,1f],start_interpolation:0}
execute if entity @s[tag=aj.gojo.bone.rightleg] run data modify entity @s {} merge value {transformation:[-0.9843172194763427f,0.17639056690788393f,0.0024452705937645005f,-0.11875f,0.16822538155571404f,0.9343998567864763f,0.31400179718888077f,0.668406207133059f,0.053102094523623335f,0.30948873249817654f,-0.9494192393320646f,-1.4542680739874818e-17f,0f,0f,0f,1f],start_interpolation:0}
execute if entity @s[tag=aj.gojo.bone.bottom4] run data modify entity @s {} merge value {transformation:[-0.9958252775288925f,-0.08385687865655755f,0.036056074890144445f,0.16707857665894313f,-0.08398046580472117f,0.9964655431397644f,-0.0019242396930769234f,0.428678522285444f,-0.035767275514447285f,-0.0049442124907546625f,-0.999347915775642f,0.2599293388843407f,0f,0f,0f,1f],start_interpolation:0}
execute if entity @s[tag=aj.gojo.bone.leftleg] run data modify entity @s {} merge value {transformation:[-0.9906707053629888f,-0.13483803120135832f,-0.01975497095263803f,0.11874999999999998f,-0.0920476106020826f,0.7689695437244096f,-0.6326239627193398f,0.668406207133059f,0.10049274062361634f,-0.6249036295029936f,-0.7742071188744907f,0.06527503429355283f,0f,0f,0f,1f],start_interpolation:0}
execute if entity @s[tag=aj.gojo.locator_origin.purple] at @s on origin run tp @s ^0 ^1 ^0.5 ~0 ~0
execute if entity @s[tag=aj.gojo.locator_origin.blue] at @s on origin run tp @s ^-0.39063 ^1.23438 ^0.79688 ~0 ~0
execute if entity @s[tag=aj.gojo.bone.blue] run data modify entity @s {} merge value {transformation:[0.6026205439250665f,1.1470925157268228f,1.5868383096675061e-16f,-0.3906250000000001f,1.1470925157268228f,-0.6026205439250665f,0f,1.234375f,7.379973202182697e-17f,1.4047831777107386e-16f,-1.2957518124999998f,0.796875f,0f,0f,0f,1f],start_interpolation:0}
execute if entity @s[tag=aj.gojo.locator_origin.red] at @s on origin run tp @s ^1.0625 ^1.78125 ^-0.53125 ~0 ~0
execute if entity @s[tag=aj.gojo.camera_origin.camera] at @s on origin run tp @s ^0 ^0.005 ^0 ~0 ~0