execute if entity @s[tag=aj.dj.locator_origin.4] at @s on origin run tp @s ^-0.86723 ^3.85938 ^-0.26307 ~-73.125 ~0
execute if entity @s[tag=aj.dj.bone.n1] run data modify entity @s {} merge value {transformation:[-0.29028467725446216f,0f,-0.9569403357322089f,0.2840916621704995f,0f,1f,0f,3.125f,0.9569403357322089f,0f,-0.29028467725446216f,0.08617826355991845f,0f,0f,0f,1f],start_interpolation:0}
execute if entity @s[tag=aj.dj.locator_origin.3] at @s on origin run tp @s ^0.86723 ^3.85938 ^0.26307 ~106.875 ~0
execute if entity @s[tag=aj.dj.bone.n3] run data modify entity @s {} merge value {transformation:[0.29028467725446205f,0f,0.9569403357322089f,-0.2840916621704995f,0f,1f,0f,3.125f,-0.9569403357322089f,0f,0.29028467725446205f,-0.08617826355991845f,0f,0f,0f,1f],start_interpolation:0}
execute if entity @s[tag=aj.dj.locator_origin.2] at @s on origin run tp @s ^0.26307 ^3.34238 ^-0.86723 ~16.875 ~0
execute if entity @s[tag=aj.dj.bone.n2] run data modify entity @s {} merge value {transformation:[-0.956940335732209f,0f,0.29028467725446194f,-0.08617826355991845f,0f,1f,0f,2.608000000000001f,-0.29028467725446194f,0f,-0.956940335732209f,0.2840916621704995f,0f,0f,0f,1f],start_interpolation:0}
execute if entity @s[tag=aj.dj.locator_origin.1] at @s on origin run tp @s ^-0.26307 ^2.57838 ^0.86723 ~-163.125 ~0
execute if entity @s[tag=aj.dj.bone.n4] run data modify entity @s {} merge value {transformation:[0.9569403357322088f,0f,-0.2902846772544624f,0.08617826355991845f,0f,1f,0f,1.8440000000000003f,0.2902846772544624f,0f,0.9569403357322088f,-0.2840916621704995f,0f,0f,0f,1f],start_interpolation:0}
execute if entity @s[tag=aj.dj.locator_origin.display] at @s on origin run tp @s ^0 ^2.4375 ^0 ~-163.125 ~0
execute if entity @s[tag=aj.dj.bone.display] run data modify entity @s {} merge value {transformation:[0.9569403357322088f,0f,-0.2902846772544624f,0f,0f,1f,0f,2.4375f,0.2902846772544624f,0f,0.9569403357322088f,0f,0f,0f,0f,1f],start_interpolation:0}