execute if entity @s[tag=aj.dj.locator_origin.4] at @s on origin run tp @s ^-0.45633 ^3.85938 ^-0.78298 ~-30.23437 ~0
execute if entity @s[tag=aj.dj.bone.n1] run data modify entity @s {} merge value {transformation:[-0.863972856121587f,0f,-0.5035383837257172f,0.1494879576685723f,0f,1f,0f,3.125f,0.5035383837257172f,0f,-0.863972856121587f,0.2564919416610961f,0f,0f,0f,1f],start_interpolation:0}
execute if entity @s[tag=aj.dj.locator_origin.3] at @s on origin run tp @s ^0.45633 ^3.85938 ^0.78298 ~149.76563 ~0
execute if entity @s[tag=aj.dj.bone.n3] run data modify entity @s {} merge value {transformation:[0.8639728561215869f,0f,0.5035383837257174f,-0.1494879576685723f,0f,1f,0f,3.125f,-0.5035383837257174f,0f,0.8639728561215869f,-0.2564919416610961f,0f,0f,0f,1f],start_interpolation:0}
execute if entity @s[tag=aj.dj.locator_origin.2] at @s on origin run tp @s ^0.78298 ^3.85938 ^-0.45633 ~59.76563 ~0
execute if entity @s[tag=aj.dj.bone.n2] run data modify entity @s {} merge value {transformation:[-0.5035383837257175f,0f,0.8639728561215869f,-0.2564919416610961f,0f,1f,0f,3.125f,-0.8639728561215869f,0f,-0.5035383837257175f,0.1494879576685723f,0f,0f,0f,1f],start_interpolation:0}
execute if entity @s[tag=aj.dj.locator_origin.1] at @s on origin run tp @s ^-0.78298 ^3.34237 ^0.45633 ~-120.23437 ~0
execute if entity @s[tag=aj.dj.bone.n4] run data modify entity @s {} merge value {transformation:[0.503538383725717f,0f,-0.8639728561215871f,0.2564919416610961f,0f,1f,0f,2.6079999999999988f,0.8639728561215871f,0f,0.503538383725717f,-0.1494879576685723f,0f,0f,0f,1f],start_interpolation:0}
execute if entity @s[tag=aj.dj.locator_origin.display] at @s on origin run tp @s ^0 ^2.4375 ^0 ~-120.23437 ~0
execute if entity @s[tag=aj.dj.bone.display] run data modify entity @s {} merge value {transformation:[0.503538383725717f,0f,-0.8639728561215871f,0f,0f,1f,0f,2.4375f,0.8639728561215871f,0f,0.503538383725717f,0f,0f,0f,0f,1f],start_interpolation:0}