execute if entity @s[tag=aj.dj.locator_origin.4] at @s on origin run tp @s ^-0.09095 ^0.64237 ^-0.90167 ~-5.76 ~0
execute if entity @s[tag=aj.dj.bone.n1] run data modify entity @s {} merge value {transformation:[-0.9949510169813002f,0f,-0.10036171485121476f,0.02979488409645438f,0f,1f,0f,-0.09200000000000008f,0.10036171485121476f,0f,-0.9949510169813002f,0.29537608316632347f,0f,0f,0f,1f],start_interpolation:0}
execute if entity @s[tag=aj.dj.locator_origin.3] at @s on origin run tp @s ^0.09095 ^0.73438 ^0.90167 ~174.24 ~0
execute if entity @s[tag=aj.dj.bone.n3] run data modify entity @s {} merge value {transformation:[0.9949510169813002f,0f,0.10036171485121488f,-0.02979488409645438f,0f,1f,0f,0f,-0.10036171485121488f,0f,0.9949510169813002f,-0.29537608316632347f,0f,0f,0f,1f],start_interpolation:0}
execute if entity @s[tag=aj.dj.locator_origin.2] at @s on origin run tp @s ^0.90167 ^0.75 ^-0.09095 ~84.24 ~0
execute if entity @s[tag=aj.dj.bone.n2] run data modify entity @s {} merge value {transformation:[-0.10036171485121498f,0f,0.9949510169813002f,-0.29537608316632347f,0f,1f,0f,0.015625f,-0.9949510169813002f,0f,-0.10036171485121498f,0.02979488409645438f,0f,0f,0f,1f],start_interpolation:0}
execute if entity @s[tag=aj.dj.locator_origin.1] at @s on origin run tp @s ^-0.90167 ^0.74363 ^0.09095 ~-95.76 ~0
execute if entity @s[tag=aj.dj.bone.n4] run data modify entity @s {} merge value {transformation:[0.10036171485121453f,0f,-0.9949510169813002f,0.29537608316632347f,0f,1f,0f,0.0092592592592593f,0.9949510169813002f,0f,0.10036171485121453f,-0.02979488409645438f,0f,0f,0f,1f],start_interpolation:0}
execute if entity @s[tag=aj.dj.locator_origin.display] at @s on origin run tp @s ^0 ^2.4375 ^0 ~-95.76 ~0
execute if entity @s[tag=aj.dj.bone.display] run data modify entity @s {} merge value {transformation:[0.10036171485121453f,0f,-0.9949510169813002f,0f,0f,1f,0f,2.4375f,0.9949510169813002f,0f,0.10036171485121453f,0f,0f,0f,0f,1f],start_interpolation:0}