execute if entity @s[tag=aj.dj.locator_origin.4] at @s on origin run tp @s ^-0.35468 ^0.30638 ^-0.83396 ~-23.04 ~0
execute if entity @s[tag=aj.dj.bone.n1] run data modify entity @s {} merge value {transformation:[-0.9202318473658704f,0f,-0.39137366683720215f,0.11618905734229439f,0f,1f,0f,-0.42799999999999994f,0.39137366683720215f,0f,-0.9202318473658704f,0.2731938296867428f,0f,0f,0f,1f],start_interpolation:0}
execute if entity @s[tag=aj.dj.locator_origin.3] at @s on origin run tp @s ^0.35468 ^0.33538 ^0.83396 ~156.96 ~0
execute if entity @s[tag=aj.dj.bone.n3] run data modify entity @s {} merge value {transformation:[0.9202318473658704f,0f,0.39137366683720226f,-0.11618905734229439f,0f,1f,0f,-0.399f,-0.39137366683720226f,0f,0.9202318473658704f,-0.2731938296867428f,0f,0f,0f,1f],start_interpolation:0}
execute if entity @s[tag=aj.dj.locator_origin.2] at @s on origin run tp @s ^0.83396 ^0.47837 ^-0.35468 ~66.96 ~0
execute if entity @s[tag=aj.dj.bone.n2] run data modify entity @s {} merge value {transformation:[-0.39137366683720237f,0f,0.9202318473658703f,-0.2731938296867428f,0f,1f,0f,-0.2560000000000002f,-0.9202318473658703f,0f,-0.39137366683720237f,0.11618905734229439f,0f,0f,0f,1f],start_interpolation:0}
execute if entity @s[tag=aj.dj.locator_origin.1] at @s on origin run tp @s ^-0.83396 ^0.64237 ^0.35468 ~-113.04 ~0
execute if entity @s[tag=aj.dj.bone.n4] run data modify entity @s {} merge value {transformation:[0.39137366683720193f,0f,-0.9202318473658705f,0.2731938296867428f,0f,1f,0f,-0.09200000000000008f,0.9202318473658705f,0f,0.39137366683720193f,-0.11618905734229439f,0f,0f,0f,1f],start_interpolation:0}
execute if entity @s[tag=aj.dj.locator_origin.display] at @s on origin run tp @s ^0 ^2.4375 ^0 ~-113.04 ~0
execute if entity @s[tag=aj.dj.bone.display] run data modify entity @s {} merge value {transformation:[0.39137366683720193f,0f,-0.9202318473658705f,0f,0f,1f,0f,2.4375f,0.9202318473658705f,0f,0.39137366683720193f,0f,0f,0f,0f,1f],start_interpolation:0}