execute if entity @s[tag=aj.toji.locator_origin.head] at @s on origin run tp @s ^-0.00708 ^1.49929 ^0.03194 ~12.5 ~2.5
execute if entity @s[tag=aj.toji.bone.blade2] run data modify entity @s {} merge value {transformation:[-0.21475825565332501f,0.6049550877315367f,1.355694741988944f,-0.22497904987516287f,-0.30544666469246456f,1.322492816536707f,-0.6385257122755958f,1.669072617008398f,-1.4527839573236585f,-0.3674807369598253f,-0.06615649103809372f,0.1362460648191314f,0f,0f,0f,1f],start_interpolation:0}
execute if entity @s[tag=aj.toji.bone.chain2] run data modify entity @s {} merge value {transformation:[-1.402767476085783f,-0.22221513953017627f,-0.6259604727222148f,-0.4391156199531446f,0.6606967439518314f,-0.3160524516609531f,-1.3684127059997875f,1.2093538529435868f,0.06845359142136062f,-1.5032278447307301f,0.38024048477093036f,0.1735627605799686f,0f,0f,0f,1f],start_interpolation:0}
execute if entity @s[tag=aj.toji.bone.bottom2] run data modify entity @s {} merge value {transformation:[-0.9037964946592962f,-0.1431721704355498f,-0.40330339182102426f,-0.46596040190981014f,0.42568380818373025f,-0.20363110979497648f,-0.8816618776911381f,1.1711730198570287f,0.04410432735872899f,-0.9685226382157723f,0.24498715797321685f,-0.008035234085488702f,0f,0f,0f,1f],start_interpolation:0}
execute if entity @s[tag=aj.toji.bone.rightarm] run data modify entity @s {} merge value {transformation:[-0.8982586715838703f,0.3953045224394315f,0.19200441001006638f,-0.3109931043259604f,0.33036600979431474f,0.8955199769751082f,-0.29816483765039187f,1.374405138488661f,-0.28980969358695263f,-0.20439742018292412f,-0.9350037626264408f,-0.04102148328203519f,0f,0f,0f,1f],start_interpolation:0}
execute if entity @s[tag=aj.toji.bone.chain] run data modify entity @s {} merge value {transformation:[-1.5019487930939412f,-0.21868130081702628f,0.32448572419713423f,0.3948968932660938f,-0.13066366596667398f,1.4934924804290919f,0.40170871400682834f,1.139104215438338f,-0.3688353330836334f,0.36141578989557666f,-1.4636604105783395f,0.05089108107362793f,0f,0f,0f,1f],start_interpolation:0}
execute if entity @s[tag=aj.toji.bone.blade] run data modify entity @s {} merge value {transformation:[0.2113430021318908f,-0.3135969415059555f,-1.451547826882735f,0.3295244591486305f,-1.4433752830992566f,-0.38822855581867977f,-0.12627897918926836f,0.7443010832797659f,-0.34928774325478557f,1.4145442894179925f,-0.35645830848351173f,0.45911901468533695f,0f,0f,0f,1f],start_interpolation:0}
execute if entity @s[tag=aj.toji.bone.bottom] run data modify entity @s {} merge value {transformation:[-0.9676985512551567f,-0.1408953347545941f,0.2090646276706368f,0.3948968932660938f,-0.0841859861261792f,0.9622501887328376f,0.25881903721245314f,1.139104215438338f,-0.237638872322341f,0.23285849550319032f,-0.9430295262786617f,0.05089108107362793f,0f,0f,0f,1f],start_interpolation:0}
execute if entity @s[tag=aj.toji.bone.leftarm] run data modify entity @s {} merge value {transformation:[-0.9676985512551567f,-0.1408953347545941f,0.2090646276706368f,0.299191900123998f,-0.0841859861261792f,0.9622501887328376f,0.25881903721245314f,1.374405138488661f,-0.237638872322341f,0.23285849550319032f,-0.9430295262786617f,0.09425327542927919f,0f,0f,0f,1f],start_interpolation:0}
execute if entity @s[tag=aj.toji.locator_origin.mount] at @s on origin run tp @s ^-0.02601 ^1.74339 ^0.08249 ~22.58658 ~12.4617
execute if entity @s[tag=aj.toji.bone.head] run data modify entity @s {} merge value {transformation:[-0.9239153044792754f,-0.07571458605648629f,0.37503041424298206f,-0.007080722521177418f,0.00757442712693852f,0.9764110796876369f,0.21578700497694936f,1.4992861661863932f,-0.3825220754448905f,0.20220955694901815f,-0.9015476453720098f,0.0319390752883464f,0f,0f,0f,1f],start_interpolation:0}
execute if entity @s[tag=aj.toji.bone.upper] run data modify entity @s {} merge value {transformation:[-0.9762960071199334f,-0.00944096336156989f,0.2162336113847257f,0f,0f,0.9990482215818578f,0.04361938736533599f,0.75f,-0.21643961393810301f,0.042585433717795204f,-0.9753667896506382f,0f,0f,0f,0f,1f],start_interpolation:0}