execute if entity @s[tag=aj.toji.locator_origin.head] at @s on origin run tp @s ^0 ^29.16284 ^0.0683 ~-180 ~5.225
execute if entity @s[tag=aj.toji.bone.blade2] run data modify entity @s {} merge value {transformation:[0.1365937002118698f,0.0016110189294321609f,1.4937669047346172f,-0.44437915250093585f,-1.4550837691093204f,-0.33901295443510737f,0.13342204315552278f,29.669883491475602f,0.3377475180323968f,-1.4611870589843003f,-0.02930857758006982f,-0.5461116882707511f,0f,0f,0f,1f],start_interpolation:0}
execute if entity @s[tag=aj.toji.bone.chain2] run data modify entity @s {} merge value {transformation:[-1.5456338111490138f,0.1413365370247823f,-0.0016669570867037678f,-0.43638076912461815f,-0.13805475298731204f,-1.505607511092283f,0.3507842375752154f,29.697628503985555f,0.030326236523822665f,0.3494748624085217f,1.5119227207545887f,-0.03841631838371462f,0f,0f,0f,1f],start_interpolation:0}
execute if entity @s[tag=aj.toji.bone.bottom2] run data modify entity @s {} merge value {transformation:[-0.9958446031564114f,0.09106246680791343f,-0.0010740126196212194f,-0.4193065565981344f,-0.08894802877034869f,-0.9700558460728803f,0.22600863629007162f,29.515743032846892f,0.019539051720046816f,0.22516501202159786f,0.9741247059895335f,0.0038021213703349765f,0f,0f,0f,1f],start_interpolation:0}
execute if entity @s[tag=aj.toji.bone.rightarm] run data modify entity @s {} merge value {transformation:[-0.9834138322204501f,0.181372768337425f,-0.0010740126196212194f,-0.3125f,-0.17691860877274856f,-0.9579247894235838f,0.22600863629007162f,29.287319248539294f,0.03996298871960758f,0.22245003194740498f,0.9741247059895335f,0.05691694256221075f,0f,0f,0f,1f],start_interpolation:0}
execute if entity @s[tag=aj.toji.bone.chain] run data modify entity @s {} merge value {transformation:[-1.5119217826794156f,-0.35078855989709623f,0.0016071452736893283f,0.429885611634945f,-0.3493346147703245f,1.5049760173659281f,-0.1482403038575269f,29.058974169826808f,0.03194563497378644f,-0.1447661804767406f,-1.5449870235724994f,0.07894858364676825f,0f,0f,0f,1f],start_interpolation:0}
execute if entity @s[tag=aj.toji.bone.blade] run data modify entity @s {} merge value {transformation:[0.3390171317126296f,-0.0015532142242369903f,-1.46118615238816f,0.49216225800437696f,-1.4544734664476082f,0.1432657970166702f,-0.33761197669078313f,28.83965956358515f,0.1399082549573869f,1.4931418214391938f,0.030873633800169078f,0.6031773856899129f,0f,0f,0f,1f],start_interpolation:0}
execute if entity @s[tag=aj.toji.bone.bottom] run data modify entity @s {} merge value {transformation:[-0.9741241015921066f,-0.22601142114175327f,0.0010354761494911107f,0.429885611634945f,-0.22507465112718894f,0.9696489776317389f,-0.09551053134444686f,29.058974169826808f,0.020582422533446294f,-0.09327216997159127f,-0.9954278809594626f,0.07894858364676825f,0f,0f,0f,1f],start_interpolation:0}
execute if entity @s[tag=aj.toji.bone.leftarm] run data modify entity @s {} merge value {transformation:[-0.9741241015921066f,-0.22601142114175327f,0.0010354761494911107f,0.3125f,-0.22507465112718894f,0.9696489776317389f,-0.09551053134444686f,29.287319248539294f,0.020582422533446294f,-0.09327216997159127f,-0.9954278809594626f,0.05691694256221083f,0f,0f,0f,1f],start_interpolation:0}
execute if entity @s[tag=aj.toji.locator_origin.mount] at @s on origin run tp @s ^0 ^29.15771 ^0.31825 ~-180 ~88.825
execute if entity @s[tag=aj.toji.bone.head] run data modify entity @s {} merge value {transformation:[-1f,-1.2243892879585766e-16f,-2.5112829274043546e-18f,-8.364378183127825e-18f,0f,-0.02050618128551683f,0.9997897261569982f,29.162838653802705f,-1.2246467991473532e-16f,0.9997897261569982f,0.02050618128551683f,0.06830033107465297f,0f,0f,0f,1f],start_interpolation:0}
execute if entity @s[tag=aj.toji.bone.upper] run data modify entity @s {} merge value {transformation:[-1f,-1.1152504244170441e-17f,-1.2195580952009763e-16f,5.624099184981966e-33f,0f,-0.9958447578927085f,0.09106710809953734f,29.909722222222236f,-1.2246467991473532e-16f,0.09106710809953734f,0.9958447578927085f,-4.592425496802574e-17f,0f,0f,0f,1f],start_interpolation:0}
execute if entity @s[tag=aj.toji.bone.bottom3] run data modify entity @s {} merge value {transformation:[-0.9910683960939747f,0.025781721551465214f,-0.130838591774596f,-0.13457291182458042f,0.06954900070905363f,-0.7372037561677072f,-0.6720815117175859f,30.21413600396977f,-0.11378211970291605f,-0.6751784391744647f,0.7288262512491198f,0.06911727312008692f,0f,0f,0f,1f],start_interpolation:0}
execute if entity @s[tag=aj.toji.bone.rightleg] run data modify entity @s {} merge value {transformation:[-0.99065880264089f,0.030820141785839503f,-0.1328354456100441f,-0.11875f,-1.6699771929857242e-17f,-0.9741241015921066f,-0.22601379315734482f,29.909722222222236f,-0.1363639862651361f,-0.223902553709581f,0.9650246161068691f,-6.046693570790056e-17f,0f,0f,0f,1f],start_interpolation:0}
execute if entity @s[tag=aj.toji.bone.bottom4] run data modify entity @s {} merge value {transformation:[-0.9906589349059097f,-0.13258764777234955f,-0.031865190243960874f,0.16755374202602716f,0.13429025785822474f,-0.9080011550244648f,-0.3968627333456865f,30.2133211147072f,0.02368546675621899f,-0.3974347973346487f,0.9173246865380363f,0.056046585499561596f,0f,0f,0f,1f],start_interpolation:0}
execute if entity @s[tag=aj.toji.bone.leftleg] run data modify entity @s {} merge value {transformation:[-0.9906589349059097f,-0.1363587957851687f,-0.0010740126196212205f,0.11875f,0.13429025785822474f,-0.9742022611090524f,-0.18137276833742494f,29.909722222222236f,0.02368546675621899f,-0.17982278293372161f,0.9834138322204501f,-3.138157422815092e-17f,0f,0f,0f,1f],start_interpolation:0}