execute if entity @s[tag=aj.toji.locator_origin.head] at @s on origin run tp @s ^-0.0005 ^1.49992 ^0.01124 ~2.53906 ~0.85938
execute if entity @s[tag=aj.toji.bone.blade2] run data modify entity @s {} merge value {transformation:[0.09136523291189144f,0.047578041259283416f,1.4964587278655186f,-0.39094300255196746f,1.3962283886782412f,0.5385785354882837f,-0.10236917387699261f,1.0523579624942316f,-0.5405540499005794f,1.3991674278302886f,-0.011481639031789115f,0.5682771631673108f,0f,0f,0f,1f],start_interpolation:0}
execute if entity @s[tag=aj.toji.bone.chain2] run data modify entity @s {} merge value {transformation:[-1.5484191003608494f,0.09453763683244358f,-0.04923005658078597f,-0.4009484912864738f,0.10592365908105504f,1.4447085410629024f,-0.5572791790816269f,0.9545346080370968f,0.011880307053725793f,-0.5593232877443497f,-1.447749630185507f,0.06935950465191577f,0f,0f,0f,1f],start_interpolation:0}
execute if entity @s[tag=aj.toji.bone.bottom2] run data modify entity @s {} merge value {transformation:[-0.9976391519103458f,0.060910155274594514f,-0.03171869417285539f,-0.38952783717248735f,0.06824611591799519f,0.9308189257854941f,-0.3590523569921891f,1.129063156621877f,0.007654426021192456f,-0.3603693666003863f,-0.9327782852201923f,0.0017902484143433517f,0f,0f,0f,1f],start_interpolation:0}
execute if entity @s[tag=aj.toji.bone.rightarm] run data modify entity @s {} merge value {transformation:[-0.996463277004822f,0.05856162851029792f,0.06026170630702082f,-0.3126084752321115f,0.05594181746790688f,0.9974516235276794f,-0.04428060275542746f,1.3749296989120525f,-0.06270128100126153f,-0.04075284515489001f,-0.9971999573669176f,-0.004479132811800306f,0f,0f,0f,1f],start_interpolation:0}
execute if entity @s[tag=aj.toji.bone.chain] run data modify entity @s {} merge value {transformation:[-1.5494248131776112f,-0.06886346707799688f,0.059188215234402014f,0.3852629792472686f,-0.050567656335253654f,1.4946553481737754f,0.41522400691602795f,1.136216125635817f,-0.07542104516244746f,0.412584399473174f,-1.4943388012325303f,-0.040210780360357745f,0f,0f,0f,1f],start_interpolation:0}
execute if entity @s[tag=aj.toji.bone.blade] run data modify entity @s {} merge value {transformation:[0.06655261247806377f,-0.05720203351512711f,-1.49743069193004f,0.3789058232002192f,-1.4444991284364004f,-0.40129031540877863f,-0.048870755115949426f,0.736818937821002f,-0.39873928539689296f,1.444193203875734f,-0.07289013760666087f,0.3687324761168187f,0f,0f,0f,1f],start_interpolation:0}
execute if entity @s[tag=aj.toji.bone.bottom] run data modify entity @s {} merge value {transformation:[-0.99828712795336f,-0.0443684083187094f,0.038134689010084516f,0.3852629792472686f,-0.032580503410633226f,0.9629994189576002f,0.26752687693918575f,1.136216125635817f,-0.04859342507110709f,0.2658261902645953f,-0.9627954692504892f,-0.040210780360357745f,0f,0f,0f,1f],start_interpolation:0}
execute if entity @s[tag=aj.toji.bone.leftarm] run data modify entity @s {} merge value {transformation:[-0.99828712795336f,-0.0443684083187094f,0.038134689010084516f,0.3117779316705062f,-0.032580503410633226f,0.9629994189576002f,0.26752687693918575f,1.3749296989120525f,-0.04859342507110709f,0.2658261902645953f,-0.9627954692504892f,0.02320867813884689f,0f,0f,0f,1f],start_interpolation:0}
execute if entity @s[tag=aj.toji.locator_origin.mount] at @s on origin run tp @s ^-0.00332 ^1.74716 ^0.04815 ~4.57464 ~8.51508
execute if entity @s[tag=aj.toji.bone.head] run data modify entity @s {} merge value {transformation:[-0.9968204759113775f,-0.011273895475355431f,0.07887862882064986f,-0.0004983261369631867f,0.0005316105216813818f,0.9889767734185606f,0.1480697775674244f,1.499915638694463f,-0.07967845501808082f,0.1476409188518686f,-0.9858263046229329f,0.011237727196227948f,0f,0f,0f,1f],start_interpolation:0}
execute if entity @s[tag=aj.toji.bone.upper] run data modify entity @s {} merge value {transformation:[-0.9990182510441883f,-0.0006644348492842489f,0.04429551452395975f,0f,-5.421010862427522e-20f,0.999887518259284f,0.014998360886776746f,0.75f,-0.04430049752103551f,0.014983636261637264f,-0.9989058797323037f,0f,0f,0f,0f,1f],start_interpolation:0}