execute if entity @s[tag=aj.toji.locator_origin.head] at @s on origin run tp @s ^0 ^1.10559 ^0.12574 ~-180 ~15.37894
execute if entity @s[tag=aj.toji.bone.blade2] run data modify entity @s {} merge value {transformation:[0.10795145813125767f,-0.004928142418057872f,1.4961023347684617f,-0.4322443054554384f,-1.3914699531122823f,-0.5514456637382122f,0.09858523991970608f,1.5195025822016714f,0.5496888686093604f,-1.394949244007333f,-0.04425781705338991f,-0.5615033166656573f,0f,0f,0f,1f],start_interpolation:0}
execute if entity @s[tag=aj.toji.bone.chain2] run data modify entity @s {} merge value {transformation:[-1.5480503325034778f,0.11169977264970447f,0.005099258474240782f,-0.42374464051418814f,-0.1020083385280294f,-1.4397848820397923f,0.5705930826180113f,1.6219002963477251f,0.04579454681218863f,0.5687752876582965f,1.4433849816464768f,-0.06347639741922095f,0f,0f,0f,1f],start_interpolation:0}
execute if entity @s[tag=aj.toji.bone.bottom2] run data modify entity @s {} merge value {transformation:[-0.9974015565123078f,0.071967638754172f,0.0032854282787054697f,-0.41025070824778087f,-0.06572349327980417f,-0.9276466354081883f,0.3676304424921415f,1.4479665522086898f,0.029505211368926896f,0.36645924573957356f,0.9299661626715554f,0.005234711156949096f,0f,0f,0f,1f],start_interpolation:0}
execute if entity @s[tag=aj.toji.bone.rightarm] run data modify entity @s {} merge value {transformation:[-0.9896310744133351f,0.1435950643877896f,0.0032854282787054697f,-0.3125f,-0.1323446799205384f,-0.9205067862051658f,0.3676304424921415f,1.2261113981524319f,0.05581417608670938f,0.3633837008366006f,0.9299661626715554f,0.0925922503606799f,0f,0f,0f,1f],start_interpolation:0}
execute if entity @s[tag=aj.toji.bone.chain] run data modify entity @s {} merge value {transformation:[-1.526963153784379f,-0.22048887408607648f,-0.16950179055168896f,0.4095034355756517f,-0.26815347896063507f,1.4181073168355025f,0.5709886367258395f,1.0084895543249939f,0.07375576124807183f,0.5910321209147423f,-1.4332493828154438f,-0.005577585004704247f,0f,0f,0f,1f],start_interpolation:0}
execute if entity @s[tag=aj.toji.bone.blade] run data modify entity @s {} merge value {transformation:[0.21308991857983195f,0.1638138110029742f,-1.4757227794963126f,0.5038583732678722f,-1.370519822981962f,-0.5518279442182611f,-0.25915504006933815f,0.5724966481786287f,-0.5711988282665965f,1.3851537659424422f,0.07128073570283434f,0.35191429687331965f,0f,0f,0f,1f],start_interpolation:0}
execute if entity @s[tag=aj.toji.bone.bottom] run data modify entity @s {} merge value {transformation:[-0.9838151863308751f,-0.1420599457198882f,-0.10920920733531636f,0.4095034355756517f,-0.17277002671289238f,0.9136798819879747f,0.36788529614550736f,1.0084895543249939f,0.047520490468556345f,0.3807992188443977f,-0.9234358439616281f,-0.005577585004704247f,0f,0f,0f,1f],start_interpolation:0}
execute if entity @s[tag=aj.toji.bone.leftarm] run data modify entity @s {} merge value {transformation:[-0.9838151863308751f,-0.1420599457198882f,-0.10920920733531636f,0.3125f,-0.17277002671289238f,0.9136798819879747f,0.36788529614550736f,1.2261113981524319f,0.047520490468556345f,0.3807992188443977f,-0.9234358439616281f,0.09259225036067996f,0f,0f,0f,1f],start_interpolation:0}
execute if entity @s[tag=aj.toji.locator_origin.mount] at @s on origin run tp @s ^0 ^1.06838 ^0.37296 ~-180 ~81.44204
execute if entity @s[tag=aj.toji.bone.head] run data modify entity @s {} merge value {transformation:[-1f,-1.2110113912831055e-16f,-1.8223938335172035e-17f,-1.539901190161943e-17f,0f,-0.14880974945478362f,0.9888658445245264f,1.1055872817526762f,-1.2246467991473532e-16f,0.9888658445245264f,0.14880974945478362f,0.12574247458402554f,0f,0f,0f,1f],start_interpolation:0}
execute if entity @s[tag=aj.toji.bone.upper] run data modify entity @s {} merge value {transformation:[-1f,-3.2477852788909797e-17f,-1.180795786952193e-16f,8.959377690062917e-18f,0f,-0.9641929311980474f,0.2652017937867648f,1.8287319801512116f,-1.2246467991473532e-16f,0.2652017937867648f,0.9641929311980474f,-0.07315887075604806f,0f,0f,0f,1f],start_interpolation:0}
execute if entity @s[tag=aj.toji.bone.bottom3] run data modify entity @s {} merge value {transformation:[-0.9941299814906637f,0.004870507412707219f,-0.10808264457772793f,-0.13100462044413125f,0.03660398105751956f,-0.924935013927387f,-0.37835878287927427f,2.140995716978532f,-0.10181222162448599f,-0.3800940648953727f,0.9193273483146247f,-0.07920001637657353f,0f,0f,0f,1f],start_interpolation:0}
execute if entity @s[tag=aj.toji.bone.rightleg] run data modify entity @s {} merge value {transformation:[-0.99416336856394f,0.01933151804994121f,-0.10613900798238293f,-0.11874999999999998f,-0.021047340530471772f,-0.9996649046580343f,0.01506943435030117f,1.8287319801512116f,-0.10581212625306194f,0.017215423460620244f,0.9942371060933494f,-0.07315887075604807f,0f,0f,0f,1f],start_interpolation:0}
execute if entity @s[tag=aj.toji.bone.bottom4] run data modify entity @s {} merge value {transformation:[-0.994163053100825f,-0.10668134510887507f,-0.01609081896633471f,0.1586628876577059f,0.10786196361813864f,-0.9860838589867126f,-0.1265085761927346f,2.1383056119919623f,-0.002370791784530382f,-0.12750573968114018f,0.9918349992285411f,-0.0894818719430454f,0f,0f,0f,1f],start_interpolation:0}
execute if entity @s[tag=aj.toji.bone.leftleg] run data modify entity @s {} merge value {transformation:[-0.994163053100825f,-0.10783797944264228f,0.003285428278705459f,0.11875000000000001f,0.10786196361813864f,-0.9927928611627651f,0.05223151949436622f,1.8287319801512116f,-0.002370791784530382f,0.05228101963408213f,0.9986295981655738f,-0.07315887075604804f,0f,0f,0f,1f],start_interpolation:0}