execute if entity @s[tag=aj.toji.locator_origin.head] at @s on origin run tp @s ^-0.00885 ^1.49911 ^0.03551 ~13.98534 ~2.79707
execute if entity @s[tag=aj.toji.bone.blade2] run data modify entity @s {} merge value {transformation:[-0.37860389008948797f,0.6184176743359195f,1.3130950744245673f,-0.20082680316646645f,-0.5395197850609819f,1.199834436117121f,-0.7206356412468524f,1.6800098044439575f,-1.3474336703292145f,-0.654184152954245f,-0.08040894282776112f,0.017698789034559452f,0f,0f,0f,1f],start_interpolation:0}
execute if entity @s[tag=aj.toji.bone.chain2] run data modify entity @s {} merge value {transformation:[-1.3586886533976428f,-0.39174985849537275f,-0.6398905102503609f,-0.4290992488118349f,0.745657712123479f,-0.558253110931155f,-1.2414953540378546f,1.2474637045681758f,0.08320092000928044f,-1.3942195616600903f,0.6768988804873786f,0.15692490189374772f,0f,0f,0f,1f],start_interpolation:0}
execute if entity @s[tag=aj.toji.bone.bottom2] run data modify entity @s {} merge value {transformation:[-0.8753967162830449f,-0.2524025933929918f,-0.4122784495572795f,-0.47642473507302086f,0.4804237608312347f,-0.35967985670732133f,-0.7998896240780807f,1.180023731435553f,0.05360596188517397f,-0.8982891135528097f,0.43612276863616334f,-0.011504306897404094f,0f,0f,0f,1f],start_interpolation:0}
execute if entity @s[tag=aj.toji.bone.rightarm] run data modify entity @s {} merge value {transformation:[-0.8738660460623572f,0.44480206480999807f,0.19623775549089567f,-0.31060759099162405f,0.3679241658656496f,0.8689077054983619f,-0.3311060366372646f,1.3742553974435405f,-0.3177891466230529f,-0.21714171056324938f,-0.9229623696675059f,-0.04592791287427563f,0f,0f,0f,1f],start_interpolation:0}
execute if entity @s[tag=aj.toji.bone.chain] run data modify entity @s {} merge value {transformation:[-1.4892541402953776f,-0.25463435760267555f,0.35531130456609566f,0.39685080197794254f,-0.14593342931218317f,1.478801970841204f,0.44811922393094056f,1.1419356207702802f,-0.41205365358576074f,0.3965712402274719f,-1.4428810455481709f,0.05783361391636245f,0f,0f,0f,1f],start_interpolation:0}
execute if entity @s[tag=aj.toji.bone.blade] run data modify entity @s {} merge value {transformation:[0.24608958050191426f,-0.34338810642629414f,-1.439279169144526f,0.32791226952023533f,-1.4291777436317674f,-0.433081666080909f,-0.14103633436882093f,0.7347708010004513f,-0.38326348048829506f,1.3944622185163529f,-0.39822634977415816f,0.4531276846661364f,0f,0f,0f,1f],start_interpolation:0}
execute if entity @s[tag=aj.toji.bone.bottom] run data modify entity @s {} merge value {transformation:[-0.9595194460963505f,-0.16405972033460972f,0.22892540428419586f,0.39685080197794254f,-0.09402422291254754f,0.9527851624211783f,0.28872111072060597f,1.1419356207702802f,-0.265484233182772f,0.25550898699219665f,-0.929641479010902f,0.05783361391636245f,0f,0f,0f,1f],start_interpolation:0}
execute if entity @s[tag=aj.toji.bone.leftarm] run data modify entity @s {} merge value {transformation:[-0.9595194460963505f,-0.16405972033460972f,0.22892540428419586f,0.29586590651326816f,-0.09402422291254754f,0.9527851624211783f,0.28872111072060597f,1.3742553974435405f,-0.265484233182772f,0.25550898699219665f,-0.929641479010902f,0.10511809609048836f,0f,0f,0f,1f],start_interpolation:0}
execute if entity @s[tag=aj.toji.locator_origin.mount] at @s on origin run tp @s ^-0.03236 ^1.74174 ^0.09097 ~25.2952 ~13.93163
execute if entity @s[tag=aj.toji.bone.head] run data modify entity @s {} merge value {transformation:[-0.9050789253184439f,-0.09404900501160515f,0.414713061767697f,-0.008845010687013547f,0.0094685762980322f,0.9705375473002925f,0.24076381651573112f,1.4991064769322489f,-0.4251381951875166f,0.22183699857476294f,-0.8775225701120408f,0.035514109929727644f,0f,0f,0f,1f],start_interpolation:0}
execute if entity @s[tag=aj.toji.bone.upper] run data modify entity @s {} merge value {transformation:[-0.9703575960078274f,-0.01179334758268473f,0.24138569307791197f,0f,0f,0.9988086359096651f,0.048798656049875676f,0.75f,-0.2416736143436224f,0.04735214657297019f,-0.9692015468131601f,0f,0f,0f,0f,1f],start_interpolation:0}