execute if entity @s[tag=aj.toji.locator_origin.head] at @s on origin run tp @s ^0 ^1.60785 ^-0.17656 ~0 ~-27.72351
execute if entity @s[tag=aj.toji.bone.blade2] run data modify entity @s {} merge value {transformation:[0.009379409920903305f,-0.002294768594616771f,1.4999689199135535f,-0.38114703312566467f,1.321171643888894f,0.7102492589655554f,-0.007174783815323228f,1.2720371531369514f,-0.7102235662475954f,1.3211891326286243f,0.006462334761566796f,0.5711161054259346f,0f,0f,0f,1f],start_interpolation:0}
execute if entity @s[tag=aj.toji.bone.chain2] run data modify entity @s {} merge value {transformation:[-1.5520511740772187f,0.00970508387649057f,0.0023744480597079763f,-0.3793166727736545f,0.007423908253355425f,1.367045659301703f,-0.7349106915685261f,1.1125190677381442f,-0.006686721385232777f,-0.7348841067423036f,-1.3670637552893405f,0.0882714319829863f,0f,0f,0f,1f],start_interpolation:0}
execute if entity @s[tag=aj.toji.bone.bottom2] run data modify entity @s {} merge value {transformation:[-0.999979279942369f,0.006252939947269092f,0.0015298457297447362f,-0.37814424653354156f,0.004783189210215575f,0.8807810959259293f,-0.4734995059770369f,1.277665523224256f,-0.004308223174378165f,-0.47348237749839694f,-0.8807927550857495f,-0.0005065137979631262f,0f,0f,0f,1f],start_interpolation:0}
execute if entity @s[tag=aj.toji.bone.rightarm] run data modify entity @s {} merge value {transformation:[-0.9999194828861593f,0.012597115412626581f,0.0015298457297447362f,-0.31249999999999994f,0.010371149391176615f,0.8807330226009513f,-0.4734995059770369f,1.4972005820375454f,-0.007312113578285642f,-0.4734455149048019f,-0.8807927550857495f,-0.11841088542552075f,0f,0f,0f,1f],start_interpolation:0}
execute if entity @s[tag=aj.toji.bone.chain] run data modify entity @s {} merge value {transformation:[-1.5518881029627885f,0.02402950308601281f,-0.005345322731941525f,0.37112161438733177f,0.02179090797224846f,1.1841750017931416f,-1.0031038804974635f,1.3055834982062104f,-0.011451891695886245f,-1.0030527512153902f,-1.1843634180718912f,0.0436158083955846f,0f,0f,0f,1f],start_interpolation:0}
execute if entity @s[tag=aj.toji.bone.blade] run data modify entity @s {} merge value {transformation:[-0.023223143922052977f,0.005165949485902885f,-1.4998113209841712f,0.36909216378037046f,-1.1444375856255864f,0.9694426764539242f,0.021059669449689823f,1.4189604744915114f,0.9693932629195716f,1.1446196792104182f,-0.011067600028239524f,0.6039145293152233f,0f,0f,0f,1f],start_interpolation:0}
execute if entity @s[tag=aj.toji.bone.bottom] run data modify entity @s {} merge value {transformation:[-0.9998742139894475f,0.015482095948035096f,-0.003443966323935479f,0.37112161438733177f,0.014039779633126524f,0.7629583904170576f,-0.6462951176359495f,1.3055834982062104f,-0.0073784000188260365f,-0.6462621752797144f,-0.7630797861402788f,0.0436158083955846f,0f,0f,0f,1f],start_interpolation:0}
execute if entity @s[tag=aj.toji.bone.leftarm] run data modify entity @s {} merge value {transformation:[-0.9998742139894475f,0.015482095948035096f,-0.003443966323935479f,0.31250000000000006f,0.014039779633126524f,0.7629583904170576f,-0.6462951176359495f,1.4972005820375454f,-0.0073784000188260365f,-0.6462621752797144f,-0.7630797861402788f,-0.11841088542552064f,0f,0f,0f,1f],start_interpolation:0}
execute if entity @s[tag=aj.toji.locator_origin.mount] at @s on origin run tp @s ^0 ^1.81623 ^-0.31469 ~0 ~-33.5397
execute if entity @s[tag=aj.toji.bone.head] run data modify entity @s {} merge value {transformation:[-1f,6.766352642225858e-17f,1.0207470312826235e-16f,2.1622553957938357e-17f,0f,0.8335032043470063f,-0.5525146227415819f,1.6078509321060699f,-1.2246467991473532e-16f,-0.5525146227415819f,-0.8335032043470063f,-0.17656155205723661f,0f,0f,0f,1f],start_interpolation:0}
execute if entity @s[tag=aj.toji.bone.upper] run data modify entity @s {} merge value {transformation:[-1f,5.697122220705259e-17f,1.0840607762876219e-16f,-2.110586269735108e-17f,0f,0.8852028005481966f,-0.4652053330537276f,0.9439488316949225f,-1.2246467991473532e-16f,-0.4652053330537276f,-0.8852028005481966f,0.17234244773305907f,0f,0f,0f,1f],start_interpolation:0}
execute if entity @s[tag=aj.toji.bone.bottom3] run data modify entity @s {} merge value {transformation:[-0.9999465921318715f,-0.004593796827214133f,-0.0092579649257707f,-0.12504688503073647f,-0.00035612065925144643f,0.910568072184949f,-0.4133589954210042f,0.6641906728815299f,0.01032889451648033f,-0.4133336218457143f,-0.9105210766313823f,0.3115941418565069f,0f,0f,0f,1f],start_interpolation:0}
execute if entity @s[tag=aj.toji.bone.rightleg] run data modify entity @s {} merge value {transformation:[-0.9999547164286131f,0.00015093776978433582f,-0.009515372297580453f,-0.11875000000000002f,0.004373623614949853f,0.8953135806751553f,-0.4454149342748925f,0.9439488316949225f,0.008452012106395847f,-0.4454363809529052f,-0.8952736978237055f,0.17234244773305904f,0f,0f,0f,1f],start_interpolation:0}
execute if entity @s[tag=aj.toji.bone.bottom4] run data modify entity @s {} merge value {transformation:[-0.9999547088832903f,-0.009416684338217393f,0.0013806658569481837f,0.12793521748304681f,-0.009082415531949752f,0.9008081988021472f,-0.434122216315793f,0.6646901329761778f,0.0028442767515080344f,-0.43411509421685124f,-0.9008529264329752f,0.3124335733253055f,0f,0f,0f,1f],start_interpolation:0}
execute if entity @s[tag=aj.toji.bone.leftleg] run data modify entity @s {} merge value {transformation:[-0.9999547088832903f,-0.009393601768084113f,0.0015298457297447379f,0.11874999999999997f,-0.009082415531949752f,0.8938094842106217f,-0.4483548992296698f,0.9439488316949225f,0.0028442767515080344f,-0.4483484874302188f,-0.8938543191755555f,0.1723424477330591f,0f,0f,0f,1f],start_interpolation:0}