execute if entity @s[tag=aj.toji.locator_origin.head] at @s on origin run tp @s ^0 ^0.70714 ^0.08787 ~-180 ~8.85524
execute if entity @s[tag=aj.toji.bone.blade2] run data modify entity @s {} merge value {transformation:[0.12124233090013106f,-0.0023098610818482173f,1.495090285481009f,-0.43802772432454345f,-1.4385878353305248f,-0.40865916913665057f,0.1160289770685699f,1.1862670008600034f,0.407142895353633f,-1.4432575473637148f,-0.03524648550899244f,-0.5523773722353684f,0f,0f,0f,1f],start_interpolation:0}
execute if entity @s[tag=aj.toji.bone.chain2] run data modify entity @s {} merge value {transformation:[-1.5470031426157667f,0.12545213405638597f,0.002390064591634957f,-0.42962172091175427f,-0.12005776099456215f,-1.488538801835057f,0.4228487236205621f,1.2382287548983864f,0.03647032181138844f,0.4212798014423008f,1.4933706566471774f,-0.04659316559737363f,0f,0f,0f,1f],start_interpolation:0}
execute if entity @s[tag=aj.toji.bone.bottom2] run data modify entity @s {} merge value {transformation:[-0.9967268569873394f,0.0808282206000876f,0.0015399073878990326f,-0.41446642954923785f,-0.07735265137904675f,-0.9590585568870165f,0.2724394460911004f,1.0584052754820708f,0.023497657005995234f,0.271428596902422f,0.9621716982424766f,0.0042996963218304984f,0f,0f,0f,1f],start_interpolation:0}
execute if entity @s[tag=aj.toji.bone.rightarm] run data modify entity @s {} merge value {transformation:[-0.9869315263224754f,0.16113283661633246f,0.0015399073878990326f,-0.3125f,-0.15462377283217962f,-0.9496674349943339f,0.2724394460911004f,0.8306524025354984f,0.04536134065403628f,0.26864097207101034f,0.9621716982424766f,0.06862485554870582f,0f,0f,0f,1f],start_interpolation:0}
execute if entity @s[tag=aj.toji.bone.chain] run data modify entity @s {} merge value {transformation:[-1.5204302207640292f,-0.29297277968800645f,-0.10687173508668928f,0.4209156244100425f,-0.3081395276668138f,1.4932162490757575f,0.2903755130800642f,0.6025426521206173f,0.04800675877238123f,0.30567115904043085f,-1.5209283899165544f,0.017456074544647995f,0f,0f,0f,1f],start_interpolation:0}
execute if entity @s[tag=aj.toji.bone.blade] run data modify entity @s {} merge value {transformation:[0.28314147835619374f,0.10328543525156514f,-1.469409072416243f,0.507931341398218f,-1.4431083212544231f,-0.28063136834583385f,-0.29779927506054443f,0.24377184299981325f,-0.29541373759612105f,1.4698905244831129f,0.04639579371290509f,0.4539247281790004f,0f,0f,0f,1f],start_interpolation:0}
execute if entity @s[tag=aj.toji.bone.bottom] run data modify entity @s {} merge value {transformation:[-0.9796060482774953f,-0.18876098557079607f,-0.06885695683437698f,0.4209156244100425f,-0.19853285004036322f,0.9620722141696154f,0.18708757889722255f,0.6025426521206173f,0.030930529141936898f,0.19694249173074738f,-0.9799270163220752f,0.017456074544647995f,0f,0f,0f,1f],start_interpolation:0}
execute if entity @s[tag=aj.toji.bone.leftarm] run data modify entity @s {} merge value {transformation:[-0.9796060482774953f,-0.18876098557079607f,-0.06885695683437698f,0.3125f,-0.19853285004036322f,0.9620722141696154f,0.18708757889722255f,0.8306524025354984f,0.030930529141936898f,0.19694249173074738f,-0.9799270163220752f,0.0686248555487059f,0f,0f,0f,1f],start_interpolation:0}
execute if entity @s[tag=aj.toji.locator_origin.mount] at @s on origin run tp @s ^0 ^0.67684 ^0.33602 ~-180 ~83.03905
execute if entity @s[tag=aj.toji.bone.head] run data modify entity @s {} merge value {transformation:[-1f,-1.2156199092993998e-16f,-1.4841839096546626e-17f,-1.0760624717833182e-17f,0f,-0.12119281336365784f,0.992628985063907f,0.7071423487916967f,-1.2246467991473532e-16f,0.992628985063907f,0.12119281336365784f,0.08786716892842204f,0f,0f,0f,1f],start_interpolation:0}
execute if entity @s[tag=aj.toji.bone.upper] run data modify entity @s {} merge value {transformation:[-1f,-1.8852029990927772e-17f,-1.2100495358389155e-16f,3.3783977753626466e-18f,0f,-0.9880804299504141f,0.1539385070377295f,1.4482026712545073f,-1.2246467991473532e-16f,0.1539385070377295f,0.9880804299504141f,-0.027586711349875073f,0f,0f,0f,1f],start_interpolation:0}
execute if entity @s[tag=aj.toji.bone.bottom3] run data modify entity @s {} merge value {transformation:[-0.9927695058847522f,0.013670097668408779f,-0.1192553420819431f,-0.1325569417777004f,0.0544980311500631f,-0.833867851745787f,-0.5492671211948092f,1.7580295529542123f,-0.10695173110385761f,-0.5517948298549044f,0.8270935817422874f,0.011297530123814556f,0f,0f,0f,1f],start_interpolation:0}
execute if entity @s[tag=aj.toji.bone.rightleg] run data modify entity @s {} merge value {transformation:[-0.9926421267697607f,0.024329371153245988f,-0.11861572349943314f,-0.11875f,-0.00890757458126956f,-0.9916241729306816f,-0.12884934914318083f,1.4482026712545073f,-0.12075704234985842f,-0.12684471356280402f,0.9845446436622797f,-0.027586711349875087f,0f,0f,0f,1f],start_interpolation:0}
execute if entity @s[tag=aj.toji.bone.bottom4] run data modify entity @s {} merge value {transformation:[-0.9926419468749961f,-0.11891698590356245f,-0.022819197352874993f,0.16279051538288855f,0.12047157845535321f,-0.9509344979037461f,-0.2849739979033642f,1.7564498460015128f,0.012188686914233516f,-0.28562620881173156f,0.9582635883467264f,-0.0003943454120129107f,0f,0f,0f,1f],start_interpolation:0}
execute if entity @s[tag=aj.toji.bone.leftleg] run data modify entity @s {} merge value {transformation:[-0.9926419468749961f,-0.12107681028774346f,0.0015399073878990283f,0.11875f,0.12047157845535321f,-0.988800390759525f,-0.08809305317836903f,1.4482026712545073f,0.012188686914233516f,-0.08725934473944355f,0.9961110594039955f,-0.02758671134987506f,0f,0f,0f,1f],start_interpolation:0}