execute if entity @s[tag=aj.toji.locator_origin.head] at @s on origin run tp @s ^0 ^1.46589 ^0.12676 ~-180 ~16.17477
execute if entity @s[tag=aj.toji.bone.blade2] run data modify entity @s {} merge value {transformation:[0.09192601704908711f,-0.007139546381901241f,1.497163529567479f,-0.4249226369643979f,-1.393682016793206f,-0.5484237214763958f,0.08295696347626323f,1.8828774444285579f,0.5469918129704616f,-1.3961305270637987f,-0.040243110514053125f,-0.5622055256798031f,0f,0f,0f,1f],start_interpolation:0}
execute if entity @s[tag=aj.toji.bone.chain2] run data modify entity @s {} merge value {transformation:[-1.5491483743441277f,0.09511789264106965f,0.007387447297939823f,-0.4166258059336745f,-0.08583741359696702f,-1.4420737534874146f,0.5674662118054374f,1.9841308798670871f,0.041640440740235984f,0.5659845842541583f,1.4446072814757362f,-0.06394128567527504f,0f,0f,0f,1f],start_interpolation:0}
execute if entity @s[tag=aj.toji.bone.bottom2] run data modify entity @s {} merge value {transformation:[-0.9981090197116527f,0.061284011366058294f,0.004759697587934382f,-0.40513505380253856f,-0.055304642317508944f,-0.929121344528804f,0.36561581431759727f,1.8099206277679363f,0.026828740342702377f,0.36466120864697443f,0.9307536847091991f,0.004432690946032658f,0f,0f,0f,1f],start_interpolation:0}
execute if entity @s[tag=aj.toji.bone.rightarm] run data modify entity @s {} merge value {transformation:[-0.9924665292228815f,0.12242358290443373f,0.004759697587934382f,-0.3125f,-0.11222163242573376f,-0.9239758554943865f,0.36561581431759727f,1.585940515920948f,0.04915784360598865f,0.3623273172316125f,0.9307536847091991f,0.09194215502856148f,0f,0f,0f,1f],start_interpolation:0}
execute if entity @s[tag=aj.toji.bone.chain] run data modify entity @s {} merge value {transformation:[-1.533828146157731f,-0.12362110561057908f,-0.20261222547780222f,0.3941770161852368f,-0.22795255708857365f,1.136348414811057f,1.0323335630910633f,1.4120838272435392f,0.06611749679343801f,1.0499489397180835f,-1.1411390687439258f,-0.0798395868103286f,0f,0f,0f,1f],start_interpolation:0}
execute if entity @s[tag=aj.toji.bone.blade] run data modify entity @s {} merge value {transformation:[0.11947274636190158f,0.19581315750874811f,-1.4823574029980755f,0.4820157501708587f,-1.0982159176697461f,-0.9976914972155242f,-0.22030314242117136f,0.8772491584801569f,-1.0147157538215035f,1.1028458114035256f,0.06389878884734945f,0.1019001941571672f,0f,0f,0f,1f],start_interpolation:0}
execute if entity @s[tag=aj.toji.bone.bottom] run data modify entity @s {} merge value {transformation:[-0.9882382686653837f,-0.07964849757460128f,-0.1305421050058323f,0.3941770161852368f,-0.14686876161411455f,0.7321439451131642f,0.6651276648103495f,1.4120838272435392f,0.04259919256489965f,0.6764771692143356f,-0.7352305409356836f,-0.0798395868103286f,0f,0f,0f,1f],start_interpolation:0}
execute if entity @s[tag=aj.toji.bone.leftarm] run data modify entity @s {} merge value {transformation:[-0.9882382686653837f,-0.07964849757460128f,-0.1305421050058323f,0.3125f,-0.14686876161411455f,0.7321439451131642f,0.6651276648103495f,1.585940515920948f,0.04259919256489965f,0.6764771692143356f,-0.7352305409356836f,0.09194215502856154f,0f,0f,0f,1f],start_interpolation:0}
execute if entity @s[tag=aj.toji.locator_origin.mount] at @s on origin run tp @s ^0 ^1.39059 ^0.36515 ~-180 ~72.47106
execute if entity @s[tag=aj.toji.bone.head] run data modify entity @s {} merge value {transformation:[-1f,-1.16778028635807e-16f,-3.6884818754512225e-17f,-1.552401214684746e-17f,0f,-0.30118740178958414f,0.9535649684228333f,1.4658884593522485f,-1.2246467991473532e-16f,0.9535649684228333f,0.30118740178958414f,0.12676317904603912f,0f,0f,0f,1f],start_interpolation:0}
execute if entity @s[tag=aj.toji.bone.upper] run data modify entity @s {} merge value {transformation:[-1f,-3.411476448482963e-17f,-1.1761709344633195e-16f,1.006206121677476e-17f,0f,-0.9604164525495966f,0.2785681921398207f,2.186200798764446f,-1.2246467991473532e-16f,0.2785681921398207f,0.9604164525495966f,-0.08216296505882642f,0f,0f,0f,1f],start_interpolation:0}
execute if entity @s[tag=aj.toji.bone.bottom3] run data modify entity @s {} merge value {transformation:[-0.995618083993353f,-0.0035301114986688517f,-0.09344607609852609f,-0.1293692629364789f,0.02908628341255824f,-0.9614094597450665f,-0.27357967546940204f,2.4978215637830656f,-0.08887417477900374f,-0.27509887136356254f,0.957299322067996f,-0.10395843623740306f,0f,0f,0f,1f],start_interpolation:0}
execute if entity @s[tag=aj.toji.bone.rightleg] run data modify entity @s {} merge value {transformation:[-0.9957604493106914f,0.014066432410518756f,-0.09090249208800788f,-0.11874999999999998f,-0.02015389342969922f,-0.9975895259281767f,0.06639998748508694f,2.186200798764446f,-0.08974936305174736f,0.06795052051041026f,0.9936436879456184f,-0.08216296505882643f,0f,0f,0f,1f],start_interpolation:0}
execute if entity @s[tag=aj.toji.bone.bottom4] run data modify entity @s {} merge value {transformation:[-0.9957600884780565f,-0.0915124420696071f,-0.009344471126273325f,0.1536813355861193f,0.09188837317011381f,-0.9942665098438843f,-0.05468669197355802f,2.495293687098853f,-0.004286381961848058f,-0.055313473488090695f,0.9984598372395153f,-0.1127685311418735f,0f,0f,0f,1f],start_interpolation:0}
execute if entity @s[tag=aj.toji.bone.leftleg] run data modify entity @s {} merge value {transformation:[-0.9957600884780565f,-0.09186507210602059f,0.004759697587934374f,0.11875000000000001f,0.09188837317011381f,-0.9909350101335044f,0.09800169676011383f,2.186200798764446f,-0.004286381961848058f,0.09802353910498766f,0.9951748653935196f,-0.0821629650588264f,0f,0f,0f,1f],start_interpolation:0}