execute if entity @s[tag=aj.toji.locator_origin.head] at @s on origin run tp @s ^-0.00856 ^1.49914 ^0.03496 ~13.75386 ~2.75077
execute if entity @s[tag=aj.toji.bone.blade2] run data modify entity @s {} merge value {transformation:[-0.3520362715687262f,0.619100277608696f,1.3201459426005997f,-0.20387531946897886f,-0.5057380194885691f,1.2219265935923544f,-0.7079014447757296f,1.67975039903607f,-1.3675889437779798f,-0.6112366531357731f,-0.07803995591752108f,0.03631264722626477f,0f,0f,0f,1f],start_interpolation:0}
execute if entity @s[tag=aj.toji.bone.chain2] run data modify entity @s {} merge value {transformation:[-1.3659843433853431f,-0.3642597532204178f,-0.6405968150256643f,-0.43081233591800927f,0.7324813560526644f,-0.5232983673874779f,-1.2643546003143116f,1.2418172938312968f,0.08074967660910151f,-1.415074670992493f,0.6324601480363209f,0.16001606024087975f,0f,0f,0f,1f],start_interpolation:0}
execute if entity @s[tag=aj.toji.bone.bottom2] run data modify entity @s {} merge value {transformation:[-0.8800972950670667f,-0.23469084771248394f,-0.41273351840579714f,-0.4748168698641f,0.47193429651715285f,-0.33715867965904617f,-0.8146177290615698f,1.1786000413952256f,0.052026637278347276f,-0.9117259625186532f,0.4074911020905154f,-0.010932557731367719f,0f,0f,0f,1f],start_interpolation:0}
execute if entity @s[tag=aj.toji.bone.rightarm] run data modify entity @s {} merge value {transformation:[-0.8778179008326327f,0.4371302744803519f,0.19583885240299634f,-0.3106706824419725f,0.3621106454263588f,0.8732468464523799f,-0.32606107653303185f,1.3742798376691732f,-0.31354682815601287f,-0.21530691650224795f,-0.924841239489026f,-0.0451626100971789f,0f,0f,0f,1f],start_interpolation:0}
execute if entity @s[tag=aj.toji.bone.chain] run data modify entity @s {} merge value {transformation:[-1.4913267989186563f,-0.24891644033962712f,0.35063892848169953f,0.39655545833868966f,-0.14355793697129957f,1.481197525912278f,0.44091686469787245f,1.1414785423667109f,-0.40533710806030326f,0.3912252146412683f,-1.4462390306824509f,0.056738108433336154f,0f,0f,0f,1f],start_interpolation:0}
execute if entity @s[tag=aj.toji.bone.blade] run data modify entity @s {} merge value {transformation:[0.24056353965708893f,-0.3388725214856696f,-1.4412822754650099f,0.32810985036888324f,-1.4314929109487786f,-0.4261209967549909f,-0.13874055653602066f,0.7362115496772926f,-0.3780968517338432f,1.3977075195857243f,-0.391735191682441f,0.45406288424232777f,0f,0f,0f,1f],start_interpolation:0}
execute if entity @s[tag=aj.toji.bone.bottom] run data modify entity @s {} merge value {transformation:[-0.9608548503100066f,-0.16037569310472619f,0.22591501432377953f,0.39655545833868966f,-0.09249370435734737f,0.9543286072991858f,0.2840806645033272f,1.1414785423667109f,-0.2611567944549605f,0.2520645678225621f,-0.9318050130571495f,0.056738108433336154f,0f,0f,0f,1f],start_interpolation:0}
execute if entity @s[tag=aj.toji.bone.leftarm] run data modify entity @s {} merge value {transformation:[-0.9608548503100066f,-0.16037569310472619f,0.22591501432377953f,0.2964081069181327f,-0.09249370435734737f,0.9543286072991858f,0.2840806645033272f,1.3742798376691732f,-0.2611567944549605f,0.2520645678225621f,-0.9318050130571495f,0.10343195073554165f,0f,0f,0f,1f],start_interpolation:0}
execute if entity @s[tag=aj.toji.locator_origin.mount] at @s on origin run tp @s ^-0.03133 ^1.74201 ^0.08968 ~24.87254 ~13.70278
execute if entity @s[tag=aj.toji.bone.head] run data modify entity @s {} merge value {transformation:[-0.9081447110106364f,-0.09107617201133786f,0.4086298015994049f,-0.008557545314303855f,0.009159762885149974f,0.9714944477813054f,0.23688528167445172f,1.499135805203008f,-0.41855618811253475f,0.21886906775937456f,-0.8814233083886803f,0.03496160438301764f,0f,0f,0f,1f],start_interpolation:0}
execute if entity @s[tag=aj.toji.bone.upper] run data modify entity @s {} merge value {transformation:[-0.9713260629761683f,-0.011410060419071806f,0.23747734608684254f,0f,0f,0.9988477402706772f,0.04799158005485735f,0.75f,-0.23775129733235287f,0.04661547251069019f,-0.9702068430697591f,0f,0f,0f,0f,1f],start_interpolation:0}