execute if entity @s[tag=aj.toji.locator_origin.head] at @s on origin run tp @s ^-0.00029 ^1.49997 ^0.00664 ~2.53906 ~0.50781
execute if entity @s[tag=aj.toji.bone.blade2] run data modify entity @s {} merge value {transformation:[0.10129513584126125f,0.05058427466206379f,1.495720738176687f,-0.39479663778322716f,1.387248170174385f,0.5592890820308027f,-0.11286379875302197f,1.0621136040659178f,-0.5614996080165338f,1.3909122739691584f,-0.009013119283801326f,0.5690790002127996f,0f,0f,0f,1f],start_interpolation:0}
execute if entity @s[tag=aj.toji.bone.chain2] run data modify entity @s {} merge value {transformation:[-1.5476554860300444f,0.10481232805797207f,-0.05234067308782955f,-0.4052226906735064f,0.11678268065416876f,1.4354165094165514f,-0.5787088418235391f,0.9568441996341072f,0.009326074814488425f,-0.5809961221837746f,-1.439207839037532f,0.07168780771714633f,0f,0f,0f,1f],start_interpolation:0}
execute if entity @s[tag=aj.toji.bone.bottom2] run data modify entity @s {} merge value {transformation:[-0.997147158784458f,0.06753009056084106f,-0.03372284977470897f,-0.3925607986933487f,0.07524253250201476f,0.92483211344959f,-0.3728593880205352f,1.1302502209059053f,0.006008746189200595f,-0.3743330720110225f,-0.9272748493127723f,0.0015003567150796097f,0f,0f,0f,1f],start_interpolation:0}
execute if entity @s[tag=aj.toji.bone.rightarm] run data modify entity @s {} merge value {transformation:[-0.9955998271018109f,0.07158884875797676f,0.06046503955470289f,-0.31243859730999135f,0.06798213102243637f,0.9958964588111128f,-0.05973837283634287f,1.3749754524197813f,-0.06449352011243106f,-0.05536497142592187f,-0.9963811046996598f,-0.008310041134373917f,0f,0f,0f,1f],start_interpolation:0}
execute if entity @s[tag=aj.toji.bone.chain] run data modify entity @s {} merge value {transformation:[-1.5500419408912307f,-0.030714978225046707f,0.07341147867938477f,0.3793129849130861f,-0.026807965383847072f,1.5496659685622214f,0.08233706627760248f,1.1264443419956858f,-0.07492655124344984f,0.08096079053380563f,-1.5481582722467415f,0.009354282129356172f,0f,0f,0f,1f],start_interpolation:0}
execute if entity @s[tag=aj.toji.bone.blade] run data modify entity @s {} merge value {transformation:[0.029684274257762926f,-0.07094800624047956f,-1.4980271106599812f,0.36159185710928116f,-1.4976637548520797f,-0.07957407747634064f,-0.02590836923002635f,0.8246848955333057f,-0.07824398548233565f,1.4962066523726896f,-0.07241223744333437f,0.4945555931185436f,0f,0f,0f,1f],start_interpolation:0}
execute if entity @s[tag=aj.toji.bone.bottom] run data modify entity @s {} merge value {transformation:[-0.9986847404399875f,-0.019789516171842172f,0.047298670826986154f,0.3793129849130861f,-0.017272246153351132f,0.9984425032347197f,0.053049384984227094f,1.1264443419956858f,-0.048274824962222705f,0.052162656988223755f,-0.9974711015817931f,0.009354282129356172f,0f,0f,0f,1f],start_interpolation:0}
execute if entity @s[tag=aj.toji.bone.leftarm] run data modify entity @s {} merge value {transformation:[-0.9986847404399875f,-0.019789516171842172f,0.047298670826986154f,0.31194780959262636f,-0.017272246153351132f,0.9984425032347197f,0.053049384984227094f,1.3749754524197813f,-0.048274824962222705f,0.052162656988223755f,-0.9974711015817931f,0.01937776981627319f,0f,0f,0f,1f],start_interpolation:0}
execute if entity @s[tag=aj.toji.locator_origin.mount] at @s on origin run tp @s ^-0.0011 ^1.74973 ^0.01769 ~4.57103 ~2.53874
execute if entity @s[tag=aj.toji.bone.head] run data modify entity @s {} merge value {transformation:[-0.9968203609630252f,-0.003216631947981034f,0.07961671462987822f,-0.00029447263041901153f,0.0003141411558942654f,0.9990184484367788f,0.044294931970887866f,1.4999705429037373f,-0.07968104721248592f,0.04417910096281542f,-0.9958409199029928f,0.006640637209139565f,0f,0f,0f,1f],start_interpolation:0}
execute if entity @s[tag=aj.toji.bone.upper] run data modify entity @s {} merge value {transformation:[-0.9990182510441883f,-0.0003926301738920154f,0.044298757569008765f,0f,0f,0.9999607238716498f,0.008862884072703277f,0.75f,-0.044300497521035376f,0.00885418294551942f,-0.9989790134751361f,0f,0f,0f,0f,1f],start_interpolation:0}