execute if entity @s[tag=aj.toji.locator_origin.head] at @s on origin run tp @s ^-0.00892 ^1.4991 ^0.03565 ~14.04321 ~2.80864
execute if entity @s[tag=aj.toji.bone.blade2] run data modify entity @s {} merge value {transformation:[-0.38529042409174896f,0.6180787617684139f,1.3113084813856823f,-0.2001112104751414f,-0.5477974413270843f,1.194156832828438f,-0.7238144941106479f,1.6799947412785456f,-1.3421882328416905f,-0.6648068161954851f,-0.08101015221145272f,0.01304374794207188f,0f,0f,0f,1f],start_interpolation:0}
execute if entity @s[tag=aj.toji.bone.chain2] run data modify entity @s {} merge value {transformation:[-1.3568400258782412f,-0.39866856381715665f,-0.6395398298853725f,-0.4286639643899832f,0.748946941822823f,-0.5668181858176082f,-1.2356206117460924f,1.248856858073076f,0.0838230047187947f,-1.3887919909264714f,0.6878903862022728f,0.15612453911822982f,0f,0f,0f,1f],start_interpolation:0}
execute if entity @s[tag=aj.toji.bone.bottom2] run data modify entity @s {} merge value {transformation:[-0.8742056542571217f,-0.25686028272783246f,-0.4120525078456091f,-0.4768252674014518f,0.48254299607376505f,-0.3651982942180563f,-0.7961045552189587f,1.1803821779071904f,0.054006768140968386f,-0.8947921552277937f,0.4432045441303234f,-0.011648989986981502f,0f,0f,0f,1f],start_interpolation:0}
execute if entity @s[tag=aj.toji.bone.rightarm] run data modify entity @s {} merge value {transformation:[-0.8728695715347334f,0.44671710354852756f,0.19632254197107651f,-0.31059164329339906f,0.3693751569774151f,0.8678119724260708f,-0.33236181176826324f,1.3742492237026196f,-0.31884275826287944f,-0.21759184247390007f,-0.9224928647919899f,-0.04611927821402655f,0f,0f,0f,1f],start_interpolation:0}
execute if entity @s[tag=aj.toji.bone.chain] run data modify entity @s {} merge value {transformation:[-1.4887305418023837f,-0.25607028404633553f,0.35647167789927103f,0.39692408524100004f,-0.14652705543016725f,1.4781969782008095f,0.44991798060987936f,1.1420507999157845f,-0.4137316395235652f,0.39789995837840464f,-1.4420348217677403f,0.05810827513342816f,0f,0f,0f,1f],start_interpolation:0}
execute if entity @s[tag=aj.toji.bone.blade] run data modify entity @s {} merge value {transformation:[0.24747732149444474f,-0.3445095410570139f,-1.4387731410707598f,0.32786595607270885f,-1.4285930527578292f,-0.4348200617974673f,-0.14161004014727535f,0.7344131987683992f,-0.38454761078181393f,1.3936443915070778f,-0.39984802745901615f,0.452893881522678f,0f,0f,0f,1f],start_interpolation:0}
execute if entity @s[tag=aj.toji.bone.bottom] run data modify entity @s {} merge value {transformation:[-0.9591820940471733f,-0.1649848809962967f,0.22967302737134238f,0.39692408524100004f,-0.09440669343151716f,0.9523953685052194f,0.2898800411983115f,1.1420507999157845f,-0.266565351639344f,0.25636507385454255f,-0.9290962610047185f,0.05810827513342816f,0f,0f,0f,1f],start_interpolation:0}
execute if entity @s[tag=aj.toji.bone.leftarm] run data modify entity @s {} merge value {transformation:[-0.9591820940471733f,-0.1649848809962967f,0.22967302737134238f,0.2957289841139775f,-0.09440669343151716f,0.9523953685052194f,0.2898800411983115f,1.3742492237026196f,-0.266565351639344f,0.25636507385454255f,-0.9290962610047185f,0.1055392091196048f,0f,0f,0f,1f],start_interpolation:0}
execute if entity @s[tag=aj.toji.locator_origin.mount] at @s on origin run tp @s ^-0.03262 ^1.74167 ^0.0913 ~25.40089 ~13.98882
execute if entity @s[tag=aj.toji.bone.head] run data modify entity @s {} merge value {transformation:[-0.9043050218424477f,-0.09479875040009707f,0.4162278515346018f,-0.00891759550765294f,0.009546563161365113f,0.9702959370937994f,0.24173261590251266f,1.4990990684431433f,-0.4267801431678101f,0.22257356397794809f,-0.8765384863289335f,0.03565195854334695f,0f,0f,0f,1f],start_interpolation:0}
execute if entity @s[tag=aj.toji.bone.upper] run data modify entity @s {} merge value {transformation:[-0.9701130038518025f,-0.011890127343537253f,0.24236209404398834f,0f,0f,0.9987987579241913f,0.04900042009098182f,0.75f,-0.2426535797338102f,0.0475359447244626f,-0.9689476632932866f,0f,0f,0f,0f,1f],start_interpolation:0}