execute if entity @s[tag=aj.toji.locator_origin.head] at @s on origin run tp @s ^0 ^1.59624 ^-0.33931 ~-180 ~-66.19852
execute if entity @s[tag=aj.toji.bone.blade2] run data modify entity @s {} merge value {transformation:[0.03845949491756807f,-0.007117325708645025f,1.4994899836029059f,-0.39774180277472965f,-0.6573456771637438f,1.3480933570570326f,0.02325857632873378f,2.325313631244816f,-1.3477453498212577f,-0.6577185145132053f,0.03144563088439868f,0.024754727410795596f,0f,0f,0f,1f],start_interpolation:0}
execute if entity @s[tag=aj.toji.bone.chain2] run data modify entity @s {} merge value {transformation:[-1.5515556080335626f,0.03979489404665064f,0.007364455073528878f,-0.3925929090697499f,-0.02406616578459305f,-0.6801701798430405f,-1.3949021541770685f,1.8365986400647727f,-0.032537493067884914f,-1.3945420633567183f,0.6805559629338028f,0.16518084588614154f,0f,0f,0f,1f],start_interpolation:0}
execute if entity @s[tag=aj.toji.bone.bottom2] run data modify entity @s {} merge value {transformation:[-0.999659989068604f,0.025639663278378935f,0.004744883805763572f,-0.3877854722050539f,-0.015505717552489482f,-0.4382304514424959f,-0.8987289047046884f,1.7544304304193048f,-0.02096375392293256f,-0.8984968998808385f,0.4384790096754702f,-0.003287322841515672f,0f,0f,0f,1f],start_interpolation:0}
execute if entity @s[tag=aj.toji.bone.rightarm] run data modify entity @s {} merge value {transformation:[-0.9986629521405213f,0.05147615078508516f,0.004744883805763572f,-0.3125f,-0.026830478244097483f,-0.4376830831612119f,-0.8987289047046884f,1.6466865645192579f,-0.044186349240144654f,-0.8976545686481224f,0.4384790096754702f,-0.22493931817603724f,0f,0f,0f,1f],start_interpolation:0}
execute if entity @s[tag=aj.toji.bone.chain] run data modify entity @s {} merge value {transformation:[-1.5488417214632155f,0.06294421777333993f,-0.0780385860640556f,0.3647307993437526f,-0.04046167815822473f,-1.4977614938033101f,-0.40501362185957235f,1.8895660673395853f,-0.09173248097917605f,-0.40213331960941834f,1.4962742458534886f,-0.1564722406156272f,0f,0f,0f,1f],start_interpolation:0}
execute if entity @s[tag=aj.toji.bone.blade] run data modify entity @s {} merge value {transformation:[-0.0608319957004094f,0.07541984156526145f,-1.496867167051698f,0.37924600414395415f,1.4475010409911184f,0.391422560723345f,-0.03910390372338538f,2.286250309960516f,0.3886389129111157f,-1.4460637006906196f,-0.08865420980537794f,-0.5678407306235689f,0f,0f,0f,1f],start_interpolation:0}
execute if entity @s[tag=aj.toji.bone.bottom] run data modify entity @s {} merge value {transformation:[-0.997911444701132f,0.04055466380027271f,-0.05027989437684119f,0.3647307993437526f,-0.026069269148923314f,-0.965000693994079f,-0.26094837381556335f,1.8895660673395853f,-0.05910280653691879f,-0.25909260860741046f,0.9640424671270797f,-0.1564722406156272f,0f,0f,0f,1f],start_interpolation:0}
execute if entity @s[tag=aj.toji.bone.leftarm] run data modify entity @s {} merge value {transformation:[-0.997911444701132f,0.04055466380027271f,-0.05027989437684119f,0.3125f,-0.026069269148923314f,-0.965000693994079f,-0.26094837381556335f,1.6466865645192579f,-0.05910280653691879f,-0.25909260860741046f,0.9640424671270797f,-0.22493931817603724f,0f,0f,0f,1f],start_interpolation:0}
execute if entity @s[tag=aj.toji.locator_origin.mount] at @s on origin run tp @s ^0 ^1.41191 ^-0.50819 ~-180 ~-42.49481
execute if entity @s[tag=aj.toji.bone.head] run data modify entity @s {} merge value {transformation:[-1f,8.272776703677417e-17f,-9.029792017387663e-17f,4.1553242223155576e-17f,0f,-0.737338473727654f,-0.6755234823164726f,1.5962404452589736f,-1.2246467991473532e-16f,-0.6755234823164726f,0.737338473727654f,-0.339307972323829f,0f,0f,0f,1f],start_interpolation:0}
execute if entity @s[tag=aj.toji.bone.upper] run data modify entity @s {} merge value {transformation:[-1f,1.1204896497990695e-16f,-4.942294278521018e-17f,-4.2483481511774645e-17f,0f,-0.40356895408227383f,-0.9149492331823332f,1.898917160820679f,-1.2246467991473532e-16f,-0.9149492331823332f,0.40356895408227383f,0.346903952562921f,0f,0f,0f,1f],start_interpolation:0}
execute if entity @s[tag=aj.toji.bone.bottom3] run data modify entity @s {} merge value {transformation:[-0.9991520694853584f,-0.012626387449815233f,-0.03918821740131719f,-0.1257780389192587f,0.04081465908169587f,-0.17860481037019033f,-0.9830739978845302f,1.9989144135944876f,0.0054134690514208725f,-0.9838398731768273f,0.17896870760061326f,0.6429554153301913f,0f,0f,0f,1f],start_interpolation:0}
execute if entity @s[tag=aj.toji.bone.rightleg] run data modify entity @s {} merge value {transformation:[-0.99924795250423f,0.0025047654915431187f,-0.038694386749712845f,-0.11875000000000004f,0.03587021213622513f,-0.3192738046334629f,-0.9469834029993217f,1.898917160820679f,-0.014726075424436243f,-0.9476592023637537f,0.3189438490986902f,0.346903952562921f,0f,0f,0f,1f],start_interpolation:0}
execute if entity @s[tag=aj.toji.bone.bottom4] run data modify entity @s {} merge value {transformation:[-0.9992478375201135f,-0.0387130718537953f,0.002248839482863119f,0.13702247073260743f,0.008291548017178855f,-0.2699496754087058f,-0.9628387315528043f,2.0024847718321563f,0.037881518486666016f,-0.9620958740241937f,0.27006762068557405f,0.6412424978856519f,0f,0f,0f,1f],start_interpolation:0}
execute if entity @s[tag=aj.toji.bone.leftleg] run data modify entity @s {} merge value {transformation:[-0.9992478375201135f,-0.03848694959394164f,0.004744883805763585f,0.11874999999999995f,0.008291548017178855f,-0.3315821861970714f,-0.9433899003213091f,1.898917160820679f,0.037881518486666016f,-0.9426409754024722f,0.3316518989082082f,0.346903952562921f,0f,0f,0f,1f],start_interpolation:0}