execute if entity @s[tag=aj.toji.locator_origin.head] at @s on origin run tp @s ^0 ^1.45799 ^0.00314 ~0 ~0.24
execute if entity @s[tag=aj.toji.bone.blade2] run data modify entity @s {} merge value {transformation:[-0.006167463870625112f,0.0017090992646943597f,1.4999863470609016f,-0.3717319158952792f,1.499906622460207f,-0.01555221691915363f,0.006184856418202377f,0.8016901953343281f,0.015559122385877727f,1.49991840029003f,-0.001645047713066624f,0.4980244100124037f,0f,0f,0f,1f],start_interpolation:0}
execute if entity @s[tag=aj.toji.bone.chain2] run data modify entity @s {} merge value {transformation:[-1.55206920633385f,-0.00638161192168814f,-0.0017684429891625694f,-0.3721517868311784f,-0.0063996083771673895f,1.5519867135178531f,0.01609222445106869f,0.895008780532871f,0.001702167425325541f,0.016099369690942927f,-1.5519989003001007f,-0.0018553893648928631f,0f,0f,0f,1f],start_interpolation:0}
execute if entity @s[tag=aj.toji.bone.bottom2] run data modify entity @s {} merge value {transformation:[-0.9999908980406012f,-0.004111642580416519f,-0.0011393995097960178f,-0.37292271981500646f,-0.004123237612134694f,0.9999377483068046f,0.010368144612769088f,1.082497108340397f,0.0010966984753775296f,0.010372748257251818f,-0.9999456001933533f,0.00008950093334185276f,0f,0f,0f,1f],start_interpolation:0}
execute if entity @s[tag=aj.toji.bone.rightarm] run data modify entity @s {} merge value {transformation:[-0.9999649023937887f,-0.008300346338421218f,-0.0011393995097960178f,-0.3125f,-0.008311718635983279f,0.9999117045572599f,0.010368144612769088f,1.3329945168944608f,0.001053239714839023f,0.010377251083851728f,-0.9999456001933533f,0.0026179862221273457f,0f,0f,0f,1f],start_interpolation:0}
execute if entity @s[tag=aj.toji.bone.chain] run data modify entity @s {} merge value {transformation:[-1.5519982316193888f,-0.01608366140218046f,-0.0023406189996823578f,0.3775872299554944f,-0.01625293900931117f,1.5348706504456773f,0.2299360823905945f,1.0864215103398274f,-0.00006808054990145727f,0.229947985091139f,-1.534954915666475f,-0.034417873904637186f,0f,0f,0f,1f],start_interpolation:0}
execute if entity @s[tag=aj.toji.bone.blade] run data modify entity @s {} merge value {transformation:[0.015543941220898902f,0.0022620747379477175f,-1.4999177540482682f,0.38171183381239776f,-1.4833649239206546f,-0.22222010647144702f,-0.01570753837141444f,0.7396593106350658f,-0.22223160975251016f,1.483446361449479f,-0.00006579596769027901f,0.4200401313989173f,0f,0f,0f,1f],start_interpolation:0}
execute if entity @s[tag=aj.toji.bone.bottom] run data modify entity @s {} merge value {transformation:[-0.9999451693655121f,-0.01036262748059949f,-0.0015080498252987003f,0.3775872299554944f,-0.01047169224760988f,0.9889099492804363f,0.14814673764763134f,1.0864215103398274f,-0.000043863978459999306f,0.14815440650167344f,-0.9889642409663194f,-0.034417873904637186f,0f,0f,0f,1f],start_interpolation:0}
execute if entity @s[tag=aj.toji.bone.leftarm] run data modify entity @s {} merge value {transformation:[-0.9999451693655121f,-0.01036262748059949f,-0.0015080498252987003f,0.3125f,-0.01047169224760988f,0.9889099492804363f,0.14814673764763134f,1.3329945168944608f,-0.000043863978459999306f,0.14815440650167344f,-0.9889642409663194f,0.002617986222127422f,0f,0f,0f,1f],start_interpolation:0}
execute if entity @s[tag=aj.toji.locator_origin.mount] at @s on origin run tp @s ^0 ^1.70736 ^0.02093 ~0 ~4.08
execute if entity @s[tag=aj.toji.bone.head] run data modify entity @s {} merge value {transformation:[-1f,-8.713272266730462e-18f,1.221543151633392e-16f,-3.8473301365681843e-19f,0f,0.9974656794790774f,0.07114926746876718f,1.457993420273353f,-1.2246467991473532e-16f,0.07114926746876718f,-0.9974656794790774f,0.0031415834665528422f,0f,0f,0f,1f],start_interpolation:0}
execute if entity @s[tag=aj.toji.bone.upper] run data modify entity @s {} merge value {transformation:[-1f,-5.129773515424095e-19f,1.2246360553591168e-16f,-1.1248198369963932e-32f,0f,0.9999912270311376f,0.004188777955403667f,0.7079999999999997f,-1.2246467991473532e-16f,0.004188777955403667f,-0.9999912270311376f,9.184850993605148e-17f,0f,0f,0f,1f],start_interpolation:0}
execute if entity @s[tag=aj.toji.bone.bottom3] run data modify entity @s {} merge value {transformation:[-0.9999761655886358f,0.0035532049953666883f,0.005919711894170164f,-0.12502043779509417f,0.0033505390329569167f,0.999419583446788f,-0.03390088658482595f,0.3955171345732772f,-0.006036732794957107f,-0.0338802443513842f,-0.99940766802134f,0.0032330982915256263f,0f,0f,0f,1f],start_interpolation:0}
execute if entity @s[tag=aj.toji.bone.rightleg] run data modify entity @s {} merge value {transformation:[-0.9999802608561371f,0.00006579572717862807f,0.00628279945678891f,-0.11875f,-1.5321501656227327e-18f,0.9999451693655121f,-0.010471784116246111f,0.7079999999999997f,-0.006283143965559121f,-0.010471577412192939f,-0.9999254313039591f,7.730582919617666e-17f,0f,0f,0f,1f],start_interpolation:0}
execute if entity @s[tag=aj.toji.bone.bottom4] run data modify entity @s {} merge value {transformation:[-0.9999802575573313f,0.006167233194876313f,-0.0012040474630936628f,0.12306878174515005f,0.00618875193915154f,0.9998046532330567f,-0.018771114057589914f,0.3954780701867587f,0.0010880464185937231f,-0.018778195021018858f,-0.9998230821234043f,0.0025892103130824786f,0f,0f,0f,1f],start_interpolation:0}
execute if entity @s[tag=aj.toji.bone.leftleg] run data modify entity @s {} merge value {transformation:[-0.9999802575573313f,0.006179503566666434f,-0.0011393995097960178f,0.11875f,0.00618875193915154f,0.9999464003635884f,-0.008300346338421465f,0.7079999999999997f,0.0010880464185937231f,-0.008307233930235466f,-0.9999649023937887f,1.063911906759263e-16f,0f,0f,0f,1f],start_interpolation:0}