execute if entity @s[tag=aj.toji.locator_origin.head] at @s on origin run tp @s ^0 ^0.44035 ^0.06537 ~-180 ~5
execute if entity @s[tag=aj.toji.bone.blade2] run data modify entity @s {} merge value {transformation:[0.1307335263460788f,-8.644414342820241e-8f,1.4942920548169663f,-0.44199638319679274f,-1.458871343946704f,-0.32465953081297977f,0.12763459900604382f,0.9542792784536595f,0.3234240975874508f,-1.4644439863143583f,-0.028296007623951944f,-0.5448361143836331f,0f,0f,0f,1f],start_interpolation:0}
execute if entity @s[tag=aj.toji.bone.chain2] run data modify entity @s {} merge value {transformation:[-1.5461771956092223f,0.13527288489976244f,8.944567652944642e-8f,-0.43380420594875f,-0.13206635591597618f,-1.5095265989448536f,0.3359324311884305f,0.9770074530470897f,0.029278507888672912f,0.334654100975904f,1.5152927358391626f,-0.03689451658706154f,0f,0f,0f,1f],start_interpolation:0}
execute if entity @s[tag=aj.toji.bone.bottom2] run data modify entity @s {} merge value {transformation:[-0.9961947032113109f,0.08715568423071941f,5.7629429173334606e-8f,-0.41746251515549015f,-0.08508973267069606f,-0.9725808959644694f,0.2164396872086532f,0.7946485350537517f,0.018864005082634895f,0.21561606505830053f,0.9762959908762389f,0.0035334956113698066f,0f,0f,0f,1f],start_interpolation:0}
execute if entity @s[tag=aj.toji.bone.rightarm] run data modify entity @s {} merge value {transformation:[-0.9848077632123792f,0.17364811981886574f,5.7629429173334606e-8f,-0.3125f,-0.16953195091855758f,-0.9614638731740097f,0.2164396872086532f,0.5648783136926591f,0.037584400146580196f,0.2131514744603112f,0.9762959908762389f,0.05447233921728635f,0f,0f,0f,1f],start_interpolation:0}
execute if entity @s[tag=aj.toji.bone.chain] run data modify entity @s {} merge value {transformation:[-1.51529276105073f,-0.3330583699214881f,-0.0438479662425505f,0.4271654862041617f,-0.3346539935777312f,1.51426907159897f,0.06291706439735041f,0.3344452012301833f,0.029278430641728716f,0.07088000165875892f,-1.5501875604181332f,0.04187642899137646f,0f,0f,0f,1f],start_interpolation:0}
execute if entity @s[tag=aj.toji.bone.blade] run data modify entity @s {} merge value {transformation:[0.3218819145549948f,0.04237655797937734f,-1.4644440106799f,0.5009618915496f,-1.4634546732231655f,-0.06080575351153334f,-0.32342399379324316f,0.04533992425567851f,-0.06850147811316298f,1.4981678436255783f,0.028295932969187164f,0.5294883068913446f,0f,0f,0f,1f],start_interpolation:0}
execute if entity @s[tag=aj.toji.bone.bottom] run data modify entity @s {} merge value {transformation:[-0.9762960071199334f,-0.21458794303666345f,-0.028251038652918444f,0.4271654862041617f,-0.21561599586216235f,0.9756364488154436f,0.04053716900768885f,0.3344452012301833f,0.018863955312791655f,0.04566765207544199f,-0.9987785624170522f,0.04187642899137646f,0f,0f,0f,1f],start_interpolation:0}
execute if entity @s[tag=aj.toji.bone.leftarm] run data modify entity @s {} merge value {transformation:[-0.9762960071199334f,-0.21458794303666345f,-0.028251038652918444f,0.3125f,-0.21561599586216235f,0.9756364488154436f,0.04053716900768885f,0.5648783136926591f,0.018863955312791655f,0.04566765207544199f,-0.9987785624170522f,0.05447233921728643f,0f,0f,0f,1f],start_interpolation:0}
execute if entity @s[tag=aj.toji.locator_origin.mount] at @s on origin run tp @s ^0 ^0.41857 ^0.31442 ~-180 ~85
execute if entity @s[tag=aj.toji.bone.head] run data modify entity @s {} merge value {transformation:[-1f,-1.2199866483456202e-16f,-1.0673500138322981e-17f,-8.005125103742236e-18f,0f,-0.08715574274765822f,0.9961946980917454f,0.4403539764311908f,-1.2246467991473532e-16f,0.9961946980917454f,0.08715574274765822f,0.06536680706074369f,0f,0f,0f,1f],start_interpolation:0}
execute if entity @s[tag=aj.toji.bone.upper] run data modify entity @s {} merge value {transformation:[-1f,-1.0673500138322989e-17f,-1.2199866483456202e-16f,5.624099184981966e-33f,0f,-0.9961946980917455f,0.0871557427476583f,1.1875f,-1.2246467991473532e-16f,0.0871557427476583f,0.9961946980917455f,-4.592425496802574e-17f,0f,0f,0f,1f],start_interpolation:0}
execute if entity @s[tag=aj.toji.bone.bottom3] run data modify entity @s {} merge value {transformation:[-0.9917333889984691f,0.020920333105619783f,-0.12659867617143986f,-0.13377497996262339f,0.06676673468026828f,-0.7584049116041219f,-0.6483549901056355f,1.492592502224979f,-0.10957686017470043f,-0.6514478718343424f,0.7507386908883544f,0.06624294349758192f,0f,0f,0f,1f],start_interpolation:0}
execute if entity @s[tag=aj.toji.bone.rightleg] run data modify entity @s {} merge value {transformation:[-0.9914448613738104f,0.0282510386529186f,-0.12743220028900537f,-0.11875f,-1.771957182669464e-17f,-0.9762960071199334f,-0.21643961393810277f,1.1875f,-0.13052619222005168f,-0.21458794303666331f,0.967943659438827f,-6.046693570790056e-17f,0f,0f,0f,1f],start_interpolation:0}
execute if entity @s[tag=aj.toji.bone.bottom4] run data modify entity @s {} merge value {transformation:[-0.9914448515778773f,-0.1274322854060075f,-0.028250998494259945f,0.16573598864346062f,0.12854327075627894f,-0.9156540900096962f,-0.38085983641202314f,1.4918161632881013f,0.022665697055215366f,-0.3812329997320758f,0.9242010961323753f,0.05365912907237905f,0f,0f,0f,1f],start_interpolation:0}
execute if entity @s[tag=aj.toji.bone.leftleg] run data modify entity @s {} merge value {transformation:[-0.9914448515778773f,-0.13052626662751643f,5.762942917055749e-8f,0.11875f,0.12854327075627894f,-0.9763825879370498f,-0.17364811981886566f,1.1875f,0.022665697055215366f,-0.17216252697271736f,0.9848077632123792f,-3.138157422815092e-17f,0f,0f,0f,1f],start_interpolation:0}