execute if entity @s[tag=aj.toji.locator_origin.head] at @s on origin run tp @s ^0 ^1.59747 ^-0.14707 ~-180 ~-25.20636
execute if entity @s[tag=aj.toji.bone.blade2] run data modify entity @s {} merge value {transformation:[0.05606453123029158f,-0.008381017975940744f,1.498928459558899f,-0.4071620593339685f,-1.3897692069011867f,0.5616966140346044f,0.055122276180394f,2.3801067257847546f,-0.5616033474679212f,-1.390836680678126f,0.01322905110269624f,-0.36299242455221625f,0f,0f,0f,1f],start_interpolation:0}
execute if entity @s[tag=aj.toji.bone.chain2] run data modify entity @s {} merge value {transformation:[-1.5509745866269165f,0.05801121634245483f,0.008672025544550144f,-0.40055708838486725f,-0.0570362441033248f,-1.4380250821408114f,-0.5811999686885837f,2.110933088263637f,-0.013688393154873005f,-0.5811034636994462f,1.43912962097945f,0.06838939667227437f,0f,0f,0f,1f],start_interpolation:0}
execute if entity @s[tag=aj.toji.bone.bottom2] run data modify entity @s {} merge value {transformation:[-0.9992856397059326f,0.03737635415352794f,0.005587345317294052f,-0.39354902198108077f,-0.036748184120262956f,-0.9265128046007911f,-0.3744644093564029f,1.9372119374009886f,-0.008819367401797371f,-0.37440223164528075f,0.9272244537854174f,-0.0018110217612157808f,0f,0f,0f,1f],start_interpolation:0}
execute if entity @s[tag=aj.toji.bone.rightarm] run data modify entity @s {} merge value {transformation:[-0.997175225213851f,0.07490228162086045f,0.005587345317294052f,-0.31249999999999994f,-0.07153981231891055f,-0.9244773990632413f,-0.3744644093564029f,1.7105638259051101f,-0.02288286418000228f,-0.373806349369903f,0.9272244537854174f,-0.09383243009244138f,0f,0f,0f,1f],start_interpolation:0}
execute if entity @s[tag=aj.toji.bone.chain] run data modify entity @s {} merge value {transformation:[-1.5452356379125745f,0.03940783666792218f,-0.14020170949451707f,0.3683766828687606f,-0.13176742372463254f,-1.0146576914387364f,1.167077456238573f,1.879304692595563f,-0.062022923028536216f,1.1738311059196205f,1.0135266969377905f,-0.2804083294474726f,0f,0f,0f,1f],start_interpolation:0}
execute if entity @s[tag=aj.toji.bone.blade] run data modify entity @s {} merge value {transformation:[-0.038085426041482164f,0.13549695414235172f,-1.4933820930161792f,0.4071290153815777f,0.9806087756186446f,-1.127913783210433f,-0.12734569809628912f,1.6829496541629325f,-1.1344408003518478f,-0.9795157339533007f,-0.05994161688663855f,-0.8158857516535662f,0f,0f,0f,1f],start_interpolation:0}
execute if entity @s[tag=aj.toji.bone.bottom] run data modify entity @s {} merge value {transformation:[-0.9955880620107862f,0.025390284027654555f,-0.09033130276156803f,0.3683766828687606f,-0.08489713206419278f,-0.653739183745763f,0.7519425221402886f,1.879304692595563f,-0.03996107792442601f,0.7562938669012319f,0.6530104893022005f,-0.2804083294474726f,0f,0f,0f,1f],start_interpolation:0}
execute if entity @s[tag=aj.toji.bone.leftarm] run data modify entity @s {} merge value {transformation:[-0.9955880620107862f,0.025390284027654555f,-0.09033130276156803f,0.31250000000000006f,-0.08489713206419278f,-0.653739183745763f,0.7519425221402886f,1.7105638259051101f,-0.03996107792442601f,0.7562938669012319f,0.6530104893022005f,-0.09383243009244127f,0f,0f,0f,1f],start_interpolation:0}
execute if entity @s[tag=aj.toji.locator_origin.mount] at @s on origin run tp @s ^0 ^1.35072 ^-0.10687 ~-180 ~9.2518
execute if entity @s[tag=aj.toji.bone.head] run data modify entity @s {} merge value {transformation:[-1f,-1.9689077781160897e-17f,-1.208715766536781e-16f,1.80105627597413e-17f,0f,-0.986991324664659f,0.16077352094390968f,1.5974663574251162f,-1.2246467991473532e-16f,0.16077352094390968f,0.986991324664659f,-0.14706740565754098f,0f,0f,0f,1f],start_interpolation:0}
execute if entity @s[tag=aj.toji.bone.upper] run data modify entity @s {} merge value {transformation:[-1f,5.215523394278951e-17f,-1.108035622125547e-16f,-2.1105862697350832e-17f,0f,-0.9047797478399522f,-0.4258798045207974f,2.2760511683050804f,-1.2246467991473532e-16f,-0.4258798045207974f,0.9047797478399522f,0.17234244773305704f,0f,0f,0f,1f],start_interpolation:0}
execute if entity @s[tag=aj.toji.bone.bottom3] run data modify entity @s {} merge value {transformation:[-0.9982578020445807f,-0.012973580794168556f,-0.05755907277310766f,-0.12664245176482092f,0.04978803529346621f,-0.7087074838687273f,-0.7037434574119141f,2.539076581271181f,-0.03166247303574512f,-0.705383150145958f,0.7081187042378035f,0.34101566386161775f,0f,0f,0f,1f],start_interpolation:0}
execute if entity @s[tag=aj.toji.bone.rightleg] run data modify entity @s {} merge value {transformation:[-0.9984109540589768f,0.005287626566247324f,-0.05610354552378638f,-0.11875000000000002f,0.02589832142032406f,-0.841163355063116f,-0.5401606122687697f,2.2760511683050804f,-0.05004841418719718f,-0.5407552598951382f,0.8396897671956521f,0.172342447733057f,0f,0f,0f,1f],start_interpolation:0}
execute if entity @s[tag=aj.toji.bone.bottom4] run data modify entity @s {} merge value {transformation:[-0.9984107369437081f,-0.05635521181672912f,0.000300760059548026f,0.1425145531223087f,0.044807916644339085f,-0.7970485175649155f,-0.6022507046517797f,2.541409328115612f,0.0341796863870309f,-0.6012800934245726f,0.7983069574354351f,0.3357915393085851f,0f,0f,0f,1f],start_interpolation:0}
execute if entity @s[tag=aj.toji.bone.leftleg] run data modify entity @s {} merge value {transformation:[-0.9984107369437081f,-0.05607835525251375f,0.005587345317294061f,0.11874999999999997f,0.044807916644339085f,-0.8500422697265881f,-0.5248050974257631f,2.2760511683050804f,0.0341796863870309f,-0.5237206867694302f,0.8512040832187312f,0.17234244773305707f,0f,0f,0f,1f],start_interpolation:0}