execute if entity @s[tag=aj.toji.locator_origin.head] at @s on origin run tp @s ^0 ^1.62593 ^0.03724 ~-180 ~2.84636
execute if entity @s[tag=aj.toji.bone.blade2] run data modify entity @s {} merge value {transformation:[0.07425903030534033f,-0.008389906691921566f,1.4981372453429664f,-0.41641107307351344f,-1.4867106971544959f,-0.18550669380364132f,0.07265376466801086f,2.2027750735921034f,0.1848699526275246f,-1.488461244379491f,-0.017499274149343984f,-0.5294142802737107f,0f,0f,0f,1f],start_interpolation:0}
execute if entity @s[tag=aj.toji.bone.chain2] run data modify entity @s {} merge value {transformation:[-1.550155899695153f,0.07683746885760943f,0.008681222896502522f,-0.4087344251294652f,-0.07517646483009488f,-1.5383325963612493f,0.19194789844960114f,2.177388389758356f,0.01810688783508548f,0.19128904820486922f,1.5401439264760013f,-0.021590557097237482f,0f,0f,0f,1f],start_interpolation:0}
execute if entity @s[tag=aj.toji.bone.bottom2] run data modify entity @s {} merge value {transformation:[-0.9987581635619777f,0.04950602020356044f,0.005593271127947933f,-0.3994520463412976f,-0.04843584311200744f,-0.9911404647696639f,0.12367112920242757f,1.991549552614044f,0.01166618276622957f,0.1232466350850164f,0.992307496252994f,0.0015181869812030922f,0f,0f,0f,1f],start_interpolation:0}
execute if entity @s[tag=aj.toji.bone.rightarm] run data modify entity @s {} merge value {transformation:[-0.9950676054320629f,0.0990412840071747f,0.005593271127947933f,-0.3125f,-0.0975941474707085f,-0.9875124476082627f,0.12367112920242757f,1.7507710749288976f,0.017771972292522118f,0.12251526386923425f,0.992307496252994f,0.03103625468022902f,0f,0f,0f,1f],start_interpolation:0}
execute if entity @s[tag=aj.toji.bone.chain] run data modify entity @s {} merge value {transformation:[-1.540128524701588f,-0.027421545189061782f,-0.19030202277187286f,0.3789354914949464f,-0.1920303203205422f,0.2956704110243689f,1.511511176846993f,1.710879075313719f,0.0095476221758153f,1.523413844139286f,-0.2967857409085937f,-0.21473030902713833f,0f,0f,0f,1f],start_interpolation:0}
execute if entity @s[tag=aj.toji.bone.blade] run data modify entity @s {} merge value {transformation:[0.02650135910889159f,0.18391604885335328f,-1.4884463594431452f,0.44572033324180693f,-0.285748585151068f,-1.4607893252749462f,-0.1855863498399867f,1.1707064767709934f,-1.4722925742017257f,0.28682648785796977f,0.009227232169915719f,-0.38950577292866273f,0f,0f,0f,1f],start_interpolation:0}
execute if entity @s[tag=aj.toji.bone.bottom] run data modify entity @s {} merge value {transformation:[-0.9922975729620968f,-0.01766757273926128f,-0.12261069923556908f,0.3789354914949464f,-0.12372423322665806f,0.1904990567673786f,0.9738595501832975f,1.710879075313719f,0.006151488113276971f,0.9815283828011505f,-0.19121765857197984f,-0.21473030902713833f,0f,0f,0f,1f],start_interpolation:0}
execute if entity @s[tag=aj.toji.bone.leftarm] run data modify entity @s {} merge value {transformation:[-0.9922975729620968f,-0.01766757273926128f,-0.12261069923556908f,0.3125f,-0.12372423322665806f,0.1904990567673786f,0.9738595501832975f,1.7507710749288976f,0.006151488113276971f,0.9815283828011505f,-0.19121765857197984f,0.031036254680229098f,0f,0f,0f,1f],start_interpolation:0}
execute if entity @s[tag=aj.toji.locator_origin.mount] at @s on origin run tp @s ^0 ^1.45991 ^0.22416 ~-180 ~48.3882
execute if entity @s[tag=aj.toji.bone.head] run data modify entity @s {} merge value {transformation:[-1f,-9.156211094671404e-17f,-8.13263651321034e-17f,-4.56101399419975e-18f,0f,-0.6640801673488713f,0.7476613747773084f,1.6259252899146772f,-1.2246467991473532e-16f,0.7476613747773084f,0.6640801673488713f,0.037243505616274875f,0f,0f,0f,1f],start_interpolation:0}
execute if entity @s[tag=aj.toji.bone.upper] run data modify entity @s {} merge value {transformation:[-1f,-6.081351992266341e-18f,-1.2231359280376295e-16f,5.624099184981966e-33f,0f,-0.9987662801137638f,0.049658007488366566f,2.375f,-1.2246467991473532e-16f,0.049658007488366566f,0.9987662801137638f,-4.592425496802574e-17f,0f,0f,0f,1f],start_interpolation:0}
execute if entity @s[tag=aj.toji.bone.bottom3] run data modify entity @s {} merge value {transformation:[-0.9970460394791023f,-0.009845424691089639f,-0.07617258543392354f,-0.1278646827386583f,0.038974311840439944f,-0.9194339629022371f,-0.3913083066821504f,2.6850929915506554f,-0.06618306562558461f,-0.39312117149110626f,0.9171017099263635f,0.03813884699016027f,0f,0f,0f,1f],start_interpolation:0}
execute if entity @s[tag=aj.toji.bone.rightleg] run data modify entity @s {} merge value {transformation:[-0.9972248438265466f,0.009222487887175673f,-0.07387527713850325f,-0.11875f,-8.249976059556249e-18f,-0.9922975729620968f,-0.1238770628225106f,2.375f,-0.07444871291781854f,-0.12353328462686944f,0.9895437922265882f,-6.046693570790056e-17f,0f,0f,0f,1f],start_interpolation:0}
execute if entity @s[tag=aj.toji.bone.bottom4] run data modify entity @s {} merge value {transformation:[-0.9972245286216344f,-0.07436357083817098f,-0.003646758499747561f,0.1481834472386614f,0.07332621383364499f,-0.9724653352716977f,-0.22121129731486833f,2.68465983546179f,0.01290371575096599f,-0.22086473468415196f,0.9752190846639116f,0.030655684390112254f,0f,0f,0f,1f],start_interpolation:0}
execute if entity @s[tag=aj.toji.bone.leftleg] run data modify entity @s {} merge value {transformation:[-0.9972245286216344f,-0.07424254059128378f,0.005593271127947933f,0.11875f,0.07332621383364499f,-0.9923779977544004f,-0.09904128400717459f,2.375f,0.01290371575096599f,-0.09835626436337863f,0.9950676054320629f,-3.138157422815092e-17f,0f,0f,0f,1f],start_interpolation:0}