execute if entity @s[tag=aj.toji.locator_origin.head] at @s on origin run tp @s ^0 ^18.39247 ^0.07319 ~-180 ~5.6
execute if entity @s[tag=aj.toji.bone.blade2] run data modify entity @s {} merge value {transformation:[0.14633176578574608f,0.004603957558480802f,1.4928381753883524f,-0.44822361843642616f,-1.4484052956407105f,-0.3628303023531355f,0.1430953222655388f,18.887928076175218f,0.3615371542206578f,-1.455449406633268f,-0.03095013487686786f,-0.5480914796117906f,0f,0f,0f,1f],start_interpolation:0}
execute if entity @s[tag=aj.toji.bone.chain2] run data modify entity @s {} merge value {transformation:[-1.5446728342560037f,0.15141272987552928f,-0.00476381719592771f,-0.440652696604307f,-0.14806390984420362f,-1.4986971461837908f,0.37542857674039726f,18.92402092359466f,0.03202479233787064f,0.37409052763109735f,1.5059858443635898f,-0.04091465051929802f,0f,0f,0f,1f],start_interpolation:0}
execute if entity @s[tag=aj.toji.bone.bottom2] run data modify entity @s {} merge value {transformation:[-0.9952254502589016f,0.09755451052383093f,-0.0030693050389869808f,-0.4223612258810887f,-0.09539688151035937f,-0.9656035304271403f,0.2418868682354237f,18.742970261639574f,0.02063342325124551f,0.24102476948043855f,0.9702996044221787f,0.0042774937582842065f,0f,0f,0f,1f],start_interpolation:0}
execute if entity @s[tag=aj.toji.bone.rightarm] run data modify entity @s {} merge value {transformation:[-0.9809559852354139f,0.19420590721550124f,-0.0030693050389869808f,-0.3125f,-0.18916798286868225f,-0.951685986674519f,0.2418868682354237f,18.516871763900237f,0.04405484409474347f,0.23786098538842268f,0.9702996044221787f,0.06098931234946841f,0f,0f,0f,1f],start_interpolation:0}
execute if entity @s[tag=aj.toji.bone.chain] run data modify entity @s {} merge value {transformation:[-1.5059798251575363f,-0.36556227084519827f,0.08574185654678652f,0.4320259963169797f,-0.3736909122322256f,1.4246073563042436f,-0.4897056831301759f,18.30245276337736f,0.03664071430301053f,-0.49580316669969654f,-1.470305870068208f,0.13937476010097624f,0f,0f,0f,1f],start_interpolation:0}
execute if entity @s[tag=aj.toji.bone.blade] run data modify entity @s {} merge value {transformation:[0.35329508054837916f,-0.08286461303850541f,-1.4554435894139948f,0.4697760092780565f,-1.3768017403208797f,0.4732726065150692f,-0.3611509487344997f,18.207601426702205f,0.4791654765419886f,1.4209667469115563f,0.03541116013176815f,0.7018436699421532f,0f,0f,0f,1f],start_interpolation:0}
execute if entity @s[tag=aj.toji.bone.bottom] run data modify entity @s {} merge value {transformation:[-0.9702957262759965f,-0.23553005369891966f,0.05524307535900339f,0.4320259963169797f,-0.24076729915633327f,0.9178678268805864f,-0.31551507101004617f,18.30245276337736f,0.02360744008784571f,-0.3194436510279924f,-0.9473111646077043f,0.13937476010097624f,0f,0f,0f,1f],start_interpolation:0}
execute if entity @s[tag=aj.toji.bone.leftarm] run data modify entity @s {} merge value {transformation:[-0.9702957262759965f,-0.23553005369891966f,0.05524307535900339f,0.3125f,-0.24076729915633327f,0.9178678268805864f,-0.31551507101004617f,18.516871763900237f,0.02360744008784571f,-0.3194436510279924f,-0.9473111646077043f,0.06098931234946849f,0f,0f,0f,1f],start_interpolation:0}
execute if entity @s[tag=aj.toji.locator_origin.mount] at @s on origin run tp @s ^0 ^18.41513 ^0.32216 ~0 ~84.8
execute if entity @s[tag=aj.toji.bone.head] run data modify entity @s {} merge value {transformation:[-1f,-1.2196066410858347e-16f,1.1099289923767757e-17f,-8.962843938116963e-18f,0f,0.09063258019778042f,0.9958843986159702f,18.39246833890251f,-1.2246467991473532e-16f,0.9958843986159702f,-0.09063258019778042f,0.07318717481936217f,0f,0f,0f,1f],start_interpolation:0}
execute if entity @s[tag=aj.toji.bone.upper] run data modify entity @s {} merge value {transformation:[-1f,-1.195045858415596e-17f,-1.2188020498114922e-16f,5.624099184981966e-33f,0f,-0.9952273999818312f,0.0975828997591496f,19.138888888888882f,-1.2246467991473532e-16f,0.0975828997591496f,0.9952273999818312f,-4.592425496802574e-17f,0f,0f,0f,1f],start_interpolation:0}
execute if entity @s[tag=aj.toji.bone.bottom3] run data modify entity @s {} merge value {transformation:[-0.9899229866937712f,0.03448231549108294f,-0.1373442766687317f,-0.13597691557625588f,0.0741271193579119f,-0.7002110745391839f,-0.7100771938799185f,19.44210630335013f,-0.12065508937040981f,-0.7131026721384901f,0.6905989635077391f,0.07387655546358225f,0f,0f,0f,1f],start_interpolation:0}
execute if entity @s[tag=aj.toji.bone.rightleg] run data modify entity @s {} merge value {transformation:[-0.9892723329629883f,0.03534068318475904f,-0.1417437382955624f,-0.11875f,-1.7890011333870872e-17f,-0.9702957262759965f,-0.24192189559966756f,19.138888888888882f,-0.1460830285624117f,-0.23932663805471163f,0.9598867167970722f,-6.046693570790056e-17f,0f,0f,0f,1f],start_interpolation:0}
execute if entity @s[tag=aj.toji.bone.bottom4] run data modify entity @s {} merge value {transformation:[-0.9892727745285561f,-0.1409670143069739f,-0.03831029174973617f,0.17057288919362112f,0.14385749180538923f,-0.8945487790668507f,-0.42318731540710075f,19.441225759193536f,0.025385027635101302f,-0.42415891213952345f,0.9052319137240915f,0.06001764332272073f,0f,0f,0f,1f],start_interpolation:0}
execute if entity @s[tag=aj.toji.bone.leftleg] run data modify entity @s {} merge value {transformation:[-0.9892727745285561f,-0.1460477899290165f,-0.003069305038986982f,0.11875f,0.14385749180538923f,-0.9703551348109961f,-0.19420590721550116f,19.138888888888882f,0.025385027635101302f,-0.19256415918540845f,0.9809559852354139f,-3.138157422815092e-17f,0f,0f,0f,1f],start_interpolation:0}