execute if entity @s[tag=aj.toji.locator_origin.head] at @s on origin run tp @s ^-0.00809 ^1.49918 ^0.03404 ~13.36806 ~2.67361
execute if entity @s[tag=aj.toji.bone.blade2] run data modify entity @s {} merge value {transformation:[-0.30848723515730736f,0.6178898739351911f,1.331558383786965f,-0.20958612939564575f,-0.44711989267172275f,1.256439257133504f,-0.686617939403738f,1.678158274434266f,-1.3981843323833334f,-0.5381194075873516f,-0.07421641230624605f,0.0672735190573924f,0f,0f,0f,1f],start_interpolation:0}
execute if entity @s[tag=aj.toji.bone.chain2] run data modify entity @s {} merge value {transformation:[-1.3777930498906794f,-0.3191985974891581f,-0.6393443834468293f,-0.43355647884871523f,0.7104588400774785f,-0.4626448889450467f,-1.3000656202284175f,1.2321533333985861f,0.07679337106687942f,-1.4467323994799772f,0.5568041092396901f,0.1647682553162105f,0f,0f,0f,1f],start_interpolation:0}
execute if entity @s[tag=aj.toji.bone.bottom2] run data modify entity @s {} merge value {transformation:[-0.8877055891913102f,-0.20565815677153806f,-0.4119265826234605f,-0.4721173832433786f,0.45774529293582505f,-0.2980799284478153f,-0.8376261714223361f,1.1762633468146209f,0.049477608204163914f,-0.9321228882555557f,0.35874627172490103f,-0.010004786231706177f,0f,0f,0f,1f],start_interpolation:0}
execute if entity @s[tag=aj.toji.bone.rightarm] run data modify entity @s {} merge value {transformation:[-0.8842822375922611f,0.4243055525968521f,0.1949608225113547f,-0.3107733552446492f,0.35238807966528995f,0.8803222950938133f,-0.31757723166274066f,1.3743196656089935f,-0.30637814149941106f,-0.21212603516834255f,-0.9279735877788365f,-0.04388766118007862f,0f,0f,0f,1f],start_interpolation:0}
execute if entity @s[tag=aj.toji.bone.chain] run data modify entity @s {} merge value {transformation:[-1.49470391607394f,-0.23947938782656714f,0.34274261434865744f,0.39605550953863766f,-0.13959529566596024f,1.4851031879980021f,0.42888733723113776f,1.1407297009247233f,-0.39412692157764745f,0.3822052032815556f,-1.451738897282615f,0.054923411217367185f,0f,0f,0f,1f],start_interpolation:0}
execute if entity @s[tag=aj.toji.bone.blade] run data modify entity @s {} merge value {transformation:[0.2314431667585612f,-0.3312411843369578f,-1.4445460665412573f,0.3284830769631055f,-1.4352675105484045f,-0.4144951447066029f,-0.13491088977112897f,0.7386494488104731f,-0.3693795253190874f,1.4030228269040037f,-0.38090118595423667f,0.4556209920699512f,0f,0f,0f,1f],start_interpolation:0}
execute if entity @s[tag=aj.toji.bone.bottom] run data modify entity @s {} merge value {transformation:[-0.9630307110275048f,-0.15429544450570767f,0.22082745622463834f,0.39605550953863766f,-0.0899405931807529f,0.9568450070322697f,0.2763300964710686f,1.1407297009247233f,-0.25393412396949094f,0.24625301687939152f,-0.9353485512693358f,0.054923411217367185f,0f,0f,0f,1f],start_interpolation:0}
execute if entity @s[tag=aj.toji.bone.leftarm] run data modify entity @s {} merge value {transformation:[-0.9630307110275048f,-0.15429544450570767f,0.22082745622463834f,0.2972922289729917f,-0.0899405931807529f,0.9568450070322697f,0.2763300964710686f,1.3743196656089935f,-0.25393412396949094f,0.24625301687939152f,-0.9353485512693358f,0.10061578268912189f,0f,0f,0f,1f],start_interpolation:0}
execute if entity @s[tag=aj.toji.locator_origin.mount] at @s on origin run tp @s ^-0.02964 ^1.74245 ^0.0875 ~24.16857 ~13.32117
execute if entity @s[tag=aj.toji.bone.head] run data modify entity @s {} merge value {transformation:[-0.9131479370820841f,-0.08621522754134414f,0.3984065505770816f,-0.008088675762994511f,0.008656231882025052f,0.9730552866171901f,0.23040937228320973f,1.4991835987307924f,-0.40753639672100334f,0.21384654246990387f,-0.8877971286399436f,0.03403687290542595f,0f,0f,0f,1f],start_interpolation:0}
execute if entity @s[tag=aj.toji.bone.upper] run data modify entity @s {} merge value {transformation:[-0.9729049347482254f,-0.010784901017326015f,0.23095383489476412f,0f,0f,0.9989114649743899f,0.04664638402618338f,0.75f,-0.23120551019072078f,0.045382497207234605f,-0.9718458936501629f,0f,0f,0f,0f,1f],start_interpolation:0}