execute if entity @s[tag=aj.toji.locator_origin.head] at @s on origin run tp @s ^0 ^7.62154 ^0.07221 ~-180 ~5.525
execute if entity @s[tag=aj.toji.bone.blade2] run data modify entity @s {} merge value {transformation:[0.14438727139953916f,0.003974627810138059f,1.4930293092205411f,-0.4474674933277455f,-1.4497774802358663f,-0.3580778556125446f,0.14115773843776366f,8.119328146139257f,0.3567878552567874f,-1.4566277670200072f,-0.030626372419357395f,-0.5477102259409767f,0f,0f,0f,1f],start_interpolation:0}
execute if entity @s[tag=aj.toji.bone.chain2] run data modify entity @s {} merge value {transformation:[-1.544870604679588f,0.14940071832313462f,-0.004112635720211954f,-0.4398006299499621f,-0.14605904880018628f,-1.5001169760773896f,0.3705111144879803f,8.153752961998464f,0.03168978812836328f,0.3691763224532037f,1.5072051200415355f,-0.04041888980408485f,0f,0f,0f,1f],start_interpolation:0}
execute if entity @s[tag=aj.toji.bone.bottom2] run data modify entity @s {} merge value {transformation:[-0.9953528728136941f,0.09625818093302632f,-0.0026497518734251513f,-0.4217522210250197f,-0.09410515895850927f,-0.9665183201572441f,0.2387185704083631f,7.97253077696898f,0.0204175816129052f,0.2378585701711916f,0.9710851780133382f,0.00417959210301358f,0f,0f,0f,1f],start_interpolation:0}
execute if entity @s[tag=aj.toji.bone.rightarm] run data modify entity @s {} merge value {transformation:[-0.981461000965628f,0.19164363385867178f,-0.0026497518734251513f,-0.3125f,-0.18672442155588037f,-0.9529676985799725f,0.2387185704083631f,7.745959128671229f,0.043223766357979955f,0.23478774044790773f,0.9710851780133382f,0.060175041817616765f,0f,0f,0f,1f],start_interpolation:0}
execute if entity @s[tag=aj.toji.bone.chain] run data modify entity @s {} merge value {transformation:[-1.5072005241020663f,-0.36421440193802845f,0.0682431181767988f,0.43185804557802066f,-0.36883115025081586f,1.4470171353346806f,-0.42316387636893915f,7.527734804197891f,0.03567683228971393f,-0.4271439488976181f,-1.4917231258410633f,0.1275401007424796f,0f,0f,0f,1f],start_interpolation:0}
execute if entity @s[tag=aj.toji.bone.blade] run data modify entity @s {} merge value {transformation:[0.35199244214145f,-0.06595308065408775f,-1.4566233253066947f,0.47501552797943003f,-1.3984595133435838f,0.40896374628944443f,-0.35645426601421104f,7.40743071285694f,0.4128102593372953f,1.4416653028262623f,0.0344796231524748f,0.6847272070227192f,0f,0f,0f,1f],start_interpolation:0}
execute if entity @s[tag=aj.toji.bone.bottom] run data modify entity @s {} merge value {transformation:[-0.9710822168711298f,-0.2346616280943002f,0.04396872043605829f,0.43185804557802066f,-0.2376361773428075f,0.9323063422290558f,-0.2726424975262963f,7.527734804197891f,0.022986415434983472f,-0.27520683955819686f,-0.9611102018841748f,0.1275401007424796f,0f,0f,0f,1f],start_interpolation:0}
execute if entity @s[tag=aj.toji.bone.leftarm] run data modify entity @s {} merge value {transformation:[-0.9710822168711298f,-0.2346616280943002f,0.04396872043605829f,0.3125f,-0.2376361773428075f,0.9323063422290558f,-0.2726424975262963f,7.745959128671229f,0.022986415434983472f,-0.27520683955819686f,-0.9611102018841748f,0.06017504181761685f,0f,0f,0f,1f],start_interpolation:0}
execute if entity @s[tag=aj.toji.locator_origin.mount] at @s on origin run tp @s ^0 ^7.63865 ^0.32162 ~0 ~86.075
execute if entity @s[tag=aj.toji.bone.head] run data modify entity @s {} merge value {transformation:[-1f,-1.2217743981564374e-16f,8.382781561828354e-18f,-8.843180682060306e-18f,0f,0.06845060606588588f,0.9976545065949499f,7.6215398432943635f,-1.2246467991473532e-16f,0.9976545065949499f,-0.06845060606588588f,0.07221005018114018f,0f,0f,0f,1f],start_interpolation:0}
execute if entity @s[tag=aj.toji.bone.upper] run data modify entity @s {} merge value {transformation:[-1f,-1.1790907576080417e-17f,-1.2189574367118365e-16f,5.624099184981966e-33f,0f,-0.9953542830149248f,0.09628006690818697f,8.368055555555557f,-1.2246467991473532e-16f,0.09628006690818697f,0.9953542830149248f,-4.592425496802574e-17f,0f,0f,0f,1f],start_interpolation:0}
execute if entity @s[tag=aj.toji.bone.bottom3] run data modify entity @s {} merge value {transformation:[-0.9901556078685078f,0.03268447132962951f,-0.13610142372675074f,-0.1356887410170905f,0.07321754451642626f,-0.7077714456397891f,-0.7026370129106123f,8.671518748327784f,-0.11929402072832929f,-0.7056849906798823f,0.6984107892548649f,0.07292792459162308f,0f,0f,0f,1f],start_interpolation:0}
execute if entity @s[tag=aj.toji.bone.rightleg] run data modify entity @s {} merge value {transformation:[-0.9895572591572908f,0.03441282607154378f,-0.1399720981155895f,-0.11875f,-1.7652097726545444e-17f,-0.9710822168711298f,-0.23874532053351716f,8.368055555555557f,-0.14414031652910483f,-0.2362521650237761f,0.9609414569433811f,-6.046693570790056e-17f,0f,0f,0f,1f],start_interpolation:0}
execute if entity @s[tag=aj.toji.bone.bottom4] run data modify entity @s {} merge value {transformation:[-0.9895576310390308f,-0.13931334950965435f,-0.036979528131417805f,0.16997017443727247f,0.14194518927360078f,-0.897308453564434f,-0.4179582543794122f,8.670651479283846f,0.025045121171659072f,-0.41884284619676226f,0.9077132873850047f,0.05922426169770832f,0f,0f,0f,1f],start_interpolation:0}
execute if entity @s[tag=aj.toji.bone.leftleg] run data modify entity @s {} merge value {transformation:[-0.9895576310390308f,-0.14411340557849125f,-0.0026497518734251596f,0.11875f,0.14194518927360078f,-0.9711458597159981f,-0.1916436338586717f,8.368055555555557f,0.025045121171659072f,-0.19001853985609993f,0.981461000965628f,-3.138157422815092e-17f,0f,0f,0f,1f],start_interpolation:0}