execute if entity @s[tag=aj.toji.locator_origin.head] at @s on origin run tp @s ^-0.00872 ^1.49912 ^0.03528 ~13.88889 ~2.77778
execute if entity @s[tag=aj.toji.bone.blade2] run data modify entity @s {} merge value {transformation:[-0.3674981259810927f,0.6188324298280167f,1.3160515002056485f,-0.20206121529493198f,-0.5255736963446191f,1.20916110243851f,-0.7153332915923454f,1.6799641772189995f,-1.3559931478849878f,-0.6363771304366918f,-0.07941492772850098f,0.025456284717448187f,0f,0f,0f,1f],start_interpolation:0}
execute if entity @s[tag=aj.toji.bone.chain2] run data modify entity @s {} merge value {transformation:[-1.3617477328516783f,-0.3802584775776582f,-0.6403196669748226f,-0.42981863229965045f,0.7401712531059682f,-0.5438227830232519f,-1.2511458629398475f,1.245125273339344f,0.08217239049685154f,-1.4030762432976611f,0.6584735585768547f,0.15823442724333706f,0f,0f,0f,1f],start_interpolation:0}
execute if entity @s[tag=aj.toji.bone.bottom2] run data modify entity @s {} merge value {transformation:[-0.8773676668037658f,-0.24499875065406163f,-0.4125549532186776f,-0.475755898047287f,0.47688886106156336f,-0.35038246422974617f,-0.8061074016256735f,1.1794285612962667f,0.052943285152333874f,-0.9039954319233252f,0.42425142029112783f,-0.011264716242286414f,0f,0f,0f,1f],start_interpolation:0}
execute if entity @s[tag=aj.toji.bone.rightarm] run data modify entity @s {} merge value {transformation:[-0.8755192848825372f,0.44160771100161883f,0.19608317465474087f,-0.3106340149917237f,0.36550371616137944f,0.8707242054701535f,-0.32900819363747075f,1.3742656304037189f,-0.3160269217503354f,-0.21638388940094508f,-0.9237450931597564f,-0.04560900598312672f,0f,0f,0f,1f],start_interpolation:0}
execute if entity @s[tag=aj.toji.bone.chain] run data modify entity @s {} merge value {transformation:[-1.4901219747978338f,-0.25224686363040755f,0.3533704764469403f,0.39672817007978733f,-0.1449438326097926f,1.4798048677515019f,0.4451196607413056f,1.1417444637568914f,-0.40925598251473305f,0.39434977720127246f,-1.4442854522594621f,0.057376543063242746f,0f,0f,0f,1f],start_interpolation:0}
execute if entity @s[tag=aj.toji.bone.blade] run data modify entity @s {} merge value {transformation:[0.2437822037770378f,-0.3415124067675131f,-1.4401178816838125f,0.3279921967122318f,-1.4301469862833307f,-0.4301827593741477f,-0.14007994560946357f,0.7353691038373565f,-0.38111656320122983f,1.3958194974856546f,-0.39552256028269517f,0.45351736007283855f,0f,0f,0f,1f],start_interpolation:0}
execute if entity @s[tag=aj.toji.bone.bottom] run data modify entity @s {} merge value {transformation:[-0.9600785877892083f,-0.1625214691846921f,0.2276749378450085f,0.39672817007978733f,-0.09338663040630932f,0.9534313241888871f,0.28678850624943175f,1.1417444637568914f,-0.26368170685513f,0.2540777088008198f,-0.9305463316571031f,0.057376543063242746f,0f,0f,0f,1f],start_interpolation:0}
execute if entity @s[tag=aj.toji.bone.leftarm] run data modify entity @s {} merge value {transformation:[-0.9600785877892083f,-0.1625214691846921f,0.2276749378450085f,0.2960928910467888f,-0.09338663040630932f,0.9534313241888871f,0.28678850624943175f,1.3742656304037189f,-0.26368170685513f,0.2540777088008198f,-0.9305463316571031f,0.10441586358500207f,0f,0f,0f,1f],start_interpolation:0}
execute if entity @s[tag=aj.toji.locator_origin.mount] at @s on origin run tp @s ^-0.03193 ^1.74185 ^0.09044 ~25.11907 ~13.83628
execute if entity @s[tag=aj.toji.bone.head] run data modify entity @s {} merge value {transformation:[-0.9063621405043957f,-0.09280523001484457f,0.4121830413083268f,-0.00872467436696093f,0.009339294459662266f,0.9709381118352258f,0.23914840698788348f,1.4991187564844628f,-0.4223984467766019f,0.2206045608498121f,-0.8791548099697662f,0.03528411456112522f,0f,0f,0f,1f],start_interpolation:0}
execute if entity @s[tag=aj.toji.bone.upper] run data modify entity @s {} merge value {transformation:[-0.97076304966162f,-0.011632899155947908f,0.23975774662959012f,0f,0f,0.9988250086459504f,0.04846237822700296f,0.75f,-0.24003979130900607f,0.04704548608150029f,-0.9696224114714368f,0f,0f,0f,0f,1f],start_interpolation:0}