execute if entity @s[tag=aj.toji.locator_origin.head] at @s on origin run tp @s ^0 ^4.03111 ^0.07058 ~-180 ~5.4
execute if entity @s[tag=aj.toji.bone.blade2] run data modify entity @s {} merge value {transformation:[0.14114289719348677f,0.0029598892264717f,1.4933418636158284f,-0.44619306632470035f,-1.452023946721619f,-0.3501446709369112f,0.1379317496497992f,4.532762803517029f,0.34886263875456996f,-1.458557488915075f,-0.030081735504277004f,-0.5470584325794301f,0f,0f,0f,1f],start_interpolation:0}
execute if entity @s[tag=aj.toji.bone.chain2] run data modify entity @s {} merge value {transformation:[-1.545194011658045f,0.14604369223492764f,-0.003062663157946069f,-0.438377911133509f,-0.14272104651263973f,-1.5024414448716752f,0.3623024720111096f,4.56440579435601f,0.03112624020928704f,0.360975924822437f,1.5092018461690708f,-0.03958824336567084f,0f,0f,0f,1f],start_interpolation:0}
execute if entity @s[tag=aj.toji.bone.bottom2] run data modify entity @s {} merge value {transformation:[-0.9955612424105523f,0.09409526479565807f,-0.0019732594843142456f,-0.4207350489843231f,-0.09195449976653297f,-0.9680159644810793f,0.2334297806246075f,4.382902801015808f,0.020054490336184935f,0.23257509250304664f,0.9723716592767166f,0.004019586478650403f,0f,0f,0f,1f],start_interpolation:0}
execute if entity @s[tag=aj.toji.bone.rightarm] run data modify entity @s {} merge value {transformation:[-0.9822877597157543f,0.18736825600835402f,-0.0019732594843142456f,-0.3125f,-0.18264475212437228f,-0.9550661924908526f,0.2334297806246075f,4.155551549900868f,0.041852737473564924f,0.22965562175007537f,0.9723716592767166f,0.05881769582407144f,0f,0f,0f,1f],start_interpolation:0}
execute if entity @s[tag=aj.toji.bone.chain] run data modify entity @s {} merge value {transformation:[-1.509199147283894f,-0.36013855165432157f,0.039759666258737746f,0.4312820142510542f,-0.36071863994908376f,1.477399369621671f,-0.310057799524353f,3.932106764456401f,0.03409795070032708f,-0.31073139504229075f,-1.5202782651555014f,0.10749531848724611f,0f,0f,0f,1f],start_interpolation:0}
execute if entity @s[tag=aj.toji.bone.blade] run data modify entity @s {} merge value {transformation:[0.34805336535719633f,-0.03842544927018982f,-1.4585548805965147f,0.4829072775935574f,-1.4278222095672524f,0.29965317537924036f,-0.34861398760179874f,3.7699078510530097f,0.3003041670207373f,1.4692622159892093f,0.03295372416675866f,0.6532236930117189f,0f,0f,0f,1f],start_interpolation:0}
execute if entity @s[tag=aj.toji.bone.bottom] run data modify entity @s {} merge value {transformation:[-0.9723699203976766f,-0.23203557690479779f,0.025616966180126332f,0.4312820142510542f,-0.23240932506786602f,0.9518814730448348f,-0.1997687835861603f,3.932106764456401f,0.021969149444506036f,-0.20020277801382488f,-0.9795081439928062f,0.10749531848724611f,0f,0f,0f,1f],start_interpolation:0}
execute if entity @s[tag=aj.toji.bone.leftarm] run data modify entity @s {} merge value {transformation:[-0.9723699203976766f,-0.23203557690479779f,0.025616966180126332f,0.3125f,-0.23240932506786602f,0.9518814730448348f,-0.1997687835861603f,4.155551549900868f,0.021969149444506036f,-0.20020277801382488f,-0.9795081439928062f,0.05881769582407152f,0f,0f,0f,1f],start_interpolation:0}
execute if entity @s[tag=aj.toji.locator_origin.mount] at @s on origin run tp @s ^0 ^4.03896 ^0.32046 ~0 ~88.2
execute if entity @s[tag=aj.toji.bone.head] run data modify entity @s {} merge value {transformation:[-1f,-1.224042509878674e-16f,3.8467085563818805e-18f,-8.643708350900615e-18f,0f,0.031410759078128556f,0.9995065603657316f,4.0311063043254824f,-1.2246467991473532e-16f,0.9995065603657316f,-0.031410759078128556f,0.0705812349888858f,0f,0f,0f,1f],start_interpolation:0}
execute if entity @s[tag=aj.toji.bone.upper] run data modify entity @s {} merge value {transformation:[-1f,-1.1524944467867495e-17f,-1.2192117733040124e-16f,5.624099184981966e-33f,0f,-0.99556196460308f,0.09410831331851445f,4.777777777777793f,-1.2246467991473532e-16f,0.09410831331851445f,0.99556196460308f,-4.592425496802574e-17f,0f,0f,0f,1f],start_interpolation:0}
execute if entity @s[tag=aj.toji.bone.bottom3] run data modify entity @s {} merge value {transformation:[-0.9905394397608789f,0.02975140936107344f,-0.13396444274222138f,-0.13521662890992048f,0.07169481014269924f,-0.7201937166420196f,-0.6900585951264984f,5.081643377902067f,-0.11701056566313316f,-0.6931348095070569f,0.7112472589562715f,0.0713432526133888f,0f,0f,0f,1f],start_interpolation:0}
execute if entity @s[tag=aj.toji.bone.rightleg] run data modify entity @s {} merge value {transformation:[-0.9900236577165575f,0.03289273935741433f,-0.13700811968308194f,-0.11875f,-1.7255424268827944e-17f,-0.9723699203976766f,-0.23344536385590528f,4.777777777777793f,-0.14090123193758278f,-0.23111643300159598f,0.9626692252456657f,-6.046693570790056e-17f,0f,0f,0f,1f],start_interpolation:0}
execute if entity @s[tag=aj.toji.bone.bottom4] run data modify entity @s {} merge value {transformation:[-0.9900239223667774f,-0.13653222686596728f,-0.03480781763513905f,0.16896438520924334f,0.13875673348879702f,-0.901831230663075f,-0.4092028840468287f,5.08079807260886f,0.02447860398429639f,-0.4099504633827646f,0.9117792581097887f,0.057901027094092596f,0f,0f,0f,1f],start_interpolation:0}
execute if entity @s[tag=aj.toji.bone.leftleg] run data modify entity @s {} merge value {transformation:[-0.9900239223667774f,-0.14088555422224316f,-0.001973259484314247f,0.11875f,0.13875673348879702f,-0.9724400781291909f,-0.18736825600835397f,4.777777777777793f,0.02447860398429639f,-0.18577285878078234f,0.9822877597157543f,-3.138157422815092e-17f,0f,0f,0f,1f],start_interpolation:0}