execute if entity @s[tag=aj.toji.locator_origin.head] at @s on origin run tp @s ^0 ^1.486 ^0.00105 ~0 ~0.08
execute if entity @s[tag=aj.toji.bone.blade2] run data modify entity @s {} merge value {transformation:[-0.0020581404723560496f,0.0005525887760600628f,1.4999984862337166f,-0.374258104399539f,1.4999896161413928f,-0.005187263852365666f,0.002060039252863773f,0.8334686463208039f,0.005188017520541834f,1.4999909289523623f,-0.0005454675389406882f,0.4998947642270424f,0f,0f,0f,1f],start_interpolation:0}
execute if entity @s[tag=aj.toji.bone.chain2] run data modify entity @s {} merge value {transformation:[-1.5520817670057208f,-0.002129603683201401f,-0.0005717758863395815f,-0.37405040024382996f,-0.0021315683935878636f,1.5520725889240803f,0.005367377180572808f,0.9233300417603065f,0.0005644073840424521f,0.00536815701778287f,-1.552073947318764f,-0.0006182075620971136f,0f,0f,0f,1f],start_interpolation:0}
execute if entity @s[tag=aj.toji.bone.bottom2] run data modify entity @s {} merge value {transformation:[-0.9999989908224777f,-0.0013720936482371443f,-0.00036839251737315316f,-0.37430766780287444f,-0.001373359501908959f,0.9999930774275952f,0.003458175901577111f,1.1108287437779807f,0.00036364502596023755f,0.0034586783470278893f,-0.9999939526349082f,0.000030294627970615657f,0f,0f,0f,1f],start_interpolation:0}
execute if entity @s[tag=aj.toji.bone.rightarm] run data modify entity @s {} merge value {transformation:[-0.9999961002443543f,-0.002768353849590843f,-0.00036839251737315316f,-0.3125f,-0.0027696114453745636f,0.9999901850877715f,0.003458175901577111f,1.3609993907652593f,0.0003588154470632362f,0.003459182719668622f,-0.9999939526349082f,0.0008726643424463189f,0f,0f,0f,1f],start_interpolation:0}
execute if entity @s[tag=aj.toji.bone.chain] run data modify entity @s {} merge value {transformation:[-1.552073877510529f,-0.005411497243561487f,-0.00026087952394539f,0.37587126979133323f,-0.005417776602923621f,1.5501676047893818f,0.07690070460889145f,1.1115261299912484f,-0.000007564648104762119f,0.0769011467420746f,-1.5501770502699495f,-0.011513792932192273f,0f,0f,0f,1f],start_interpolation:0}
execute if entity @s[tag=aj.toji.bone.blade] run data modify entity @s {} merge value {transformation:[0.0052299033763275465f,0.0002521251775039364f,-1.4999908614866855f,0.3774295813238025f,-1.4981485576487983f,-0.07432014405154609f,-0.005235972018932545f,0.8114247133994266f,-0.07432057134804525f,1.498157686166931f,-0.000007310800853240619f,0.4750351003049586f,0f,0f,0f,1f],start_interpolation:0}
execute if entity @s[tag=aj.toji.bone.bottom] run data modify entity @s {} merge value {transformation:[-0.9999939076577904f,-0.003486602250885253f,-0.00016808345166951299f,0.37587126979133323f,-0.00349064801262193f,0.9987657050991988f,0.04954676270103073f,1.1115261299912484f,-0.000004873867235282976f,0.049547047565363496f,-0.998771790777954f,-0.011513792932192273f,0f,0f,0f,1f],start_interpolation:0}
execute if entity @s[tag=aj.toji.bone.leftarm] run data modify entity @s {} merge value {transformation:[-0.9999939076577904f,-0.003486602250885253f,-0.00016808345166951299f,0.3125f,-0.00349064801262193f,0.9987657050991988f,0.04954676270103073f,1.3609993907652593f,-0.000004873867235282976f,0.049547047565363496f,-0.998771790777954f,0.0008726643424463955f,0f,0f,0f,1f],start_interpolation:0}
execute if entity @s[tag=aj.toji.locator_origin.mount] at @s on origin run tp @s ^0 ^1.73593 ^0.00698 ~0 ~1.36
execute if entity @s[tag=aj.toji.bone.head] run data modify entity @s {} merge value {transformation:[-1f,-2.9066072011709023e-18f,1.2243018198629244e-16f,-1.2824467124483307e-19f,0f,0.9997183030367047f,0.023734248954021642f,1.4859992689183112f,-1.2246467991473532e-16f,0.023734248954021642f,-0.9997183030367047f,0.0010471972109356103f,0f,0f,0f,1f],start_interpolation:0}
execute if entity @s[tag=aj.toji.bone.upper] run data modify entity @s {} merge value {transformation:[-1f,-1.7099289499309578e-19f,1.2246456053915533e-16f,-1.1248198369963932e-32f,0f,0.9999990252244151f,0.0013962629479140245f,0.736f,-1.2246467991473532e-16f,0.0013962629479140245f,-0.9999990252244151f,9.184850993605148e-17f,0f,0f,0f,1f],start_interpolation:0}
execute if entity @s[tag=aj.toji.bone.bottom3] run data modify entity @s {} merge value {transformation:[-0.999997368040895f,0.001138829623240719f,0.001991727484362165f,-0.1250022709165597f,0.0011162476707402985f,0.9999355020125338f,-0.011302469025818808f,0.4235019038569405f,-0.002004470608490206f,-0.011300216017017379f,-0.9999341414390992f,0.0010777362149835526f,0f,0f,0f,1f],start_interpolation:0}
execute if entity @s[tag=aj.toji.bone.rightleg] run data modify entity @s {} merge value {transformation:[-0.9999978067553793f,0.000007310797883412718f,0.0020943808114571253f,-0.11875f,-5.129784766297169e-19f,0.9999939076577904f,-0.0034906514152239494f,0.736f,-0.002094393571219483f,-0.0034906437593715104f,-0.9999917144265317f,7.730582919617666e-17f,0f,0f,0f,1f],start_interpolation:0}
execute if entity @s[tag=aj.toji.bone.bottom4] run data modify entity @s {} merge value {transformation:[-0.9999978063880968f,0.0020606195346571086f,-0.00037558771007690107f,0.1243556369066664f,0.0020629301040260206f,0.9999782845862317f,-0.006258967595647461f,0.423488969108595f,0.00036268220313999346f,-0.00625972867709546f,-0.9999803419360346f,0.0008630794065152681f,0f,0f,0f,1f],start_interpolation:0}
execute if entity @s[tag=aj.toji.bone.leftleg] run data modify entity @s {} merge value {transformation:[-0.9999978063880968f,0.00206191802642946f,-0.0003683925173731531f,0.11875f,0.0020629301040260206f,0.9999940402504154f,-0.0027683538495910875f,0.736f,0.00036268220313999346f,-0.0027691077449113173f,-0.9999961002443543f,1.063911906759263e-16f,0f,0f,0f,1f],start_interpolation:0}