execute if entity @s[tag=aj.toji.locator_origin.head] at @s on origin run tp @s ^-0.00451 ^1.49955 ^0.02568 ~9.96094 ~1.99219
execute if entity @s[tag=aj.toji.bone.blade2] run data modify entity @s {} merge value {transformation:[0.009711751215691766f,0.49965391338848286f,1.4143025308341564f,-0.28287905666510743f,0.16646577387859232f,1.4052363861109982f,-0.4975940567136049f,1.5964125423051672f,-1.490702796675221f,0.1601769833193128f,-0.046351979455021904f,0.32415186602635954f,0f,0f,0f,1f],start_interpolation:0}
execute if entity @s[tag=aj.toji.bone.chain2] run data modify entity @s {} merge value {transformation:[-1.4634102575992314f,0.010048964799570279f,-0.5170030076033605f,-0.4486493104224321f,0.5148716281272715f,0.1722458354715989f,-1.4540293161842968f,1.1368417633022398f,0.047961423186098674f,-1.5424633104486665f,-0.16573868412901116f,0.18307291466783293f,0f,0f,0f,1f],start_interpolation:0}
execute if entity @s[tag=aj.toji.bone.bottom2] run data modify entity @s {} merge value {transformation:[-0.9428683538894376f,0.006474500810461387f,-0.333102608925655f,-0.4474353415204706f,0.3317293711424031f,0.11097718258572814f,-0.9368242574073321f,1.1576499850370638f,0.030901319636681024f,-0.9938018644501474f,-0.10678465554620853f,-0.00326493491656972f,0f,0f,0f,1f],start_interpolation:0}
execute if entity @s[tag=aj.toji.bone.rightarm] run data modify entity @s {} merge value {transformation:[-0.9344217012760531f,0.3099454782714488f,0.17547046669867217f,-0.31154761562285505f,0.26491632809028026f,0.9341180828973656f,-0.23925456383382335f,1.3746222352557627f,-0.23806600617377102f,-0.17707966484956122f,-0.9549698262255395f,-0.032655725743099336f,0f,0f,0f,1f],start_interpolation:0}
execute if entity @s[tag=aj.toji.bone.chain] run data modify entity @s {} merge value {transformation:[-1.5203255881431768f,-0.16152542030027228f,0.26736177409090417f,0.3912697614360992f,-0.104419088888091f,1.5148433149149891f,0.32141726578430635f,1.1348254230099157f,-0.2943967281136056f,0.29685340399816684f,-1.4947144532056338f,0.03949431624564882f,0f,0f,0f,1f],start_interpolation:0}
execute if entity @s[tag=aj.toji.bone.blade] run data modify entity @s {} merge value {transformation:[0.15610510418281315f,-0.25838990247711574f,-1.4693079509571638f,0.334185827096283f,-1.464009646629251f,-0.31063145149624233f,-0.10091509261667814f,0.762130143329584f,-0.2868918803740673f,1.4445562500779279f,-0.28451764327757884f,0.4691834678771901f,0f,0f,0f,1f],start_interpolation:0}
execute if entity @s[tag=aj.toji.bone.bottom] run data modify entity @s {} merge value {transformation:[-0.9795386339714426f,-0.10407006945520898f,0.1722599349847436f,0.3912697614360992f,-0.06727672841111902f,0.9760064310861674f,0.20708763433082822f,1.1348254230099157f,-0.18967842885171904f,0.1912612535827115f,-0.9630375000519519f,0.03949431624564882f,0f,0f,0f,1f],start_interpolation:0}
execute if entity @s[tag=aj.toji.bone.leftarm] run data modify entity @s {} merge value {transformation:[-0.9795386339714426f,-0.10407006945520898f,0.1722599349847436f,0.3040310794490818f,-0.06727672841111902f,0.9760064310861674f,0.20708763433082822f,1.3746222352557627f,-0.18967842885171904f,0.1912612535827115f,-0.9630375000519519f,0.07545472783809426f,0f,0f,0f,1f],start_interpolation:0}
execute if entity @s[tag=aj.toji.locator_origin.mount] at @s on origin run tp @s ^-0.01666 ^1.74579 ^0.06711 ~17.97333 ~9.9416
execute if entity @s[tag=aj.toji.bone.head] run data modify entity @s {} merge value {transformation:[-0.951449515214576f,-0.04861892066980569f,0.3039408175136268f,-0.004509921704263959f,0.0048193293095782465f,0.9849724483849566f,0.17264428744545807f,1.499546682306915f,-0.3077671101059281f,0.1657271144847676f,-0.9369172479261967f,0.025679401256996953f,0f,0f,0f,1f],start_interpolation:0}
execute if entity @s[tag=aj.toji.bone.upper] run data modify entity @s {} merge value {transformation:[-0.984925912115099f,-0.006013228939018612f,0.17287217451622272f,0f,0f,0.9993955764092202f,0.0347632255937589f,0.75f,-0.17297672572990974f,0.03423920167599594f,-0.9843305996586462f,0f,0f,0f,0f,1f],start_interpolation:0}