execute if entity @s[tag=aj.toji.locator_origin.head] at @s on origin run tp @s ^0 ^1.43699 ^0.00471 ~0 ~0.36
execute if entity @s[tag=aj.toji.bone.blade2] run data modify entity @s {} merge value {transformation:[-0.009243149008112983f,0.0026213181322241345f,1.49996923064697f,-0.3698232683362437f,1.4997900339682626f,-0.023317027269066353f,0.009282793157840818f,0.7778788279823929f,0.02333277107185214f,1.499816470415825f,-0.0024772693687305615f,0.49660549220270667f,0f,0f,0f,1f],start_interpolation:0}
execute if entity @s[tag=aj.toji.bone.chain2] run data modify entity @s {} merge value {transformation:[-1.5520514955999902f,-0.009564091682005452f,-0.002712336122926017f,-0.3707284226155405f,-0.009605112364709942f,1.551866076814383f,0.024126646271464495f,0.8737841411344774f,0.0025632856662555895f,0.024142936734069233f,-1.5518934311941524f,-0.0027838349414345933f,0f,0f,0f,1f],start_interpolation:0}
execute if entity @s[tag=aj.toji.bone.bottom2] run data modify entity @s {} merge value {transformation:[-0.9999794870979801f,-0.006162099338741767f,-0.0017475454214825343f,-0.3718838162415546f,-0.006188528771893653f,0.9998600226455084f,0.015544684846044238f,1.0612578953805103f,0.0016515129124868226f,0.015555180714568094f,-0.9998776469438834f,0.00013276144254692436f,0f,0f,0f,1f],start_interpolation:0}
execute if entity @s[tag=aj.toji.bone.rightarm] run data modify entity @s {} merge value {transformation:[-0.999921031001749f,-0.012444992784218841f,-0.0017475454214825343f,-0.3125f,-0.012470671083322697f,0.9998014028474699f,0.015544684846044238f,1.3119876630350855f,0.001553744873195934f,0.01556525036200829f,-0.9998776469438834f,0.003926964978474251f,0f,0f,0f,1f],start_interpolation:0}
execute if entity @s[tag=aj.toji.bone.chain] run data modify entity @s {} merge value {transformation:[-1.5518918566642441f,-0.023808528532111274f,-0.0052433576506036046f,0.37882722030037674f,-0.024378584189175642f,1.5134460066052917f,0.34329221274963084f,1.0691928130123207f,-0.0001531771777236217f,0.3433322190979783f,-1.5136332572578872f,-0.05136870076169437f,0f,0f,0f,1f],start_interpolation:0}
execute if entity @s[tag=aj.toji.bone.blade] run data modify entity @s {} merge value {transformation:[0.023009584621637404f,0.005067406051589727f,-1.499814948722491f,0.3852602679268574f,-1.4626592278601476f,-0.33177233983856935f,-0.02356051089423646f,0.6896606863979293f,-0.33181100369200583f,1.462840194933797f,-0.00014803700397475803f,0.3760738039700413f,0f,0f,0f,1f],start_interpolation:0}
execute if entity @s[tag=aj.toji.bone.bottom] run data modify entity @s {} merge value {transformation:[-0.9998766324816606f,-0.015339723081091826f,-0.00337827070106004f,0.37882722030037674f,-0.015707007262824573f,0.9751061519067651f,0.2211815598923796f,1.0691928130123207f,-0.00009869133598300458f,0.22120733579467056f,-0.9752267966225313f,-0.05136870076169437f,0f,0f,0f,1f],start_interpolation:0}
execute if entity @s[tag=aj.toji.bone.leftarm] run data modify entity @s {} merge value {transformation:[-0.9998766324816606f,-0.015339723081091826f,-0.00337827070106004f,0.3125f,-0.015707007262824573f,0.9751061519067651f,0.2211815598923796f,1.3119876630350855f,-0.00009869133598300458f,0.22120733579467056f,-0.9752267966225313f,0.003926964978474327f,0f,0f,0f,1f],start_interpolation:0}
execute if entity @s[tag=aj.toji.locator_origin.mount] at @s on origin run tp @s ^0 ^1.68556 ^0.03137 ~0 ~6.12
execute if entity @s[tag=aj.toji.bone.head] run data modify entity @s {} merge value {transformation:[-1f,-1.305610088366016e-17f,1.2176672803493681e-16f,-5.770974109502729e-19f,0f,0.9943007903969989f,0.1066111542752598f,1.4369851956421027f,-1.2246467991473532e-16f,0.1066111542752598f,-0.9943007903969989f,0.004712357974169129f,0f,0f,0f,1f],start_interpolation:0}
execute if entity @s[tag=aj.toji.bone.upper] run data modify entity @s {} merge value {transformation:[-1f,-7.694632146003489e-19f,1.2246226256680036e-16f,-1.1248198369963932e-32f,0f,0.9999802608561371f,0.006283143965558716f,0.6869999999999998f,-1.2246467991473532e-16f,0.006283143965558716f,-0.9999802608561371f,9.184850993605148e-17f,0f,0f,0f,1f],start_interpolation:0}
execute if entity @s[tag=aj.toji.bone.bottom3] run data modify entity @s {} merge value {transformation:[-0.9999461250021247f,0.005482641982376683f,0.008814064336516167f,-0.12504598360268673f,0.005027662744105522f,0.9986942477170644f,-0.05083819611452063f,0.3745385523494809f,-0.009081282980212588f,-0.05079114306392412f,-0.9986680079414246f,0.004849414667433076f,0f,0f,0f,1f],start_interpolation:0}
execute if entity @s[tag=aj.toji.bone.rightleg] run data modify entity @s {} merge value {transformation:[-0.9999555871089498f,0.0001480357864185756f,0.009423475738889396f,-0.11875f,-2.2948181308981205e-18f,0.9998766324816606f,-0.015707317311820936f,0.6869999999999998f,-0.00942463843314414f,-0.015706619704448477f,-0.9998322250697186f,7.730582919617666e-17f,0f,0f,0f,1f],start_interpolation:0}
execute if entity @s[tag=aj.toji.bone.bottom4] run data modify entity @s {} merge value {transformation:[-0.999955579707952f,0.009233410922828476f,-0.0018928110481195239f,0.12210534649705555f,0.009283046966233917f,0.9995606362336242f,-0.028148881527604086f,0.37447964772751424f,0.001632069225366f,-0.028165202199923703f,-0.9996019496454982f,0.003883756604912919f,0f,0f,0f,1f],start_interpolation:0}
execute if entity @s[tag=aj.toji.bone.leftleg] run data modify entity @s {} merge value {transformation:[-0.999955579707952f,0.009262002803581252f,-0.0017475454214825339f,0.11875f,0.009283046966233917f,0.9998794663326293f,-0.012444992784219082f,0.6869999999999998f,0.001632069225366f,-0.012460662520228321f,-0.999921031001749f,1.063911906759263e-16f,0f,0f,0f,1f],start_interpolation:0}