execute if entity @s[tag=aj.toji.locator_origin.head] at @s on origin run tp @s ^0.02898 ^1.48511 ^0.14586 ~168.76295 ~-11.43641
execute if entity @s[tag=aj.toji.bone.blade2] run data modify entity @s {} merge value {transformation:[-0.7557741449518159f,1.0635145134082626f,-0.7400961569906569f,4.1685846067111365f,1.0883287586963224f,0.056131489616942226f,-1.0307229350644656f,1.7326271434471596f,-0.7030974006614402f,-1.056307784522755f,-0.7999174392021688f,-3.8141815208329723f,0f,0f,0f,1f],start_interpolation:0}
execute if entity @s[tag=aj.toji.bone.chain2] run data modify entity @s {} merge value {transformation:[0.7657935560926946f,-0.8292726184457015f,-2.130567837318706f,0.7079305049979476f,1.0665119055913308f,1.12251268489153f,-0.214292333980181f,1.574859652886653f,0.8276927318093141f,-0.6791427465304544f,2.2473562647308207f,-0.32210662351318775f,0f,0f,0f,1f],start_interpolation:0}
execute if entity @s[tag=aj.toji.bone.bottom2] run data modify entity @s {} merge value {transformation:[0.49339719050267566f,-0.6623984800048942f,0.5637264106738946f,0.5843879784143237f,0.6871486103138775f,-0.10051490139417957f,-0.7195300841114466f,1.3925825618629821f,0.533278538615397f,0.7423779416745385f,0.4055724250578458f,0.027067348115974416f,0f,0f,0f,1f],start_interpolation:0}
execute if entity @s[tag=aj.toji.bone.rightarm] run data modify entity @s {} merge value {transformation:[0.2441175697493233f,-0.9538893171026921f,0.17464759619600942f,0.3306583010293179f,0.7315478200636318f,0.06292010275752793f,-0.6788805842187051f,1.362590848798387f,0.636588092175649f,0.29348974664601535f,0.7131755530820059f,0.06065302901650019f,0f,0f,0f,1f],start_interpolation:0}
execute if entity @s[tag=aj.toji.bone.chain] run data modify entity @s {} merge value {transformation:[0.39123469511441955f,0.5066786207369944f,2.8278436040473633f,-0.6093183509847382f,-1.0665120046235306f,1.1225125692071873f,-0.2142927864104675f,1.5560131617066482f,-1.0575680739052866f,-0.9445660277985062f,1.2622320892709478f,0.054121102756219897f,0f,0f,0f,1f],start_interpolation:0}
execute if entity @s[tag=aj.toji.bone.blade] run data modify entity @s {} merge value {transformation:[-0.4296051159671017f,-1.3865335463602686f,0.37810602898196294f,-5.333653151467578f,-1.0883286878944434f,0.05613207133070973f,-1.030722978144023f,1.7970481398927411f,0.9386054077411085f,-0.5695383353082917f,-1.0220792401636025f,-1.8671169850593323f,0f,0f,0f,1f],start_interpolation:0}
execute if entity @s[tag=aj.toji.bone.bottom] run data modify entity @s {} merge value {transformation:[0.25207067604687433f,0.8958765427586022f,-0.3658764742534922f,-0.529658229030844f,-0.6871486741198586f,-0.10051504375364678f,-0.7195300032900112f,1.3925826066432065f,-0.6813861415765604f,0.4327839485402585f,0.5902634834997931f,0.24840311399747228f,0f,0f,0f,1f],start_interpolation:0}
execute if entity @s[tag=aj.toji.bone.leftarm] run data modify entity @s {} merge value {transformation:[-0.017768475315570714f,0.9936348377295059f,0.1112388894911241f,-0.2823600493056907f,-0.7315478371410569f,0.06291992790598619f,-0.6788805820220134f,1.362590848798387f,-0.6815585398622792f,-0.09343924187708325f,0.7257734252631698f,0.18244589478680903f,0f,0f,0f,1f],start_interpolation:0}
execute if entity @s[tag=aj.toji.locator_origin.mount] at @s on origin run tp @s ^0.05127 ^1.70742 ^0.25803 ~168.76295 ~-27.22359
execute if entity @s[tag=aj.toji.bone.head] run data modify entity @s {} merge value {transformation:[0.9808293605360139f,0.08914536510063227f,0.17328262864923538f,0.02897895103417636f,0f,0.8892281351686063f,-0.4574640134748993f,1.4851090185580647f,-0.19486858523249415f,0.448694135804824f,0.8721810631880562f,0.14585935428198554f,0f,0f,0f,1f],start_interpolation:0}
execute if entity @s[tag=aj.toji.bone.upper] run data modify entity @s {} merge value {transformation:[0.9808293605360139f,0.038638601378901814f,0.19099953925074312f,0f,0f,0.9801453580774195f,-0.19828029917086332f,0.75f,-0.19486858523249415f,0.19447913904264738f,0.9613553447954177f,0f,0f,0f,0f,1f],start_interpolation:0}
execute if entity @s[tag=aj.toji.bone.bottom3] run data modify entity @s {} merge value {transformation:[0.9808293605360139f,0f,0.19486858523249412f,0.1146550905627186f,0f,1f,0f,0.44017348082068425f,-0.19486858523249415f,0f,0.9808293605360139f,-0.0643660486691849f,0f,0f,0f,1f],start_interpolation:0}
execute if entity @s[tag=aj.toji.bone.rightleg] run data modify entity @s {} merge value {transformation:[0.9808293605360139f,0.025435454413706034f,0.1932014574719407f,0.11647348656365164f,0f,0.9914448613738104f,-0.13052619222005157f,0.75f,-0.19486858523249415f,0.12802392164839402f,0.9724382293879914f,-0.023140644496358678f,0f,0f,0f,1f],start_interpolation:0}
execute if entity @s[tag=aj.toji.bone.bottom4] run data modify entity @s {} merge value {transformation:[0.9808293605360139f,-3.469446951953614e-18f,0.19486858523249412f,-0.13092775128180476f,0f,1f,0f,0.4404332695807343f,-0.19486858523249415f,-2.7755575615628914e-17f,0.9808293605360139f,-0.017538909938065034f,0f,0f,0f,1f],start_interpolation:0}
execute if entity @s[tag=aj.toji.bone.leftleg] run data modify entity @s {} merge value {transformation:[0.9808293605360139f,0.02663705988736967f,0.19303945853392387f,-0.11647348656365164f,0f,0.9906135373416501f,-0.13669242713282637f,0.75f,-0.19486858523249415f,0.13407194589480576f,0.9716228423691294f,0.023140644496358678f,0f,0f,0f,1f],start_interpolation:0}