execute if entity @s[tag=aj.toji.locator_origin.head] at @s on origin run tp @s ^-0.16834 ^1.47914 ^0.05014 ~-106.58718 ~-13.54438
execute if entity @s[tag=aj.toji.bone.blade2] run data modify entity @s {} merge value {transformation:[0.7752400596026061f,1.1290931965531341f,0.6116791671168588f,2.872160638319399f,0.895102520312744f,0.03718165344538037f,-1.2030831238018602f,1.6417359213767297f,-0.9207574751893798f,0.986795864474763f,-0.6545529724463749f,2.770711271214912f,0f,0f,0f,1f],start_interpolation:0}
execute if entity @s[tag=aj.toji.bone.chain2] run data modify entity @s {} merge value {transformation:[-0.771879818205031f,0.5808078157110377f,-1.6910517086609558f,0.36296016980299634f,1.0268732546581172f,1.1596932317860227f,-0.13642736725638893f,1.5666689057480545f,0.8710313075468222f,-0.8524884532765094f,-1.3377189323988614f,0.6879651771714111f,0f,0f,0f,1f],start_interpolation:0}
execute if entity @s[tag=aj.toji.bone.bottom2] run data modify entity @s {} merge value {transformation:[-0.49731854058847635f,-0.7982910436609787f,-0.3397141133329816f,0.007069896716570219f,0.6616096137394579f,-0.09567784743776833f,-0.7437193479513632f,1.3812166867724858f,0.5612013793590264f,-0.5946235440346618f,0.5757393965026065f,0.5912194059485465f,0f,0f,0f,1f],start_interpolation:0}
execute if entity @s[tag=aj.toji.bone.rightarm] run data modify entity @s {} merge value {transformation:[-0.6236398420297214f,-0.38847883479825157f,-0.6783491301291226f,-0.05107232185613508f,0.709501474552441f,0.08298063754698931f,-0.699801308515644f,1.3576180039997054f,0.3281478402200092f,-0.9177136855828668f,0.2238762744304433f,0.3412817445390793f,0f,0f,0f,1f],start_interpolation:0}
execute if entity @s[tag=aj.toji.bone.chain] run data modify entity @s {} merge value {transformation:[1.1226889873441535f,0.9526136076101478f,-0.6834414177041052f,-0.13692175746229363f,-1.0268733594853778f,1.159693120242185f,-0.13642767563378727f,1.548729361882159f,0.30669726912133627f,0.3957295226161896f,2.0450074737975306f,-0.5992181879467758f,0f,0f,0f,1f],start_interpolation:0}
execute if entity @s[tag=aj.toji.bone.blade] run data modify entity @s {} merge value {transformation:[-1.1527112254608292f,0.40509780258730765f,0.870145160898761f,0.8446964749020452f,-0.8951024348249246f,0.037182077094431054f,-1.2030831743123316f,1.6812742683965218f,-0.34648010313304795f,-1.443784354909652f,0.21316255452361643f,-3.902533576047614f,0f,0f,0f,1f],start_interpolation:0}
execute if entity @s[tag=aj.toji.bone.bottom] run data modify entity @s {} merge value {transformation:[0.7233432401680451f,-0.3428057876791315f,-0.5993819723989742f,-0.317590965363186f,-0.6616096812791695f,-0.09567798690138868f,-0.7437192699266126f,1.3812167311796395f,0.19760360963522333f,0.9345212222074938f,-0.29601165298505105f,-0.4987247198924514f,0f,0f,0f,1f],start_interpolation:0}
execute if entity @s[tag=aj.toji.bone.leftarm] run data modify entity @s {} merge value {transformation:[0.7015510925030191f,0.17700211232916815f,-0.6902871263748394f,-0.2294934939994553f,-0.7095014969902632f,0.08298046552782928f,-0.6998013061643715f,1.3576180039997054f,-0.06658596230735302f,0.9807061203907098f,0.18379829991544128f,-0.25770981243898344f,0f,0f,0f,1f],start_interpolation:0}
execute if entity @s[tag=aj.toji.locator_origin.mount] at @s on origin run tp @s ^-0.2848 ^1.69762 ^0.08483 ~-106.58718 ~-29.08176
execute if entity @s[tag=aj.toji.bone.head] run data modify entity @s {} merge value {transformation:[0.28547387542931235f,-0.4658305928833995f,-0.837559863640367f,-0.1683394895133542f,0f,0.8739270339905659f,-0.4860571357983055f,1.4791416047996466f,0.9583864911649004f,0.13875661423641383f,0.24948333723573124f,0.050143159260057524f,0f,0f,0f,1f],start_interpolation:0}
execute if entity @s[tag=aj.toji.bone.upper] run data modify entity @s {} merge value {transformation:[0.28547387542931235f,-0.2244526526844723f,-0.9317326189150369f,0f,0f,0.9721888063995286f,-0.23419847290590917f,0.75f,0.9583864911649004f,0.0668575456800767f,0.2775345062118709f,0f,0f,0f,0f,1f],start_interpolation:0}
execute if entity @s[tag=aj.toji.bone.bottom3] run data modify entity @s {} merge value {transformation:[0.28547387542931235f,0f,-0.9583864911649004f,0.07477627798081735f,0f,1f,0f,0.44017348082068425f,0.9583864911649004f,6.938893903907228e-18f,0.2854738754293123f,0.10815399328995957f,0f,0f,0f,1f],start_interpolation:0}
execute if entity @s[tag=aj.toji.bone.rightleg] run data modify entity @s {} merge value {transformation:[0.28547387542931235f,-0.12509453936689055f,-0.9501873618755172f,0.03390002270723084f,0f,0.9914448613738104f,-0.13052619222005157f,0.75f,0.9583864911649004f,0.037261817938089484f,0.283031606850859f,0.11380839582583191f,0f,0f,0f,1f],start_interpolation:0}
execute if entity @s[tag=aj.toji.bone.bottom4] run data modify entity @s {} merge value {transformation:[0.28547387542931235f,0f,-0.9583864911649004f,0.004568811725399753f,0f,0.9999999999999999f,0f,0.44033537706740267f,0.9583864911649004f,0f,0.28547387542931235f,-0.13178845648777493f,0f,0f,0f,1f],start_interpolation:0}
execute if entity @s[tag=aj.toji.bone.leftleg] run data modify entity @s {} merge value {transformation:[0.28547387542931235f,-0.12880974769300416f,-0.9496908525128765f,-0.03390002270723084f,0f,0.9909267933843116f,-0.13440271631587625f,0.75f,0.9583864911649004f,0.03836846429491966f,0.2828837119741609f,-0.11380839582583191f,0f,0f,0f,1f],start_interpolation:0}