execute if entity @s[tag=aj.toji.locator_origin.head] at @s on origin run tp @s ^0.02655 ^1.49948 ^-0.00874 ~71.78421 ~-2.13556
execute if entity @s[tag=aj.toji.bone.blade2] run data modify entity @s {} merge value {transformation:[-0.7969209226370151f,-1.176252579208076f,-0.4809853562944718f,-2.150838764571482f,0.6893650868276462f,0.07680066689845526f,-1.3299915167500371f,1.5529063172831727f,1.0675639653559321f,-0.9276483856884055f,0.4997756020487756f,-2.0486794654033753f,0f,0f,0f,1f],start_interpolation:0}
execute if entity @s[tag=aj.toji.bone.chain2] run data modify entity @s {} merge value {transformation:[0.6291531845906094f,-0.7089172336891151f,1.0422348820117608f,-0.5138625027884975f,1.225221750006809f,0.9494560136160802f,-0.06745526925433011f,1.5767724203351772f,-0.7155142257431768f,1.0024631203181218f,0.80093129031909f,-0.6211956190408614f,0f,0f,0f,1f],start_interpolation:0}
execute if entity @s[tag=aj.toji.bone.bottom2] run data modify entity @s {} merge value {transformation:[0.40536044107851343f,0.8110410652545662f,0.42177636643056615f,-0.13672129553142914f,0.7894046174540513f,-0.0778858226692688f,-0.608912266725966f,1.4250968986346968f,-0.46100245417010044f,0.5797811562114361f,-0.6718113932877848f,-0.5492984552889578f,0f,0f,0f,1f],start_interpolation:0}
execute if entity @s[tag=aj.toji.bone.rightarm] run data modify entity @s {} merge value {transformation:[0.5276336563309496f,0.37653874577068014f,0.7614599777009139f,-0.07556371260944346f,0.8212142495879527f,0.0031796220728758876f,-0.5706111165033234f,1.3745659135536688f,-0.2172783490836782f,0.9263954139226493f,-0.30754130792879586f,-0.3041197049905656f,0f,0f,0f,1f],start_interpolation:0}
execute if entity @s[tag=aj.toji.bone.chain] run data modify entity @s {} merge value {transformation:[-0.9311126569268797f,-1.1656962977260226f,0.3629044065328033f,0.013260547326960442f,-1.2252217774915513f,0.9494559578117718f,-0.06745547509496749f,1.5621688836475132f,-0.20204823602823493f,-0.3855492176813302f,-1.263346684423255f,0.6271844708080363f,0f,0f,0f,1f],start_interpolation:0}
execute if entity @s[tag=aj.toji.bone.blade] run data modify entity @s {} merge value {transformation:[1.2751620822542256f,-0.3954787098103122f,-0.6837823148252946f,-0.4840497430768813f,-0.6893649120269735f,0.07680001089730451f,-1.3299916452339902f,1.592132262423267f,0.3856652460970663f,1.4448869673482918f,-0.11646445612264857f,2.9320699473816734f,0f,0f,0f,1f],start_interpolation:0}
execute if entity @s[tag=aj.toji.bone.bottom] run data modify entity @s {} merge value {transformation:[-0.5999115105032244f,0.30822633099213625f,0.7383107126737805f,0.21620631147809552f,-0.7894046351623416f,-0.07788597734615652f,-0.6089122239839203f,1.4250969357944088f,-0.13017872925309096f,-0.9481193508287654f,0.29003998868102704f,0.5231408300851759f,0f,0f,0f,1f],start_interpolation:0}
execute if entity @s[tag=aj.toji.bone.leftarm] run data modify entity @s {} merge value {transformation:[-0.5535498736158826f,-0.2472009073528914f,0.7952824962387564f,0.11980921753888f,-0.8212142241941816f,0.003179467085585732f,-0.5706111539132404f,1.3745659135536688f,0.13852702047249973f,-0.9689590302964096f,-0.20476489495529432f,0.2895590112906047f,0f,0f,0f,1f],start_interpolation:0}
execute if entity @s[tag=aj.toji.locator_origin.mount] at @s on origin run tp @s ^0.09881 ^1.73762 ^-0.03252 ~71.78421 ~-17.71491
execute if entity @s[tag=aj.toji.bone.head] run data modify entity @s {} merge value {transformation:[-0.31259668823731757f,0.2890322735549367f,0.9048445476139675f,0.02654730295766193f,0f,0.9525823088306434f,-0.30428102948241903f,1.4994790962644025f,-0.9498859460498724f,-0.09511724210964578f,-0.2977740750139168f,-0.008736416219976539f,0f,0f,0f,1f],start_interpolation:0}
execute if entity @s[tag=aj.toji.bone.upper] run data modify entity @s {} merge value {transformation:[-0.31259668823731757f,0.03539640394354924f,0.9492262138662871f,0f,0f,0.99930546168587f,-0.03726384634991831f,0.75f,-0.9498859460498724f,-0.01164855495996872f,-0.3123795778604666f,0f,0f,0f,0f,1f],start_interpolation:0}
execute if entity @s[tag=aj.toji.bone.bottom3] run data modify entity @s {} merge value {transformation:[-0.31259668823731757f,0f,0.9498859460498724f,-0.07781989714879944f,0f,1f,0f,0.44017348082068425f,-0.9498859460498724f,0f,-0.3125966882373176f,-0.10598510093866666f,0f,0f,0f,1f],start_interpolation:0}
execute if entity @s[tag=aj.toji.bone.rightleg] run data modify entity @s {} merge value {transformation:[-0.31259668823731757f,0.12398499558123119f,0.9417595401023465f,-0.03712085672818146f,0f,0.9914448613738104f,-0.13052619222005157f,0.75f,-0.9498859460498724f,-0.04080205541621565f,-0.30992238023535956f,-0.11279895609342235f,0f,0f,0f,1f],start_interpolation:0}
execute if entity @s[tag=aj.toji.bone.bottom4] run data modify entity @s {} merge value {transformation:[-0.31259668823731757f,0f,0.9498859460498724f,-0.004478618881496338f,0f,1f,0f,0.44088200100101416f,-0.9498859460498724f,0f,-0.31259668823731757f,0.1330686088744347f,0f,0f,0f,1f],start_interpolation:0}
execute if entity @s[tag=aj.toji.bone.leftleg] run data modify entity @s {} merge value {transformation:[-0.31259668823731757f,0.13937025571571532f,0.9396058973446246f,0.03712085672818146f,0f,0.9891775967967548f,-0.14672314744237502f,0.75f,-0.9498859460498724f,-0.04586516997824208f,-0.30921364083721414f,0.11279895609342235f,0f,0f,0f,1f],start_interpolation:0}