execute if entity @s[tag=aj.toji.locator_origin.head] at @s on origin run tp @s ^0.0034 ^1.49997 ^-0.00569 ~-149.145 ~0.50625
execute if entity @s[tag=aj.toji.bone.blade2] run data modify entity @s {} merge value {transformation:[-0.10738532484323175f,1.496139772403385f,-0.0058458054242588944f,3.56803955256513f,0.6869999784336962f,0.04410217503357763f,-1.3326987760891083f,1.5120335819047228f,-1.3290972205374647f,-0.09808557279259991f,-0.6883892785114634f,0.04185222939793237f,0f,0f,0f,1f],start_interpolation:0}
execute if entity @s[tag=aj.toji.bone.chain2] run data modify entity @s {} merge value {transformation:[0.026185365825418725f,-0.11439197614250105f,-1.7410956929015222f,0.8125538054632909f,1.2614874754012662f,0.9030782386187592f,-0.05108191246010188f,1.5644916434818446f,0.9038397809531503f,-1.2571105139718477f,0.12173664266869968f,0.0964185062113532f,0f,0f,0f,1f],start_interpolation:0}
execute if entity @s[tag=aj.toji.bone.bottom2] run data modify entity @s {} merge value {transformation:[0.016871108182820116f,-0.9929736786403344f,0.11712659491406996f,0.47949522929384125f,0.812770453949809f,-0.054607021099938896f,-0.5800191914349141f,1.427050847013837f,0.5823397246409558f,0.10498260224471445f,0.8061383865881983f,0.29789348866877524f,0f,0f,0f,1f],start_interpolation:0}
execute if entity @s[tag=aj.toji.bone.rightarm] run data modify entity @s {} merge value {transformation:[-0.2374436885805571f,-0.8929280821744864f,-0.38249174477033115f,0.2711034392865045f,0.8461876875339392f,0.003245946821852194f,-0.5328750897679431f,1.3749756032484288f,0.4770606798083688f,-0.45018763187522426f,0.7548140194030275f,0.15553028821194612f,0f,0f,0f,1f],start_interpolation:0}
execute if entity @s[tag=aj.toji.bone.chain] run data modify entity @s {} merge value {transformation:[0.8082951816132307f,1.1611756729509441f,0.7179691736141111f,-0.399094456133788f,-1.2614875156237537f,0.9030781702007313f,-0.05108218615579837f,1.5542528822912216f,-0.40530336899334685f,-0.49505913653313344f,1.5908344539223676f,-0.4965323312827408f,0f,0f,0f,1f],start_interpolation:0}
execute if entity @s[tag=aj.toji.bone.blade] run data modify entity @s {} merge value {transformation:[-1.2212436160256706f,-0.622702080432399f,0.6089385431566193f,-1.7574904113312315f,-0.6869998362162875f,0.04410209574361264f,-1.3326988520253993f,1.5582604258749226f,0.5353459212092103f,-1.3639270963567605f,-0.3211037534325594f,-3.107185658897784f,0f,0f,0f,1f],start_interpolation:0}
execute if entity @s[tag=aj.toji.bone.bottom] run data modify entity @s {} merge value {transformation:[0.5207807881534908f,0.3781611572330612f,-0.7653636454982566f,-0.489562497726189f,-0.8127704798649688f,-0.054607175775369304f,-0.5800191405582293f,1.4270508860289397f,-0.26113505653262614f,0.9241278025868448f,0.27891985719147344f,-0.2810422692211088f,0f,0f,0f,1f],start_interpolation:0}
execute if entity @s[tag=aj.toji.bone.leftarm] run data modify entity @s {} merge value {transformation:[0.30754767011482004f,0.8196067961313173f,-0.4833830058476439f,-0.26543906931118344f,-0.8461876685654376f,0.003245786019315477f,-0.5328751208687704f,1.3749756032484288f,-0.4351791127509862f,0.5729172406277147f,0.6945393978866784f,-0.16501165361111678f,0f,0f,0f,1f],start_interpolation:0}
execute if entity @s[tag=aj.toji.locator_origin.mount] at @s on origin run tp @s ^-0.03039 ^1.74113 ^0.05087 ~-149.145 ~-15.28092
execute if entity @s[tag=aj.toji.bone.head] run data modify entity @s {} merge value {transformation:[0.8584680137563007f,-0.135167081540429f,-0.4947348071696135f,0.0033986219851926073f,0f,0.9646452277739366f,-0.26355186308005907f,1.4999707238981146f,0.5128671069169006f,0.22625084442011079f,0.8281170726665855f,-0.00568881923950239f,0f,0f,0f,1f],start_interpolation:0}
execute if entity @s[tag=aj.toji.bone.upper] run data modify entity @s {} merge value {transformation:[0.8584680137563007f,0.00453149598025681f,-0.5128470872506663f,0f,0f,0.9999609651974861f,0.008835614370938872f,0.75f,0.5128671069169006f,-0.00758509231933652f,0.8584345036269192f,0f,0f,0f,0f,1f],start_interpolation:0}
execute if entity @s[tag=aj.toji.bone.bottom3] run data modify entity @s {} merge value {transformation:[0.8584680137563007f,0f,-0.5128671069169005f,0.12822806127603043f,0f,1f,0f,0.44017348082068425f,0.5128671069169006f,0f,0.8584680137563006f,0.029091963058887338f,0f,0f,0f,1f],start_interpolation:0}
execute if entity @s[tag=aj.toji.bone.rightleg] run data modify entity @s {} merge value {transformation:[0.8584680137563007f,-0.06694259058077712f,-0.5084794577204137f,0.1019430766335607f,0f,0.9914448613738104f,-0.13052619222005157f,0.75f,0.5128671069169006f,0.11205256097832078f,0.8511237008924658f,0.06090296894638195f,0f,0f,0f,1f],start_interpolation:0}
execute if entity @s[tag=aj.toji.bone.bottom4] run data modify entity @s {} merge value {transformation:[0.8584680137563007f,1.3877787807814457e-17f,-0.5128671069169006f,-0.0838494086991409f,0f,1f,0f,0.44086571846690853f,0.5128671069169006f,1.3877787807814457e-17f,0.8584680137563006f,-0.10337563853163746f,0f,0f,0f,1f],start_interpolation:0}
execute if entity @s[tag=aj.toji.bone.leftleg] run data modify entity @s {} merge value {transformation:[0.8584680137563007f,-0.07506909766526937f,-0.5073433747798761f,-0.1019430766335607f,0f,0.9892297009058927f,-0.1463714413594334f,0.75f,0.5128671069169006f,0.12565520053447962f,0.849222056485421f,-0.06090296894638195f,0f,0f,0f,1f],start_interpolation:0}