execute if entity @s[tag=aj.toji.locator_origin.head] at @s on origin run tp @s ^-0.15029 ^1.47444 ^0.12286 ~-129.26551 ~-15
execute if entity @s[tag=aj.toji.bone.blade2] run data modify entity @s {} merge value {transformation:[0.24864740544329822f,1.410235048710658f,0.4465552319191446f,1.2786295443451856f,0.8030264470630915f,0.25160461059773664f,-1.241709968246687f,1.546376786920717f,-1.2423055151948503f,0.44489574881538946f,-0.7132634713781776f,0.8566343683504141f,0f,0f,0f,1f],start_interpolation:0}
execute if entity @s[tag=aj.toji.bone.chain2] run data modify entity @s {} merge value {transformation:[-0.4759201276816591f,0.2002127612098426f,-0.0000146368629013437f,0.5722216168472267f,1.0089464349727915f,1.1673198444275854f,-0.000001683868931133386f,1.5877289902006702f,1.079115284403978f,-1.0031160973015036f,-0.0000048808910243052256f,0.5263627753867921f,0f,0f,0f,1f],start_interpolation:0}
execute if entity @s[tag=aj.toji.bone.bottom2] run data modify entity @s {} merge value {transformation:[-0.3066331023989213f,-0.9477753619967902f,-0.0877382681904863f,0.21379301040343765f,0.6500594480361609f,-0.1411937090421943f,-0.7466505545071467f,1.3853241071293674f,0.6952689080723616f,-0.2859828661279573f,0.659404993724725f,0.5575293222223923f,0f,0f,0f,1f],start_interpolation:0}
execute if entity @s[tag=aj.toji.bone.rightarm] run data modify entity @s {} merge value {transformation:[-0.5040837290196578f,-0.6910074543693158f,-0.5180813566841351f,0.07254637987483734f,0.6854252038302671f,0.04487443816276746f,-0.7267589523038657f,1.3537036414306676f,0.5254444633754101f,-0.721453382281637f,0.45101345113257274f,0.34432569769101995f,0f,0f,0f,1f],start_interpolation:0}
execute if entity @s[tag=aj.toji.bone.chain] run data modify entity @s {} merge value {transformation:[1.1521987326712453f,1.022896202830257f,0.0000018730753395773772f,-0.38485740939284363f,-1.0089464464270503f,1.1673198019518158f,-0.000001683871189388078f,1.5612552208736221f,-0.25184880838335333f,0.003242193351162174f,0.000015315104764608276f,-0.48063486986487347f,0f,0f,0f,1f],start_interpolation:0}
execute if entity @s[tag=aj.toji.bone.blade] run data modify entity @s {} merge value {transformation:[-1.2669396363529755f,-0.15560536827812843f,0.7878140181545498f,-0.6066328111778814f,-0.8030272970394563f,0.2516053093343484f,-1.2417092769743938f,1.5650661898964209f,-0.0033343735984948664f,-1.47053790759633f,-0.2958160649371682f,-1.418764342729621f,0f,0f,0f,1f],start_interpolation:0}
execute if entity @s[tag=aj.toji.bone.bottom] run data modify entity @s {} merge value {transformation:[0.7423562304459029f,0.0918192663518349f,-0.6636839981834428f,-0.5038867851196338f,-0.650059455416086f,-0.14119385320827194f,-0.746650520819709f,1.385324140311947f,-0.16226500405907326f,0.9857147245236889f,-0.045128154348446525f,-0.32038180793939264f,0f,0f,0f,1f],start_interpolation:0}
execute if entity @s[tag=aj.toji.bone.leftarm] run data modify entity @s {} merge value {transformation:[0.6151833335552179f,0.5696495997307637f,-0.5450218340970114f,-0.3230254268397418f,-0.6854251736160417f,0.04487429787889258f,-0.726758989461634f,1.3537036414306676f,-0.38954049531378454f,0.8206617030887071f,0.41805809595585447f,-0.1395626631243274f,0f,0f,0f,1f],start_interpolation:0}
execute if entity @s[tag=aj.toji.locator_origin.mount] at @s on origin run tp @s ^-0.24707 ^1.69095 ^0.20197 ~-129.26551 ~-30
execute if entity @s[tag=aj.toji.bone.head] run data modify entity @s {} merge value {transformation:[0.6329148907433265f,-0.3871106886522778f,-0.6704953808987221f,-0.15028742817894267f,0f,0.8660254037844387f,-0.49999999999999994f,1.4744443697168013f,0.7742213773045558f,0.31645744537166326f,0.5481203738171733f,0.12285782074001551f,0f,0f,0f,1f],start_interpolation:0}
execute if entity @s[tag=aj.toji.bone.upper] run data modify entity @s {} merge value {transformation:[0.6329148907433265f,-0.20038323757192356f,-0.7478404236035635f,0f,0f,0.9659258262890683f,-0.25881904510252074f,0.75f,0.7742213773045558f,0.16381042765335402f,0.611348838811903f,0f,0f,0f,0f,1f],start_interpolation:0}
execute if entity @s[tag=aj.toji.bone.bottom3] run data modify entity @s {} merge value {transformation:[0.6329148907433265f,0f,-0.7742213773045556f,0.11069441394133066f,0f,1f,0f,0.44017348082068425f,0.7742213773045558f,-1.3877787807814457e-17f,0.6329148907433264f,0.07096143132303935f,0f,0f,0f,1f],start_interpolation:0}
execute if entity @s[tag=aj.toji.bone.rightleg] run data modify entity @s {} merge value {transformation:[0.6329148907433265f,-0.10105616831492752f,-0.7675978060943558f,0.07515864327577002f,0f,0.9914448613738104f,-0.13052619222005157f,0.75f,0.7742213773045558f,0.08261197068809638f,0.6275002161144377f,0.091938788554916f,0f,0f,0f,1f],start_interpolation:0}
execute if entity @s[tag=aj.toji.bone.bottom4] run data modify entity @s {} merge value {transformation:[0.6329148907433265f,0f,-0.7742213773045558f,-0.04455181977233985f,0f,1f,0f,0.44070504276869993f,0.7742213773045558f,0f,0.6329148907433266f,-0.12503205503494375f,0f,0f,0f,1f],start_interpolation:0}
execute if entity @s[tag=aj.toji.bone.leftleg] run data modify entity @s {} merge value {transformation:[0.6329148907433265f,-0.11060013302584305f,-0.7662808568991066f,-0.07515864327577002f,0f,0.9897438631401603f,-0.14285337019612704f,0.75f,0.7742213773045558f,0.09041402518999772f,0.6264236290032325f,-0.091938788554916f,0f,0f,0f,1f],start_interpolation:0}