execute if entity @s[tag=aj.toji.locator_origin.head] at @s on origin run tp @s ^-0.115 ^1.47013 ^0.17518 ~-146.71585 ~-16.22464
execute if entity @s[tag=aj.toji.bone.blade2] run data modify entity @s {} merge value {transformation:[-0.7120252236448779f,1.3150701090486163f,0.11666485837784264f,1.1182272611478212f,0.8320234370476187f,0.5498843875469125f,-1.1204303461329594f,1.525728894943718f,-1.025064427778532f,-0.46713784755574816f,-0.9904671374074226f,0.3561805634769298f,0f,0f,0f,1f],start_interpolation:0}
execute if entity @s[tag=aj.toji.bone.chain2] run data modify entity @s {} merge value {transformation:[-0.021375521096413774f,-0.11908643686274896f,-0.00001547360391526261f,0.703177263740401f,0.9712508285807242f,1.2059642786981053f,-0.0000010622928078701544f,1.5604767689151502f,1.210445202679669f,-0.9697583475642809f,5.791228065170792e-7f,0.322508190067068f,0f,0f,0f,1f],start_interpolation:0}
execute if entity @s[tag=aj.toji.bone.bottom2] run data modify entity @s {} merge value {transformation:[-0.013772147820508202f,-0.992661371198525f,0.12014045977385962f,0.3708431143574963f,0.6257723459312048f,-0.10227002227424092f,-0.7732721471847946f,1.3666525747634335f,0.7798841574311961f,0.06453095903743095f,0.6225885128345551f,0.47216229514066377f,0f,0f,0f,1f],start_interpolation:0}
execute if entity @s[tag=aj.toji.bone.rightarm] run data modify entity @s {} merge value {transformation:[-0.2654075492112431f,-0.8881117186024247f,-0.3752551240192855f,0.16540315653259277f,0.6796303772418044f,0.10373133775526285f,-0.7261834202855819f,1.3501085106246364f,0.6838577214244526f,-0.4477693433549816f,0.5760566222166053f,0.3174788517128901f,0f,0f,0f,1f],start_interpolation:0}
execute if entity @s[tag=aj.toji.bone.chain] run data modify entity @s {} merge value {transformation:[1.102125227195921f,0.9371424661696662f,0.000005621802693895329f,-0.5126234012784022f,-0.9712509120108562f,1.2059641927157836f,-0.00000106229494099143f,1.5413011903785316f,-0.500953414109068f,-0.2763639585762145f,0.000014427859553321363f,-0.34135558485688083f,0f,0f,0f,1f],start_interpolation:0}
execute if entity @s[tag=aj.toji.bone.blade] run data modify entity @s {} merge value {transformation:[-1.2236731618365888f,-0.09433045874627899f,0.862395360350206f,-0.7739102614460796f,-0.8320234246776474f,0.549884544911824f,-1.1204302780873048f,1.527872881493554f,-0.24568478542336403f,-1.3923824014328219f,-0.5009094073698785f,-0.8832692662543251f,0f,0f,0f,1f],start_interpolation:0}
execute if entity @s[tag=aj.toji.bone.bottom] run data modify entity @s {} merge value {transformation:[0.7100941061128081f,0.3355281297784665f,-0.6190211907448863f,-0.5806931833427833f,-0.6257723996848469f,-0.10227015716300689f,-0.7732720858446411f,1.366652614678947f,-0.32276193123805724f,0.936462326568036f,0.13734280710055774f,-0.15250336478569887f,0f,0f,0f,1f],start_interpolation:0}
execute if entity @s[tag=aj.toji.bone.leftarm] run data modify entity @s {} merge value {transformation:[0.5219222423649272f,0.7640066718867548f,-0.37932964323565754f,-0.3570713752232867f,-0.6796303887766872f,0.10373118097692903f,-0.7261834318850717f,1.3501085106246364f,-0.5154606751014233f,0.6368152380444873f,0.5733817620210188f,-0.02551584746841601f,0f,0f,0f,1f],start_interpolation:0}
execute if entity @s[tag=aj.toji.locator_origin.mount] at @s on origin run tp @s ^-0.18808 ^1.68171 ^0.2865 ~-146.71585 ~-32.18464
execute if entity @s[tag=aj.toji.bone.head] run data modify entity @s {} merge value {transformation:[0.835959250809407f,-0.2923134771525868f,-0.46446201358253103f,-0.11500093121441635f,0f,0.8463359905618716f,-0.5326494072836798f,1.4701302127495637f,0.5487915186900898f,0.44527319945693977f,0.7075024006031395f,0.17517780254668447f,0f,0f,0f,1f],start_interpolation:0}
execute if entity @s[tag=aj.toji.bone.upper] run data modify entity @s {} merge value {transformation:[0.835959250809407f,-0.15333457495255512f,-0.5269351374792673f,0f,0f,0.9601736169994183f,-0.2794040536897315f,0.75f,0.5487915186900898f,0.23357040339557927f,0.8026660175137922f,0f,0f,0f,0f,1f],start_interpolation:0}
execute if entity @s[tag=aj.toji.bone.bottom3] run data modify entity @s {} merge value {transformation:[0.835959250809407f,0f,-0.5487915186900898f,0.12687980236907484f,0f,1f,0f,0.44017348082068425f,0.5487915186900898f,1.3877787807814457e-17f,0.835959250809407f,0.03450063425523654f,0f,0f,0f,1f],start_interpolation:0}
execute if entity @s[tag=aj.toji.bone.rightleg] run data modify entity @s {} merge value {transformation:[0.835959250809407f,-0.07163166725727668f,-0.5440965311708189f,0.09927016103361708f,0f,0.9914448613738104f,-0.13052619222005157f,0.75f,0.5487915186900898f,0.10911457785927897f,0.8288075035328869f,0.06516899284444816f,0f,0f,0f,1f],start_interpolation:0}
execute if entity @s[tag=aj.toji.bone.bottom4] run data modify entity @s {} merge value {transformation:[0.835959250809407f,0f,-0.5487915186900898f,-0.08124380719623428f,0f,1f,0f,0.44038537178877424f,0.5487915186900898f,-1.3877787807814457e-17f,0.835959250809407f,-0.1040167091860032f,0f,0f,0f,1f],start_interpolation:0}
execute if entity @s[tag=aj.toji.bone.leftleg] run data modify entity @s {} merge value {transformation:[0.835959250809407f,-0.0744035172958131f,-0.5437244224790595f,-0.09927016103361708f,0f,0.9907668102759224f,-0.13557701743169576f,0.75f,0.5487915186900898f,0.1133368619191743f,0.828240680445086f,-0.06516899284444816f,0f,0f,0f,1f],start_interpolation:0}