execute if entity @s[tag=aj.toji.locator_origin.head] at @s on origin run tp @s ^-0.16926 ^1.47677 ^-0.07518 ~-66.0497 ~-14.29656
execute if entity @s[tag=aj.toji.bone.blade2] run data modify entity @s {} merge value {transformation:[1.1955766905876033f,0.4448180254148518f,0.7891345266743988f,0.15980437130199027f,0.7535597017905151f,0.2368236655082136f,-1.2751714893662907f,1.5814012829341282f,-0.502736663434233f,1.4128168585210492f,-0.03470405621435069f,2.812534495632845f,0f,0f,0f,1f],start_interpolation:0}
execute if entity @s[tag=aj.toji.bone.chain2] run data modify entity @s {} merge value {transformation:[-1.1647472972314086f,0.9822235171879912f,-0.25093259901999027f,-0.1805058270963733f,1.0117416160359585f,1.173864894879164f,-0.07286281568778011f,1.5605326417757026f,0.169426413478499f,-0.25737296762537676f,-1.2899684241420677f,0.7582457165738186f,0f,0f,0f,1f],start_interpolation:0}
execute if entity @s[tag=aj.toji.bone.bottom2] run data modify entity @s {} merge value {transformation:[-0.7504412116390283f,-0.21807684083265602f,-0.6239234563359481f,-0.38561164383884855f,0.6518603700634363f,-0.08829720450311718f,-0.7531810284504612f,1.375810937503395f,0.10916064224118055f,-0.971929058712303f,0.20841751129909863f,0.45129351808171414f,0f,0f,0f,1f],start_interpolation:0}
execute if entity @s[tag=aj.toji.bone.rightarm] run data modify entity @s {} merge value {transformation:[-0.6967990903019877f,0.29662013428709955f,-0.653060122568991f,-0.26790666712319944f,0.7019450426586499f,0.09481895122118503f,-0.7058912972804388f,1.3556441101425256f,-0.14745909548504835f,-0.9502767293924532f,-0.27428079176988285f,0.22294052920141633f,0f,0f,0f,1f],start_interpolation:0}
execute if entity @s[tag=aj.toji.bone.chain] run data modify entity @s {} merge value {transformation:[0.6551572457062295f,0.4675348630623087f,-1.1253643136343194f,0.27896121160024656f,-1.0117417232144048f,1.1738647864559606f,-0.07286300159811476f,1.5439769683475273f,0.9778089499063123f,0.9013408281838351f,0.678631593017093f,-0.5504387800407133f,0f,0f,0f,1f],start_interpolation:0}
execute if entity @s[tag=aj.toji.bone.blade] run data modify entity @s {} merge value {transformation:[-0.4285153239369471f,1.346500112686021f,0.50330116599085f,2.1787539051427145f,-0.7535595320408541f,0.23682397707818856f,-1.275171531814931f,1.6049273046481654f,-1.2241415967205693f,-0.6171319554336863f,0.6087901943699596f,-1.7897409022613389f,0f,0f,0f,1f],start_interpolation:0}
execute if entity @s[tag=aj.toji.bone.bottom] run data modify entity @s {} merge value {transformation:[0.42211473548857736f,-0.8673574590249689f,-0.2636478491419138f,0.07633067897337878f,-0.6518604391180057f,-0.08829734257293909f,-0.7531809524990908f,1.3758109816164257f,0.6299977126913152f,0.48979038125335406f,-0.6026676235168147f,-0.588672919289646f,0f,0f,0f,1f],start_interpolation:0}
execute if entity @s[tag=aj.toji.bone.leftarm] run data modify entity @s {} merge value {transformation:[0.5765594696022145f,-0.5062292133164199f,-0.6413354516920543f,-0.01419165750558779f,-0.7019450675731354f,0.09481878099768326f,-0.7058912953705121f,1.3556441101425256f,0.41815344088236217f,0.8571705678306691f,-0.300676433268537f,-0.3482456872768311f,0f,0f,0f,1f],start_interpolation:0}
execute if entity @s[tag=aj.toji.locator_origin.mount] at @s on origin run tp @s ^-0.28238 ^1.69398 ^-0.12543 ~-66.0497 ~-29.67755
execute if entity @s[tag=aj.toji.bone.head] run data modify entity @s {} merge value {transformation:[-0.4059440153881786f,-0.45248754012698555f,-0.7940179358177949f,-0.1692589947772723f,0f,0.8688256046266499f,-0.4951182371364805f,1.4767729321710308f,0.9138979463651958f,-0.2009902852750993f,-0.35269455461420435f,-0.07518309484524885f,0f,0f,0f,1f],start_interpolation:0}
execute if entity @s[tag=aj.toji.bone.upper] run data modify entity @s {} merge value {transformation:[-0.4059440153881786f,-0.22567865970302975f,-0.885595053579889f,0f,0f,0.969030576228041f,-0.24694076685543617f,0.75f,0.9138979463651958f,-0.1002441264603318f,-0.39337216314793144f,0f,0f,0f,0f,1f],start_interpolation:0}
execute if entity @s[tag=aj.toji.bone.bottom3] run data modify entity @s {} merge value {transformation:[-0.4059440153881786f,-1.3877787807814457e-17f,-0.9138979463651957f,-0.013465620980780468f,0f,1f,0f,0.44017348082068425f,0.9138979463651958f,0f,-0.40594401538817854f,0.13079547035287978f,0f,0f,0f,1f],start_interpolation:0}
execute if entity @s[tag=aj.toji.bone.rightleg] run data modify entity @s {} merge value {transformation:[-0.4059440153881786f,-0.11928761901677394f,-0.9060794227438516f,-0.048205851827346206f,0f,0.9914448613738104f,-0.13052619222005157f,0.75f,0.9138979463651958f,-0.05298632658313697f,-0.40247110806206066f,0.108525381130867f,0f,0f,0f,1f],start_interpolation:0}
execute if entity @s[tag=aj.toji.bone.bottom4] run data modify entity @s {} merge value {transformation:[-0.4059440153881786f,0f,-0.9138979463651957f,0.0887752924945053f,0f,1f,0f,0.44028335072402625f,0.9138979463651958f,6.938893903907228e-18f,-0.4059440153881786f,-0.09734369318953584f,0f,0f,0f,1f],start_interpolation:0}
execute if entity @s[tag=aj.toji.bone.leftleg] run data modify entity @s {} merge value {transformation:[-0.4059440153881786f,-0.12170332982714556f,-0.9057581111309505f,0.048205851827346206f,0f,0.9910932776831161f,-0.13316949700039332f,0.75f,0.9138979463651958f,-0.05405936033956367f,-0.40232838476691524f,-0.108525381130867f,0f,0f,0f,1f],start_interpolation:0}