execute if entity @s[tag=aj.toji.locator_origin.head] at @s on origin run tp @s ^-0.01185 ^1.4999 ^0.00189 ~80.94868 ~0.91649
execute if entity @s[tag=aj.toji.bone.blade2] run data modify entity @s {} merge value {transformation:[-0.916378158437117f,-1.0516229245565174f,-0.5516704589576994f,-2.9634502218240426f,0.7545977917986854f,0.02240986025883479f,-1.2961789887109447f,1.4848407597420614f,0.9169695978340542f,-1.0693862832065781f,0.5153442868002661f,-3.4125452730038974f,0f,0f,0f,1f],start_interpolation:0}
execute if entity @s[tag=aj.toji.bone.chain2] run data modify entity @s {} merge value {transformation:[0.6569141320691184f,-0.8887091876054753f,1.6952147808371276f,-0.45676917970368425f,1.2643598183919167f,0.8997498753109209f,-0.044192156796761715f,1.558398404792302f,-0.6154841560389247f,0.8997826489517949f,1.7185426281153005f,-0.6808733833599658f,0f,0f,0f,1f],start_interpolation:0}
execute if entity @s[tag=aj.toji.bone.bottom2] run data modify entity @s {} merge value {transformation:[0.42324668911835817f,0.7264485267397116f,0.5414192258758923f,-0.08572596015055976f,0.8146210910444563f,-0.04357288119828673f,-0.5783544605599747f,1.425261150810423f,-0.3965535501995756f,0.6858381310643076f,-0.6102223691428642f,-0.5583517237408746f,0f,0f,0f,1f],start_interpolation:0}
execute if entity @s[tag=aj.toji.bone.rightarm] run data modify entity @s {} merge value {transformation:[0.507987364167785f,0.2337622652994632f,0.8290380215454112f,-0.059034604086180525f,0.8511677305599809f,0.01142750765622679f,-0.5247693841318666f,1.374920044564481f,-0.1321451183329826f,0.9722266275878427f,-0.19316586735221053f,-0.3070359969481026f,0f,0f,0f,1f],start_interpolation:0}
execute if entity @s[tag=aj.toji.bone.chain] run data modify entity @s {} merge value {transformation:[-0.815641147532089f,-1.1242999312893753f,1.077318366501999f,-0.13308871507512635f,-1.2643598791292177f,0.8997497823415441f,-0.04419253216308263f,1.550228544277281f,-0.3809019402838447f,-0.5791050572134224f,-2.160214577730403f,0.6245461723470552f,0f,0f,0f,1f],start_interpolation:0}
execute if entity @s[tag=aj.toji.bone.blade] run data modify entity @s {} merge value {transformation:[1.155939674700784f,-0.6672888880411602f,-0.6844917883725411f,-1.7163468910387931f,-0.7545977305220541f,0.02241073280860391f,-1.2961790092984635f,1.5469562899608464f,0.5868438749306429f,1.343213794952901f,-0.3184194835505739f,4.183145562489921f,0f,0f,0f,1f],start_interpolation:0}
execute if entity @s[tag=aj.toji.bone.bottom] run data modify entity @s {} merge value {transformation:[-0.525513759483762f,0.4773866840527659f,0.7042281182133721f,0.09200845775853397f,-0.814621130177214f,-0.0435730339104366f,-0.5783543939356199f,1.425261192805752f,-0.24541333065267845f,-0.87761229743261f,0.4117875089570037f,0.5573508964827167f,0f,0f,0f,1f],start_interpolation:0}
execute if entity @s[tag=aj.toji.bone.leftarm] run data modify entity @s {} merge value {transformation:[-0.5239028784721932f,-0.07989898801042312f,0.8480223615232445f,0.039289780851416115f,-0.8511677222062154f,0.011427337586469957f,-0.5247694013849965f,1.374920044564481f,0.032237906303495205f,-0.9967374617574051f,-0.0739942546862386f,0.310181400187334f,0f,0f,0f,1f],start_interpolation:0}
execute if entity @s[tag=aj.toji.locator_origin.mount] at @s on origin run tp @s ^0.05261 ^1.74123 ^-0.00838 ~80.94868 ~-15.13308
execute if entity @s[tag=aj.toji.bone.head] run data modify entity @s {} merge value {transformation:[-0.15731901590015462f,0.2578110302948781f,0.9533017360177733f,-0.011846893940858652f,0f,0.9653220855023442f,-0.26106181498144243f,1.4999040534773769f,-0.9875478354166985f,-0.04106998782198877f,-0.15186352051791374f,0.0018872419435388428f,0f,0f,0f,1f],start_interpolation:0}
execute if entity @s[tag=aj.toji.bone.upper] run data modify entity @s {} merge value {transformation:[-0.15731901590015462f,-0.015795858587811535f,0.9874214997090557f,0f,0f,0.9998720713031692f,0.015995031350705586f,0.75f,-0.9875478354166985f,0.0025163225913851237f,-0.15729889028346383f,0f,0f,0f,0f,1f],start_interpolation:0}
execute if entity @s[tag=aj.toji.bone.bottom3] run data modify entity @s {} merge value {transformation:[-0.15731901590015462f,0f,0.9875478354166984f,-0.05994639529754928f,0f,1f,0f,0.44017348082068425f,-0.9875478354166985f,0f,-0.1573190159001546f,-0.11702652564294577f,0f,0f,0f,1f],start_interpolation:0}
execute if entity @s[tag=aj.toji.bone.rightleg] run data modify entity @s {} merge value {transformation:[-0.15731901590015462f,0.12890085859209585f,0.9790992267847152f,-0.01868163313814336f,0f,0.9914448613738104f,-0.13052619222005157f,0.75f,-0.9875478354166985f,-0.020534252109252932f,-0.15597312991059306f,-0.11727130545573294f,0f,0f,0f,1f],start_interpolation:0}
execute if entity @s[tag=aj.toji.bone.bottom4] run data modify entity @s {} merge value {transformation:[-0.15731901590015462f,2.7755575615628914e-17f,0.9875478354166984f,-0.024963839876361214f,0f,0.9999999999999999f,0f,0.44078489201164794f,-0.9875478354166985f,3.469446951953614e-18f,-0.15731901590015462f,0.13055295358734387f,0f,0f,0f,1f],start_interpolation:0}
execute if entity @s[tag=aj.toji.bone.leftleg] run data modify entity @s {} merge value {transformation:[-0.15731901590015462f,0.14281189396441774f,0.9771670738305208f,0.01868163313814336f,0f,0.9894883455627266f,-0.14461263428738907f,0.75f,-0.9875478354166985f,-0.022750317312821008f,-0.15566533276860028f,0.11727130545573294f,0f,0f,0f,1f],start_interpolation:0}