execute if entity @s[tag=aj.toji.locator_origin.head] at @s on origin run tp @s ^0.00446 ^1.49941 ^-0.0295 ~8.60102 ~-2.28
execute if entity @s[tag=aj.toji.bone.blade2] run data modify entity @s {} merge value {transformation:[-0.20555806996943962f,-0.1650782254214465f,1.476649944760824f,-0.4347101032133271f,1.102206060381086f,-1.0166411874247712f,0.039780604454386366f,0.5837706338642001f,0.9964374944418966f,1.0904998283004248f,0.26061934722329877f,0.3096978035329628f,0f,0f,0f,1f],start_interpolation:0}
execute if entity @s[tag=aj.toji.bone.chain2] run data modify entity @s {} merge value {transformation:[-1.5279225122872417f,-0.26960476295358604f,4.1578141489195897e-7f,-0.43537160040207634f,-0.04116187544238565f,0.46171153029609124f,0.000014812463793754295f,0.863905484631819f,-0.2696686301129972f,1.4570855871209123f,-0.000004616742307608225f,0.27363967314022025f,0f,0f,0f,1f],start_interpolation:0}
execute if entity @s[tag=aj.toji.bone.bottom2] run data modify entity @s {} merge value {transformation:[-0.984433296507216f,0.03434001368200078f,0.17237125104916867f,-0.3880177476157449f,-0.026520402969590753f,0.9404759110541067f,-0.3388240383344705f,1.1330653823801993f,-0.1737462314821995f,-0.33812102003168654f,-0.9249250904037936f,-0.03574797742193765f,0f,0f,0f,1f],start_interpolation:0}
execute if entity @s[tag=aj.toji.bone.rightarm] run data modify entity @s {} merge value {transformation:[-0.9807320164100064f,0.08581999260726803f,0.17549826454199258f,-0.3052669984383025f,0.0494247593380442f,0.9781155175088305f,-0.20210697061904898f,1.3745052142987793f,-0.1890023945687968f,-0.18953881733650543f,-0.9635108362493593f,-0.07132003209551421f,0f,0f,0f,1f],start_interpolation:0}
execute if entity @s[tag=aj.toji.bone.chain] run data modify entity @s {} merge value {transformation:[-1.539327551856105f,-0.17337716556575847f,9.681797440654165e-7f,0.3475683695818061f,0.041161506304340116f,0.4617115198781054f,0.000014812463928805769f,1.0402447325976365f,-0.19426551960283617f,1.4716404127650697f,-0.000004533189572709337f,0.32769088136629526f,0f,0f,0f,1f],start_interpolation:0}
execute if entity @s[tag=aj.toji.bone.blade] run data modify entity @s {} merge value {transformation:[0.0983259472231244f,-0.1648127434584769f,-1.4876722648810674f,0.3236740134183188f,-1.1022060581875825f,-1.0166412037622896f,0.03978024770352357f,0.5837706448580243f,-1.0126568092879573f,1.0905399682755565f,-0.18774654243495612f,0.4244064103746615f,0f,0f,0f,1f],start_interpolation:0}
execute if entity @s[tag=aj.toji.bone.bottom] run data modify entity @s {} merge value {transformation:[-0.9917815099207118f,0.06719254607879518f,0.10887882406988983f,0.3812330995782954f,0.02652016513568222f,0.9404759200399124f,-0.33882403200814526f,1.133065399852842f,-0.12516436162330383f,-0.3331519256683495f,-0.9345285854391514f,0.08060427522472007f,0f,0f,0f,1f],start_interpolation:0}
execute if entity @s[tag=aj.toji.bone.leftarm] run data modify entity @s {} merge value {transformation:[-0.9927576706026904f,-0.025926665114195294f,0.11730309243825003f,0.3127040788870784f,-0.049424997076590906f,0.9781155070528966f,-0.2021069630830022f,1.3745052142987793f,-0.10949601419001168f,-0.2064409428837007f,-0.9723130977096777f,0.02215053861691916f,0f,0f,0f,1f],start_interpolation:0}
execute if entity @s[tag=aj.toji.locator_origin.mount] at @s on origin run tp @s ^0.00743 ^1.74861 ^-0.04915 ~8.60102 ~-4.56
execute if entity @s[tag=aj.toji.bone.head] run data modify entity @s {} merge value {transformation:[-0.9887537237206095f,0.011889908529715285f,0.1490795220806114f,0.004462248269265519f,0f,0.9968346249541848f,-0.07950302190765979f,1.4994062571585351f,-0.14955291313989338f,-0.07860890895823981f,-0.9856239473570875f,-0.029501696087157026f,0f,0f,0f,1f],start_interpolation:0}
execute if entity @s[tag=aj.toji.bone.upper] run data modify entity @s {} merge value {transformation:[-0.9887537237206095f,0.005949664359020692f,0.14943451851109735f,0f,0f,0.9992083428780468f,-0.039783005453429804f,0.75f,-0.14955291313989338f,-0.039335594782876036f,-0.9879709697933684f,0f,0f,0f,0f,1f],start_interpolation:0}
execute if entity @s[tag=aj.toji.bone.bottom3] run data modify entity @s {} merge value {transformation:[-0.9887537237206095f,0f,0.1495529131398934f,-0.12563277998065853f,0f,1.0000000000000002f,0f,0.43779743075566946f,-0.14955291313989338f,0f,-0.9887537237206095f,-0.005216354241271771f,0f,0f,0f,1f],start_interpolation:0}
execute if entity @s[tag=aj.toji.bone.rightleg] run data modify entity @s {} merge value {transformation:[-0.9887537237206095f,0.006523406449863459f,0.14941057190479654f,-0.11741450469182238f,0f,0.9990482215818578f,-0.04361938736533601f,0.75f,-0.14955291313989338f,-0.04312883168388768f,-0.9878126492655145f,-0.017759408435362337f,0f,0f,0f,1f],start_interpolation:0}
execute if entity @s[tag=aj.toji.bone.bottom4] run data modify entity @s {} merge value {transformation:[-0.9887537237206095f,0f,0.14955291313989336f,0.12178203742459562f,0f,1f,0f,0.4377350148424281f,-0.14955291313989338f,0f,-0.9887537237206094f,0.03067514311711999f,0f,0f,0f,1f],start_interpolation:0}
execute if entity @s[tag=aj.toji.bone.leftleg] run data modify entity @s {} merge value {transformation:[-0.9887537237206095f,0.005798969729537828f,0.1494404422460814f,0.11741450469182238f,0f,0.99924795250423f,-0.03877537125681671f,0.75f,-0.14955291313989338f,-0.03833929271882661f,-0.9880101339587523f,0.017759408435362337f,0f,0f,0f,1f],start_interpolation:0}