execute if entity @s[tag=aj.toji.locator_origin.head] at @s on origin run tp @s ^-0.09011 ^1.47513 ^-0.16899 ~-28.06832 ~-14.79492
execute if entity @s[tag=aj.toji.bone.blade2] run data modify entity @s {} merge value {transformation:[1.258929797043037f,-0.23548197152132572f,0.7807970332971342f,-1.1090523997654502f,0.8126937617203722f,0.4819966770556128f,-1.1649927265730624f,1.536244255813558f,-0.06800452762844633f,1.4007952899677292f,0.5321164720493579f,1.358426854536633f,0f,0f,0f,1f],start_interpolation:0}
execute if entity @s[tag=aj.toji.bone.chain2] run data modify entity @s {} merge value {transformation:[-1.035608849995379f,0.9155443697057775f,0.23717304201366907f,-0.6142788799825709f,1.0007688036862816f,1.184401408063226f,-0.022832627169879896f,1.553008665027477f,-0.5787389610097876f,0.4097981030812737f,-0.4638856209007789f,0.4839496811833722f,0f,0f,0f,1f],start_interpolation:0}
execute if entity @s[tag=aj.toji.bone.bottom2] run data modify entity @s {} merge value {transformation:[-0.6672379167755461f,0.4286270048605316f,-0.6091571661905648f,-0.5839760994932759f,0.6447906386166646f,-0.07702707154311578f,-0.7604681864495092f,1.3708569608191132f,-0.3728787936707356f,-0.9001920467065798f,-0.22497929744062095f,0.11474424460556895f,0f,0f,0f,1f],start_interpolation:0}
execute if entity @s[tag=aj.toji.bone.rightarm] run data modify entity @s {} merge value {transformation:[-0.4702645123524822f,0.8149717999379699f,-0.3386329188483421f,-0.3508416174867533f,0.6974059600157904f,0.10803877983437128f,-0.7084860965370836f,1.3542787832767191f,-0.5408107019617266f,-0.5693404845589025f,-0.6191729946355043f,0.006209792338451231f,0f,0f,0f,1f],start_interpolation:0}
execute if entity @s[tag=aj.toji.bone.chain] run data modify entity @s {} merge value {transformation:[-0.0964890506134886f,-0.16987095972202282f,-0.5173523264377934f,0.5592050352445481f,-1.000768912795188f,1.184401303419434f,-0.02283270008859887f,1.538566141451077f,1.1824187582686423f,0.9885848891787576f,-0.0615425717374953f,-0.26772959062199664f,0f,0f,0f,1f],start_interpolation:0}
execute if entity @s[tag=aj.toji.bone.blade] run data modify entity @s {} merge value {transformation:[0.7579625221355453f,1.2943905207263169f,0.006781953389356929f,1.7468782966692955f,-0.8126935507600714f,0.48199687056805335f,-1.164992793675391f,1.5456132874169728f,-1.0074830061052686f,0.5850061509218984f,0.9448522613576328f,-0.17505706568348492f,0f,0f,0f,1f],start_interpolation:0}
execute if entity @s[tag=aj.toji.bone.bottom] run data modify entity @s {} merge value {transformation:[-0.062167442006006074f,-0.9863284247011566f,0.1526153589287974f,0.4206798320314489f,-0.6447907089150204f,-0.07702720829411319f,-0.7604681129930968f,1.3708570045738036f,0.7618268509650312f,-0.14568132278693466f,-0.6311868196815846f,-0.4209783907238229f,0f,0f,0f,1f],start_interpolation:0}
execute if entity @s[tag=aj.toji.bone.leftarm] run data modify entity @s {} merge value {transformation:[0.18703436122497447f,-0.9268764531858785f,-0.32545074627465886f,0.20065036631154015f,-0.6974059872199151f,0.10803861161664136f,-0.7084860954103226f,1.3542787832767191f,0.6918403260225454f,0.3594825432889823f,-0.6262022551536389f,-0.28786773452516823f,0f,0f,0f,1f],start_interpolation:0}
execute if entity @s[tag=aj.toji.locator_origin.mount] at @s on origin run tp @s ^-0.14893 ^1.69165 ^-0.27928 ~-28.06832 ~-29.99713
execute if entity @s[tag=aj.toji.bone.head] run data modify entity @s {} merge value {transformation:[-0.8823871740772695f,-0.2352416189049349f,-0.4074975530710778f,-0.09011475070512787f,0f,0.8660504370588509f,-0.49995663858996153f,1.4751345399320628f,0.4705240429817912f,-0.4411553254865669f,-0.7641917977647437f,-0.1689947653120302f,0f,0f,0f,1f],start_interpolation:0}
execute if entity @s[tag=aj.toji.bone.upper] run data modify entity @s {} merge value {transformation:[-0.8823871740772695f,-0.12015300094017049f,-0.4549243139127671f,0f,0f,0.9668460532427505f,-0.2553599603088089f,0.75f,0.4705240429817912f,-0.2253263537493736f,-0.8531325566886319f,0f,0f,0f,0f,1f],start_interpolation:0}
execute if entity @s[tag=aj.toji.bone.bottom3] run data modify entity @s {} merge value {transformation:[-0.8823871740772695f,0f,-0.4705240429817912f,-0.0911059868601596f,0f,1f,0f,0.44017348082068425f,0.4705240429817912f,0f,-0.8823871740772694f,0.09480757971526071f,0f,0f,0f,1f],start_interpolation:0}
execute if entity @s[tag=aj.toji.bone.rightleg] run data modify entity @s {} merge value {transformation:[-0.8823871740772695f,-0.061415711678397086f,-0.46649864456712675f,-0.10478347692167575f,0f,0.9914448613738104f,-0.13052619222005157f,0.75f,0.4705240429817912f,-0.11517463789611779f,-0.8748382294810668f,0.0558747301040877f,0f,0f,0f,1f],start_interpolation:0}
execute if entity @s[tag=aj.toji.bone.bottom4] run data modify entity @s {} merge value {transformation:[-0.8823871740772695f,0f,-0.4705240429817911f,0.12968947655297497f,0f,0.9999999999999999f,0f,0.44022936134953444f,0.4705240429817912f,0f,-0.8823871740772695f,-0.0224508597050989f,0f,0f,0f,1f],start_interpolation:0}
execute if entity @s[tag=aj.toji.bone.leftleg] run data modify entity @s {} merge value {transformation:[-0.8823871740772695f,-0.06205145533861208f,-0.4664145065435794f,0.10478347692167575f,0f,0.9912660436814899f,-0.1318773318051537f,0.75f,0.4705240429817912f,-0.1163668661364f,-0.8746804430428651f,-0.0558747301040877f,0f,0f,0f,1f],start_interpolation:0}