execute if entity @s[tag=aj.toji.locator_origin.head] at @s on origin run tp @s ^0.03323 ^1.48131 ^-0.16303 ~11.52159 ~-12.81764
execute if entity @s[tag=aj.toji.bone.blade2] run data modify entity @s {} merge value {transformation:[0.5350911500273106f,-1.3963684882429637f,0.11761167546001264f,-1.693549097888267f,0.8079264941647346f,0.2045545618244944f,-1.2471616620404387f,1.535964202620084f,1.1449594932525482f,0.508244504425626f,0.8250789553321665f,0.25987612890932765f,0f,0f,0f,1f],start_interpolation:0}
execute if entity @s[tag=aj.toji.bone.chain2] run data modify entity @s {} merge value {transformation:[-0.2971320414167505f,0.4932631674593754f,0.19745909716141477f,-0.777521350556985f,1.0499759906826083f,1.1302619131344578f,-0.023338745293694715f,1.5942696569781334f,-1.1037325955885788f,0.9424235401117113f,-0.07535932813741081f,-0.01774356243446884f,0f,0f,0f,1f],start_interpolation:0}
execute if entity @s[tag=aj.toji.bone.bottom2] run data modify entity @s {} merge value {transformation:[-0.1914407783624701f,0.9138811078965093f,-0.3580108224758298f,-0.5218162757220799f,0.6764945980236938f,-0.14141959493031814f,-0.7227416945316669f,1.3966400833483055f,-0.7111297260168024f,-0.38055461999507145f,-0.5911621553987318f,-0.27458519181056507f,0f,0f,0f,1f],start_interpolation:0}
execute if entity @s[tag=aj.toji.bone.rightarm] run data modify entity @s {} merge value {transformation:[0.07160984165623466f,0.991134192992471f,0.1119153343341847f,-0.27850834257747675f,0.7088789480319898f,0.02836216088925418f,-0.7047596929924067f,1.3594256893186196f,-0.7016855902860115f,0.12980215449234808f,-0.7005631542367299f,-0.1982793037946023f,0f,0f,0f,1f],start_interpolation:0}
execute if entity @s[tag=aj.toji.bone.chain] run data modify entity @s {} merge value {transformation:[-0.7054518621692362f,-0.8227936614192031f,-0.15220637939868922f,0.5926775152823701f,-1.0499759957261645f,1.1302618736827932f,-0.023338776894761007f,1.5677535348127665f,0.8993613023540193f,0.674152327918961f,-0.14663676204965045f,0.15528081563159457f,0f,0f,0f,1f],start_interpolation:0}
execute if entity @s[tag=aj.toji.bone.blade] run data modify entity @s {} merge value {transformation:[0.9405615036302682f,1.0860131402017854f,-0.43118385544663784f,1.5130732602914274f,-0.8079271576818636f,0.20455500677761285f,-1.2471611592261507f,1.6198700516170739f,-0.8441550602637375f,1.0142646146402177f,0.7132107162121566f,0.8301676732369675f,0f,0f,0f,1f],start_interpolation:0}
execute if entity @s[tag=aj.toji.bone.bottom] run data modify entity @s {} merge value {transformation:[-0.4545193205922595f,-0.6920042693883559f,0.5608406889274695f,0.5876600464196386f,-0.6764946012732335f,-0.14141974229632187f,-0.7227416626547902f,1.3966401163788318f,0.5794542619193681f,-0.7079057477073694f,-0.40385914711239446f,-0.04842437401281467f,0f,0f,0f,1f],start_interpolation:0}
execute if entity @s[tag=aj.toji.bone.leftarm] run data modify entity @s {} merge value {transformation:[-0.2087607869837076f,-0.9628595469721791f,0.17123208409195093f,0.3338976104901121f,-0.7088789130193806f,0.028362020013996563f,-0.7047597338789915f,1.3594256893186196f,0.6737281502909052f,-0.268509010324152f,-0.6884717066665412f,-0.0734436172006711f,0f,0f,0f,1f],start_interpolation:0}
execute if entity @s[tag=aj.toji.locator_origin.mount] at @s on origin run tp @s ^0.05657 ^1.70232 ^-0.27754 ~11.52159 ~-27.86802
execute if entity @s[tag=aj.toji.bone.head] run data modify entity @s {} merge value {transformation:[-0.9798495249081421f,0.09336439620697148f,0.17657292560921076f,0.03323356074758122f,0f,0.8840266875347301f,-0.467436429609816f,1.4813108271823436f,-0.19973709855028993f,-0.4580173634779364f,-0.8662131297870239f,-0.16303375259716404f,0f,0f,0f,1f],start_interpolation:0}
execute if entity @s[tag=aj.toji.bone.upper] run data modify entity @s {} merge value {transformation:[-0.9798495249081421f,0.044311414330108295f,0.1947598703464184f,0f,0f,0.9750811029097913f,-0.2218486933660526f,0.75f,-0.19973709855028993f,-0.21737833679621874f,-0.9554327554330663f,0f,0f,0f,0f,1f],start_interpolation:0}
execute if entity @s[tag=aj.toji.bone.bottom3] run data modify entity @s {} merge value {transformation:[-0.9798495249081421f,0f,0.1997370985502899f,-0.13062835402565856f,0f,1f,0f,0.44017348082068425f,-0.19973709855028993f,2.7755575615628914e-17f,-0.9798495249081421f,0.01500037125461575f,0f,0f,0f,1f],start_interpolation:0}
execute if entity @s[tag=aj.toji.bone.rightleg] run data modify entity @s {} merge value {transformation:[-0.9798495249081421f,0.026070922918850527f,0.1980283199833993f,-0.11635713108284187f,0f,0.9914448613738104f,-0.13052619222005157f,0.75f,-0.19973709855028993f,-0.12789602743488637f,-0.971466776389747f,-0.02371878045284693f,0f,0f,0f,1f],start_interpolation:0}
execute if entity @s[tag=aj.toji.bone.bottom4] run data modify entity @s {} merge value {transformation:[-0.9798495249081421f,0f,0.19973709855028993f,0.11345478186780612f,0f,0.9999999999999999f,0f,0.44078489201164794f,-0.19973709855028993f,0f,-0.9798495249081421f,0.06924795638197784f,0f,0f,0f,1f],start_interpolation:0}
execute if entity @s[tag=aj.toji.bone.leftleg] run data modify entity @s {} merge value {transformation:[-0.9798495249081421f,0.02888450798627727f,0.19763753119202565f,0.11635713108284187f,0f,0.9894883455627266f,-0.14461263428738907f,0.75f,-0.19973709855028993f,-0.1416986210022131f,-0.9695496853017812f,0.02371878045284693f,0f,0f,0f,1f],start_interpolation:0}