execute if entity @s[tag=aj.toji.locator_origin.head] at @s on origin run tp @s ^0.0008 ^1.49999 ^0.0029 ~164.57066 ~-0.22971
execute if entity @s[tag=aj.toji.bone.blade2] run data modify entity @s {} merge value {transformation:[-1.033329565365955f,0.969946057008728f,-0.49136000634344323f,2.375590763647994f,0.6845247199119171f,0.05366422981390917f,-1.3336214073971637f,1.5267833274155944f,-0.8447815795636873f,-1.142945666657738f,-0.4796032588485824f,-2.3767890708899087f,0f,0f,0f,1f],start_interpolation:0}
execute if entity @s[tag=aj.toji.bone.chain2] run data modify entity @s {} merge value {transformation:[0.6742387789784393f,-0.9819237777086556f,-1.0278103093761999f,0.6352824365318632f,1.2517677955402906f,0.915937532057056f,-0.057494876786866746f,1.568327245841896f,0.6224484947214319f,-0.7783616163138466f,1.2289527722738967f,-0.5100910886301684f,0f,0f,0f,1f],start_interpolation:0}
execute if entity @s[tag=aj.toji.bone.bottom2] run data modify entity @s {} merge value {transformation:[0.43440887773107495f,-0.612921418681864f,0.6600123191800583f,0.5490788040265177f,0.8065081098783079f,-0.06157130673264272f,-0.5880081996773124f,1.4267608919253985f,0.4010406408943454f,0.7877412701567983f,0.467578972626878f,-0.13201959085273446f,0f,0f,0f,1f],start_interpolation:0}
execute if entity @s[tag=aj.toji.bone.rightarm] run data modify entity @s {} merge value {transformation:[0.18328432315945714f,-0.9428783979669356f,0.27818551998852264f,0.3019039343373177f,0.8393313915375288f,0.0027691878073994765f,-0.5436130487567078f,1.3749949769061527f,0.511790652575499f,0.3331255892995799f,0.7918949865292445f,-0.08072510931380816f,0f,0f,0f,1f],start_interpolation:0}
execute if entity @s[tag=aj.toji.bone.chain] run data modify entity @s {} merge value {transformation:[0.2595222242995603f,0.4436788291426953f,1.5126656844250324f,-0.6325726538219302f,-1.2517678314971286f,0.9159374681309514f,-0.05749512808108424f,1.5567826810864225f,-0.8801637260957174f,-1.1718235040549156f,0.527789206792182f,-0.04418381560588591f,0f,0f,0f,1f],start_interpolation:0}
execute if entity @s[tag=aj.toji.bone.blade] run data modify entity @s {} merge value {transformation:[-0.4537391244515604f,-1.4188779177238857f,0.1758017677313275f,-3.2673057059975443f,-0.6845245591018805f,0.05366392385230013f,-1.3336215022498514f,1.5697465061182465f,1.255207924978291f,-0.48363792021749363f,-0.6637374685818102f,-0.7916167186393013f,0f,0f,0f,1f],start_interpolation:0}
execute if entity @s[tag=aj.toji.bone.bottom] run data modify entity @s {} merge value {transformation:[0.16720894988428042f,0.9302032954619527f,-0.32674607295317115f,-0.53906425848302f,-0.8065081330451297f,-0.06157146153916057f,-0.5880081516917866f,1.426760930321985f,-0.5670853537260997f,0.3618435908450701f,0.7399212237486433f,0.1683045501445537f,0f,0f,0f,1f],start_interpolation:0}
execute if entity @s[tag=aj.toji.bone.leftarm] run data modify entity @s {} merge value {transformation:[-0.10517132081848152f,0.980267386087358f,0.16737635750235003f,-0.3005706195123356f,-0.8393313704041048f,0.002769028937696739f,-0.5436130821957007f,1.3749949769061527f,-0.533349645104282f,-0.1976567333844225f,0.8224779460963898f,0.08555601397943047f,0f,0f,0f,1f],start_interpolation:0}
execute if entity @s[tag=aj.toji.locator_origin.mount] at @s on origin run tp @s ^0.01908 ^1.74037 ^0.06912 ~164.57066 ~-15.94971
execute if entity @s[tag=aj.toji.bone.head] run data modify entity @s {} merge value {transformation:[0.9639592861594453f,0.0731087703292614f,0.2558077448552253f,0.0007999888949892643f,0f,0.9615032504475324f,-0.27479355774622893f,1.4999939722873832f,-0.2660497972691818f,0.26488980176626914f,0.9268499869413895f,0.002898542799373381f,0f,0f,0f,1f],start_interpolation:0}
execute if entity @s[tag=aj.toji.bone.upper] run data modify entity @s {} merge value {transformation:[0.9639592861594453f,0.0010666518599856858f,0.2660476590402222f,0f,0f,0.9999919630498443f,-0.004009218841488073f,0.75f,-0.2660497972691818f,0.003864723732497841f,0.9639515388667103f,0f,0f,0f,0f,1f],start_interpolation:0}
execute if entity @s[tag=aj.toji.bone.bottom3] run data modify entity @s {} merge value {transformation:[0.9639592861594453f,0f,0.26604979726918176f,0.10964288983916097f,0f,1f,0f,0.44017348082068425f,-0.2660497972691818f,1.3877787807814457e-17f,0.9639592861594453f,-0.07257557937038256f,0f,0f,0f,1f],start_interpolation:0}
execute if entity @s[tag=aj.toji.bone.rightleg] run data modify entity @s {} merge value {transformation:[0.9639592861594453f,0.03472646697846298f,0.2637737043720743f,0.11447016523143412f,0f,0.9914448613738104f,-0.13052619222005157f,0.75f,-0.2660497972691818f,0.12582193507755146f,0.9557124808363484f,-0.03159341342571534f,0f,0f,0f,1f],start_interpolation:0}
execute if entity @s[tag=aj.toji.bone.bottom4] run data modify entity @s {} merge value {transformation:[0.9639592861594453f,0f,0.2660497972691818f,-0.1326789353267402f,0f,1f,0f,0.44087385484930425f,-0.2660497972691818f,0f,0.9639592861594453f,-0.01088928394494685f,0f,0f,0f,1f],start_interpolation:0}
execute if entity @s[tag=aj.toji.bone.leftleg] run data modify entity @s {} merge value {transformation:[0.9639592861594453f,0.038988878581790475f,0.2631774343934281f,-0.11447016523143412f,0f,0.9892036644822264f,-0.14654729671657146f,0.75f,-0.2660497972691818f,0.14126562753150265f,0.9535520582805944f,0.03159341342571534f,0f,0f,0f,1f],start_interpolation:0}