execute if entity @s[tag=aj.toji.locator_origin.head] at @s on origin run tp @s ^-0.0854 ^1.482 ^0.13922 ~-148.47269 ~-12.57785
execute if entity @s[tag=aj.toji.bone.blade2] run data modify entity @s {} merge value {transformation:[-0.003574813934674015f,1.4999898509543657f,0.004203300992473094f,5.018823024067321f,1.048682815243245f,0.0055045990824281466f,-1.0724896514197433f,1.6988504334080803f,-1.072497819913325f,0.00038265237827495024f,-1.0486888384350834f,0.0797025165166908f,0f,0f,0f,1f],start_interpolation:0}
execute if entity @s[tag=aj.toji.bone.chain2] run data modify entity @s {} merge value {transformation:[0.0022688592843298793f,-0.14392846860033398f,-2.818798364812151f,0.7331599706083044f,1.0453960471501116f,1.1424156761962572f,-0.19126969650680842f,1.571440791742488f,1.147216034795356f,-1.0407370908728684f,0.17986851233759624f,0.25812154342397625f,0f,0f,0f,1f],start_interpolation:0}
execute if entity @s[tag=aj.toji.bone.bottom2] run data modify entity @s {} merge value {transformation:[0.0014618153778232779f,-0.9906973828046033f,0.13607556283149963f,0.40476844736304846f,0.6735437619222194f,-0.09960447011852638f,-0.7324054548595822f,1.3868755772752899f,0.7391459016131152f,0.09272348805192707f,0.6671324387945909f,0.4269553235727888f,0f,0f,0f,1f],start_interpolation:0}
execute if entity @s[tag=aj.toji.bone.rightarm] run data modify entity @s {} merge value {transformation:[-0.2501146282744324f,-0.9007907567720039f,-0.354991105856558f,0.1952029224371995f,0.7195512350022535f,0.07238808537330513f,-0.6906561990619633f,1.3600006464309753f,0.6478338466998105f,-0.42817750712771757f,0.6300597824492683f,0.2794213313721213f,0f,0f,0f,1f],start_interpolation:0}
execute if entity @s[tag=aj.toji.bone.chain] run data modify entity @s {} merge value {transformation:[1.0237009043839875f,0.9929735371932535f,1.1169713235425478f,-0.49364908557478004f,-1.0453961492466521f,1.1424155622202163f,-0.19127010486361917f,1.552765006264568f,-0.5178281791432252f,-0.3432971180218327f,2.594292159601357f,-0.3631337678722872f,0f,0f,0f,1f],start_interpolation:0}
execute if entity @s[tag=aj.toji.bone.blade] run data modify entity @s {} merge value {transformation:[-0.9576862280439242f,-0.6800483018027337f,0.9329369731285284f,-2.3984585766590962f,-1.0486827604675344f,0.005505109928221813f,-1.0724897023574957f,1.75315224517725f,0.48280592013063967f,-1.336975691992901f,-0.47895139889858374f,-4.410959743972498f,0f,0f,0f,1f],start_interpolation:0}
execute if entity @s[tag=aj.toji.bone.bottom] run data modify entity @s {} merge value {transformation:[0.6595656833614952f,0.3662682760700001f,-0.6563693009858045f,-0.5640217398879903f,-0.6735438277025408f,-0.09960461102280432f,-0.7324053752033811f,1.3868756219068366f,-0.33363426307214505f,0.9251629431660702f,0.18100195329498708f,-0.16735536525257463f,0f,0f,0f,1f],start_interpolation:0}
execute if entity @s[tag=aj.toji.bone.leftarm] run data modify entity @s {} merge value {transformation:[0.46416695994996027f,0.789879307470166f,-0.40079884346298017f,-0.33754147802357637f,-0.719551254813906f,0.07238791180003162f,-0.6906561966137449f,1.3600006464309753f,-0.5165220469510907f,0.6089750978945536f,0.6019587237990437f,-0.0473942187133794f,0f,0f,0f,1f],start_interpolation:0}
execute if entity @s[tag=aj.toji.locator_origin.mount] at @s on origin run tp @s ^-0.14728 ^1.70222 ^0.24008 ~-148.47269 ~-28.25027
execute if entity @s[tag=aj.toji.bone.head] run data modify entity @s {} merge value {transformation:[0.8523910407372414f,-0.24750330515733765f,-0.4606209152948616f,-0.08540313335182612f,0f,0.8808885378433553f,-0.47332376223489536f,1.4820007757171705f,0.522904880136801f,0.40345693429706897f,0.7508614975458044f,0.13921626759524514f,0f,0f,0f,1f],start_interpolation:0}
execute if entity @s[tag=aj.toji.bone.upper] run data modify entity @s {} merge value {transformation:[0.8523910407372414f,-0.11387084446910149f,-0.5103557038485765f,0f,0f,0.9760010342895606f,-0.2177658859089456f,0.75f,0.522904880136801f,0.1856216901269935f,0.8319345373787026f,0f,0f,0f,0f,1f],start_interpolation:0}
execute if entity @s[tag=aj.toji.bone.bottom3] run data modify entity @s {} merge value {transformation:[0.8523910407372414f,0f,-0.5229048801368011f,0.12787787474763615f,0f,1f,0f,0.44017348082068425f,0.522904880136801f,1.3877787807814457e-17f,0.8523910407372413f,0.030594561007750445f,0f,0f,0f,1f],start_interpolation:0}
execute if entity @s[tag=aj.toji.bone.rightleg] run data modify entity @s {} merge value {transformation:[0.8523910407372414f,-0.06825278289753912f,-0.5184313563989197f,0.10122143608754741f,0f,0.9914448613738104f,-0.13052619222005157f,0.75f,0.522904880136801f,0.11125935682991898f,0.8450987172200122f,0.06209495451624512f,0f,0f,0f,1f],start_interpolation:0}
execute if entity @s[tag=aj.toji.bone.bottom4] run data modify entity @s {} merge value {transformation:[0.8523910407372414f,0f,-0.522904880136801f,-0.0843945413267096f,0f,1f,0f,0.44038537178877424f,0.522904880136801f,-1.3877787807814457e-17f,0.8523910407372414f,-0.10147705845105459f,0f,0f,0f,1f],start_interpolation:0}
execute if entity @s[tag=aj.toji.bone.leftleg] run data modify entity @s {} merge value {transformation:[0.8523910407372414f,-0.07089388404942586f,-0.5180768001708519f,-0.10122143608754741f,0f,0.9907668102759224f,-0.13557701743169576f,0.75f,0.522904880136801f,0.11556463498865426f,0.8445207525390105f,-0.06209495451624512f,0f,0f,0f,1f],start_interpolation:0}