execute if entity @s[tag=aj.toji.locator_origin.head] at @s on origin run tp @s ^0.0552 ^1.47842 ^-0.16988 ~18 ~-13.77856
execute if entity @s[tag=aj.toji.bone.blade2] run data modify entity @s {} merge value {transformation:[0.7097691433062088f,-1.20854674437147f,0.5344553581726811f,-1.0800594918118467f,1.1512349580685377f,0.2676737306305217f,-0.9235847796771396f,1.3012301486504816f,0.6487571460348641f,0.8472104464650193f,1.0542052100370396f,-0.03260497030719628f,0f,0f,0f,1f],start_interpolation:0}
execute if entity @s[tag=aj.toji.bone.chain2] run data modify entity @s {} merge value {transformation:[-0.55301283588701f,0.010766012321000901f,0.000014501805301182408f,-0.819731175192888f,0.9556536956381515f,1.1701007091970264f,0.000003557429099235427f,1.4020373123942302f,-1.090809557607771f,1.0196622464946083f,-0.000004235399458329983f,-0.07553799098856717f,0f,0f,0f,1f],start_interpolation:0}
execute if entity @s[tag=aj.toji.bone.bottom2] run data modify entity @s {} merge value {transformation:[-0.35630357211512054f,0.9331526481989503f,-0.04768542394999409f,-0.4940655439862327f,0.6157231864514264f,0.1961010977128919f,-0.7631705688389068f,1.3174921225893979f,-0.7028034733580268f,-0.30128142099220845f,-0.6444352436054447f,-0.31471191051499803f,0f,0f,0f,1f],start_interpolation:0}
execute if entity @s[tag=aj.toji.bone.rightarm] run data modify entity @s {} merge value {transformation:[-0.15471981166094223f,0.9327580553393321f,0.3256135594215784f,-0.2512060419225908f,0.7067847950455891f,0.33478638540405f,-0.6231960603537664f,1.357014669250061f,-0.6903021319480094f,0.13371793577406926f,-0.7110572974664946f,-0.23813854332473014f,0f,0f,0f,1f],start_interpolation:0}
execute if entity @s[tag=aj.toji.bone.chain] run data modify entity @s {} merge value {transformation:[-1.0885584030185f,-0.6080524487780623f,-0.000009242702507188718f,0.5992301484079763f,-0.9556538196935878f,1.1701006624322f,0.000003557427304835526f,1.4388063173052779f,0.5574307613811601f,0.818595952177776f,-0.00001195045725884701f,0.2721702730298552f,0f,0f,0f,1f],start_interpolation:0}
execute if entity @s[tag=aj.toji.bone.blade] run data modify entity @s {} merge value {transformation:[0.9555453353569033f,0.47975706139720914f,-1.0520295975480802f,0.8929512352217654f,-1.1512348322187975f,0.26767385821759176f,-0.9235848995696417f,1.3012302528329078f,-0.10766370402238212f,1.3957735732082128f,0.5387250311334696f,0.608465048830443f,0f,0f,0f,1f],start_interpolation:0}
execute if entity @s[tag=aj.toji.bone.bottom] run data modify entity @s {} merge value {transformation:[-0.7013530650320536f,-0.5778476294915533f,0.41736793750974244f,0.584690449395782f,-0.6157232663797612f,0.1961009835248544f,-0.7631705336942867f,1.3174921591919602f,0.3591500207556467f,-0.7922351427143188f,-0.4933302557512983f,0.03579714967634917f,0f,0f,0f,1f],start_interpolation:0}
execute if entity @s[tag=aj.toji.bone.leftarm] run data modify entity @s {} merge value {transformation:[-0.5309202566416767f,-0.8332146103428563f,0.15452214792300245f,0.3432042807699631f,-0.7067848468602016f,0.3347862519474544f,-0.6231960732833421f,1.357014669250061f,0.46752418262196593f,-0.44008133182194586f,-0.766648263576906f,-0.04500292186526442f,0f,0f,0f,1f],start_interpolation:0}
execute if entity @s[tag=aj.toji.locator_origin.mount] at @s on origin run tp @s ^0.08967 ^1.70215 ^-0.27597 ~18 ~-26.49856
execute if entity @s[tag=aj.toji.bone.head] run data modify entity @s {} merge value {transformation:[-0.9510565163080862f,0.13787575658482085f,0.2765533918325544f,0.05519894330842345f,0f,0.8949455754935528f,-0.44617532081516315f,1.4784176031000735f,-0.3090169943351452f,-0.4243379462771118f,-0.8511438213142336f,-0.16988487911399675f,0f,0f,0f,1f],start_interpolation:0}
execute if entity @s[tag=aj.toji.bone.upper] run data modify entity @s {} merge value {transformation:[-0.9510565163080862f,0.07359859107789793f,0.3001245577743939f,0f,0f,0.971223470800098f,-0.2381700438069642f,0.75f,-0.3090169943351452f,-0.22651317215199565f,-0.9236884106957894f,0f,0f,0f,0f,1f],start_interpolation:0}
execute if entity @s[tag=aj.toji.bone.bottom3] run data modify entity @s {} merge value {transformation:[-0.9510565163080862f,0f,0.3090169943351452f,-0.12897614939521138f,0f,0.9999999999999999f,0f,0.4392119076974146f,-0.3090169943351452f,0f,-0.9510565163080861f,-0.0075607255011517945f,0f,0f,0f,1f],start_interpolation:0}
execute if entity @s[tag=aj.toji.bone.rightleg] run data modify entity @s {} merge value {transformation:[-0.9510565163080862f,0.03230107154144193f,0.30732416690719555f,-0.11293796131158523f,0f,0.9945218953682733f,-0.10452846326765355f,0.75f,-0.3090169943351452f,-0.09941247613037234f,-0.945846529201065f,-0.03669576807729849f,0f,0f,0f,1f],start_interpolation:0}
execute if entity @s[tag=aj.toji.bone.bottom4] run data modify entity @s {} merge value {transformation:[-0.9510565163080862f,6.938893903907228e-18f,0.3090169943351452f,0.10818475331016164f,0f,1f,0f,0.43942328219553234f,-0.3090169943351452f,-1.3877787807814457e-17f,-0.9510565163080862f,0.07155006295611152f,0f,0f,0f,1f],start_interpolation:0}
execute if entity @s[tag=aj.toji.bone.leftleg] run data modify entity @s {} merge value {transformation:[-0.9510565163080862f,0.03423139593071723f,0.3071151483085158f,0.11293796131158523f,0f,0.9938454969742966f,-0.11077512421077877f,0.75f,-0.3090169943351452f,-0.1053534037254988f,-0.9452032361008531f,0.03669576807729849f,0f,0f,0f,1f],start_interpolation:0}