execute if entity @s[tag=aj.toji.locator_origin.head] at @s on origin run tp @s ^0.0129 ^1.49986 ^0.00692 ~118.21128 ~-1.11882
execute if entity @s[tag=aj.toji.bone.blade2] run data modify entity @s {} merge value {transformation:[-1.3244911892913362f,-0.14804230818568892f,-0.6883360839565751f,-0.038673007475108157f,0.6853856635090424f,0.06454802671676957f,-1.3326965312865648f,1.540695451174845f,0.16115080436004636f,-1.491280331538649f,0.010648521967170192f,-3.159107394272998f,0f,0f,0f,1f],start_interpolation:0}
execute if entity @s[tag=aj.toji.bone.chain2] run data modify entity @s {} merge value {transformation:[0.9327543981592374f,-1.2290044315484951f,0.1586908649579795f,0.0817357057429059f,1.2396041606211285f,0.9315747378797266f,-0.06316847135944424f,1.572496242303839f,-0.04809814233936714f,0.1751550415762851f,1.4494468794264566f,-0.8064990995694965f,0f,0f,0f,1f],start_interpolation:0}
execute if entity @s[tag=aj.toji.bone.bottom2] run data modify entity @s {} merge value {transformation:[0.6009692766663542f,0.14316758534411503f,0.7863453255471509f,0.29291295097771225f,0.7986711370444854f,-0.06942118354836452f,-0.5977500431842838f,1.426130026944338f,-0.030989407144827147f,0.9872607263441f,-0.15606381663708047f,-0.48340273879399254f,0f,0f,0f,1f],start_interpolation:0}
execute if entity @s[tag=aj.toji.bone.rightarm] run data modify entity @s {} merge value {transformation:[0.5081908157804893f,-0.4106826573137592f,0.7570216970061494f,0.15848036066299187f,0.8309539978132006f,0.0027417709146644745f,-0.5563343744642345f,1.374880844809679f,0.22640129918933838f,0.9117742251643006f,0.3426517387252234f,-0.269609263702251f,0f,0f,0f,1f],start_interpolation:0}
execute if entity @s[tag=aj.toji.bone.chain] run data modify entity @s {} merge value {transformation:[-0.4758000474181415f,-0.5337887696763122f,1.2953570486661519f,-0.45765099019964095f,-1.2396041923162018f,0.9315746781731234f,-0.06316869997037276f,1.5594798255793665f,-0.803715394203758f,-1.1208036589720796f,-0.6694244800491401f,0.4341287367088332f,0f,0f,0f,1f],start_interpolation:0}
execute if entity @s[tag=aj.toji.bone.blade] run data modify entity @s {} merge value {transformation:[0.5982664243244975f,-1.3243210837203516f,-0.3718211300339638f,-2.6378115548529886f,-0.6853854904282585f,0.06454752312683024f,-1.3326966446902335f,1.581216491152466f,1.1926122651710387f,0.7014323092586655f,-0.5793692263933764f,1.7412388562423295f,0f,0f,0f,1f],start_interpolation:0}
execute if entity @s[tag=aj.toji.bone.bottom] run data modify entity @s {} merge value {transformation:[-0.3065557352492724f,0.901706310520592f,0.3048758940177453f,-0.2407423021065597f,-0.7986711574654722f,-0.06942133836037734f,-0.5977499979197128f,1.426130064721235f,-0.5178300526413474f,-0.42673927326600164f,0.7414483321404558f,0.5113896165822692f,0f,0f,0f,1f],start_interpolation:0}
execute if entity @s[tag=aj.toji.bone.leftarm] run data modify entity @s {} merge value {transformation:[-0.46968564004773405f,0.5325012459688759f,0.7041575268180726f,-0.1369723431173241f,-0.830953974528919f,0.0027416139860056165f,-0.5563344100155447f,1.374880844809679f,-0.29817929463251264f,-0.8464247790526609f,0.4411963300596583f,0.2811472159045719f,0f,0f,0f,1f],start_interpolation:0}
execute if entity @s[tag=aj.toji.locator_origin.mount] at @s on origin run tp @s ^0.07647 ^1.73923 ^0.04102 ~118.21128 ~-16.7692
execute if entity @s[tag=aj.toji.bone.head] run data modify entity @s {} merge value {transformation:[0.47272432604850556f,0.25424430755285987f,0.8437366553842217f,0.012904810527400681f,0f,0.9574747263828755f,-0.2885171543219532f,1.4998570137716147f,-0.8812103673709167f,0.13638907733027802f,0.4526215947378221f,0.006922771321392518f,0f,0f,0f,1f],start_interpolation:0}
execute if entity @s[tag=aj.toji.bone.upper] run data modify entity @s {} merge value {transformation:[0.47272432604850556f,0.01720641403653424f,0.8810423661084577f,0f,0f,0.9998093516954863f,-0.01952588697732804f,0.75f,-0.8812103673709167f,0.00923036176185669f,0.47263420195724204f,0f,0f,0f,0f,1f],start_interpolation:0}
execute if entity @s[tag=aj.toji.bone.bottom3] run data modify entity @s {} merge value {transformation:[0.47272432604850556f,0f,0.8812103673709167f,0.02314646769426365f,0f,1f,0f,0.44017348082068425f,-0.8812103673709167f,-6.938893903907228e-18f,0.47272432604850556f,-0.12943345412414634f,0f,0f,0f,1f],start_interpolation:0}
execute if entity @s[tag=aj.toji.bone.rightleg] run data modify entity @s {} merge value {transformation:[0.47272432604850556f,0.11502103379775853f,0.8736714905192231f,0.05613601371826003f,0f,0.9914448613738104f,-0.13052619222005157f,0.75f,-0.8812103673709167f,0.06170290624890157f,0.46868010390718856f,-0.10464373112529636f,0f,0f,0f,1f],start_interpolation:0}
execute if entity @s[tag=aj.toji.bone.bottom4] run data modify entity @s {} merge value {transformation:[0.47272432604850556f,0f,0.8812103673709166f,-0.09947876115784965f,0f,0.9999999999999999f,0f,0.4408792845316474f,-0.8812103673709167f,0f,0.4727243260485055f,0.08848507979785791f,0f,0f,0f,1f],start_interpolation:0}
execute if entity @s[tag=aj.toji.bone.leftleg] run data modify entity @s {} merge value {transformation:[0.47272432604850556f,0.12924230528571665f,0.8716812135674484f,-0.05613601371826003f,0f,0.9891862894987283f,-0.14666453104870963f,0.75f,-0.8812103673709167f,0.06933189159522138f,0.46761242203970826f,0.10464373112529636f,0f,0f,0f,1f],start_interpolation:0}