execute if entity @s[tag=aj.toji.locator_origin.head] at @s on origin run tp @s ^-0.04056 ^1.49889 ^0.0051 ~-97.15997 ~-3.12461
execute if entity @s[tag=aj.toji.bone.blade2] run data modify entity @s {} merge value {transformation:[0.8701945155346786f,1.0070668698354754f,0.6917931951191358f,3.358779040672914f,0.9031988359140937f,0.0417308048998294f,-1.1968669110330687f,1.5899263096527299f,-0.8227960670401822f,1.110889220220535f,-0.5821784713135815f,4.103202709985778f,0f,0f,0f,1f],start_interpolation:0}
execute if entity @s[tag=aj.toji.bone.chain2] run data modify entity @s {} merge value {transformation:[-0.7489588868454997f,0.8567488831528477f,-1.925166643046078f,0.38078312612054954f,1.2050267156542032f,0.9761881018289149f,-0.1143471698180543f,1.5705119738248243f,0.6292327661413593f,-0.8497063108363498f,-2.0724910425035112f,0.7041915118241592f,0f,0f,0f,1f],start_interpolation:0}
execute if entity @s[tag=aj.toji.bone.bottom2] run data modify entity @s {} merge value {transformation:[-0.48255069219575814f,-0.7034612370872592f,-0.5218113810344287f,0.02198380726969746f,0.7763930516966677f,-0.06778720685826978f,-0.6265929491013204f,1.4188742535739278f,0.4054117150977885f,-0.7074935918451961f,0.5788731802039653f,0.5675196169837222f,0f,0f,0f,1f],start_interpolation:0}
execute if entity @s[tag=aj.toji.bone.rightarm] run data modify entity @s {} merge value {transformation:[-0.5621478106822395f,-0.2078788963523864f,-0.8004849801192268f,0.005148321349240828f,0.8151044273605982f,0.02456246214821393f,-0.5787931046154309f,1.374070842400944f,0.1399807538282194f,-0.9778461279283828f,0.1556352744500812f,0.31430928788736284f,0f,0f,0f,1f],start_interpolation:0}
execute if entity @s[tag=aj.toji.bone.chain] run data modify entity @s {} merge value {transformation:[0.8813205491747025f,1.0402925674841554f,-1.3527492051218901f,0.09978961237451135f,-1.2050267922025386f,0.9761879920826835f,-0.11434760305252277f,1.5578019265074596f,0.42443750221625415f,0.6114008928370275f,2.484261502684095f,-0.6153366895195462f,0f,0f,0f,1f],start_interpolation:0}
execute if entity @s[tag=aj.toji.bone.blade] run data modify entity @s {} merge value {transformation:[-1.0466645491409545f,0.7010134604604255f,0.8142932210358031f,2.189041902215196f,-0.9031987741092897f,0.04173170491586827f,-1.196866926292264f,1.6589872611779737f,-0.5820011134173538f,-1.3254578805296364f,0.39298360134087773f,-4.830787128886599f,0f,0f,0f,1f],start_interpolation:0}
execute if entity @s[tag=aj.toji.bone.bottom] run data modify entity @s {} merge value {transformation:[0.5678306894011506f,-0.5066157533961672f,-0.6487748350429818f,-0.11906735860856056f,-0.7763931010164007f,-0.06778735666064406f,-0.6265928717844627f,1.4188742975001924f,0.27346308867624425f,0.8595029683996425f,-0.4318247172683054f,-0.5553240125209822f,0f,0f,0f,1f],start_interpolation:0}
execute if entity @s[tag=aj.toji.bone.leftarm] run data modify entity @s {} merge value {transformation:[0.579304027334174f,0.040436670070537f,-0.8141079287342762f,-0.07275168938254044f,-0.815104428079524f,0.024562286622887126f,-0.5787931110517881f,1.374070842400944f,-0.0034081137831646208f,0.9988801578715345f,0.047189140392460326f,-0.30581698016454634f,0f,0f,0f,1f],start_interpolation:0}
execute if entity @s[tag=aj.toji.locator_origin.mount] at @s on origin run tp @s ^-0.12227 ^1.73493 ^0.01536 ~-97.15997 ~-19.23295
execute if entity @s[tag=aj.toji.bone.head] run data modify entity @s {} merge value {transformation:[0.12464001717085003f,-0.3268409699834878f,-0.9368243413041225f,-0.04056202081997977f,0f,0.9441870849213319f,-0.3294096972885858f,1.498885010881133f,0.9922020288830548f,0.04105763032629386f,0.11768349447708963f,0.005095384633689895f,0f,0f,0f,1f],start_interpolation:0}
execute if entity @s[tag=aj.toji.bone.upper] run data modify entity @s {} merge value {transformation:[0.12464001717085003f,-0.05408269442663969f,-0.9907269695951579f,0f,0f,0.9985133478415104f,-0.05450774424188777f,0.75f,0.9922020288830548f,0.0067938461782531935f,0.1244547208202888f,0f,0f,0f,0f,1f],start_interpolation:0}
execute if entity @s[tag=aj.toji.bone.bottom3] run data modify entity @s {} merge value {transformation:[0.12464001717085003f,2.7755575615628914e-17f,-0.9922020288830546f,0.05605136237857962f,0f,1f,0f,0.44017348082068425f,0.9922020288830548f,0f,0.12464001717085002f,0.11894125772302157f,0f,0f,0f,1f],start_interpolation:0}
execute if entity @s[tag=aj.toji.bone.rightleg] run data modify entity @s {} merge value {transformation:[0.12464001717085003f,-0.12950835274311476f,-0.9837136029807736f,0.014801002039038441f,0f,0.9914448613738104f,-0.13052619222005157f,0.75f,0.9922020288830548f,0.0162687868395529f,0.12357370454558275f,0.11782399092986275f,0f,0f,0f,1f],start_interpolation:0}
execute if entity @s[tag=aj.toji.bone.bottom4] run data modify entity @s {} merge value {transformation:[0.12464001717085003f,2.7755575615628914e-17f,-0.9922020288830546f,0.028495329056527616f,0f,1f,0f,0.4406733767475979f,0.9922020288830548f,0f,0.12464001717085002f,-0.1295619788719927f,0f,0f,0f,1f],start_interpolation:0}
execute if entity @s[tag=aj.toji.bone.leftleg] run data modify entity @s {} merge value {transformation:[0.12464001717085003f,-0.14104105984922838f,-0.9821264101714486f,-0.014801002039038441f,0f,0.9898451944076868f,-0.1421495378395886f,0.75f,0.9922020288830548f,0.01771752083715472f,0.12337432202745748f,-0.11782399092986275f,0f,0f,0f,1f],start_interpolation:0}