execute if entity @s[tag=aj.toji.locator_origin.head] at @s on origin run tp @s ^0.0576 ^1.49637 ^-0.04599 ~51.39898 ~-5.64
execute if entity @s[tag=aj.toji.bone.blade2] run data modify entity @s {} merge value {transformation:[-0.346339561427188f,-1.1423501379596994f,0.9083419347877086f,-0.7347462064275806f,1.4462860429198756f,-0.39383068151749f,0.05616116407835751f,0.8342563723764694f,0.1957181397969796f,0.8887820636122916f,1.1923761374480306f,0.0549988716387147f,0f,0f,0f,1f],start_interpolation:0}
execute if entity @s[tag=aj.toji.bone.chain2] run data modify entity @s {} merge value {transformation:[-0.9398815853011705f,-0.9013609388832778f,0.000008444724608170035f,-0.611950904110871f,-0.05811120449774492f,1.0922580688802916f,0.000011011621463203449f,1.0664538603455678f,-1.233778086664977f,0.6352034653813398f,-0.000006951768581044376f,-0.04883658121981149f,0f,0f,0f,1f],start_interpolation:0}
execute if entity @s[tag=aj.toji.bone.bottom2] run data modify entity @s {} merge value {transformation:[-0.6055612898584722f,0.5689034236369707f,0.5564570233172341f,-0.29447090338002146f,-0.037440776052238334f,0.6781017704022757f,-0.7340137446028552f,1.1610501422114305f,-0.7949174249653542f,-0.4653244927482679f,-0.38933199706037225f,-0.2951456327041084f,0f,0f,0f,1f],start_interpolation:0}
execute if entity @s[tag=aj.toji.bone.rightarm] run data modify entity @s {} merge value {transformation:[-0.5307637725399811f,0.4573381306600236f,0.7135346186440586f,-0.14696363493126674f,0.12495201594858732f,0.8749350144932131f,-0.46784154809523376f,1.371974394837947f,-0.8382582009557146f,-0.1591557559692897f,-0.5215291304158692f,-0.28254343413669863f,0f,0f,0f,1f],start_interpolation:0}
execute if entity @s[tag=aj.toji.bone.chain] run data modify entity @s {} merge value {transformation:[-0.9949301289063445f,-0.8190881129966066f,0.000008649690025389205f,0.02077723120115571f,0.05811028084509629f,1.0922580067127883f,0.000011011622567283279f,1.193597972869946f,-1.1898318820176323f,0.7382613246883363f,-0.000006695020407847268f,0.5228735480271081f,0f,0f,0f,1f],start_interpolation:0}
execute if entity @s[tag=aj.toji.bone.blade] run data modify entity @s {} merge value {transformation:[0.2675757865998536f,-1.119749012150105f,-0.9615432118289496f,-0.21638907174197378f,-1.4462860442394125f,-0.39383080396568626f,0.056160271420764206f,0.8342563718099052f,-0.29438049640521763f,0.917092932933519f,-1.1499046376546247f,0.7043099971806375f,0f,0f,0f,1f],start_interpolation:0}
execute if entity @s[tag=aj.toji.bone.bottom] run data modify entity @s {} merge value {transformation:[-0.6410288078859668f,0.5797845038799996f,0.5029234499612432f,0.22258401857890817f,0.03744018094717613f,0.6781018432170562f,-0.7340137076896276f,1.1610501927984218f,-0.7666030917697496f,-0.4516943870431134f,-0.4563900529183421f,0.35253434575503473f,0f,0f,0f,1f],start_interpolation:0}
execute if entity @s[tag=aj.toji.bone.leftarm] run data modify entity @s {} merge value {transformation:[-0.6998615315027024f,0.2565084784585255f,0.666631260294313f,0.24296979247462064f,-0.12495261132761522f,0.8749349609900049f,-0.46784148913903373f,1.371974394837947f,-0.7032643042591469f,-0.41072157785574265f,-0.5802819175526558f,0.20589993227490241f,0f,0f,0f,1f],start_interpolation:0}
execute if entity @s[tag=aj.toji.locator_origin.mount] at @s on origin run tp @s ^0.09582 ^1.74154 ^-0.0765 ~51.39898 ~-11.28
execute if entity @s[tag=aj.toji.bone.head] run data modify entity @s {} merge value {transformation:[-0.6238934838494198f,0.15286623165118496f,0.7664129670295251f,0.05760369452601233f,0f,0.9806829969102355f,-0.19560383322204822f,1.4963692738055365f,-0.7815093862585617f,-0.12203595696320454f,-0.6118417314942167f,-0.04598610111707774f,0f,0f,0f,1f],start_interpolation:0}
execute if entity @s[tag=aj.toji.bone.upper] run data modify entity @s {} merge value {transformation:[-0.6238934838494198f,0.0768049260346831f,0.7777261241253508f,0f,0f,0.9951590317407152f,-0.09827767571977986f,0.75f,-0.7815093862585617f,-0.061314801489436986f,-0.6208732352969302f,0f,0f,0f,0f,1f],start_interpolation:0}
execute if entity @s[tag=aj.toji.bone.bottom3] run data modify entity @s {} merge value {transformation:[-0.6238934838494198f,0f,0.7815093862585617f,-0.0992720076760623f,0f,1f,0f,0.43868915684632953f,-0.7815093862585617f,0f,-0.6238934838494199f,-0.08069620453847012f,0f,0f,0f,1f],start_interpolation:0}
execute if entity @s[tag=aj.toji.bone.rightleg] run data modify entity @s {} merge value {transformation:[-0.6238934838494198f,0.06811303102363145f,0.7785355070997132f,-0.0740873512071186f,0f,0.9961946980917455f,-0.0871557427476582f,0.75f,-0.7815093862585617f,-0.054375899980320275f,-0.6215193807847801f,-0.09280423961820419f,0f,0f,0f,1f],start_interpolation:0}
execute if entity @s[tag=aj.toji.bone.bottom4] run data modify entity @s {} merge value {transformation:[-0.6238934838494198f,-1.3877787807814457e-17f,0.7815093862585617f,0.05552210347777377f,0f,1f,0f,0.43882485959040896f,-0.7815093862585617f,0f,-0.6238934838494198f,0.11562256707267259f,0f,0f,0f,1f],start_interpolation:0}
execute if entity @s[tag=aj.toji.bone.leftleg] run data modify entity @s {} merge value {transformation:[-0.6238934838494198f,0.07188666241089185f,0.7781961376013481f,0.0740873512071186f,0f,0.9957604493106914f,-0.09198438774362745f,0.75f,-0.7815093862585617f,-0.0573884601291276f,-0.6212484557999108f,0.09280423961820419f,0f,0f,0f,1f],start_interpolation:0}