execute if entity @s[tag=aj.toji.locator_origin.head] at @s on origin run tp @s ^0.0819 ^1.47208 ^0.18544 ~156.17054 ~-15.68193
execute if entity @s[tag=aj.toji.bone.blade2] run data modify entity @s {} merge value {transformation:[-1.2166645081918388f,0.2639154676359093f,-0.8367055040149025f,0.8678787469579696f,0.8672343556599761f,0.5782823326168253f,-1.0786538444497704f,1.5230057741061807f,0.1327857178665609f,-1.3586530718788241f,-0.6216347668888055f,-0.7257780022321049f,0f,0f,0f,1f],start_interpolation:0}
execute if entity @s[tag=aj.toji.bone.chain2] run data modify entity @s {} merge value {transformation:[1.0162273553336378f,-0.8835100676773489f,-0.000007717866260796938f,0.6447127712558025f,0.9766269288440663f,1.202860743901202f,-9.104145346579703e-7f,1.5563945120996208f,0.6499572891654637f,-0.42602660093628403f,0.000013435101529822799f,-0.4251218426808786f,0f,0f,0f,1f],start_interpolation:0}
execute if entity @s[tag=aj.toji.bone.bottom2] run data modify entity @s {} merge value {transformation:[0.654750510818988f,-0.4719552569185854f,0.590389705236453f,0.5950267596768404f,0.6292361420740292f,-0.09240666904269396f,-0.7717012926153655f,1.3664340403499065f,0.41876442791868795f,0.876766355982793f,0.23646799133622293f,-0.062001372759392076f,0f,0f,0f,1f],start_interpolation:0}
execute if entity @s[tag=aj.toji.bone.rightarm] run data modify entity @s {} merge value {transformation:[0.4353930616304199f,-0.8548083154233528f,0.28237497369132936f,0.3541126144691009f,0.6872717077287916f,0.113024367497671f,-0.7175535465087617f,1.3517356504912748f,0.5814554855185731f,0.5064861658869283f,0.6366955961254319f,0.02827920086742919f,0f,0f,0f,1f],start_interpolation:0}
execute if entity @s[tag=aj.toji.bone.chain] run data modify entity @s {} merge value {transformation:[0.20405737410312594f,0.28018496948094257f,0.000015128845443596187f,-0.5673554289706888f,-0.9766270279143694f,1.202860647496388f,-9.104166443352564e-7f,1.539068312259361f,-1.1889166960020343f,-0.9399921910274808f,0.000003344464746204887f,0.23551844565354138f,0f,0f,0f,1f],start_interpolation:0}
execute if entity @s[tag=aj.toji.bone.blade] run data modify entity @s {} merge value {transformation:[-0.9176236625444194f,-1.1820046414150531f,0.10407613372833599f,-1.1213550386270117f,-0.8672342570759721f,0.5782824605238432f,-1.078653855138142f,1.5246527333115727f,0.8098589737061955f,-0.720037793121835f,-1.037147057646015f,0.1546535687529293f,0f,0f,0f,1f],start_interpolation:0}
execute if entity @s[tag=aj.toji.bone.bottom] run data modify entity @s {} merge value {transformation:[0.13147320747583952f,0.96594241081348f,-0.2228677964800137f,-0.44660409827212477f,-0.6292362059045601f,-0.09240680212950103f,-0.7717012246323269f,1.3664340818899114f,-0.7660134417194314f,0.2416945218908389f,0.5956569190340273f,0.3980525032823161f,0f,0f,0f,1f],start_interpolation:0}
execute if entity @s[tag=aj.toji.bone.leftarm] run data modify entity @s {} merge value {transformation:[-0.13652622396806802f,0.9501182750302893f,0.2804208509053635f,-0.21760741851255672f,-0.6872717277897392f,0.11302420635288779f,-0.717553552676876f,1.3517356504912748f,-0.7134550878295896f,-0.2906901997518442f,0.6375586603743262f,0.2807890103550057f,0f,0f,0f,1f],start_interpolation:0}
execute if entity @s[tag=aj.toji.locator_origin.mount] at @s on origin run tp @s ^0.13436 ^1.68572 ^0.30421 ~156.17054 ~-31.28943
execute if entity @s[tag=aj.toji.bone.head] run data modify entity @s {} merge value {transformation:[0.9147520527706523f,0.20983018590228442f,0.34525349387962806f,0.08190311757392653f,0f,0.8545546571543554f,-0.5193614713624819f,1.4720827805895296f,-0.4040156951801224f,0.4750869720588167f,0.7817056268366676f,0.18544092673346094f,0f,0f,0f,1f],start_interpolation:0}
execute if entity @s[tag=aj.toji.bone.upper] run data modify entity @s {} merge value {transformation:[0.9147520527706523f,0.10920415676523537f,0.3889770354366328f,0f,0f,0.9627770407860394f,-0.2702968178415664f,0.75f,-0.4040156951801224f,0.24725456897794792f,0.8807022744194836f,0f,0f,0f,0f,1f],start_interpolation:0}
execute if entity @s[tag=aj.toji.bone.bottom3] run data modify entity @s {} merge value {transformation:[0.9147520527706523f,6.938893903907228e-18f,0.4040156951801224f,0.09786443463101953f,0f,1f,0f,0.44017348082068425f,-0.4040156951801224f,0f,0.9147520527706522f,-0.08781418135802434f,0f,0f,0f,1f],start_interpolation:0}
execute if entity @s[tag=aj.toji.bone.rightleg] run data modify entity @s {} merge value {transformation:[0.9147520527706523f,0.05273463028899843f,0.4005592849007001f,0.10862680626651496f,0f,0.9914448613738104f,-0.13052619222005157f,0.75f,-0.4040156951801224f,0.11939910227362892f,0.9069262221506078f,-0.04797686380263953f,0f,0f,0f,1f],start_interpolation:0}
execute if entity @s[tag=aj.toji.bone.bottom4] run data modify entity @s {} merge value {transformation:[0.9147520527706523f,0f,0.4040156951801224f,-0.1313130087420989f,0f,0.9999999999999999f,0f,0.44033537706740267f,-0.4040156951801224f,0f,0.9147520527706523f,0.012081599195046727f,0f,0f,0f,1f],start_interpolation:0}
execute if entity @s[tag=aj.toji.bone.leftleg] run data modify entity @s {} merge value {transformation:[0.9147520527706523f,0.054300806866455525f,0.4003499773017722f,-0.10862680626651496f,0f,0.9909267933843116f,-0.13440271631587625f,0.75f,-0.4040156951801224f,0.12294516064789944f,0.9064523183937391f,0.04797686380263953f,0f,0f,0f,1f],start_interpolation:0}