execute if entity @s[tag=aj.toji.locator_origin.head] at @s on origin run tp @s ^0.21537 ^1.46841 ^-0.00079 ~89.7899 ~-16.68819
execute if entity @s[tag=aj.toji.bone.blade2] run data modify entity @s {} merge value {transformation:[-0.8789610438396356f,-0.9085675105140012f,-0.8074234095260873f,-0.3805282150069383f,0.7807216503956242f,0.3416935390735059f,-1.2343902259654183f,1.5382597931810575f,0.9316121446266533f,-1.1435692389155176f,0.2726686776846845f,-1.3618022873459572f,0f,0f,0f,1f],start_interpolation:0}
execute if entity @s[tag=aj.toji.bone.chain2] run data modify entity @s {} merge value {transformation:[1.0654244748163706f,-0.758800908850975f,0.000008354965845533468f,-0.0944118124006133f,0.975520104012952f,1.1969565064719485f,-0.0000015690226860100014f,1.5784454791108145f,-0.5676212546583622f,0.6328340824833272f,0.000012985722193696682f,-0.7723999644798276f,0f,0f,0f,1f],start_interpolation:0}
execute if entity @s[tag=aj.toji.bone.bottom2] run data modify entity @s {} merge value {transformation:[0.6864479837743058f,0.5591193391970428f,0.4649459432106629f,0.20096384483798985f,0.6285230200351904f,-0.1346341639237029f,-0.7660499038511849f,1.374457439730962f,-0.36571570769934747f,0.8180826403490227f,-0.4438387260047704f,-0.5685562568241166f,0f,0f,0f,1f],start_interpolation:0}
execute if entity @s[tag=aj.toji.bone.rightarm] run data modify entity @s {} merge value {transformation:[0.7357825849775049f,0.09340939567358388f,0.670744863896636f,0.17832978219529175f,0.6678773318158844f,0.0638438395812097f,-0.741528039789477f,1.3486760663877715f,-0.11208861356228936f,0.9935787079780973f,-0.015410832627055636f,-0.3131560414819492f,0f,0f,0f,1f],start_interpolation:0}
execute if entity @s[tag=aj.toji.bone.chain] run data modify entity @s {} merge value {transformation:[-1.0695588053525877f,-0.7634216538974481f,0.000008259503700975877f,0.014962597488436674f,-0.9755201312931816f,1.1969564552429603f,-0.0000015690248979876914f,1.5532016240729036f,-0.5597920229385122f,-0.6272521791303741f,-0.00001304664810762411f,0.6189163590217577f,0f,0f,0f,1f],start_interpolation:0}
execute if entity @s[tag=aj.toji.bone.blade] run data modify entity @s {} merge value {transformation:[0.8857697487300711f,-0.9001553870051496f,-0.8094023915706454f,-0.36140517379088366f,-0.7807223124271893f,0.34169405117392154f,-1.234389665490884f,1.546582986098844f,0.925140326173825f,1.1502023537786592f,-0.26673942762371194f,1.3693325193330188f,0f,0f,0f,1f],start_interpolation:0}
execute if entity @s[tag=aj.toji.bone.bottom] run data modify entity @s {} merge value {transformation:[-0.6891117135157612f,0.5531044724007368f,0.4681885185538772f,0.2051282215135696f,-0.6285230376117142f,-0.1346343048650145f,-0.7660498646595131f,1.3744574741652658f,-0.36067137048387354f,-0.8221612047304454f,0.44041697963346904f,0.5670671009467607f,0f,0f,0f,1f],start_interpolation:0}
execute if entity @s[tag=aj.toji.bone.leftarm] run data modify entity @s {} merge value {transformation:[-0.7365848870356386f,0.08611997390611298f,0.6708398126863864f,0.18062165955037043f,-0.6678773117131828f,0.06384369681831868f,-0.7415280701870585f,1.3486760663877715f,-0.10668927166996704f,-0.9942370604996483f,0.010491274448365232f,0.3118397563424756f,0f,0f,0f,1f],start_interpolation:0}
execute if entity @s[tag=aj.toji.locator_origin.mount] at @s on origin run tp @s ^0.34844 ^1.68005 ^-0.00128 ~89.7899 ~-32.16069
execute if entity @s[tag=aj.toji.bone.head] run data modify entity @s {} merge value {transformation:[-0.003667003768125887f,0.5322920080567859f,0.8465528756328449f,0.21537086504739733f,0f,0.8465585674532211f,-0.5322955869360086f,1.468411279665326f,-0.9999932765190797f,-0.0019519299230511245f,-0.003104333456790215f,-0.0007897710836841504f,0f,0f,0f,1f],start_interpolation:0}
execute if entity @s[tag=aj.toji.bone.upper] run data modify entity @s {} merge value {transformation:[-0.003667003768125887f,0.28716115339652976f,0.9578752659210589f,0f,0f,0.9578817062204346f,-0.28716308413204694f,0.75f,-0.9999932765190797f,-0.0010530281115788671f,-0.0035125558261291873f,0f,0f,0f,0f,1f],start_interpolation:0}
execute if entity @s[tag=aj.toji.bone.bottom3] run data modify entity @s {} merge value {transformation:[-0.003667003768125887f,2.7755575615628914e-17f,0.9999932765190795f,-0.041247536292793416f,0f,1f,0f,0.44017348082068425f,-0.9999932765190797f,-5.421010862427522e-20f,-0.003667003768125887f,-0.12484958455278806f,0f,0f,0f,1f],start_interpolation:0}
execute if entity @s[tag=aj.toji.bone.rightleg] run data modify entity @s {} merge value {transformation:[-0.003667003768125887f,0.13052531462968858f,0.9914381954132013f,-0.00043545669746494905f,0f,0.9914448613738104f,-0.13052619222005157f,0.75f,-0.9999932765190797f,-0.00047864003871005297f,-0.0036356320425468104f,-0.1187492015866407f,0f,0f,0f,1f],start_interpolation:0}
execute if entity @s[tag=aj.toji.bone.bottom4] run data modify entity @s {} merge value {transformation:[-0.003667003768125887f,0f,0.9999932765190797f,-0.04346809568102821f,0f,1f,0f,0.4406027000998793f,-0.9999932765190797f,-1.0842021724855044e-19f,-0.003667003768125887f,0.1251602391831357f,0f,0f,0f,1f],start_interpolation:0}
execute if entity @s[tag=aj.toji.bone.leftleg] run data modify entity @s {} merge value {transformation:[-0.003667003768125887f,0.14056470768654064f,0.9900647029544897f,0.00043545669746494905f,0f,0.9900713596803863f,-0.14056565277702515f,0.75f,-0.9999932765190797f,-0.0005154547784024263f,-0.003630595406661497f,0.1187492015866407f,0f,0f,0f,1f],start_interpolation:0}