execute if entity @s[tag=aj.toji.locator_origin.head] at @s on origin run tp @s ^0.003 ^1.49926 ^-0.03316 ~5.16061 ~-2.54464
execute if entity @s[tag=aj.toji.bone.blade2] run data modify entity @s {} merge value {transformation:[-0.07051746848933904f,-0.34984372582496504f,1.4569271272574895f,-0.5612477352001586f,0.8709582716874142f,-1.1963882273700142f,-0.24512629069462566f,0.5442757917262838f,1.2192042386807578f,0.8344246981671506f,0.2593770372865186f,0.1564708176284237f,0f,0f,0f,1f],start_interpolation:0}
execute if entity @s[tag=aj.toji.bone.chain2] run data modify entity @s {} merge value {transformation:[-1.5075148747317082f,-0.24418594113324998f,0.000002770104731352638f,-0.5189257396149458f,0.25363762023263386f,0.16149724590027698f,0.000015226783215047305f,0.8221422060797423f,-0.2683831844145232f,1.5242226016335692f,-0.0000011695554969314467f,0.18431440620073553f,0f,0f,0f,1f],start_interpolation:0}
execute if entity @s[tag=aj.toji.bone.bottom2] run data modify entity @s {} merge value {transformation:[-0.9712847515049932f,0.18516922096158575f,0.14939307581800176f,-0.4220350823063443f,0.16341752712975066f,0.9755820616675586f,-0.1467458782360616f,1.1429342529748212f,-0.17291802485767935f,-0.11811858685640986f,-0.9778278765295882f,-0.056755748370859394f,0f,0f,0f,1f],start_interpolation:0}
execute if entity @s[tag=aj.toji.bone.rightarm] run data modify entity @s {} merge value {transformation:[-0.96360204207138f,0.21229044303437578f,0.1624926838726437f,-0.3087373439182891f,0.20242203503624315f,0.976403331474975f,-0.07524529232022259f,1.3743837086537998f,-0.17463225431647048f,-0.039614417588022935f,-0.9838365075923485f,-0.05574483687308572f,0f,0f,0f,1f],start_interpolation:0}
execute if entity @s[tag=aj.toji.bone.chain] run data modify entity @s {} merge value {transformation:[-1.5312066928721293f,-0.03285511322415466f,-0.0000025157360523261698f,0.44731650676050566f,-0.2536376606639066f,0.16149724871210888f,0.000015226783144717308f,1.005063846754516f,-0.00605593986509306f,1.5433087357377844f,-0.0000016469409643002742f,0.2462967488804872f,0f,0f,0f,1f],start_interpolation:0}
execute if entity @s[tag=aj.toji.bone.blade] run data modify entity @s {} merge value {transformation:[0.1490643208390616f,0.19468179199667723f,-1.4798239179435342f,0.5241317161021587f,-0.8709582706423202f,-1.196388220124908f,-0.24512632976914428f,0.544275797885505f,-1.2121103576211727f,0.8836029801960353f,-0.005852720406533275f,0.2544957865578411f,0f,0f,0f,1f],start_interpolation:0}
execute if entity @s[tag=aj.toji.bone.bottom] run data modify entity @s {} merge value {transformation:[-0.9865492786290229f,-0.1610100679692409f,0.02821841329868321f,0.4253747665295874f,-0.16341755317942974f,0.9755820570615198f,-0.14674587984833362f,1.142934255967772f,-0.00390181360435526f,-0.1493834259620315f,-0.9887716459822475f,0.01977723195311902f,0f,0f,0f,1f],start_interpolation:0}
execute if entity @s[tag=aj.toji.bone.leftarm] run data modify entity @s {} merge value {transformation:[-0.9792980167538827f,-0.20175776146459926f,0.016407317596305412f,0.3137292001163199f,-0.20242206088722042f,0.9764033259659162f,-0.07524529426394042f,1.3743837086537998f,-0.0008388373397740373f,-0.07700877048421445f,-0.997030062545973f,0.0004726119983295314f,0f,0f,0f,1f],start_interpolation:0}
execute if entity @s[tag=aj.toji.locator_origin.mount] at @s on origin run tp @s ^0.00489 ^1.74837 ^-0.0541 ~5.16061 ~-4.82464
execute if entity @s[tag=aj.toji.bone.head] run data modify entity @s {} merge value {transformation:[-0.9959464704553744f,0.007565193469997094f,0.08962921306830489f,0.0029951137188184776f,0f,0.996456781520266f,-0.08410637646619254f,1.4992604503845597f,-0.08994791819426441f,-0.08376544878429544f,-0.9924176145164311f,-0.03316333492485371f,0f,0f,0f,1f],start_interpolation:0}
execute if entity @s[tag=aj.toji.bone.upper] run data modify entity @s {} merge value {transformation:[-0.9959464704553744f,0.003993484958424637f,0.08985922359651745f,0f,0f,0.9990139338460796f,-0.04439774748093374f,0.75f,-0.08994791819426441f,-0.04421777989980495f,-0.994964401349742f,0f,0f,0f,0f,1f],start_interpolation:0}
execute if entity @s[tag=aj.toji.bone.bottom3] run data modify entity @s {} merge value {transformation:[-0.9959464704553744f,0f,0.0899479181942644f,-0.12522910943347557f,0f,0.9999999999999999f,0f,0.43760708594513836f,-0.08994791819426441f,0f,-0.9959464704553743f,-0.003096352500995877f,0f,0f,0f,1f],start_interpolation:0}
execute if entity @s[tag=aj.toji.bone.rightleg] run data modify entity @s {} merge value {transformation:[-0.9959464704553744f,0.002354562004972054f,0.08991709528919861f,-0.11826864336657571f,0f,0.9996573249755573f,-0.02617694830787306f,0.75f,-0.08994791819426441f,-0.026070839274518958f,-0.9956051844742675f,-0.010681315285568899f,0f,0f,0f,1f],start_interpolation:0}
execute if entity @s[tag=aj.toji.bone.bottom4] run data modify entity @s {} merge value {transformation:[-0.9959464704553744f,-2.168404344971009e-19f,0.08994791819426443f,0.12393407334652587f,0f,1f,0f,0.43756185433418643f,-0.08994791819426441f,-3.469446951953614e-18f,-0.9959464704553745f,0.01743561288414655f,0f,0f,0f,1f],start_interpolation:0}
execute if entity @s[tag=aj.toji.bone.leftleg] run data modify entity @s {} merge value {transformation:[-0.9959464704553744f,0.0017895534732669872f,0.08993011445477206f,0.11826864336657571f,0f,0.9998020661306034f,-0.01989544070827755f,0.75f,-0.08994791819426441f,-0.019814793951563204f,-0.9957493389167653f,0.010681315285568899f,0f,0f,0f,1f],start_interpolation:0}