execute if entity @s[tag=aj.toji.locator_origin.head] at @s on origin run tp @s ^0.04308 ^1.49528 ^-0.07216 ~30.83939 ~-6.43392
execute if entity @s[tag=aj.toji.bone.blade2] run data modify entity @s {} merge value {transformation:[-0.3346032243201236f,-1.0851840803300534f,0.980008262247208f,-0.8121852310518638f,1.1059298168387515f,-0.8454884531315503f,-0.5586309299065206f,0.7078322518501525f,0.9565353744120404f,0.5979337650772314f,0.98869372915933f,-0.15280688717699983f,0f,0f,0f,1f],start_interpolation:0}
execute if entity @s[tag=aj.toji.bone.chain2] run data modify entity @s {} merge value {transformation:[-1.0140363269085693f,-0.8612685622191051f,0.000007993181250628089f,-0.6961736829514309f,0.5780278371949419f,0.5535961413421455f,0.000013298036717237388f,0.9635675023310146f,-1.0230233725329183f,1.166494941967274f,-4.093168976784323e-7f,-0.12252548480890349f,0f,0f,0f,1f],start_interpolation:0}
execute if entity @s[tag=aj.toji.bone.bottom2] run data modify entity @s {} merge value {transformation:[-0.6533388414981385f,0.5387116402876768f,0.5319192859903003f,-0.3945280822562673f,0.3724206199376806f,0.840412651010234f,-0.39371240502070093f,1.1856179665179876f,-0.6591291527728869f,-0.059129896334354656f,-0.7497015508349871f,-0.29605841881741896f,0f,0f,0f,1f],start_interpolation:0}
execute if entity @s[tag=aj.toji.bone.rightarm] run data modify entity @s {} merge value {transformation:[-0.607475454440007f,0.4965945327250722f,0.6199737432508526f,-0.23241223317249882f,0.45881521481995885f,0.8564863217813827f,-0.2364736333105928f,1.3710635960370858f,-0.648430544393632f,0.14080145833394203f,-0.7481395447564667f,-0.22033114520933145f,0f,0f,0f,1f],start_interpolation:0}
execute if entity @s[tag=aj.toji.bone.chain] run data modify entity @s {} merge value {transformation:[-1.3816425104798078f,-0.6182693785533169f,-0.0000034317578934047843f,0.3999740896709666f,-0.5780279281705775f,0.5535961505700122f,0.000013298036283376606f,1.121144891807282f,-0.40732095588245276f,1.3115780385583127f,-0.000007230597217945733f,0.46053738255769466f,0f,0f,0f,1f],start_interpolation:0}
execute if entity @s[tag=aj.toji.bone.blade] run data modify entity @s {} merge value {transformation:[0.6832992156687099f,-0.011535209631812038f,-1.3352786678462567f,0.519828487570306f,-1.1059298035970602f,-0.8454884123598545f,-0.5586310178292825f,0.7078322820547678f,-0.7483458100252136f,1.2389577408063448f,-0.3936524674300218f,0.6424742851071765f,0f,0f,0f,1f],start_interpolation:0}
execute if entity @s[tag=aj.toji.bone.bottom] run data modify entity @s {} merge value {transformation:[-0.8901857785641714f,-0.20352040623547651f,0.407613449100795f,0.44779050169784307f,-0.3724206785528552f,0.8404126228240552f,-0.39371240974120114f,1.1856179781264848f,-0.26243497828668094f,-0.502280865297235f,-0.8239185727533578f,0.2068493987442066f,0f,0f,0f,1f],start_interpolation:0}
execute if entity @s[tag=aj.toji.bone.leftarm] run data modify entity @s {} merge value {transformation:[-0.859009523889009f,-0.35953935882125027f,0.3644641097918725f,0.3042175667494674f,-0.45881527050956167f,0.8564862892697941f,-0.23647364301354246f,1.3710635960370858f,-0.22713693098044543f,-0.3703548106225472f,-0.9006920277395163f,0.10006463790229198f,0f,0f,0f,1f],start_interpolation:0}
execute if entity @s[tag=aj.toji.locator_origin.mount] at @s on origin run tp @s ^0.06989 ^1.73975 ^-0.11706 ~30.83939 ~-12.07392
execute if entity @s[tag=aj.toji.bone.head] run data modify entity @s {} merge value {transformation:[-0.858607679875146f,0.10722927738951732f,0.5012930621202938f,0.04308320014618115f,0f,0.9778785500308206f,-0.20917347200259392f,1.495276315244503f,-0.5126332529785975f,-0.17959794948757596f,-0.8396140330416347f,-0.07215990438422368f,0f,0f,0f,1f],start_interpolation:0}
execute if entity @s[tag=aj.toji.bone.upper] run data modify entity @s {} merge value {transformation:[-0.858607679875146f,0.05744426686157487f,0.5094045624689231f,0f,0f,0.9937017536593373f,-0.11205723883068734f,0.75f,-0.5126332529785975f,-0.09621320584563157f,-0.8531999571973075f,0f,0f,0f,0f,1f],start_interpolation:0}
execute if entity @s[tag=aj.toji.bone.bottom3] run data modify entity @s {} merge value {transformation:[-0.858607679875146f,0f,0.5126332529785974f,-0.11571006982707008f,0f,0.9999999999999999f,0f,0.4379282703891957f,-0.5126332529785975f,-6.938893903907228e-18f,-0.8586076798751459f,-0.050036639758636814f,0f,0f,0f,1f],start_interpolation:0}
execute if entity @s[tag=aj.toji.bone.rightleg] run data modify entity @s {} merge value {transformation:[-0.858607679875146f,0.026829151496565857f,0.5119307069217406f,-0.10195966198517357f,0f,0.9986295347545738f,-0.052335956242943876f,0.75f,-0.5126332529785975f,-0.0449360539638012f,-0.857430987890421f,-0.06087519879120845f,0f,0f,0f,1f],start_interpolation:0}
execute if entity @s[tag=aj.toji.bone.bottom4] run data modify entity @s {} merge value {transformation:[-0.858607679875146f,0f,0.5126332529785975f,0.09944447748513821f,0f,1f,0f,0.43787842977981384f,-0.5126332529785975f,0f,-0.858607679875146f,0.07727982466978836f,0f,0f,0f,1f],start_interpolation:0}
execute if entity @s[tag=aj.toji.bone.leftleg] run data modify entity @s {} merge value {transformation:[-0.858607679875146f,0.025220743997616098f,0.5120124667736378f,0.10195966198517357f,0f,0.9987890247045957f,-0.049198415926149576f,0.75f,-0.5126332529785975f,-0.04224213775188372f,-0.8575679271863728f,0.06087519879120845f,0f,0f,0f,1f],start_interpolation:0}