execute if entity @s[tag=aj.toji.locator_origin.head] at @s on origin run tp @s ^0.13063 ^1.48415 ^-0.08039 ~58.39103 ~-11.80091
execute if entity @s[tag=aj.toji.bone.blade2] run data modify entity @s {} merge value {transformation:[-0.48039245832127575f,-1.3269332694016032f,-0.5084006142238726f,-1.4221673466096931f,0.7981789655096252f,0.1920279537526685f,-1.2554025665082684f,1.5323534562746621f,1.1756417077519938f,-0.6725870676222763f,0.6445876290010847f,-1.0690187203139545f,0f,0f,0f,1f],start_interpolation:0}
execute if entity @s[tag=aj.toji.bone.chain2] run data modify entity @s {} merge value {transformation:[0.591755655807066f,-0.3608268376782394f,0.2740442047414657f,-0.529801094841539f,1.0683846347540906f,1.1135466363825748f,-0.03274237206996761f,1.5951360993215118f,-0.9577798231602235f,1.0192058454616941f,0.13279227417038686f,-0.5707903660509679f,0f,0f,0f,1f],start_interpolation:0}
execute if entity @s[tag=aj.toji.bone.bottom2] run data modify entity @s {} merge value {transformation:[0.38126538897636464f,0.9040460451404204f,0.19322901292162736f,-0.16565990411949483f,0.6883552009153872f,-0.13809727687249088f,-0.7121069157739864f,1.4008606731788693f,-0.6170930404253788f,0.40451191624767696f,-0.6749565090227623f,-0.5625194370447075f,0f,0f,0f,1f],start_interpolation:0}
execute if entity @s[tag=aj.toji.bone.rightarm] run data modify entity @s {} merge value {transformation:[0.5542786262674146f,0.5814881034620878f,0.5955222833741589f,-0.05493029239568628f,0.7201235107422812f,0.02374857829235152f,-0.6934393515696261f,1.3617900983305646f,-0.41736954098175305f,0.813208208616438f,-0.4055799251683008f,-0.3331317885792384f,0f,0f,0f,1f],start_interpolation:0}
execute if entity @s[tag=aj.toji.bone.chain] run data modify entity @s {} merge value {transformation:[-1.1216797630487323f,-1.072460434391553f,0.00493648745902801f,0.27950319527399103f,-1.0683846397491203f,1.1135465969536904f,-0.03274241794032066f,1.569242912177816f,0.09670286617362887f,-0.1371322963005008f,-0.3044825813071776f,0.5446636877287807f,0f,0f,0f,1f],start_interpolation:0}
execute if entity @s[tag=aj.toji.bone.blade] run data modify entity @s {} merge value {transformation:[1.2659905827915696f,0.0025231897877850684f,-0.8045256228339516f,0.42409555240872254f,-0.7981795111820277f,0.19202821131997927f,-1.255402180174333f,1.6376789210454683f,0.1008826655688781f,1.4876554707224872f,0.16341324370189142f,1.741771467187375f,0f,0f,0f,1f],start_interpolation:0}
execute if entity @s[tag=aj.toji.bone.bottom] run data modify entity @s {} merge value {transformation:[-0.7226930016958274f,0.04624251781585531f,0.6896205150993737f,0.42753029515315144f,-0.6883552041336614f,-0.1380974253890059f,-0.7121068838615685f,1.4008607064046994f,0.06230520236690182f,-0.989338531872169f,0.13163332067163386f,0.40135914582467724f,0f,0f,0f,1f],start_interpolation:0}
execute if entity @s[tag=aj.toji.bone.leftarm] run data modify entity @s {} merge value {transformation:[-0.622353833963507f,-0.46395563767053805f,0.6304132546390888f,0.27264427111279776f,-0.7201234753126419f,0.023748436531621148f,-0.6934393932175663f,1.3617900983305646f,0.3067537866996378f,-0.8855400488041343f,-0.348885276716294f,0.19914624529237104f,0f,0f,0f,1f],start_interpolation:0}
execute if entity @s[tag=aj.toji.locator_origin.mount] at @s on origin run tp @s ^0.22692 ^1.70712 ^-0.13965 ~58.39103 ~-26.88767
execute if entity @s[tag=aj.toji.bone.head] run data modify entity @s {} merge value {transformation:[-0.5241193016135745f,0.38515022990387693f,0.7595776840331014f,0.13062838723026687f,0f,0.8918948788241733f,-0.4522427723327519f,1.4841481179966776f,-0.8516448541945751f,-0.23702916599482865f,-0.46745932100204934f,-0.0803913259721204f,0f,0f,0f,1f],start_interpolation:0}
execute if entity @s[tag=aj.toji.bone.upper] run data modify entity @s {} merge value {transformation:[-0.5241193016135745f,0.17417118297368916f,0.8336446225446698f,0f,0f,0.9788641573289035f,-0.20451151922758676f,0.75f,-0.8516448541945751f,-0.10718843462949387f,-0.513041598513785f,0f,0f,0f,0f,1f],start_interpolation:0}
execute if entity @s[tag=aj.toji.bone.bottom3] run data modify entity @s {} merge value {transformation:[-0.5241193016135745f,-1.3877787807814457e-17f,0.8516448541945751f,-0.10025302518351521f,0f,1f,0f,0.44017348082068425f,-0.8516448541945751f,0f,-0.5241193016135743f,-0.08507707655286796f,0f,0f,0f,1f],start_interpolation:0}
execute if entity @s[tag=aj.toji.bone.rightleg] run data modify entity @s {} merge value {transformation:[-0.5241193016135745f,0.1111619599418189f,0.8443589144066596f,-0.062239167066611964f,0f,0.9914448613738104f,-0.13052619222005157f,0.75f,-0.8516448541945751f,-0.0684112967086526f,-0.5196353883316086f,-0.1011328264356058f,0f,0f,0f,1f],start_interpolation:0}
execute if entity @s[tag=aj.toji.bone.bottom4] run data modify entity @s {} merge value {transformation:[-0.5241193016135745f,0f,0.8516448541945751f,0.02690301317273277f,0f,1f,0f,0.4408063501938926f,-0.8516448541945751f,-1.3877787807814457e-17f,-0.5241193016135743f,0.13021814313606986f,0f,0f,0f,1f],start_interpolation:0}
execute if entity @s[tag=aj.toji.bone.leftleg] run data modify entity @s {} merge value {transformation:[-0.5241193016135745f,0.12355807849268492f,0.8426341785824348f,0.062239167066611964f,0f,0.9894196793795438f,-0.14508169442242133f,0.75f,-0.8516448541945751f,-0.07604011635759349f,-0.5185739513591332f,0.1011328264356058f,0f,0f,0f,1f],start_interpolation:0}