execute if entity @s[tag=aj.toji.locator_origin.head] at @s on origin run tp @s ^-0.00206 ^1.5 ^-0.00153 ~126.64128 ~0.19628
execute if entity @s[tag=aj.toji.bone.blade2] run data modify entity @s {} merge value {transformation:[-1.2792956136056877f,0.03374104768552426f,-0.782473178268962f,0.376595002354175f,0.783029497746098f,0.023803903415573743f,-1.2791787130192862f,1.5012916348307952f,-0.01635660932899942f,-1.4994315309087198f,-0.03791497656590666f,-4.672692835020449f,0f,0f,0f,1f],start_interpolation:0}
execute if entity @s[tag=aj.toji.bone.chain2] run data modify entity @s {} merge value {transformation:[0.9134773168715611f,-1.254505289608569f,-0.04431831028859996f,0.17572467096027422f,1.254039659781088f,0.9138795708070976f,-0.055820611477180475f,1.5607379351309207f,0.04366230489082702f,-0.0018116337009695508f,2.5304443288686453f,-0.7969706275746887f,0f,0f,0f,1f],start_interpolation:0}
execute if entity @s[tag=aj.toji.bone.bottom2] run data modify entity @s {} merge value {transformation:[0.5885491437561735f,0.01776588703682186f,0.8082662176793423f,0.3462883620802485f,0.807971861335466f,-0.04771333350873341f,-0.5872860538916173f,1.424298476204485f,0.028131417916237543f,0.9987030645108084f,-0.04243597839973473f,-0.4466815218785631f,0f,0f,0f,1f],start_interpolation:0}
execute if entity @s[tag=aj.toji.bone.rightarm] run data modify entity @s {} merge value {transformation:[0.45918121810230106f,-0.5312262417196886f,0.7120051186968124f,0.18478297551893252f,0.8450522535569629f,0.014054488536037375f,-0.5344989804576707f,1.3749963324911842f,0.27393301681320936f,0.8471134230198255f,0.4553674898796009f,-0.2520239796744323f,0f,0f,0f,1f],start_interpolation:0}
execute if entity @s[tag=aj.toji.bone.chain] run data modify entity @s {} merge value {transformation:[-0.3045806846639428f,-0.3625959533606936f,2.410746807347835f,-0.5324384610648876f,-1.2540397244493013f,0.9138794730581041f,-0.05582100388559667f,1.5517917396297038f,-0.8623094859990096f,-1.2009625959789936f,-0.7703326561839587f,0.34687337645421756f,0f,0f,0f,1f],start_interpolation:0}
execute if entity @s[tag=aj.toji.bone.blade] run data modify entity @s {} merge value {transformation:[0.3836572466067776f,-1.4263521877394236f,-0.26139348434317133f,-4.3514283830535945f,-0.7830294388126027f,0.023804827177375594f,-1.2791787319041372f,1.5648822429823022f,1.2205212063208597f,0.46362998903653f,-0.7384952391092712f,1.7485138438600276f,0f,0f,0f,1f],start_interpolation:0}
execute if entity @s[tag=aj.toji.bone.bottom] run data modify entity @s {} merge value {transformation:[-0.1962399042130101f,0.9616032542114783f,0.19185692972724044f,-0.32819196289644403f,-0.807971903000892f,-0.04771348562750685f,-0.5872859842107515f,1.4242985187446673f,-0.5555819507107712f,-0.27026395390278823f,0.7863117010863095f,0.46014132366033245f,0f,0f,0f,1f],start_interpolation:0}
execute if entity @s[tag=aj.toji.bone.leftarm] run data modify entity @s {} merge value {transformation:[-0.3944397525991826f,0.6585018542807093f,0.6409310333244622f,-0.1882189838637156f,-0.8450522473322705f,0.014054316819135704f,-0.5344989948142342f,1.3749963324911842f,-0.3609764269979065f,-0.7524478613748694f,0.5509248905832902f,0.24946833162924595f,0f,0f,0f,1f],start_interpolation:0}
execute if entity @s[tag=aj.toji.locator_origin.mount] at @s on origin run tp @s ^0.05284 ^1.74045 ^0.0393 ~126.64128 ~-15.88372
execute if entity @s[tag=aj.toji.bone.head] run data modify entity @s {} merge value {transformation:[0.596803135012237f,0.2196021856144071f,0.7717518371296183f,-0.0020616050068698456f,0f,0.9618191292945426f,-0.2736858829444586f,1.4999955989894211f,-0.8023876980858851f,0.163336592949845f,0.5740166716777232f,-0.001533388827111795f,0f,0f,0f,1f],start_interpolation:0}
execute if entity @s[tag=aj.toji.bone.upper] run data modify entity @s {} merge value {transformation:[0.596803135012237f,-0.0027488066758264607f,0.8023829896635548f,0f,0f,0.9999941319858948f,0.0034257836733835832f,0.75f,-0.8023876980858851f,-0.00204451843614906f,0.5967996329630227f,0f,0f,0f,0f,1f],start_interpolation:0}
execute if entity @s[tag=aj.toji.bone.bottom3] run data modify entity @s {} merge value {transformation:[0.596803135012237f,0f,0.802387698085885f,0.0418714509654787f,0f,1f,0f,0.44017348082068425f,-0.8023876980858851f,0f,0.596803135012237f,-0.12464172498515333f,0f,0f,0f,1f],start_interpolation:0}
execute if entity @s[tag=aj.toji.bone.rightleg] run data modify entity @s {} merge value {transformation:[0.596803135012237f,0.10473261091536294f,0.7955231600968111f,0.07087037228270314f,0f,0.9914448613738104f,-0.13052619222005157f,0.75f,-0.8023876980858851f,0.07789844071813665f,0.5916974014596628f,-0.09528353914769884f,0f,0f,0f,1f],start_interpolation:0}
execute if entity @s[tag=aj.toji.bone.bottom4] run data modify entity @s {} merge value {transformation:[0.596803135012237f,0f,0.8023876980858851f,-0.1107291273396154f,0f,0.9999999999999999f,0f,0.44076083461992915f,-0.8023876980858851f,0f,0.596803135012237f,0.07342648673090954f,0f,0f,0f,1f],start_interpolation:0}
execute if entity @s[tag=aj.toji.bone.leftleg] run data modify entity @s {} merge value {transformation:[0.596803135012237f,0.11561195348187449f,0.7940150466154091f,-0.07087037228270314f,0f,0.9895653292162266f,-0.14408490279408515f,0.75f,-0.8023876980858851f,0.08599032169544345f,0.5905756907756605f,0.09528353914769884f,0f,0f,0f,1f],start_interpolation:0}