execute if entity @s[tag=aj.toji.locator_origin.head] at @s on origin run tp @s ^-0.0211 ^1.49774 ^-0.05423 ~-21.2572 ~-4.44979
execute if entity @s[tag=aj.toji.bone.blade2] run data modify entity @s {} merge value {transformation:[1.1028774604590676f,-0.8741063322244308f,0.5192296478211826f,-1.7777386935021442f,0.7054663562241537f,0.10631713423311781f,-1.3194748528123885f,1.570960024734265f,0.732105543925992f,1.214345415000859f,0.48927158676875715f,1.965609970645153f,0f,0f,0f,1f],start_interpolation:0}
execute if entity @s[tag=aj.toji.bone.chain2] run data modify entity @s {} merge value {transformation:[-0.7667152082775349f,1.0168029169750623f,0.5915036549292744f,-0.6084208725708331f,1.1908325100219408f,0.9898426012651681f,-0.07021310864175499f,1.584820036431778f,-0.6348451748906134f,0.6287178432037074f,-0.8460754237895491f,0.5149497666341509f,0f,0f,0f,1f],start_interpolation:0}
execute if entity @s[tag=aj.toji.bone.bottom2] run data modify entity @s {} merge value {transformation:[-0.4939910066754587f,0.5425344589302455f,-0.6794330329009863f,-0.551457386200789f,0.7672477916919886f,-0.0956106844579108f,-0.6341840609485997f,1.421641309324532f,-0.409027763687912f,-0.834574716781401f,-0.3690275472667455f,0.14006575725227727f,0f,0f,0f,1f],start_interpolation:0}
execute if entity @s[tag=aj.toji.bone.rightarm] run data modify entity @s {} merge value {transformation:[-0.2591276691681139f,0.905772149143331f,-0.33530533086691594f,-0.30881886959194915f,0.7983611772078256f,0.005489310094807468f,-0.6021538824935189f,1.3731160632727446f,-0.5435736213235849f,-0.4237294907260464f,-0.7245557514023401f,0.06810673590348973f,0f,0f,0f,1f],start_interpolation:0}
execute if entity @s[tag=aj.toji.bone.chain] run data modify entity @s {} merge value {transformation:[-0.13613864501198614f,-0.32462123895598965f,-1.0077587881948935f,0.6157323764718039f,-1.1908325294933106f,0.989842552164594f,-0.07021326951496856f,1.5668930877124678f,0.986076482655365f,1.1505630998576621f,-0.22392498467226093f,-0.07818371678050651f,0f,0f,0f,1f],start_interpolation:0}
execute if entity @s[tag=aj.toji.bone.blade] run data modify entity @s {} merge value {transformation:[0.31820078732187174f,1.4649350641054977f,-0.05209142829641536f,2.6434101350165182f,-0.705466229534082f,0.10631636653940699f,-1.319474982405057f,1.6121999714881252f,-1.2849379977005526f,0.3044044811760794f,0.7115281118165423f,0.2133652312902613f,0f,0f,0f,1f],start_interpolation:0}
execute if entity @s[tag=aj.toji.bone.bottom] run data modify entity @s {} merge value {transformation:[-0.08771348940369575f,-0.9638913233559355f,0.25143559918152325f,0.5011364113537494f,-0.7672478042373008f,-0.09561083840480578f,-0.6341840225617255f,1.4216413452787913f,0.635324445200772f,-0.24853990492207478f,-0.7311571411069289f,-0.269417807226333f,0f,0f,0f,1f],start_interpolation:0}
execute if entity @s[tag=aj.toji.bone.leftarm] run data modify entity @s {} merge value {transformation:[0.1763288454397784f,-0.9539974933365746f,-0.24248076413069883f,0.27365759085959196f,-0.7983611478658255f,0.005489158942269398f,-0.6021539227742922f,1.3731160632727446f,0.5757843483842164f,0.2997643271665915f,-0.7606666367825818f,-0.15849020366067162f,0f,0f,0f,1f],start_interpolation:0}
execute if entity @s[tag=aj.toji.locator_origin.mount] at @s on origin run tp @s ^-0.05193 ^1.73283 ^-0.13349 ~-21.2572 ~-19.88711
execute if entity @s[tag=aj.toji.bone.head] run data modify entity @s {} merge value {transformation:[-0.9319623367224659f,-0.12332965722106766f,-0.340934009128651f,-0.021096767239414314f,0f,0.9403646673924817f,-0.3401680354175377f,1.4977392759272936f,0.36255510330265817f,-0.317023797166019f,-0.8763844527943417f,-0.054230080654309135f,0f,0f,0f,1f],start_interpolation:0}
execute if entity @s[tag=aj.toji.bone.upper] run data modify entity @s {} merge value {transformation:[-0.9319623367224659f,-0.02812902298588575f,-0.36146225390303294f,0f,0f,0.9969857012363913f,-0.07758551108410096f,0.75f,0.36255510330265817f,-0.07230677420574551f,-0.9291531238031535f,0f,0f,0f,0f,1f],start_interpolation:0}
execute if entity @s[tag=aj.toji.bone.bottom3] run data modify entity @s {} merge value {transformation:[-0.9319623367224659f,0f,-0.3625551033026581f,-0.10170687424529466f,0f,1f,0f,0.44017348082068425f,0.36255510330265817f,0f,-0.9319623367224658f,0.08333360513310883f,0f,0f,0f,1f],start_interpolation:0}
execute if entity @s[tag=aj.toji.bone.rightleg] run data modify entity @s {} merge value {transformation:[-0.9319623367224659f,-0.047322937104043415f,-0.3594533941342714f,-0.11067052748579281f,0f,0.9914448613738104f,-0.13052619222005157f,0.75f,0.36255510330265817f,-0.12164549510488501f,-0.9239892697374176f,0.043053418517190654f,0f,0f,0f,1f],start_interpolation:0}
execute if entity @s[tag=aj.toji.bone.bottom4] run data modify entity @s {} merge value {transformation:[-0.9319623367224659f,0f,-0.3625551033026581f,0.1331121590294335f,0f,0.9999999999999999f,0f,0.4408792845316474f,0.36255510330265817f,0f,-0.9319623367224658f,-0.0026050694533134994f,0f,0f,0f,1f],start_interpolation:0}
execute if entity @s[tag=aj.toji.bone.leftleg] run data modify entity @s {} merge value {transformation:[-0.9319623367224659f,-0.053173974205200834f,-0.35863453737478457f,0.11067052748579281f,0f,0.9891862894987283f,-0.14666453104870963f,0.75f,0.36255510330265817f,-0.13668581907046007f,-0.9218843658150605f,-0.043053418517190654f,0f,0f,0f,1f],start_interpolation:0}