execute if entity @s[tag=aj.toji.locator_origin.head] at @s on origin run tp @s ^0.13414 ^1.487 ^0.03651 ~105.22485 ~-10.68207
execute if entity @s[tag=aj.toji.bone.blade2] run data modify entity @s {} merge value {transformation:[-1.1961319425909775f,-0.4213285430117016f,-0.8010933995216618f,-0.23956679140450043f,0.7844997357123199f,0.179610147451144f,-1.2658200344440276f,1.53279168033712f,0.45147374295836523f,-1.4283635579838272f,0.07712979737396523f,-1.8570440435416087f,0f,0f,0f,1f],start_interpolation:0}
execute if entity @s[tag=aj.toji.bone.chain2] run data modify entity @s {} merge value {transformation:[1.083884336896191f,-1.0095779254272532f,0.12233458278288581f,0.038119793220219966f,1.0882295074843187f,1.0951304807628996f,-0.04206395739032433f,1.595264673427217f,-0.2234143166465714f,0.4363534303808512f,0.3886111678453117f,-0.7794739780548583f,0f,0f,0f,1f],start_interpolation:0}
execute if entity @s[tag=aj.toji.bone.bottom2] run data modify entity @s {} merge value {transformation:[0.6983415861881499f,0.3267734488820453f,0.6368187670805193f,0.2849078134754355f,0.7011411591845274f,-0.133380381109338f,-0.7004361133126313f,1.4050550134494202f,-0.1439447946179252f,0.9356435149355025f,-0.3222593816501582f,-0.5086860267726004f,0f,0f,0f,1f],start_interpolation:0}
execute if entity @s[tag=aj.toji.bone.rightarm] run data modify entity @s {} merge value {transformation:[0.670181428150986f,-0.1966923531983438f,0.7156598155232717f,0.1938483859164129f,0.7324568579381195f,0.019571262262303307f,-0.680532083705741f,1.3641692753938635f,0.11984909103085695f,0.9802699035912298f,0.1571849594977816f,-0.2711091190642215f,0f,0f,0f,1f],start_interpolation:0}
execute if entity @s[tag=aj.toji.bone.chain] run data modify entity @s {} merge value {transformation:[-0.8211667149104415f,-0.6491951832704568f,0.30240256393516934f,-0.22043545835354916f,-1.0882295133099535f,1.095130440881009f,-0.04206401920084529f,1.5702559046572797f,-0.7418924627568934f,-0.8878049363938666f,-0.2730147872262627f,0.5710970355964882f,0f,0f,0f,1f],start_interpolation:0}
execute if entity @s[tag=aj.toji.bone.blade] run data modify entity @s {} merge value {transformation:[0.8023555705916952f,-1.0870853943568266f,-0.6515143004697131f,-1.0596819414955019f,-0.7845001513692955f,0.17961019142943116f,-1.2658197705977876f,1.6493566492316933f,0.9953818618208939f,1.017833741094658f,-0.47247161253055725f,1.5589691187167851f,0f,0f,0f,1f],start_interpolation:0}
execute if entity @s[tag=aj.toji.bone.bottom] run data modify entity @s {} merge value {transformation:[-0.5290738565865931f,0.755870088832806f,0.38566988874486396f,-0.012181090684110121f,-0.7011411629379566f,-0.13338053075773612f,-0.7004360810586465f,1.4050550469682563f,-0.47799782835343463f,-0.6409914530028237f,0.6005397849158122f,0.5829112734226523f,0f,0f,0f,1f],start_interpolation:0}
execute if entity @s[tag=aj.toji.bone.leftarm] run data modify entity @s {} merge value {transformation:[-0.6384836437608761f,0.32721949035524966f,0.6966103945402237f,0.02971855416964754f,-0.7324568225961793f,0.01957111935147343f,-0.6805321258542023f,1.3641692753938635f,-0.23631682056541045f,-0.944745667584129f,0.2271783086011395f,0.3319550552412819f,0f,0f,0f,1f],start_interpolation:0}
execute if entity @s[tag=aj.toji.locator_origin.mount] at @s on origin run tp @s ^0.23918 ^1.71206 ^0.0651 ~105.22485 ~-25.81327
execute if entity @s[tag=aj.toji.bone.head] run data modify entity @s {} merge value {transformation:[0.2626077307948246f,0.42015681796425874f,0.868622719047195f,0.13414016405163628f,0f,0.9002179577815166f,-0.43543958075452416f,1.487003130472636f,-0.9649026788888055f,0.11434980020019536f,0.23640419511375524f,0.03650756170623622f,0f,0f,0f,1f],start_interpolation:0}
execute if entity @s[tag=aj.toji.bone.upper] run data modify entity @s {} merge value {transformation:[0.2626077307948246f,0.17885355206884837f,0.9481817265899767f,0f,0f,0.9826708406301815f,-0.1853591621020458f,0.75f,-0.9649026788888055f,0.0486767489416483f,0.25805695957613467f,0f,0f,0f,0f,1f],start_interpolation:0}
execute if entity @s[tag=aj.toji.bone.bottom3] run data modify entity @s {} merge value {transformation:[0.2626077307948246f,0f,0.9649026788888055f,-0.006531868818860344f,0f,1f,0f,0.44017348082068425f,-0.9649026788888055f,0f,0.2626077307948246f,-0.1313244558449122f,0f,0f,0f,1f],start_interpolation:0}
execute if entity @s[tag=aj.toji.bone.rightleg] run data modify entity @s {} merge value {transformation:[0.2626077307948246f,0.12594507253828294f,0.9566478027101301f,0.031184668031885417f,0f,0.9914448613738104f,-0.13052619222005157f,0.75f,-0.9649026788888055f,0.03427718714819683f,0.26036108525356577f,-0.11458219311804566f,0f,0f,0f,1f],start_interpolation:0}
execute if entity @s[tag=aj.toji.bone.bottom4] run data modify entity @s {} merge value {transformation:[0.2626077307948246f,0f,0.9649026788888055f,-0.07669650150885989f,0f,1f,0f,0.4408251831036315f,-0.9649026788888055f,0f,0.2626077307948245f,0.10867303830020805f,0f,0f,0f,1f],start_interpolation:0}
execute if entity @s[tag=aj.toji.bone.leftleg] run data modify entity @s {} merge value {transformation:[0.2626077307948246f,0.1403857125104218f,0.9546355490184381f,-0.031184668031885417f,0f,0.9893594140683791f,-0.1454920952982448f,0.75f,-0.9649026788888055f,0.038207348994856435f,0.25981343066899426f,0.11458219311804566f,0f,0f,0f,1f],start_interpolation:0}