execute if entity @s[tag=aj.toji.locator_origin.head] at @s on origin run tp @s ^-0.01038 ^1.49978 ^0.01475 ~35.13404 ~1.37755
execute if entity @s[tag=aj.toji.bone.blade2] run data modify entity @s {} merge value {transformation:[0.018351721936781723f,-1.4998104586207828f,-0.015225062025321753f,-4.351566502361181f,0.7329967047389279f,0.02225216318500548f,-1.3085185027638937f,1.4765394239974285f,1.308579017539189f,0.008569098278566806f,0.7331763262755182f,-0.25760842940952533f,0f,0f,0f,1f],start_interpolation:0}
execute if entity @s[tag=aj.toji.bone.chain2] run data modify entity @s {} merge value {transformation:[0.015933268292713652f,0.021753101723696232f,2.290011978091083f,-0.8099755441916616f,1.2710796751796607f,0.8903186627124517f,-0.0376746625045432f,1.5571261038539834f,-0.890542117992065f,1.2711499341157289f,-0.012801328884959579f,-0.14245965204598468f,0f,0f,0f,1f],start_interpolation:0}
execute if entity @s[tag=aj.toji.bone.bottom2] run data modify entity @s {} merge value {transformation:[0.010265729906714836f,0.998286101125883f,-0.05761488599629333f,-0.4629195003175445f,0.8189506632030028f,-0.041454900379001014f,-0.5723646586520951f,1.4259666777415732f,-0.5737721028673707f,-0.04130800810315832f,-0.8179726293939822f,-0.32345540780370985f,0f,0f,0f,1f],start_interpolation:0}
execute if entity @s[tag=aj.toji.bone.rightarm] run data modify entity @s {} merge value {transformation:[0.2584222226269265f,0.8594360239692549f,0.441120930762164f,-0.2642118832394137f,0.8549317115864269f,0.009143687404783994f,-0.5186599671312088f,1.3748193676186176f,-0.44978853184186696f,0.5111615338467501f,-0.7323961789489182f,-0.16755324110190567f,0f,0f,0f,1f],start_interpolation:0}
execute if entity @s[tag=aj.toji.bone.chain] run data modify entity @s {} merge value {transformation:[-0.8328722579616789f,-1.2038556803564668f,-0.7611035716823271f,0.3516537670364691f,-1.2710797319627432f,0.8903185747081267f,-0.03767501947885695f,1.5493533649090305f,0.31566246296075084f,0.4086893808435315f,-2.1598703803923884f,0.535515716299688f,0f,0f,0f,1f],start_interpolation:0}
execute if entity @s[tag=aj.toji.bone.blade] run data modify entity @s {} merge value {transformation:[1.237938600195186f,0.4983000201493894f,-0.6849854831059573f,1.7511492915922053f,-0.7329966373140586f,0.022252929936314628f,-1.3085185274941784f,1.5368107454127613f,-0.42452791643549903f,1.4146384333208146f,0.2618666667190886f,3.9941123408643544f,0f,0f,0f,1f],start_interpolation:0}
execute if entity @s[tag=aj.toji.bone.bottom] run data modify entity @s {} merge value {transformation:[-0.5366156829820212f,-0.29815857829513764f,0.7893953831678782f,0.46075369859796755f,-0.8189506997880761f,-0.04145505361704274f,-0.5723645952067866f,1.4259667191672227f,0.20337984190759784f,-0.9536157196264283f,-0.22193174443285502f,0.32653312890097197f,0f,0f,0f,1f],start_interpolation:0}
execute if entity @s[tag=aj.toji.bone.leftarm] run data modify entity @s {} merge value {transformation:[-0.3361295720386172f,-0.7713100183051378f,0.5404606983521227f,0.2469180957692695f,-0.8549317011436439f,0.009143519091490134f,-0.518659987311783f,1.3748193676186176f,0.3951059315940111f,-0.6363939438121264f,-0.662490793217896f,0.19212876367256604f,0f,0f,0f,1f],start_interpolation:0}
execute if entity @s[tag=aj.toji.locator_origin.mount] at @s on origin run tp @s ^0.02597 ^1.74167 ^-0.0369 ~35.13404 ~-14.63283
execute if entity @s[tag=aj.toji.bone.head] run data modify entity @s {} merge value {transformation:[-0.8178079664138931f,0.1453828153833729f,0.5568248980255615f,-0.01037627248208649f,0f,0.9675645616026552f,-0.25262386888546695f,1.499783241142341f,-0.5754912076391547f,-0.20659781248083373f,-0.7912820064984175f,0.014745313542396232f,0f,0f,0f,1f],start_interpolation:0}
execute if entity @s[tag=aj.toji.bone.upper] run data modify entity @s {} merge value {transformation:[-0.8178079664138931f,-0.01383502997611532f,0.5753248838834739f,0f,0f,0.9997109881897881f,0.024040384618334912f,0.75f,-0.5754912076391547f,0.01966041805652831f,-0.8175716102531141f,0f,0f,0f,0f,1f],start_interpolation:0}
execute if entity @s[tag=aj.toji.bone.bottom3] run data modify entity @s {} merge value {transformation:[-0.8178079664138931f,0f,0.5754912076391547f,-0.12569995704837972f,0f,1f,0f,0.44017348082068425f,-0.5754912076391547f,0f,-0.817807966413893f,-0.038578476010135185f,0f,0f,0f,1f],start_interpolation:0}
execute if entity @s[tag=aj.toji.bone.rightleg] run data modify entity @s {} merge value {transformation:[-0.8178079664138931f,0.07511667598925792f,0.5705678005796485f,-0.09711469601164979f,0f,0.9914448613738104f,-0.13052619222005157f,0.75f,-0.5754912076391547f,-0.10674535982322929f,-0.81081150589162f,-0.06833958090714962f,0f,0f,0f,1f],start_interpolation:0}
execute if entity @s[tag=aj.toji.bone.bottom4] run data modify entity @s {} merge value {transformation:[-0.8178079664138931f,0f,0.5754912076391548f,0.07613435844876973f,0f,1f,0f,0.4408063501938926f,-0.5754912076391547f,0f,-0.8178079664138932f,0.10901420266723254f,0f,0f,0f,1f],start_interpolation:0}
execute if entity @s[tag=aj.toji.bone.leftleg] run data modify entity @s {} merge value {transformation:[-0.8178079664138931f,0.08349323952949407f,0.569402326148079f,0.09711469601164979f,0f,0.9894196793795438f,-0.14508169442242133f,0.75f,-0.5754912076391547f,-0.11864896547948224f,-0.8091552959232708f,0.06833958090714962f,0f,0f,0f,1f],start_interpolation:0}