execute if entity @s[tag=aj.toji.locator_origin.head] at @s on origin run tp @s ^0.10564 ^1.49001 ^-0.06099 ~60 ~-9.36
execute if entity @s[tag=aj.toji.bone.blade2] run data modify entity @s {} merge value {transformation:[0.14973376222357682f,-1.3309739782624326f,0.6753429274366067f,-0.8323378966846375f,1.4920440341919932f,0.11656609898432235f,-0.10107890284158275f,1.0835914002564397f,0.037207532603683424f,0.6818508735462979f,1.3355504429865972f,-0.0975455915635225f,0f,0f,0f,1f],start_interpolation:0}
execute if entity @s[tag=aj.toji.bone.chain2] run data modify entity @s {} merge value {transformation:[-0.6987923346392664f,-0.5544183912428173f,0.000012701465246625064f,-0.6222755313868202f,0.10458858696802646f,1.397321054954509f,0.0000066747117575814475f,1.2477873763889553f,-1.3819237222569656f,0.38610463665132944f,-0.000005917539260798443f,-0.19076385730540119f,0f,0f,0f,1f],start_interpolation:0}
execute if entity @s[tag=aj.toji.bone.bottom2] run data modify entity @s {} merge value {transformation:[-0.4502286182910709f,0.8331517963055295f,0.3211732796865002f,-0.25762328215320013f,0.06738593522772174f,0.39036924739556006f,-0.9181889709756424f,1.2015691899423073f,-0.890366961991065f,-0.3917523899106343f,-0.2318981198589326f,-0.3786541780258811f,0f,0f,0f,1f],start_interpolation:0}
execute if entity @s[tag=aj.toji.bone.rightarm] run data modify entity @s {} merge value {transformation:[-0.2819995843180385f,0.6871130241789296f,0.6695908649676602f,-0.06822005208859032f,0.2644411044805301f,0.7265483768705734f,-0.6341911055256549f,1.3666787151299176f,-0.9222511245347284f,-0.0017742802543105063f,-0.3865872672812806f,-0.3214570528060382f,0f,0f,0f,1f],start_interpolation:0}
execute if entity @s[tag=aj.toji.bone.chain] run data modify entity @s {} merge value {transformation:[-0.8473838981438339f,-0.6115867159487868f,0.000011475473374343431f,-0.004210972282538555f,-0.1045898838324565f,1.397320831227276f,0.000006674714409091515f,1.3209816354719541f,-1.296134313633269f,0.28708684592715744f,-0.000008041017706292673f,0.5357279929124923f,0f,0f,0f,1f],start_interpolation:0}
execute if entity @s[tag=aj.toji.bone.blade] run data modify entity @s {} merge value {transformation:[-0.042643363736464435f,-1.2559878161760587f,-0.8189481968638388f,-0.3316921961155771f,-1.4920439750669812f,0.11656576895263182f,-0.10108015618707218f,1.0835913523486802f,0.14827784728529325f,0.8117308834372232f,-1.2526398735784614f,0.7695983161709465f,0f,0f,0f,1f],start_interpolation:0}
execute if entity @s[tag=aj.toji.bone.bottom] run data modify entity @s {} merge value {transformation:[-0.5459654645758929f,0.755843542238007f,0.3614170045079941f,0.19911246558030518f,-0.06738677079138136f,0.39036942435608835f,-0.9181888344181746f,1.2015692732919652f,-0.8350932490523075f,-0.5256541183944041f,-0.16219436858985725f,0.4124354601936393f,0f,0f,0f,1f],start_interpolation:0}
execute if entity @s[tag=aj.toji.bone.leftarm] run data modify entity @s {} merge value {transformation:[-0.6576924421463013f,0.34509303986099327f,0.6695905057444685f,0.24427994791140967f,-0.264441935878922f,0.7265482513215401f,-0.6341909026864231f,1.3666787151299176f,-0.7053446775103944f,-0.5941703731600146f,-0.38658822222960526f,0.219808824559236f,0f,0f,0f,1f],start_interpolation:0}
execute if entity @s[tag=aj.toji.locator_origin.mount] at @s on origin run tp @s ^0.17512 ^1.72679 ^-0.10111 ~60 ~-18.72
execute if entity @s[tag=aj.toji.bone.head] run data modify entity @s {} merge value {transformation:[-0.5f,0.27794531927532384f,0.820211192006631f,0.10563593749369163f,0f,0.9470983049947442f,-0.3209436098072094f,1.4900144581559012f,-0.8660254037844387f,-0.1604718049036047f,-0.4735491524973721f,-0.06098893694808133f,0f,0f,0f,1f],start_interpolation:0}
execute if entity @s[tag=aj.toji.bone.upper] run data modify entity @s {} merge value {transformation:[-0.5f,0.1408479166582555f,0.8544950932410491f,0f,0f,0.986685944207868f,-0.16263716519488355f,0.75f,-0.8660254037844387f,-0.08131858259744178f,-0.493342972103934f,0f,0f,0f,0f,1f],start_interpolation:0}
execute if entity @s[tag=aj.toji.bone.bottom3] run data modify entity @s {} merge value {transformation:[-0.5f,0f,0.8660254037844386f,-0.09782468697556732f,0f,1f,0f,0.44017348082068425f,-0.8660254037844387f,0f,-0.5f,-0.08785845793867178f,0f,0f,0f,1f],start_interpolation:0}
execute if entity @s[tag=aj.toji.bone.rightleg] run data modify entity @s {} merge value {transformation:[-0.5f,0.11303899832181542f,0.858616436401261f,-0.059375f,0f,0.9914448613738104f,-0.13052619222005157f,0.75f,-0.8660254037844387f,-0.06526309611002579f,-0.4957224306869052f,-0.1028405166994021f,0f,0f,0f,1f],start_interpolation:0}
execute if entity @s[tag=aj.toji.bone.bottom4] run data modify entity @s {} merge value {transformation:[-0.5f,0f,0.8660254037844386f,0.027175313024432678f,0f,1f,0f,0.44017348082068425f,-0.8660254037844387f,0f,-0.5f,0.1286478930074379f,0f,0f,0f,1f],start_interpolation:0}
execute if entity @s[tag=aj.toji.bone.leftleg] run data modify entity @s {} merge value {transformation:[-0.5f,0.11303899832181542f,0.858616436401261f,0.059375f,0f,0.9914448613738104f,-0.13052619222005157f,0.75f,-0.8660254037844387f,-0.06526309611002579f,-0.4957224306869052f,0.1028405166994021f,0f,0f,0f,1f],start_interpolation:0}