execute if entity @s[tag=aj.toji.locator_origin.head] at @s on origin run tp @s ^-0.18538 ^1.4763 ^-0.02503 ~-82.31077 ~-14.44271
execute if entity @s[tag=aj.toji.bone.blade2] run data modify entity @s {} merge value {transformation:[1.0882481902793115f,0.6168396278099665f,0.8277830331174144f,0.28513459368207006f,0.8110760048398299f,0.23321277218090525f,-1.2400675454445038f,1.5452484759356242f,-0.6386482527392249f,1.3472641450194383f,-0.16434029578340267f,1.5822257063698277f,0f,0f,0f,1f],start_interpolation:0}
execute if entity @s[tag=aj.toji.bone.chain2] run data modify entity @s {} merge value {transformation:[-1.1062201679484296f,0.8792665489461916f,-0.024181001095143723f,0.012605584746951726f,1.0197031628060136f,1.1574243546367375f,-0.006473517938124151f,1.5905134088064081f,0.381372617526051f,-0.5442626873202836f,-0.05283138707583817f,0.777041958298717f,0f,0f,0f,1f],start_interpolation:0}
execute if entity @s[tag=aj.toji.bone.bottom2] run data modify entity @s {} merge value {transformation:[-0.7127324572016727f,-0.4379375240338755f,-0.5479262445752573f,-0.2560757313820714f,0.6569899572441429f,-0.14315331451828367f,-0.7401833047446883f,1.3887179526251352f,0.2457165857885966f,-0.8875347055667782f,0.389750568803802f,0.5372522577739284f,0f,0f,0f,1f],start_interpolation:0}
execute if entity @s[tag=aj.toji.bone.rightarm] run data modify entity @s {} merge value {transformation:[-0.7225419344105202f,0.05849450942347757f,-0.6888479842357168f,-0.1962932331255445f,0.6911553393652371f,0.03891079225842803f,-0.7216579848603804f,1.3552484419794149f,-0.015409408983710418f,-0.9975291186793135f,-0.06854347161943705f,0.2888330661655819f,0f,0f,0f,1f],start_interpolation:0}
execute if entity @s[tag=aj.toji.bone.chain] run data modify entity @s {} merge value {transformation:[0.965474666364356f,0.703449506010524f,-0.03732574973594581f,0.09491595847641315f,-1.0197031709862525f,1.1574243136791136f,-0.0064735264996216985f,1.5636722136240155f,0.6610800142950387f,0.7579514656025769f,0.04452712173635117f,-0.6071987116891416f,0f,0f,0f,1f],start_interpolation:0}
execute if entity @s[tag=aj.toji.bone.blade] run data modify entity @s {} merge value {transformation:[-0.879917751829957f,0.9520391912062255f,0.7545635350465256f,0.6613724352504844f,-0.8110768315569318f,0.23321345008221067f,-1.2400668772337728f,1.5802596760076721f,-0.9043777547718002f,-1.1354439066321802f,0.37797885068581527f,-1.4726563729971192f,0f,0f,0f,1f],start_interpolation:0}
execute if entity @s[tag=aj.toji.bone.bottom] run data modify entity @s {} merge value {transformation:[0.6220507917515313f,-0.6576257592831662f,-0.4249484359407999f,-0.10443111995085602f,-0.6569899625146324f,-0.14315345967383553f,-0.740183271993115f,1.3887179856189735f,0.42593074746525983f,0.7396184473839541f,-0.5211022458721843f,-0.5859256847378119f,0f,0f,0f,1f],start_interpolation:0}
execute if entity @s[tag=aj.toji.bone.leftarm] run data modify entity @s {} merge value {transformation:[0.7007579859873357f,-0.20813820999593852f,-0.6823611438341575f,-0.11266829832563216f,-0.691155306912586f,0.038910652169911714f,-0.721658023494703f,1.3552484419794149f,0.1767557263613883f,0.9773251489076699f,-0.11658887816193807f,-0.3305471646133077f,0f,0f,0f,1f],start_interpolation:0}
execute if entity @s[tag=aj.toji.locator_origin.mount] at @s on origin run tp @s ^-0.30718 ^1.694 ^-0.04147 ~-82.31077 ~-29.44866
execute if entity @s[tag=aj.toji.bone.head] run data modify entity @s {} merge value {transformation:[-0.13379989567985973f,-0.48722277821693505f,-0.862966715640082f,-0.18537691887070598f,0f,0.8707965971028764f,-0.49164345462342f,1.476298130375298f,0.9910083692462233f,-0.06578184294029946f,-0.11651249385074168f,-0.025028459068635465f,0f,0f,0f,1f],start_interpolation:0}
execute if entity @s[tag=aj.toji.bone.upper] run data modify entity @s {} merge value {transformation:[-0.13379989567985973f,-0.2471692251609413f,-0.9596900343597399f,0f,0f,0.968397507167064f,-0.24941184437114508f,0.75f,0.9910083692462233f,-0.03337127875818062f,-0.12957148543558936f,0f,0f,0f,0f,1f],start_interpolation:0}
execute if entity @s[tag=aj.toji.bone.bottom3] run data modify entity @s {} merge value {transformation:[-0.13379989567985973f,0f,-0.9910083692462232f,0.023697684569990152f,0f,1f,0f,0.44017348082068425f,0.9910083692462233f,0f,-0.1337998956798597f,0.12933366831281923f,0f,0f,0f,1f],start_interpolation:0}
execute if entity @s[tag=aj.toji.bone.rightleg] run data modify entity @s {} merge value {transformation:[-0.13379989567985973f,-0.12935254889591238f,-0.9825301552676077f,-0.015888737611983342f,0f,0.9914448613738104f,-0.13052619222005157f,0.75f,0.9910083692462233f,-0.01746439090253222f,-0.1326552190241488f,0.117682243847989f,0f,0f,0f,1f],start_interpolation:0}
execute if entity @s[tag=aj.toji.bone.bottom4] run data modify entity @s {} merge value {transformation:[-0.13379989567985973f,0f,-0.9910083692462232f,0.061165049774452765f,0f,0.9999999999999999f,0f,0.440734207343221f,0.9910083692462233f,0f,-0.1337998956798597f,-0.11787602037082393f,0f,0f,0f,1f],start_interpolation:0}
execute if entity @s[tag=aj.toji.bone.leftleg] run data modify entity @s {} merge value {transformation:[-0.13379989567985973f,-0.14220820100630496f,-0.9807519643021925f,0.015888737611983342f,0f,0.9896505365016928f,-0.14349848640982799f,0.75f,0.9910083692462233f,-0.01920008251185275f,-0.1324151385434437f,-0.117682243847989f,0f,0f,0f,1f],start_interpolation:0}