execute if entity @s[tag=aj.toji.locator_origin.head] at @s on origin run tp @s ^0.08072 ^1.48732 ^-0.1111 ~36 ~-10.55088
execute if entity @s[tag=aj.toji.bone.blade2] run data modify entity @s {} merge value {transformation:[0.02013554561094999f,-1.4000950876998108f,0.5378924662065896f,-0.9706353167051702f,1.2315721485953353f,-0.2915972540228306f,-0.8051093616712042f,0.9905154818853101f,0.8560517522949288f,0.45244313106201794f,1.1456310970585506f,-0.30508588860454255f,0f,0f,0f,1f],start_interpolation:0}
execute if entity @s[tag=aj.toji.bone.chain2] run data modify entity @s {} merge value {transformation:[-0.5565692879498736f,-0.7063113737842546f,0.000012650365783585396f,-0.766389267714893f,0.8330645478403435f,0.9527454645803037f,0.00000898466589509224f,1.1816469885974856f,-1.1854099545953065f,1.0011808011522054f,3.7455527785540143e-7f,-0.2659903700078838f,0f,0f,0f,1f],start_interpolation:0}
execute if entity @s[tag=aj.toji.bone.bottom2] run data modify entity @s {} merge value {transformation:[-0.35859497747105945f,0.8341313803546213f,0.41908767870246966f,-0.3814961181635118f,0.5367395744474696f,0.5515511033040399f,-0.6385154733176366f,1.2501622108297301f,-0.7637540647057007f,-0.0040274994463194436f,-0.6454947775882701f,-0.3985538793190222f,0f,0f,0f,1f],start_interpolation:0}
execute if entity @s[tag=aj.toji.bone.rightarm] run data modify entity @s {} merge value {transformation:[-0.24430863030918337f,0.7227074190297659f,0.6465348247664507f,-0.1855499740117464f,0.6459418842922106f,0.6185683539076137f,-0.4473614575050623f,1.3644329315383703f,-0.7232374266266087f,0.3083296580339936f,-0.6179485793358226f,-0.27626912564636075f,0f,0f,0f,1f],start_interpolation:0}
execute if entity @s[tag=aj.toji.bone.chain] run data modify entity @s {} merge value {transformation:[-1.2993811614142083f,-0.7339173700661293f,-0.000004265402265768029f,0.44218724909217033f,-0.8330646706507469f,0.952745462753583f,0.000008984664775756162f,1.285062856632265f,-0.1630169484640693f,0.9811238712460263f,-0.000011915469346172587f,0.49770571799647617f,0f,0f,0f,1f],start_interpolation:0}
execute if entity @s[tag=aj.toji.bone.blade] run data modify entity @s {} merge value {transformation:[0.8203759248750611f,0.0023542423909527765f,-1.2557777667358787f,0.590096777690262f,-1.231572092977712f,-0.29159716122112456f,-0.8051094803604532f,0.9905155517022729f,-0.24538443651520625f,1.4713821913801133f,-0.15754658106594663f,0.8288523367228573f,0f,0f,0f,1f],start_interpolation:0}
execute if entity @s[tag=aj.toji.bone.bottom] run data modify entity @s {} merge value {transformation:[-0.8371851778239194f,-0.25393045609811404f,0.4843968429890271f,0.4969360606824531f,-0.5367396535736355f,0.5515510313057206f,-0.638515468996053f,1.2501622354981126f,-0.10503105404396411f,-0.794550680152877f,-0.5980448932605431f,0.23966445090165261f,0f,0f,0f,1f],start_interpolation:0}
execute if entity @s[tag=aj.toji.bone.leftarm] run data modify entity @s {} merge value {transformation:[-0.7633351302854785f,-0.5165678702680627f,0.3879137974844017f,0.320085647472595f,-0.6459419509691721f,0.6185682719033241f,-0.44736147461831693f,1.3644329315383703f,-0.008858603173818314f,-0.5920565246674113f,-0.8058477503527298f,0.09109665703643612f,0f,0f,0f,1f],start_interpolation:0}
execute if entity @s[tag=aj.toji.locator_origin.mount] at @s on origin run tp @s ^0.13077 ^1.72238 ^-0.17998 ~36 ~-19.91088
execute if entity @s[tag=aj.toji.bone.head] run data modify entity @s {} merge value {transformation:[-0.8090169943749461f,0.20017502702495812f,0.5526494923259097f,0.08072140407650916f,0f,0.9402234747647562f,-0.3405580971013431f,1.4873195178460443f,-0.5877852522924749f,-0.2755172881269796f,-0.7606567695949511f,-0.11110348116595478f,0f,0f,0f,1f],start_interpolation:0}
execute if entity @s[tag=aj.toji.bone.upper] run data modify entity @s {} merge value {transformation:[-0.8090169943749461f,0.10762853876867887f,0.5778473850897375f,0f,0f,0.9830926904613925f,-0.18310860701065054f,0.75f,-0.5877852522924749f,-0.1481379748879397f,-0.795338693629055f,0f,0f,0f,0f,1f],start_interpolation:0}
execute if entity @s[tag=aj.toji.bone.bottom3] run data modify entity @s {} merge value {transformation:[-0.8090169943749461f,0f,0.5877852522924749f,-0.11553871785219037f,0f,1f,0f,0.43846333320839753f,-0.5877852522924749f,-1.3877787807814457e-17f,-0.809016994374946f,-0.053637299721835216f,0f,0f,0f,1f],start_interpolation:0}
execute if entity @s[tag=aj.toji.bone.rightleg] run data modify entity @s {} merge value {transformation:[-0.8090169943749461f,0.046117099377030756f,0.585973306523068f,-0.09607076808202485f,0f,0.996917333733128f,-0.0784590957278449f,0.75f,-0.5877852522924749f,-0.06347474180711726f,-0.8065230649770603f,-0.06979949870973139f,0f,0f,0f,1f],start_interpolation:0}
execute if entity @s[tag=aj.toji.bone.bottom4] run data modify entity @s {} merge value {transformation:[-0.8090169943749461f,0f,0.5877852522924749f,0.08614032485771615f,0f,0.9999999999999999f,0f,0.4385418974893657f,-0.5877852522924749f,0f,-0.8090169943749461f,0.09410071633033576f,0f,0f,0f,1f],start_interpolation:0}
execute if entity @s[tag=aj.toji.bone.leftleg] run data modify entity @s {} merge value {transformation:[-0.8090169943749461f,0.04795775820528677f,0.5858255339607958f,0.09607076808202485f,0f,0.9966659280340299f,-0.08159061156815749f,0.75f,-0.5877852522924749f,-0.06600819134008448f,-0.8063196734940072f,0.06979949870973139f,0f,0f,0f,1f],start_interpolation:0}