execute if entity @s[tag=aj.toji.locator_origin.head] at @s on origin run tp @s ^0.00377 ^1.49973 ^0.0198 ~-10.79212 ~1.54
execute if entity @s[tag=aj.toji.bone.blade2] run data modify entity @s {} merge value {transformation:[0.9588149214278652f,-1.03898116468996f,0.5011906681760653f,-3.0916271716333434f,0.7155924590408511f,0.024556094165935016f,-1.3180760337716417f,1.4773498166837244f,0.9047659249834423f,1.0816261542967642f,0.5113545573572683f,2.8108591481344223f,0f,0f,0f,1f],start_interpolation:0}
execute if entity @s[tag=aj.toji.bone.chain2] run data modify entity @s {} merge value {transformation:[-0.6241154248142405f,0.9287120146214767f,1.4972489465307652f,-0.6658346654481047f,1.2738053976401147f,0.8863943510696087f,-0.036499528610068284f,1.5572536252787452f,-0.6299701731534294f,0.8722165567682812f,-1.557136354505846f,0.4843215746992559f,0f,0f,0f,1f],start_interpolation:0}
execute if entity @s[tag=aj.toji.bone.bottom2] run data modify entity @s {} merge value {transformation:[-0.4021146361219267f,0.6662504917040233f,-0.6280239658808234f,-0.5539682630615136f,0.8207068333788657f,-0.04178895963844201f,-0.5698192489707342f,1.4264911829614997f,-0.40588682297133705f,-0.7445562202792236f,-0.5299923789845951f,0.10909198105516403f,0f,0f,0f,1f],start_interpolation:0}
execute if entity @s[tag=aj.toji.bone.rightarm] run data modify entity @s {} merge value {transformation:[-0.14062430233254017f,0.9654062434272571f,-0.21958048807933295f,-0.3038276833089156f,0.8560688226338253f,0.0071494898354068585f,-0.516812398950944f,1.3747742540057373f,-0.49736402816028297f,-0.26065239294271814f,-0.8274595781942535f,0.07501413457950218f,0f,0f,0f,1f],start_interpolation:0}
execute if entity @s[tag=aj.toji.bone.chain] run data modify entity @s {} merge value {transformation:[-0.34860441785827834f,-0.5427274668777813f,-1.9650803063087718f,0.6297933644623332f,-1.2738054503964835f,0.886394268084378f,-0.03649986604708963f,1.5494182503686442f,0.8153878267432098f,1.152698907700835f,-0.8971551702665306f,0.12155999766319808f,0f,0f,0f,1f],start_interpolation:0}
execute if entity @s[tag=aj.toji.bone.blade] run data modify entity @s {} merge value {transformation:[0.5587455107714532f,1.3640220470491269f,-0.2779340018001736f,3.924564648687348f,-0.7155923780929568f,0.024556694685563395f,-1.3180760665308309f,1.534726050837933f,-1.194039782673934f,0.6235710255536502f,0.6598698155560343f,1.4397147465374494f,0f,0f,0f,1f],start_interpolation:0}
execute if entity @s[tag=aj.toji.bone.bottom] run data modify entity @s {} merge value {transformation:[-0.22460418868721288f,-0.8934304824550031f,0.3890179063287183f,0.5552542625134005f,-0.8207068673695463f,-0.04178911334228061f,-0.5698191887419483f,1.4264912237997316f,0.5253505460895848f,-0.44725344383949306f,-0.7238585225699071f,-0.10234545039372717f,0f,0f,0f,1f],start_interpolation:0}
execute if entity @s[tag=aj.toji.bone.leftarm] run data modify entity @s {} merge value {transformation:[0.052201458191285605f,-0.9935956240562103f,-0.10021349020493081f,0.31011794763630324f,-0.8560688100948498f,0.007149323347735355f,-0.5168124220241398f,1.3747742540057373f,0.5142190196263567f,0.11276800535621724f,-0.8502130184974167f,-0.04201476032802556f,0f,0f,0f,1f],start_interpolation:0}
execute if entity @s[tag=aj.toji.locator_origin.mount] at @s on origin run tp @s ^-0.00789 ^1.74185 ^-0.04137 ~-10.79212 ~-14.4235
execute if entity @s[tag=aj.toji.bone.head] run data modify entity @s {} merge value {transformation:[-0.9823130095123501f,-0.04664062242811775f,-0.1813444338332647f,0.0037741585964326113f,0f,0.9684810852511944f,-0.24908710827874805f,1.4997291048068848f,0.1872462318520444f,-0.24468150696402566f,-0.9513515695088877f,0.01979962455088597f,0f,0f,0f,1f],start_interpolation:0}
execute if entity @s[tag=aj.toji.bone.upper] run data modify entity @s {} merge value {transformation:[-0.9823130095123501f,0.005032211461910148f,-0.1871785997131942f,0f,0f,0.9996388064091798f,0.026874834340519228f,0.75f,0.1872462318520444f,0.026399499401181296f,-0.9819582043491349f,0f,0f,0f,0f,1f],start_interpolation:0}
execute if entity @s[tag=aj.toji.bone.bottom3] run data modify entity @s {} merge value {transformation:[-0.9823130095123501f,-3.469446951953614e-18f,-0.1872462318520444f,-0.11515145817304367f,0f,1f,0f,0.44017348082068425f,0.1872462318520444f,0f,-0.98231300951235f,0.06347377170021379f,0f,0f,0f,1f],start_interpolation:0}
execute if entity @s[tag=aj.toji.bone.rightleg] run data modify entity @s {} merge value {transformation:[-0.9823130095123501f,-0.02444053765120029f,-0.1856443143813185f,-0.11664966987959158f,0f,0.9914448613738104f,-0.13052619222005157f,0.75f,0.1872462318520444f,-0.12821757669986636f,-0.9739091855416624f,0.02223549003243027f,0f,0f,0f,1f],start_interpolation:0}
execute if entity @s[tag=aj.toji.bone.bottom4] run data modify entity @s {} merge value {transformation:[-0.9823130095123501f,3.469446951953614e-18f,-0.1872462318520444f,0.13130251575431093f,0f,1f,0f,0.4408251831036315f,0.1872462318520444f,0f,-0.9823130095123501f,0.02125633914120586f,0f,0f,0f,1f],start_interpolation:0}
execute if entity @s[tag=aj.toji.bone.leftleg] run data modify entity @s {} merge value {transformation:[-0.9823130095123501f,-0.027242846608854884f,-0.18525382223165052f,0.11664966987959158f,0f,0.9893594140683791f,-0.1454920952982448f,0.75f,0.1872462318520444f,-0.1429187779926765f,-0.9718606235228848f,-0.02223549003243027f,0f,0f,0f,1f],start_interpolation:0}