execute if entity @s[tag=aj.toji.locator_origin.head] at @s on origin run tp @s ^0.058 ^1.48974 ^0.10916 ~152.01926 ~-9.48667
execute if entity @s[tag=aj.toji.bone.blade2] run data modify entity @s {} merge value {transformation:[-1.1551292813025051f,0.747830883858871f,-0.5970136620081782f,1.236214913801601f,0.7682213924027159f,0.16675544141090987f,-1.2775087142617412f,1.5379918900404477f,-0.5705367961248329f,-1.2895509264494789f,-0.5114158507133878f,-1.5500420483925017f,0f,0f,0f,1f],start_interpolation:0}
execute if entity @s[tag=aj.toji.bone.chain2] run data modify entity @s {} merge value {transformation:[0.8909900503092154f,-1.0244929420664393f,-0.25267414813831585f,0.5846800779805027f,1.1089643288817745f,1.075333738417466f,-0.05075506819959158f,1.5946272970672264f,0.6207233853568664f,-0.45059320488471605f,0.4533673432379436f,-0.5202686927066341f,0f,0f,0f,1f],start_interpolation:0}
execute if entity @s[tag=aj.toji.bone.bottom2] run data modify entity @s {} merge value {transformation:[0.5740607035549307f,-0.45526092584397104f,0.6805819554129453f,0.5593138924485801f,0.7145005071989956f,-0.12745345090272558f,-0.6879277891358693f,1.4090883809808359f,0.39992916103529647f,0.8811884629593585f,0.2521181447276789f,-0.15238009068280492f,0f,0f,0f,1f],start_interpolation:0}
execute if entity @s[tag=aj.toji.bone.rightarm] run data modify entity @s {} merge value {transformation:[0.3612344326511255f,-0.8497440487240974f,0.3839853334766815f,0.32430072822686035f,0.7455147663619951f,0.015835125549799683f,-0.6663009694837929f,1.3664524894706611f,0.5601048275130642f,0.5269575888596738f,0.6392169285459821f,-0.05564724518745298f,0f,0f,0f,1f],start_interpolation:0}
execute if entity @s[tag=aj.toji.bone.chain] run data modify entity @s {} merge value {transformation:[-0.01563775002507759f,0.20007117120326096f,0.5171224109918626f,-0.5737065013106657f,-1.1089643363118467f,1.0753336976108068f,-0.050755147477061925f,1.5707298281414728f,-1.085779091331975f,-1.1011773875480444f,0.044391182171067384f,0.2150290601439482f,0f,0f,0f,1f],start_interpolation:0}
execute if entity @s[tag=aj.toji.bone.blade] run data modify entity @s {} merge value {transformation:[-0.17380248344119986f,-1.4871995386700867f,-0.08961154461983539f,-1.974843776315077f,-0.7682216739759067f,0.16675526342026084f,-1.2775085681729477f,1.6505902944508992f,1.2765688999749791f,-0.10212842063363556f,-0.7809875986951085f,0.26701112988534215f,0f,0f,0f,1f],start_interpolation:0}
execute if entity @s[tag=aj.toji.bone.bottom] run data modify entity @s {} merge value {transformation:[-0.010075328875217776f,0.98503923128919f,-0.17203546311518825f,-0.4393475868781087f,-0.7145005119861562f,-0.12745360162937697f,-0.6879277562384152f,1.4090884148754954f,-0.6995623675695944f,0.11598832808908494f,0.7050951720353232f,0.3781870108539347f,0f,0f,0f,1f],start_interpolation:0}
execute if entity @s[tag=aj.toji.bone.leftarm] run data modify entity @s {} merge value {transformation:[-0.2619362788126827f,0.9123138429038359f,0.3147583801708848f,-0.22764014357794243f,-0.7455147315559575f,0.01583498126965264f,-0.6663010118566819f,1.3664524894706611f,-0.6128598297121559f,-0.4091854169129497f,0.6759956536183961f,0.23758691726868755f,0f,0f,0f,1f],start_interpolation:0}
execute if entity @s[tag=aj.toji.locator_origin.mount] at @s on origin run tp @s ^0.10695 ^1.71693 ^0.20131 ~152.01926 ~-24.66929
execute if entity @s[tag=aj.toji.bone.head] run data modify entity @s {} merge value {transformation:[0.8831053948876845f,0.19582415289138277f,0.4263540344181571f,0.057996350789350726f,0f,0.9087320156675289f,-0.41738007103937047f,1.4897429873647934f,-0.4691746599298248f,0.3685905924534731f,0.8025061455431546f,0.10916380324874075f,0f,0f,0f,1f],start_interpolation:0}
execute if entity @s[tag=aj.toji.bone.upper] run data modify entity @s {} merge value {transformation:[0.8831053948876845f,0.0773284677191343f,0.46275821937646616f,0f,0f,0.9863239831530578f,-0.16481808231224687f,0.75f,-0.4691746599298248f,0.14555173766498766f,0.8710280306295749f,0f,0f,0f,0f,1f],start_interpolation:0}
execute if entity @s[tag=aj.toji.bone.bottom3] run data modify entity @s {} merge value {transformation:[0.8831053948876845f,0f,0.46917465992982477f,0.09125080503384254f,0f,1f,0f,0.44017348082068425f,-0.4691746599298248f,0f,0.8831053948876845f,-0.09466820265487637f,0f,0f,0f,1f],start_interpolation:0}
execute if entity @s[tag=aj.toji.bone.rightleg] run data modify entity @s {} merge value {transformation:[0.8831053948876845f,0.06123958184677764f,0.4651608056742298f,0.10486876564291253f,0f,0.9914448613738104f,-0.13052619222005157f,0.75f,-0.4691746599298248f,0.11526838452367445f,0.8755503058128844f,-0.055714490866666695f,0f,0f,0f,1f],start_interpolation:0}
execute if entity @s[tag=aj.toji.bone.bottom4] run data modify entity @s {} merge value {transformation:[0.8831053948876845f,-1.3877787807814457e-17f,0.46917465992982477f,-0.13177137360463254f,0f,1f,0f,0.44084136793817624f,-0.4691746599298248f,0f,0.8831053948876845f,0.018398242307629015f,0f,0f,0f,1f],start_interpolation:0}
execute if entity @s[tag=aj.toji.bone.leftleg] run data modify entity @s {} merge value {transformation:[0.8831053948876845f,0.06842623757975036f,0.46415806739832316f,-0.10486876564291253f,0f,0.989307622597836f,-0.14584384755558832f,0.75f,-0.4691746599298248f,0.12879548858751708f,0.8736628987196583f,0.055714490866666695f,0f,0f,0f,1f],start_interpolation:0}