execute if entity @s[tag=aj.toji.locator_origin.head] at @s on origin run tp @s ^-0.08278 ^1.49446 ^0.03776 ~-114.52148 ~-6.96823
execute if entity @s[tag=aj.toji.bone.blade2] run data modify entity @s {} merge value {transformation:[0.653835282406013f,1.2532044296498375f,0.5019741835862414f,1.6994054385889987f,0.7335024325898498f,0.13845917928926912f,-1.3010777213738287f,1.5560652907614054f,-1.1333461981521014f,0.8125932027629607f,-0.5524660007254847f,1.4591495426330034f,0f,0f,0f,1f],start_interpolation:0}
execute if entity @s[tag=aj.toji.bone.chain2] run data modify entity @s {} merge value {transformation:[-0.6337331838269256f,0.5412942736195104f,-0.6471000550297966f,0.5161562265056427f,1.1510399200076629f,1.03303289845884f,-0.06427322826171243f,1.5910710844405003f,0.8261065475327328f,-1.0241124028443194f,-0.4068575991988472f,0.5966091334137841f,0f,0f,0f,1f],start_interpolation:0}
execute if entity @s[tag=aj.toji.bone.bottom2] run data modify entity @s {} merge value {transformation:[-0.408311313069697f,-0.8580047547322579f,-0.31162431303757f,0.14451207918798112f,0.7416096128908432f,-0.11274248499758324f,-0.6612898866189193f,1.4162297456750257f,0.5322565675378681f,-0.5011157280842492f,0.6823386061035968f,0.5551206979983001f,0f,0f,0f,1f],start_interpolation:0}
execute if entity @s[tag=aj.toji.bone.rightarm] run data modify entity @s {} merge value {transformation:[-0.5555800712306633f,-0.474092113176025f,-0.6830574299981091f,0.060712805345891324f,0.7724318740187878f,0.009722919708949607f,-0.6350232002314219f,1.3703834834760888f,0.30770080346199f,-0.8804215655335936f,0.3608019990136162f,0.3157840063985274f,0f,0f,0f,1f],start_interpolation:0}
execute if entity @s[tag=aj.toji.bone.chain] run data modify entity @s {} merge value {transformation:[1.0392843662343014f,1.1282256034310465f,-0.11691011042666269f,-0.1467181423502999f,-1.1510399325415055f,1.0330328544056224f,-0.06427334637957345f,1.5699319224458446f,0.06291067800401876f,0.262512443690455f,0.7553830803915288f,-0.5977916239043308f,0f,0f,0f,1f],start_interpolation:0}
execute if entity @s[tag=aj.toji.bone.blade] run data modify entity @s {} merge value {transformation:[-1.2844888458033443f,0.20779595464231423f,0.7462635233220773f,-0.05565371415836218f,-0.733502466796181f,0.13845860747792194f,-1.30107776294086f,1.6309904217218139f,-0.2491235360432832f,-1.4790706728380372f,-0.016953127726966312f,-2.243950452289304f,0f,0f,0f,1f],start_interpolation:0}
execute if entity @s[tag=aj.toji.bone.bottom] run data modify entity @s {} merge value {transformation:[0.669606034620758f,-0.18397278509025042f,-0.7195705474417369f,-0.3245012322367895f,-0.741609620966339f,-0.11274263759790984f,-0.6612898515459237f,1.416229780513438f,0.040533054284468455f,0.976444116175423f,-0.21192913791352377f,-0.47301339757536454f,0f,0f,0f,1f],start_interpolation:0}
execute if entity @s[tag=aj.toji.bone.leftarm] run data modify entity @s {} merge value {transformation:[0.5965548540727414f,0.35413150237235735f,-0.7202174568210266f,-0.19868367826415387f,-0.7724318413962388f,0.009722772199662777f,-0.6350232421714733f,1.3703834834760888f,-0.21787922452465783f,0.9351450939443839f,0.2793426154246489f,-0.2528445756220597f,0f,0f,0f,1f],start_interpolation:0}
execute if entity @s[tag=aj.toji.locator_origin.mount] at @s on origin run tp @s ^-0.16898 ^1.72581 ^0.07709 ~-114.52148 ~-22.2705
execute if entity @s[tag=aj.toji.bone.head] run data modify entity @s {} merge value {transformation:[0.41503437377607233f,-0.3447980098202419f,-0.8419387157081587f,-0.08278252375095753f,0f,0.9254049373454603f,-0.3789798173209821f,1.4944601801713067f,0.9098057312329393f,0.1572896511555841f,0.38407485866045854f,0.03776365846588062f,0f,0f,0f,1f],start_interpolation:0}
execute if entity @s[tag=aj.toji.bone.upper] run data modify entity @s {} merge value {transformation:[0.41503437377607233f,-0.11037669833461004f,-0.903085518126082f,0f,0f,0.9926135735617423f,-0.12131897452990444f,0.75f,0.9098057312329393f,0.05035154462117416f,0.41196875290482704f,0f,0f,0f,0f,1f],start_interpolation:0}
execute if entity @s[tag=aj.toji.bone.bottom3] run data modify entity @s {} merge value {transformation:[0.41503437377607233f,1.3877787807814457e-17f,-0.9098057312329393f,0.08898975852132629f,0f,1f,0f,0.44017348082068425f,0.9098057312329393f,0f,0.41503437377607233f,0.0967966987636723f,0f,0f,0f,1f],start_interpolation:0}
execute if entity @s[tag=aj.toji.bone.rightleg] run data modify entity @s {} merge value {transformation:[0.41503437377607233f,-0.11875347775781521f,-0.9020222170793397f,0.049285331885908584f,0f,0.9914448613738104f,-0.13052619222005157f,0.75f,0.9098057312329393f,0.05417285644942435f,0.41148369717378425f,0.10803943058391154f,0f,0f,0f,1f],start_interpolation:0}
execute if entity @s[tag=aj.toji.bone.bottom4] run data modify entity @s {} merge value {transformation:[0.41503437377607233f,0f,-0.9098057312329393f,-0.01026380414774699f,0f,1f,0f,0.44086571846690853f,0.9098057312329393f,0f,0.4150343737760723f,-0.13270983499890288f,0f,0f,0f,1f],start_interpolation:0}
execute if entity @s[tag=aj.toji.bone.leftleg] run data modify entity @s {} merge value {transformation:[0.41503437377607233f,-0.13316957623763856f,-0.9000068513900276f,-0.049285331885908584f,0f,0.9892297009058927f,-0.14637144135943336f,0.75f,0.9098057312329393f,0.060749179503313516f,0.4105643294361685f,-0.10803943058391154f,0f,0f,0f,1f],start_interpolation:0}