execute if entity @s[tag=aj.toji.locator_origin.head] at @s on origin run tp @s ^0.01552 ^1.49977 ^0.01015 ~-56.81833 ~1.41663
execute if entity @s[tag=aj.toji.bone.blade2] run data modify entity @s {} merge value {transformation:[1.3239959483811492f,0.05218289549810501f,0.7030730218744955f,-0.1422885854792151f,0.7024617117868884f,0.02934913810801884f,-1.3250230834086443f,1.4855229752282861f,-0.05985208554207122f,1.4988047149344537f,0.0014677692306003937f,3.980106662188381f,0f,0f,0f,1f],start_interpolation:0}
execute if entity @s[tag=aj.toji.bone.chain2] run data modify entity @s {} merge value {transformation:[-0.8882942206676481f,1.2715899588729922f,-0.07095209649162977f,-0.11622853501881492f,1.2727358270691396f,0.8878004136448119f,-0.03951642217820961f,1.5587388920548353f,0.006290121954329134f,-0.061903761086012934f,-2.02418507723974f,0.8145135005229266f,0f,0f,0f,1f],start_interpolation:0}
execute if entity @s[tag=aj.toji.bone.bottom2] run data modify entity @s {} merge value {transformation:[-0.5723237931818403f,-0.07072713150217425f,-0.8169719387025629f,-0.3075935229513669f,0.8200177140848147f,-0.04443841433099882f,-0.570610353848282f,1.4268636087792004f,0.004052696024265751f,-0.9965053437895957f,0.0834306625510925f,0.4733412459292313f,0f,0f,0f,1f],start_interpolation:0}
execute if entity @s[tag=aj.toji.bone.rightarm] run data modify entity @s {} merge value {transformation:[-0.4565164506723117f,0.48385340247356307f,-0.7466449056816171f,-0.1580978941659566f,0.8547217528024474f,0.005461893060463662f,-0.5190576971883838f,1.3748089724941632f,-0.24706973823571887f,-0.8751320201197943f,-0.41605347229554646f,0.2700000995390152f,0f,0f,0f,1f],start_interpolation:0}
execute if entity @s[tag=aj.toji.bone.chain] run data modify entity @s {} merge value {transformation:[0.3503862543302024f,0.45311477337368056f,-1.8828160357838153f,0.5230942536816507f,-1.272735875708233f,0.8878003356359455f,-0.03951673911334973f,1.5504067445075067f,0.816293781106262f,1.1897311628289524f,0.7465675972499374f,-0.37028104066461087f,0f,0f,0f,1f],start_interpolation:0}
execute if entity @s[tag=aj.toji.bone.blade] run data modify entity @s {} merge value {transformation:[-0.4760057978838702f,1.3939864576202272f,0.2832317714387864f,3.5743397960003347f,-0.7024616122452002f,0.02934953001584243f,-1.3250231274999402f,1.5393290266281272f,-1.2369180100971993f,-0.5531187585494297f,0.643500952010115f,-1.7606259367895034f,0f,0f,0f,1f],start_interpolation:0}
execute if entity @s[tag=aj.toji.bone.bottom] run data modify entity @s {} merge value {transformation:[0.2257522175550297f,-0.9412618903447669f,-0.251121464740835f,0.3103058187531618f,-0.8200177454227541f,-0.04443856843807015f,-0.5706102968111931f,1.4268636490174398f,0.5259342482295379f,0.33474059720889987f,-0.7818835585427407f,-0.4715675983483254f,0f,0f,0f,1f],start_interpolation:0}
execute if entity @s[tag=aj.toji.bone.leftarm] run data modify entity @s {} merge value {transformation:[0.40937583046589787f,-0.6077201040748147f,-0.6805054772253142f,0.18396178213857678f,-0.8547217381378261f,0.005461728441350739f,-0.5190577230685292f,1.3748089724941632f,0.31915854960349926f,0.7941325107472488f,-0.5171956840396691f,-0.2530870613112945f,0f,0f,0f,1f],start_interpolation:0}
execute if entity @s[tag=aj.toji.locator_origin.mount] at @s on origin run tp @s ^-0.03685 ^1.74181 ^-0.02409 ~-56.81833 ~-14.49334
execute if entity @s[tag=aj.toji.bone.head] run data modify entity @s {} merge value {transformation:[-0.5472954820872534f,-0.20945871976664163f,-0.8103053128300469f,0.015518332783572106f,0f,0.9681767369237838f,-0.250267469079811f,1.4997707669929956f,0.8369394573604956f,-0.13697025514079197f,-0.5298787539803662f,0.010147822936632415f,0f,0f,0f,1f],start_interpolation:0}
execute if entity @s[tag=aj.toji.bone.upper] run data modify entity @s {} merge value {transformation:[-0.5472954820872534f,0.02069111037809614f,-0.8366836518291738f,0f,0f,0.9996943559906609f,0.024722350220350336f,0.75f,0.8369394573604956f,0.013530430582176553f,-0.5471282045018151f,0f,0f,0f,0f,1f],start_interpolation:0}
execute if entity @s[tag=aj.toji.bone.bottom3] run data modify entity @s {} merge value {transformation:[-0.5472954820872534f,0f,-0.8369394573604955f,-0.034273647608412394f,0f,1f,0f,0.44017348082068425f,0.8369394573604956f,0f,-0.5472954820872534f,0.12694130570008902f,0f,0f,0f,1f],start_interpolation:0}
execute if entity @s[tag=aj.toji.bone.rightleg] run data modify entity @s {} merge value {transformation:[-0.5472954820872534f,-0.1092425204879817f,-0.8297793242810486f,-0.06499133849786135f,0f,0.9914448613738104f,-0.13052619222005157f,0.75f,0.8369394573604956f,-0.07143639529608663f,-0.5426132933685097f,0.09938656056155884f,0f,0f,0f,1f],start_interpolation:0}
execute if entity @s[tag=aj.toji.bone.bottom4] run data modify entity @s {} merge value {transformation:[-0.5472954820872534f,1.3877787807814457e-17f,-0.8369394573604956f,0.10655645733357572f,0f,1f,0f,0.44084136793817624f,0.8369394573604956f,0f,-0.5472954820872534f,-0.07967378252712581f,0f,0f,0f,1f],start_interpolation:0}
execute if entity @s[tag=aj.toji.bone.leftleg] run data modify entity @s {} merge value {transformation:[-0.5472954820872534f,-0.1220624706325409f,-0.8279905848196348f,0.06499133849786135f,0f,0.989307622597836f,-0.1458438475555883f,0.75f,0.8369394573604956f,-0.07981967885739559f,-0.5414435922422772f,-0.09938656056155884f,0f,0f,0f,1f],start_interpolation:0}