execute if entity @s[tag=aj.toji.locator_origin.head] at @s on origin run tp @s ^-0.01334 ^1.47189 ^0.20298 ~-176.23893 ~-15.73737
execute if entity @s[tag=aj.toji.bone.blade2] run data modify entity @s {} merge value {transformation:[-0.7713956676437046f,1.2684396784744758f,-0.2144982657554408f,1.4651092789868496f,0.7984898840605654f,0.2760018611043122f,-1.2394502320464102f,1.5445454128437874f,-1.0086439555132762f,-0.7515874897432265f,-0.817161927813581f,-0.3263411981284675f,0f,0f,0f,1f],start_interpolation:0}
execute if entity @s[tag=aj.toji.bone.chain2] run data modify entity @s {} merge value {transformation:[0.4725910366703914f,-0.5906523062158126f,-0.00001355267589382945f,0.7758335370107383f,0.9947248189614116f,1.1796258080850917f,-0.0000016723684119503235f,1.5850905442676586f,1.093683190056473f,-0.8176646498856657f,0.000007377291330335009f,-0.05016980652887401f,0f,0f,0f,1f],start_interpolation:0}
execute if entity @s[tag=aj.toji.bone.bottom2] run data modify entity @s {} merge value {transformation:[0.30448818470038636f,-0.855761900583628f,0.4182804261346212f,0.5532573155470919f,0.64089652765299f,-0.14079928516373194f,-0.754604003527494f,1.3812118629454202f,0.704654941244439f,0.49784247589662234f,0.5055831118351537f,0.2314389028379902f,0f,0f,0f,1f],start_interpolation:0}
execute if entity @s[tag=aj.toji.bone.rightarm] run data modify entity @s {} merge value {transformation:[0.04650046983555081f,-0.9985750324888919f,-0.026184170693027975f,0.30070727806014697f,0.6773873714570207f,0.050787011252675096f,-0.7338712615156482f,1.3515719050425252f,0.7341553345822813f,0.016388531899753783f,0.6787837363450524f,0.18965132740153606f,0f,0f,0f,1f],start_interpolation:0}
execute if entity @s[tag=aj.toji.bone.chain] run data modify entity @s {} merge value {transformation:[0.6116973312393883f,0.6926094791528299f,0.000012470289322839972f,-0.6157345221474384f,-0.9947248344024907f,1.1796257632918066f,-0.0000016723706530632196f,1.5586907291826488f,-1.0224047889112504f,-0.7333061035999765f,0.00000908797711069671f,-0.03775467280482078f,0f,0f,0f,1f],start_interpolation:0}
execute if entity @s[tag=aj.toji.bone.blade] run data modify entity @s {} merge value {transformation:[-0.8967978573675404f,-1.1591344189674568f,0.31962634713984855f,-1.4186297858523982f,-0.7984907088238388f,0.27600252252100416f,-1.2394495534244407f,1.5589370281060317f,0.8989806399155611f,-0.9111695815417769f,-0.7820510230988706f,-0.5005374665765066f,0f,0f,0f,1f],start_interpolation:0}
execute if entity @s[tag=aj.toji.bone.bottom] run data modify entity @s {} merge value {transformation:[0.3941137167716864f,0.7832252365500431f,-0.48086651690831567f,-0.5787936958624014f,-0.6408965376016047f,-0.14079942816129198f,-0.754603968396488f,1.38121189638689f,-0.6587306022515438f,0.6055854604104871f,0.44647535631514595f,0.1570206349547457f,0f,0f,0f,1f],start_interpolation:0}
execute if entity @s[tag=aj.toji.bone.leftarm] run data modify entity @s {} merge value {transformation:[0.14220803003911722f,0.9878362283277924f,-0.0629004149073337f,-0.3229466369030084f,-0.6773873438933051f,0.05078687059586746f,-0.7338712966919007f,1.3515719050425252f,-0.7217501385698284f,0.14697033638867324f,0.6763700597278339f,0.14865383539129973f,0f,0f,0f,1f],start_interpolation:0}
execute if entity @s[tag=aj.toji.locator_origin.mount] at @s on origin run tp @s ^-0.02174 ^1.68662 ^0.33074 ~-176.23893 ~-30.80487
execute if entity @s[tag=aj.toji.bone.head] run data modify entity @s {} merge value {transformation:[0.9978462639410486f,-0.033592746225445155f,-0.05634146732136189f,-0.01334361530571686f,0f,0.8589163714467949f,-0.5121158724943715f,1.47188628605103f,0.06559598721637819f,0.5110129100734191f,0.8570664922859862f,0.2029830976757015f,0f,0f,0f,1f],start_interpolation:0}
execute if entity @s[tag=aj.toji.bone.upper] run data modify entity @s {} merge value {transformation:[0.9978462639410486f,-0.017791487074289146f,-0.06313712478864279f,0f,0f,0.9625150480680401f,-0.271228284370525f,0.75f,0.06559598721637819f,0.27064413023426864f,0.9604420447017327f,0f,0f,0f,0f,1f],start_interpolation:0}
execute if entity @s[tag=aj.toji.bone.bottom3] run data modify entity @s {} merge value {transformation:[0.9978462639410486f,1.734723475976807e-18f,-0.06559598721637819f,0.12740640625396515f,0f,1f,0f,0.44017348082068425f,0.06559598721637819f,0f,0.9978462639410485f,-0.03250208698958699f,0f,0f,0f,1f],start_interpolation:0}
execute if entity @s[tag=aj.toji.bone.rightleg] run data modify entity @s {} merge value {transformation:[0.9978462639410486f,-0.008561994436269024f,-0.06503480445242031f,0.11849424384299952f,0f,0.9914448613738104f,-0.13052619222005157f,0.75f,0.06559598721637819f,0.13024507325322962f,0.9893095508254075f,0.00778952348194491f,0f,0f,0f,1f],start_interpolation:0}
execute if entity @s[tag=aj.toji.bone.bottom4] run data modify entity @s {} merge value {transformation:[0.9978462639410486f,-1.734723475976807e-18f,-0.06559598721637819f,-0.1218168957217124f,0f,1f,0f,0.4406733767475979f,0.06559598721637819f,0f,0.9978462639410486f,-0.05252555629397858f,0f,0f,0f,1f],start_interpolation:0}
execute if entity @s[tag=aj.toji.bone.leftleg] run data modify entity @s {} merge value {transformation:[0.9978462639410486f,-0.00932443926693972f,-0.06492987271856f,-0.11849424384299952f,0f,0.9898451944076868f,-0.14214953783958859f,0.75f,0.06559598721637819f,0.1418433852541802f,0.9877133291197112f,-0.00778952348194491f,0f,0f,0f,1f],start_interpolation:0}