execute if entity @s[tag=aj.toji.locator_origin.head] at @s on origin run tp @s ^-0.01566 ^1.46734 ^-0.21836 ~-4.10148 ~-16.97125
execute if entity @s[tag=aj.toji.bone.blade2] run data modify entity @s {} merge value {transformation:[1.0876081363241186f,-0.9689686862297279f,0.35806176409638035f,-1.2478797239463442f,0.775596767529209f,0.42254456931140577f,-1.212396692977872f,1.530191417689169f,0.6823182512580321f,1.0642160363627644f,0.8073945949463045f,0.42879218888817827f,0f,0f,0f,1f],start_interpolation:0}
execute if entity @s[tag=aj.toji.bone.chain2] run data modify entity @s {} merge value {transformation:[-0.6615866464261134f,0.6711482744360828f,0.00001233217651756262f,-0.7651834320019715f,0.9681518891888505f,1.2053959433687573f,-0.0000013662068943360999f,1.570426624719751f,-1.0168321898631159f,0.7110156728530835f,-0.000009324546553192643f,0.1480206984337604f,0f,0f,0f,1f],start_interpolation:0}
execute if entity @s[tag=aj.toji.bone.bottom2] run data modify entity @s {} merge value {transformation:[-0.42625716816716025f,0.774938303515647f,-0.46666417510925795f,-0.5814811397451038f,0.6237757138397962f,-0.121816454910502f,-0.7720522068724953f,1.3698257317153137f,-0.6551402028648263f,-0.6201865663309135f,-0.4314625563509601f,-0.1624996806002004f,0f,0f,0f,1f],start_interpolation:0}
execute if entity @s[tag=aj.toji.bone.rightarm] run data modify entity @s {} merge value {transformation:[-0.17805539100423906f,0.9824194637046482f,-0.056109491787030716f,-0.3247478118811768f,0.6668224689620412f,0.07853104655582419f,-0.7410672503991893f,1.3477820890441423f,-0.7236325535944987f,-0.16936608887589719f,-0.6690822485443673f,-0.15961416821951852f,0f,0f,0f,1f],start_interpolation:0}
execute if entity @s[tag=aj.toji.bone.chain] run data modify entity @s {} merge value {transformation:[-0.5097360479269875f,-0.5628340856912993f,-0.000013536430944081702f,0.6180684320085017f,-0.9681519336491563f,1.2053958828446711f,-0.0000013662090836920462f,1.547586090289564f,1.100824086049305f,0.7995006136434578f,-0.000007469590175963861f,-0.05703383509785559f,0f,0f,0f,1f],start_interpolation:0}
execute if entity @s[tag=aj.toji.bone.blade] run data modify entity @s {} merge value {transformation:[0.9791270559741296f,1.1108978684360016f,-0.23919894264770442f,1.2987904116158138f,-0.7755971552617302f,0.42254491011568407f,-1.2123963261595772f,1.5349357734637104f,-0.8305174658063152f,0.9150747099771004f,0.8502229202691377f,0.24096329396537491f,0f,0f,0f,1f],start_interpolation:0}
execute if entity @s[tag=aj.toji.bone.bottom] run data modify entity @s {} merge value {transformation:[-0.3284205409462469f,-0.8554980390564478f,0.4003286817792937f,0.5523464700320937f,-0.6237757424853624f,-0.12181659413446522f,-0.7720521617613111f,1.3698257678149364f,0.7092557869847871f,-0.5032731093194344f,-0.4936318527653368f,-0.2438028708550924f,0f,0f,0f,1f],start_interpolation:0}
execute if entity @s[tag=aj.toji.bone.leftarm] run data modify entity @s {} merge value {transformation:[-0.07298565151954654f,-0.9965333698407612f,-0.0399291555894151f,0.2986515243519317f,-0.6668224592779429f,0.07853089973630918f,-0.7410672746715521f,1.3477820890441423f,0.7416339410212989f,-0.027461620134692534f,-0.6702424613114231f,-0.20431615457493435f,0f,0f,0f,1f],start_interpolation:0}
execute if entity @s[tag=aj.toji.locator_origin.mount] at @s on origin run tp @s ^-0.02537 ^1.67722 ^-0.35384 ~-4.10148 ~-32.90875
execute if entity @s[tag=aj.toji.bone.head] run data modify entity @s {} merge value {transformation:[-0.9974389379729736f,-0.03885873347018251f,-0.06004634750290784f,-0.015657772517547033f,0f,0.8395369031463764f,-0.5433026672632775f,1.467338506852971f,0.07152317816866535f,-0.5419112354329674f,-0.8373867970634408f,-0.2183581936766717f,0f,0f,0f,1f],start_interpolation:0}
execute if entity @s[tag=aj.toji.bone.upper] run data modify entity @s {} merge value {transformation:[-0.9974389379729736f,-0.020877030023396047f,-0.06840843977718589f,0f,0f,0.9564513424706279f,-0.29189181126940433f,0.75f,0.07152317816866535f,-0.2911442582355623f,-0.9540018112567279f,0f,0f,0f,0f,1f],start_interpolation:0}
execute if entity @s[tag=aj.toji.bone.bottom3] run data modify entity @s {} merge value {transformation:[-0.9974389379729736f,0f,-0.07152317816866535f,-0.12176247721479913f,0f,1f,0f,0.44017348082068425f,0.07152317816866535f,-2.7755575615628914e-17f,-0.9974389379729734f,0.04962536806659082f,0f,0f,0f,1f],start_interpolation:0}
execute if entity @s[tag=aj.toji.bone.rightleg] run data modify entity @s {} merge value {transformation:[-0.9974389379729736f,-0.00933564810183221f,-0.07091128746444676f,-0.1184458738842906f,0f,0.9914448613738104f,-0.13052619222005157f,0.75f,0.07152317816866535f,-0.13019190654562446f,-0.9889057095874554f,0.00849337740752901f,0f,0f,0f,1f],start_interpolation:0}
execute if entity @s[tag=aj.toji.bone.bottom4] run data modify entity @s {} merge value {transformation:[-0.9974389379729736f,0f,-0.07152317816866535f,0.12778099322373515f,0f,1f,0f,0.4405225295503158f,0.07152317816866535f,0f,-0.9974389379729736f,0.03430689514981761f,0f,0f,0f,1f],start_interpolation:0}
execute if entity @s[tag=aj.toji.bone.leftleg] run data modify entity @s {} merge value {transformation:[-0.9974389379729736f,-0.009923603126763096f,-0.07083139922611402f,0.1184458738842906f,0f,0.9903279054389895f,-0.13874667458654227f,0.75f,0.07152317816866535f,-0.13839133574688248f,-0.9877916142460651f,-0.00849337740752901f,0f,0f,0f,1f],start_interpolation:0}