execute if entity @s[tag=aj.toji.locator_origin.head] at @s on origin run tp @s ^0.18845 ^1.47444 ^0.04657 ~103.88077 ~-15
execute if entity @s[tag=aj.toji.bone.blade2] run data modify entity @s {} merge value {transformation:[-0.5653849956127895f,-0.9357494856353727f,-1.0269920675784507f,-0.0493713569302624f,0.9071198429050542f,0.5912104435742307f,-1.0380769730692765f,1.5171149348754422f,1.0523656196131812f,-1.0123453519140073f,0.3430502749077284f,-1.09588620390516f,0f,0f,0f,1f],start_interpolation:0}
execute if entity @s[tag=aj.toji.bone.chain2] run data modify entity @s {} merge value {transformation:[1.1206196160314565f,-0.8883331277367134f,0.000006033561170172481f,0.04488107507158062f,0.9856315954029184f,1.197011398956906f,-6.824032914516073e-7f,1.550521780299892f,-0.4262683520038994f,0.43242414195307194f,0.000014283792658629364f,-0.7723956339811746f,0f,0f,0f,1f],start_interpolation:0}
execute if entity @s[tag=aj.toji.bone.bottom2] run data modify entity @s {} merge value {transformation:[0.7220099539531531f,0.41333502442619596f,0.5548475321880435f,0.30612675445044113f,0.635037806434095f,-0.07756560538918056f,-0.7685769715909935f,1.3665294435087347f,-0.27464269659311635f,0.9072693836139331f,-0.3184865064093853f,-0.5110382708593237f,0f,0f,0f,1f],start_interpolation:0}
execute if entity @s[tag=aj.toji.bone.rightarm] run data modify entity @s {} merge value {transformation:[0.7176869072358298f,-0.11705551191186038f,0.6864572166663571f,0.23200744477023666f,0.6963642719512024f,0.12278785967553223f,-0.7071067403625663f,1.3537036414306676f,-0.001517870923817874f,0.9855055294859355f,0.16963651558701776f,-0.26456702155510126f,0f,0f,0f,1f],start_interpolation:0}
execute if entity @s[tag=aj.toji.bone.chain] run data modify entity @s {} merge value {transformation:[-0.7930766371946829f,-0.5846603539112523f,0.000011992349193179185f,-0.17224440910134314f,-0.9856317104896017f,1.1970112922573444f,-6.824053851528731e-7f,1.5359782801271196f,-0.8991786543420764f,-0.7964288482870794f,-0.000009829249771995833f,0.5899605075579522f,0f,0f,0f,1f],start_interpolation:0}
execute if entity @s[tag=aj.toji.bone.blade] run data modify entity @s {} merge value {transformation:[0.010121403844387866f,-1.2995820540385867f,-0.748988679490596f,-0.5531892438183347f,-0.9071196865594342f,0.5912105572868485f,-1.038077044929175f,1.5183020805895824f,1.1945842086016931f,0.45995278211292734f,-0.7819283898069214f,0.9478289574025203f,0f,0f,0f,1f],start_interpolation:0}
execute if entity @s[tag=aj.toji.bone.bottom] run data modify entity @s {} merge value {transformation:[-0.5109755514811379f,0.7883571800426341f,0.3426323721771966f,0.03285168181697763f,-0.6350378805839044f,-0.07756573715831866f,-0.7685768970263089f,1.3665294868445645f,-0.5793365826633512f,-0.6103085392605224f,0.5402708680778908f,0.5948062474508714f,0f,0f,0f,1f],start_interpolation:0}
execute if entity @s[tag=aj.toji.bone.leftarm] run data modify entity @s {} merge value {transformation:[-0.6343697055856128f,0.3554597304640077f,0.6864571775818782f,0.08206850783387876f,-0.6963643012258351f,0.12278769365087132f,-0.7071067403625525f,1.3537036414306676f,-0.3356364649639214f,-0.9265913674896583f,0.1696366737476527f,0.34218112651821175f,0f,0f,0f,1f],start_interpolation:0}
execute if entity @s[tag=aj.toji.locator_origin.mount] at @s on origin run tp @s ^0.3098 ^1.69095 ^0.07656 ~103.88077 ~-30
execute if entity @s[tag=aj.toji.bone.head] run data modify entity @s {} merge value {transformation:[0.23990229909817262f,0.48539851845865034f,0.840734895889042f,0.18844557156246927f,0f,0.8660254037844387f,-0.49999999999999994f,1.4744443697168013f,-0.9707970369173008f,0.11995114954908631f,0.20776148544531015f,0.04656846297786627f,0f,0f,0f,1f],start_interpolation:0}
execute if entity @s[tag=aj.toji.bone.upper] run data modify entity @s {} merge value {transformation:[0.23990229909817262f,0.25126076208329234f,0.9377179300433229f,0f,0f,0.9659258262890683f,-0.25881904510252074f,0.75f,-0.9707970369173008f,0.06209128397048836f,0.2317278264850496f,0f,0f,0f,0f,1f],start_interpolation:0}
execute if entity @s[tag=aj.toji.bone.bottom3] run data modify entity @s {} merge value {transformation:[0.23990229909817262f,0f,0.9707970369173008f,-0.009610475315017204f,0f,1f,0f,0.44017348082068425f,-0.9707970369173008f,0f,0.23990229909817262f,-0.13113510886657523f,0f,0f,0f,1f],start_interpolation:0}
execute if entity @s[tag=aj.toji.bone.rightleg] run data modify entity @s {} merge value {transformation:[0.23990229909817262f,0.1267144406473241f,0.9624917336885792f,0.028488398017907996f,0f,0.9914448613738104f,-0.13052619222005157f,0.75f,-0.9707970369173008f,0.03131353360612039f,0.23784990167264616f,-0.11528214813392947f,0f,0f,0f,1f],start_interpolation:0}
execute if entity @s[tag=aj.toji.bone.bottom4] run data modify entity @s {} merge value {transformation:[0.23990229909817262f,0f,0.9707970369173008f,-0.07038796022969321f,0f,1f,0f,0.44028335072402625f,-0.9707970369173008f,-6.938893903907228e-18f,0.23990229909817262f,0.11136598320836837f,0f,0f,0f,1f],start_interpolation:0}
execute if entity @s[tag=aj.toji.bone.leftleg] run data modify entity @s {} merge value {transformation:[0.23990229909817262f,0.1292805530957492f,0.9621504172834247f,-0.028488398017907996f,0f,0.9910932776831161f,-0.13316949700039332f,0.75f,-0.9707970369173008f,0.03194766850014156f,0.23776555593692317f,0.11528214813392947f,0f,0f,0f,1f],start_interpolation:0}