execute if entity @s[tag=aj.toji.locator_origin.head] at @s on origin run tp @s ^-0.21295 ^1.46865 ^0.02622 ~-97.02 ~-16.62351
execute if entity @s[tag=aj.toji.bone.blade2] run data modify entity @s {} merge value {transformation:[0.42902067741502226f,1.1814671854221461f,0.8185820350588134f,0.46132012254820076f,0.8041498270094288f,0.5107639505244863f,-1.158647160513211f,1.526696554809f,-1.191337195789278f,0.7702307943826278f,-0.48729889114756525f,1.1304249423596864f,0f,0f,0f,1f],start_interpolation:0}
execute if entity @s[tag=aj.toji.bone.chain2] run data modify entity @s {} merge value {transformation:[-0.9558572387436388f,0.6677804872355657f,-0.000010243870526416899f,0.1991135276564231f,0.9685417669942882f,1.2071631576439288f,-0.0000011681879140717262f,1.5636362359234575f,0.7464760266345333f,-0.711188445705975f,-0.000011601496498147777f,0.7502856162832878f,0f,0f,0f,1f],start_interpolation:0}
execute if entity @s[tag=aj.toji.bone.bottom2] run data modify entity @s {} merge value {transformation:[-0.6158543283180491f,-0.6781467311039369f,-0.40104919571664693f,-0.12605857171399815f,0.624026910278199f,-0.10911999346412479f,-0.7737462389408003f,1.3672540334874377f,0.4809509970262764f,-0.7267804607441193f,0.4903838296069688f,0.5887081035922854f,0f,0f,0f,1f],start_interpolation:0}
execute if entity @s[tag=aj.toji.bone.rightarm] run data modify entity @s {} merge value {transformation:[-0.701956476661008f,-0.22832751467980417f,-0.6746285280906875f,-0.1392681705926362f,0.6735877005881946f,0.09489396161907394f,-0.7329902766507524f,1.348878292605444f,0.23138002180389844f,-0.9689487510123441f,0.08718717463965642f,0.33200966447645575f,0f,0f,0f,1f],start_interpolation:0}
execute if entity @s[tag=aj.toji.bone.chain] run data modify entity @s {} merge value {transformation:[1.1083970701487176f,0.8203653998746377f,-0.0000071233364316545995f,-0.07914811424524637f,-0.9685418357492718f,1.2071630816090466f,-0.0000011681900707800715f,1.5431762879356987f,0.4922858122069745f,0.5279399385344773f,0.000013740075596629893f,-0.6131292474939255f,0f,0f,0f,1f],start_interpolation:0}
execute if entity @s[tag=aj.toji.bone.blade] run data modify entity @s {} merge value {transformation:[-0.7052221361458659f,0.9593148273905348f,0.9123468642125814f,0.17013195084797367f,-0.8041499290659454f,0.5107641541288966f,-1.1586469999271682f,1.5294638321219047f,-1.0516675474089217f,-1.0338447856451474f,0.27415384170432744f,-1.2099776661418713f,0f,0f,0f,1f],start_interpolation:0}
execute if entity @s[tag=aj.toji.bone.bottom] run data modify entity @s {} merge value {transformation:[0.7141350250622609f,-0.48157175551288844f,-0.5080352451076195f,-0.2651129188865093f,-0.624026954576712f,-0.10912013015070865f,-0.7737461839373467f,1.367254071953772f,0.31717743605281573f,0.8695869372800669f,-0.37844026288284216f,-0.5405396710469913f,0f,0f,0f,1f],start_interpolation:0}
execute if entity @s[tag=aj.toji.bone.leftarm] run data modify entity @s {} merge value {transformation:[0.7371192697990271f,0.013559675876013033f,-0.6756266108443973f,-0.2156530455550668f,-0.6735877043124104f,0.09489380868479007f,-0.7329902930274254f,1.348878292605444f,0.05417367155810568f,0.9953950473372024f,0.07908168591072498f,-0.2883050547403091f,0f,0f,0f,1f],start_interpolation:0}
execute if entity @s[tag=aj.toji.locator_origin.mount] at @s on origin run tp @s ^-0.3471 ^1.67897 ^0.04274 ~-97.02 ~-32.72601
execute if entity @s[tag=aj.toji.bone.head] run data modify entity @s {} merge value {transformation:[0.12221579993988906f,-0.536569529683512f,-0.8349589439369267f,-0.21295272968862178f,0f,0.8412654476738644f,-0.5406222771492983f,1.4686539511265326f,0.9925035507468237f,0.0660725840671259f,0.10281592964925021f,0.026222765841688013f,0f,0f,0f,1f],start_interpolation:0}
execute if entity @s[tag=aj.toji.bone.upper] run data modify entity @s {} merge value {transformation:[0.12221579993988906f,-0.2839369729181624f,-0.9510221310017574f,0f,0f,0.9582052681687102f,-0.286081568881552f,0.75f,0.9925035507468237f,0.03496368778891735f,0.11710782335585483f,0f,0f,0f,0f,1f],start_interpolation:0}
execute if entity @s[tag=aj.toji.bone.bottom3] run data modify entity @s {} merge value {transformation:[0.12221579993988906f,0f,-0.9925035507468237f,0.05576063413119351f,0f,1f,0f,0.44017348082068425f,0.9925035507468237f,0f,0.12221579993988904f,0.11907783040732756f,0f,0f,0f,1f],start_interpolation:0}
execute if entity @s[tag=aj.toji.bone.rightleg] run data modify entity @s {} merge value {transformation:[0.12221579993988906f,-0.12954770924386363f,-0.9840125452831993f,0.014513126242861824f,0f,0.9914448613738104f,-0.13052619222005157f,0.75f,0.9925035507468237f,0.015952362995281327f,0.12117022682909265f,0.11785979665118532f,0f,0f,0f,1f],start_interpolation:0}
execute if entity @s[tag=aj.toji.bone.bottom4] run data modify entity @s {} merge value {transformation:[0.12221579993988906f,-2.7755575615628914e-17f,-0.9925035507468236f,0.027119187285492515f,0f,1f,0f,0.4404332695807343f,0.9925035507468237f,0f,0.12221579993988904f,-0.12928356082077902f,0f,0f,0f,1f],start_interpolation:0}
execute if entity @s[tag=aj.toji.bone.leftleg] run data modify entity @s {} merge value {transformation:[0.12221579993988906f,-0.13566771928953164f,-0.983187453229459f,-0.014513126242861824f,0f,0.9906135373416501f,-0.13669242713282637f,0.75f,0.9925035507468237f,0.01670597432776337f,0.12106862589749293f,-0.11785979665118532f,0f,0f,0f,1f],start_interpolation:0}