execute if entity @s[tag=aj.toji.locator_origin.head] at @s on origin run tp @s ^-0.06895 ^1.4963 ^-0.02805 ~-67.86317 ~-5.69625
execute if entity @s[tag=aj.toji.bone.blade2] run data modify entity @s {} merge value {transformation:[1.2821234024887007f,0.2764062567352611f,0.7278455619349453f,0.14751066884916536f,0.7179305862582956f,0.12280667634461828f,-1.31129485378385f,1.5652781107788323f,-0.30122293090934465f,1.4691896070564845f,-0.02732479481341088f,2.413533968826811f,0f,0f,0f,1f],start_interpolation:0}
execute if entity @s[tag=aj.toji.bone.chain2] run data modify entity @s {} merge value {transformation:[-1.0118788634899196f,1.1363399193958543f,-0.17732476612943696f,-0.06157907739906532f,1.1714331415973112f,1.0113286980576406f,-0.06831545616130691f,1.5882391392264723f,0.11317346862632799f,-0.3080722734742159f,-0.8783347775368318f,0.790407314410011f,0f,0f,0f,1f],start_interpolation:0}
execute if entity @s[tag=aj.toji.bone.bottom2] run data modify entity @s {} merge value {transformation:[-0.6519487979532368f,-0.2290697554756304f,-0.7228345675005204f,-0.2907267922966632f,0.7547488697539723f,-0.10436935549287268f,-0.6476582287280106f,1.419175824385844f,0.07291713414850662f,-0.9677985765438681f,0.2409336148967831f,0.49154434149046744f,0f,0f,0f,1f],start_interpolation:0}
execute if entity @s[tag=aj.toji.bone.rightarm] run data modify entity @s {} merge value {transformation:[-0.5890008238189554f,0.31478661900273636f,-0.7443033078237783f,-0.17521758605729437f,0.7856610571808897f,0.0073671374828223855f,-0.6186133109744052f,1.371913792682744f,-0.18924780783406409f,-0.9491338734773591f,-0.2516548379186577f,0.26608886111075664f,0f,0f,0f,1f],start_interpolation:0}
execute if entity @s[tag=aj.toji.bone.chain] run data modify entity @s {} merge value {transformation:[0.6455143649988111f,0.5985737549479881f,-0.7401204011786603f,0.35025152782233987f,-1.1714331574206691f,1.0113286516989268f,-0.06831559527134032f,1.5686699393758632f,0.7874123671156912f,1.0138473710334346f,0.5051116974154567f,-0.5089836868359731f,0f,0f,0f,1f],start_interpolation:0}
execute if entity @s[tag=aj.toji.bone.blade] run data modify entity @s {} merge value {transformation:[-0.7077379516579423f,1.2235322869838556f,0.5020714436124375f,1.7606918482953395f,-0.7179305246084832f,0.12280597169325784f,-1.3112949535294733f,1.6193260179577889f,-1.110712723263044f,-0.8590037462226415f,0.527664486541458f,-1.6614776940073857f,0f,0f,0f,1f],start_interpolation:0}
execute if entity @s[tag=aj.toji.bone.bottom] run data modify entity @s {} merge value {transformation:[0.41590187275091184f,-0.8396239663543339f,-0.3493668950626271f,0.13497600804559262f,-0.7547488799488874f,-0.10436950884051052f,-0.6476581921355514f,1.4191758597663666f,0.5073260888799084f,0.5330465277513842f,-0.6771127223690367f,-0.5549048366099145f,0f,0f,0f,1f],start_interpolation:0}
execute if entity @s[tag=aj.toji.bone.leftarm] run data modify entity @s {} merge value {transformation:[0.5538440159479676f,-0.43718581734927275f,-0.7086080489997808f,0.060294804705022395f,-0.7856610260895882f,0.007366988187906918f,-0.6186133522394217f,1.371913792682744f,0.27566929114880223f,0.8993410301958251f,-0.33939969552701305f,-0.3128402483641581f,0f,0f,0f,1f],start_interpolation:0}
execute if entity @s[tag=aj.toji.locator_origin.mount] at @s on origin run tp @s ^-0.15219 ^1.72959 ^-0.06191 ~-67.86317 ~-21.06465
execute if entity @s[tag=aj.toji.bone.head] run data modify entity @s {} merge value {transformation:[-0.3768198252197068f,-0.33292691631130467f,-0.8643879266375919f,-0.06895366881136317f,0f,0.933175487821802f,-0.3594210746861427f,1.496296551219293f,0.9262865751598636f,-0.13543698654351147f,-0.35163902422032606f,-0.028050832352040853f,0f,0f,0f,1f],start_interpolation:0}
execute if entity @s[tag=aj.toji.bone.upper] run data modify entity @s {} merge value {transformation:[-0.3768198252197068f,-0.09193822508181757f,-0.9217126353100485f,0f,0f,0.9950620682923904f,-0.0992546232961979f,0.75f,0.9262865751598636f,-0.037401109802721134f,-0.3749591146566985f,0f,0f,0f,0f,1f],start_interpolation:0}
execute if entity @s[tag=aj.toji.bone.bottom3] run data modify entity @s {} merge value {transformation:[-0.3768198252197068f,0f,-0.9262865751598636f,-0.00931977203991035f,0f,1f,0f,0.44017348082068425f,0.9262865751598636f,6.938893903907228e-18f,-0.3768198252197068f,0.13115608968840597f,0f,0f,0f,1f],start_interpolation:0}
execute if entity @s[tag=aj.toji.bone.rightleg] run data modify entity @s {} merge value {transformation:[-0.3768198252197068f,-0.1209046595601696f,-0.9183620651017925f,-0.04474735424484018f,0f,0.9914448613738104f,-0.13052619222005157f,0.75f,0.9262865751598636f,-0.049184856938953685f,-0.37359607937785566f,0.10999653080023379f,0f,0f,0f,1f],start_interpolation:0}
execute if entity @s[tag=aj.toji.bone.bottom4] run data modify entity @s {} merge value {transformation:[-0.3768198252197068f,0f,-0.9262865751598636f,0.08952272614450375f,0f,1f,0f,0.44087385484930425f,0.9262865751598636f,-6.938893903907228e-18f,-0.37681982521970675f,-0.09852896979024577f,0f,0f,0f,1f],start_interpolation:0}
execute if entity @s[tag=aj.toji.bone.leftleg] run data modify entity @s {} merge value {transformation:[-0.3768198252197068f,-0.1357447935745293f,-0.9162860745088283f,0.04474735424484018f,0f,0.9892036644822264f,-0.14654729671657146f,0.75f,0.9262865751598636f,-0.05522192673515897f,-0.37275155195688603f,-0.10999653080023379f,0f,0f,0f,1f],start_interpolation:0}