execute if entity @s[tag=aj.toji.locator_origin.head] at @s on origin run tp @s ^-0.00981 ^1.49601 ^-0.07661 ~-7.2988 ~-5.91086
execute if entity @s[tag=aj.toji.bone.blade2] run data modify entity @s {} merge value {transformation:[0.7953442214262895f,-1.1070648023323486f,0.6259673257292668f,-4.3721055918413985f,0.9811978931380413f,0.06443352943446282f,-1.1327396059051205f,1.6644526062191525f,0.8091219091986575f,1.0100771474107604f,0.758330991278389f,3.579673019491001f,0f,0f,0f,1f],start_interpolation:0}
execute if entity @s[tag=aj.toji.bone.chain2] run data modify entity @s {} merge value {transformation:[-0.6543868084604721f,0.8332321445471865f,2.175694264945272f,-0.7106110100044927f,1.161254947174418f,1.0263494700695914f,-0.16113508036612387f,1.5758667173410619f,-0.7951273647579791f,0.8131996262863602f,-2.025920131615787f,0.3451822764025378f,0f,0f,0f,1f],start_interpolation:0}
execute if entity @s[tag=aj.toji.bone.bottom2] run data modify entity @s {} merge value {transformation:[-0.4216183463906397f,0.7066628927500145f,-0.5682125711360176f,-0.5720722114344599f,0.748191106904323f,-0.0829150611301141f,-0.6582819761979462f,1.4123555908322194f,-0.5122968256158791f,-0.702675350818549f,-0.4937603809702867f,-0.007636755182467744f,0f,0f,0f,1f],start_interpolation:0}
execute if entity @s[tag=aj.toji.bone.rightarm] run data modify entity @s {} merge value {transformation:[-0.15850150376223038f,0.9760843117061133f,-0.1487840372698449f,-0.3181447895227921f,0.7882539406006962f,0.03434940658400469f,-0.6143906276912113f,1.371677071190677f,-0.5945864095592714f,-0.2146614420629137f,-0.7748467376577671f,-0.024140465100741706f,0f,0f,0f,1f],start_interpolation:0}
execute if entity @s[tag=aj.toji.bone.chain] run data modify entity @s {} merge value {transformation:[-0.43286784538343587f,-0.6013856635744452f,-2.6160524402827385f,0.6132407554071234f,-1.1612550316518224f,1.026349355296601f,-0.16113553016222232f,1.560320196961112f,0.9343847459732734f,0.9969478211724457f,-1.4121853274044955f,0.06084026675575377f,0f,0f,0f,1f],start_interpolation:0}
execute if entity @s[tag=aj.toji.bone.blade] run data modify entity @s {} merge value {transformation:[0.5657484473189123f,1.325897175795898f,-0.4146388471582276f,5.159648460712256f,-0.9811978187547858f,0.06443432550421747f,-1.132739625054084f,1.7355315984598738f,-0.9834528635512179f,0.6984589443290715f,0.891614024261412f,2.305031931020699f,0f,0f,0f,1f],start_interpolation:0}
execute if entity @s[tag=aj.toji.bone.bottom] run data modify entity @s {} merge value {transformation:[-0.2788947191732204f,-0.8609460280651082f,0.4254288099978711f,0.5516808838642505f,-0.7481911613327177f,-0.0829152088389431f,-0.658281895730692f,1.4123556353716218f,0.6020197021035855f,-0.5018934198633298f,-0.6210275946984978f,-0.15156889495638842f,0f,0f,0f,1f],start_interpolation:0}
execute if entity @s[tag=aj.toji.bone.leftarm] run data modify entity @s {} merge value {transformation:[-0.0035320062437529526f,-0.9986769231251353f,-0.051302321089857855f,0.3017909026927321f,-0.7882539465195595f,0.03434922990611065f,-0.6143906299750971f,1.371677071190677f,0.6153399391622761f,0.03826922552351869f,-0.787332347645895f,-0.1035428423778665f,0f,0f,0f,1f],start_interpolation:0}
execute if entity @s[tag=aj.toji.locator_origin.mount] at @s on origin run tp @s ^-0.0217 ^1.72785 ^-0.1694 ~-7.2988 ~-21.97512
execute if entity @s[tag=aj.toji.bone.head] run data modify entity @s {} merge value {transformation:[-0.9918971075448387f,-0.047540286784221716f,-0.11781362050568112f,-0.009812332098035989f,0f,0.9273464515937603f,-0.37420389992150227f,1.4960124854288126f,0.12704380364339968f,-0.3711717659641364f,-0.9198322630278206f,-0.07660998448716493f,0f,0f,0f,1f],start_interpolation:0}
execute if entity @s[tag=aj.toji.bone.upper] run data modify entity @s {} merge value {transformation:[-0.9918971075448387f,-0.013083109464047987f,-0.1263683516191235f,0f,0f,0.9946833139050834f,-0.10298109068562743f,0.75f,0.12704380364339968f,-0.10214664598288657f,-0.986623501985567f,0f,0f,0f,0f,1f],start_interpolation:0}
execute if entity @s[tag=aj.toji.bone.bottom3] run data modify entity @s {} merge value {transformation:[-0.9918971075448387f,0f,-0.12704380364339968f,-0.11880509346350332f,0f,1f,0f,0.44017348082068425f,0.12704380364339968f,0f,-0.9918971075448386f,0.05633939811852208f,0f,0f,0f,1f],start_interpolation:0}
execute if entity @s[tag=aj.toji.bone.rightleg] run data modify entity @s {} merge value {transformation:[-0.9918971075448387f,-0.016582543934724876f,-0.125956926291632f,-0.1177877815209496f,0f,0.9914448613738104f,-0.13052619222005157f,0.75f,0.12704380364339968f,-0.12946855252191078f,-0.9834112902868761f,0.01508645168265371f,0f,0f,0f,1f],start_interpolation:0}
execute if entity @s[tag=aj.toji.bone.bottom4] run data modify entity @s {} merge value {transformation:[-0.9918971075448387f,0f,-0.12704380364339968f,0.1295677619401082f,0f,1f,0f,0.4406027000998793f,0.12704380364339968f,0f,-0.9918971075448387f,0.027690357172601092f,0f,0f,0f,1f],start_interpolation:0}
execute if entity @s[tag=aj.toji.bone.leftleg] run data modify entity @s {} merge value {transformation:[-0.9918971075448387f,-0.017857995190410682f,-0.12578243141218873f,0.1177877815209496f,0f,0.9900713596803863f,-0.14056565277702515f,0.75f,0.12704380364339968f,-0.13942666440968338f,-0.9820489179299609f,-0.01508645168265371f,0f,0f,0f,1f],start_interpolation:0}