execute if entity @s[tag=aj.dream.bone.bone9] run data modify entity @s {} merge value {transformation:[-0.8908431182465263f,0.44370842136273675f,-0.09757753575794816f,0.25f,0.15969253473839012f,0.1047524624609637f,-0.9815932028886467f,1.375f,-0.4253196833225964f,-0.8900279537296298f,-0.16417493279491213f,3.061616997868383e-17f,0f,0f,0f,1f],start_interpolation:0}
execute if entity @s[tag=aj.dream.bone.bone8] run data modify entity @s {} merge value {transformation:[-0.8154075941630993f,0.5463838689784197f,-0.19124623682917158f,0.23656239627254608f,0.14050742157631774f,-0.13368648073666622f,-0.9810125327182214f,1.3255768030905553f,-0.5615764594987236f,-0.8267965847706542f,0.03223798300856617f,0.303485322401783f,0f,0f,0f,1f],start_interpolation:0}
execute if entity @s[tag=aj.dream.bone.mask] run data modify entity @s {} merge value {transformation:[-0.869684653649017f,-0.20719388044149725f,-0.44801707457973505f,-0.49999999999999994f,-0.46083640267621817f,0.015615420228513413f,0.8873477157346659f,1.7766962604937873f,-0.17685704163485227f,0.9781752678117974f,-0.10906297385220451f,-0.44239639471152375f,0f,0f,0f,1f],start_interpolation:0}
execute if entity @s[tag=aj.dream.bone.head] run data modify entity @s {} merge value {transformation:[-1f,2.137303368083788e-18f,1.2244602795081332e-16f,0f,0f,0.9998476951563913f,-0.01745240643728348f,1.5f,-1.2246467991473532e-16f,-0.01745240643728348f,-0.9998476951563913f,0f,0f,0f,0f,1f],start_interpolation:0}
execute if entity @s[tag=aj.dream.camera_origin.camera] at @s on origin run tp @s ^0 ^-1.62 ^0 ~0 ~0