execute if entity @s[tag=aj.dream.bone.torso] run data modify entity @s {} merge value {transformation:[-1f,0f,1.2246467991473532e-16f,0f,0f,1f,0f,0.75f,-1.2246467991473532e-16f,0f,-1f,0f,0f,0f,0f,1f],start_interpolation:0}
execute if entity @s[tag=aj.dream.bone.bone9] run data modify entity @s {} merge value {transformation:[-0.8908431182465262f,0.36941312581433566f,0.26444750168774084f,0.25f,0.15969253473839076f,0.7995589881745662f,-0.5789678046127364f,1.375f,-0.42531968332259645f,-0.4735391925758054f,-0.7712741406743913f,3.061616997868383e-17f,0f,0f,0f,1f],start_interpolation:0}
execute if entity @s[tag=aj.dream.bone.bone8] run data modify entity @s {} merge value {transformation:[-0.8510313750359303f,0.4939453576874197f,0.17822340565565714f,0.25745794814553385f,0.21619755094152038f,0.6388829639279662f,-0.7383001946156492f,1.1301624677336044f,-0.47854385135674105f,-0.5897851659898408f,-0.6504992239096011f,0.18634785832726986f,0f,0f,0f,1f],start_interpolation:0}
execute if entity @s[tag=aj.dream.bone.mask] run data modify entity @s {} merge value {transformation:[-0.8619134177372645f,-0.3078413314768263f,-0.40291311092969223f,-0.18749999999999994f,-0.5060644977811313f,0.5719135613797358f,0.6456110302616263f,1.02245508327117f,0.031685713026524204f,0.7603608307537427f,-0.6487275411491938f,-0.45148158116522863f,0f,0f,0f,1f],start_interpolation:0}
execute if entity @s[tag=aj.dream.bone.head] run data modify entity @s {} merge value {transformation:[-1f,-3.169619151431765e-17f,1.1829179713786698e-16f,0f,0f,0.9659258262890683f,0.25881904510252074f,1.5f,-1.2246467991473532e-16f,0.25881904510252074f,-0.9659258262890683f,0f,0f,0f,0f,1f],start_interpolation:0}
execute if entity @s[tag=aj.dream.bone.bone14] run data modify entity @s {} merge value {transformation:[-0.8908431182465262f,-0.36941312581433555f,-0.2644475016877406f,-0.25f,-0.15969253473839076f,0.7995589881745662f,-0.5789678046127364f,1.375f,0.42531968332259623f,-0.4735391925758055f,-0.7712741406743913f,-3.061616997868383e-17f,0f,0f,0f,1f],start_interpolation:0}
execute if entity @s[tag=aj.dream.bone.bone15] run data modify entity @s {} merge value {transformation:[-0.8510310102300258f,-0.49394597821607583f,-0.17822342783996042f,-0.2574579481455339f,-0.21619799008893056f,0.6388827971084483f,-0.7383002103754217f,1.1301624677336044f,0.4785443017196718f,-0.5897848270030767f,-0.6504991999446138f,0.1863478583272698f,0f,0f,0f,1f],start_interpolation:0}
execute if entity @s[tag=aj.dream.bone.bone13] run data modify entity @s {} merge value {transformation:[-1f,0f,1.2246467991473532e-16f,0.12499999999999999f,0f,1f,0f,0.4375f,-1.2246467991473532e-16f,0f,-1f,0.12500000000000003f,0f,0f,0f,1f],start_interpolation:0}
execute if entity @s[tag=aj.dream.bone.bone12] run data modify entity @s {} merge value {transformation:[-1f,0f,1.2246467991473532e-16f,0.12500000000000003f,0f,1f,0f,0.75f,-1.2246467991473532e-16f,0f,-1f,-0.12499999999999999f,0f,0f,0f,1f],start_interpolation:0}
execute if entity @s[tag=aj.dream.bone.bone10] run data modify entity @s {} merge value {transformation:[-1f,0f,1.2246467991473532e-16f,-0.125f,0f,1f,0f,0.75f,-1.2246467991473532e-16f,0f,-1f,-1.5308084989341915e-17f,0f,0f,0f,1f],start_interpolation:0}
execute if entity @s[tag=aj.dream.bone.bone11] run data modify entity @s {} merge value {transformation:[-1f,0f,1.2246467991473532e-16f,-0.125f,0f,1f,0f,0.4375f,-1.2246467991473532e-16f,0f,-1f,-1.5308084989341915e-17f,0f,0f,0f,1f],start_interpolation:0}
execute if entity @s[tag=aj.dream.camera_origin.camera] at @s on origin run tp @s ^0 ^-1.62 ^0 ~0 ~0