execute if entity @s[tag=aj.dream.bone.bone9] run data modify entity @s {} merge value {transformation:[-0.8908431182465263f,0.4258101132717732f,-0.15838019481073207f,0.25f,0.15969253473839018f,-0.032878351230193115f,-0.9866191303482881f,1.375f,-0.4253196833225965f,-0.9042149973628306f,-0.038709243372900735f,3.061616997868383e-17f,0f,0f,0f,1f],start_interpolation:0}
execute if entity @s[tag=aj.dream.bone.bone8] run data modify entity @s {} merge value {transformation:[-0.8141423585936561f,0.5256212410466599f,-0.24676817238883927f,0.24159629542312958f,0.11618459839591361f,-0.26892236013943566f,-0.9561286018693385f,1.364285469441193f,-0.5689229816408711f,-0.8070954560506488f,0.15787199176312489f,0.3074754284236207f,0f,0f,0f,1f],start_interpolation:0}
execute if entity @s[tag=aj.dream.bone.mask] run data modify entity @s {} merge value {transformation:[-0.8605489660761401f,-0.19345182911789094f,-0.4712025751162961f,-0.5520833333333331f,-0.4629724740901855f,-0.08867879576591761f,0.8819254840497123f,1.8979374137984701f,-0.21239577495821063f,0.9770938854544375f,-0.013250425934744202f,-0.48477445762831767f,0f,0f,0f,1f],start_interpolation:0}
execute if entity @s[tag=aj.dream.bone.head] run data modify entity @s {} merge value {transformation:[-1f,7.831828584285957e-18f,1.222139938290413e-16f,0f,0f,0.9979529927660075f,-0.0639517335915856f,1.5f,-1.2246467991473532e-16f,-0.0639517335915856f,-0.9979529927660075f,0f,0f,0f,0f,1f],start_interpolation:0}
execute if entity @s[tag=aj.dream.camera_origin.camera] at @s on origin run tp @s ^0 ^-1.62 ^0 ~0 ~0