execute if entity @s[tag=aj.dream.bone.bone9] run data modify entity @s {} merge value {transformation:[-0.8908431182465263f,0.44943423476012034f,-0.06638830694023459f,0.25f,0.15969253473839026f,0.17296977121196244f,-0.9718949287838217f,1.375f,-0.42531968332259656f,-0.8764076259780416f,-0.2258602224959051f,3.061616997868383e-17f,0f,0f,0f,1f],start_interpolation:0}
execute if entity @s[tag=aj.dream.bone.bone8] run data modify entity @s {} merge value {transformation:[-0.8167122549167045f,0.5538320412324753f,-0.16202210581627996f,0.2349520112545319f,0.15163964206953393f,-0.06492341776061472f,-0.9863013579932376f,1.3063906850043367f,-0.5567643232301219f,-0.8300933802473979f,-0.030959141582960925f,0.29965460522164883f,0f,0f,0f,1f],start_interpolation:0}
execute if entity @s[tag=aj.dream.bone.mask] run data modify entity @s {} merge value {transformation:[-0.8731345197008324f,-0.21318068170157295f,-0.43839492179546224f,-0.4739583333333333f,-0.46083281802183507f,0.06770330369154497f,0.8849007721226744f,1.7149810599317994f,-0.15896296531221063f,0.9746641778676919f,-0.15735474584722844f,-0.4258398378283922f,0f,0f,0f,1f],start_interpolation:0}
execute if entity @s[tag=aj.dream.bone.head] run data modify entity @s {} merge value {transformation:[-1f,-7.124666082192367e-19f,1.2246260742753582e-16f,0f,0f,0.9999830768577442f,0.005817731354993813f,1.5f,-1.2246467991473532e-16f,0.005817731354993813f,-0.9999830768577442f,0f,0f,0f,0f,1f],start_interpolation:0}
execute if entity @s[tag=aj.dream.camera_origin.camera] at @s on origin run tp @s ^0 ^-1.62 ^0 ~0 ~0