execute if entity @s[tag=aj.dream.bone.bone9] run data modify entity @s {} merge value {transformation:[-0.8908431182465262f,0.40262200151897376f,0.21046154652492066f,0.25f,0.15969253473839068f,0.7112009903405963f,-0.6846104335221477f,1.375f,-0.4253196833225965f,-0.5762713555534498f,-0.6978642358990435f,3.061616997868383e-17f,0f,0f,0f,1f],start_interpolation:0}
execute if entity @s[tag=aj.dream.bone.bone8] run data modify entity @s {} merge value {transformation:[-0.8431791504995447f,0.5244405895796634f,0.11836802002315155f,0.2481179518536044f,0.2128518516935867f,0.527804146484183f,-0.8222632620911107f,1.1550131546244085f,-0.4937033617401016f,-0.6681203865737357f,-0.5566616024579784f,0.21524127916473235f,0f,0f,0f,1f],start_interpolation:0}
execute if entity @s[tag=aj.dream.bone.mask] run data modify entity @s {} merge value {transformation:[-0.8705983310566432f,-0.2811981322914804f,-0.40371543983004976f,-0.23958333333333331f,-0.4919933470358238f,0.4958438320637424f,0.7155986589400725f,1.146849325903299f,-0.0010451956156053849f,0.8216243086716253f,-0.5700284229457324f,-0.4184224577160706f,0f,0f,0f,1f],start_interpolation:0}
execute if entity @s[tag=aj.dream.bone.head] run data modify entity @s {} merge value {transformation:[-1f,-2.6158305275643062e-17f,1.1963837549768402e-16f,0f,0f,0.9769214730400709f,0.21359877226524002f,1.5f,-1.2246467991473532e-16f,0.21359877226524002f,-0.9769214730400709f,0f,0f,0f,0f,1f],start_interpolation:0}
execute if entity @s[tag=aj.dream.camera_origin.camera] at @s on origin run tp @s ^0 ^-1.62 ^0 ~0 ~0