execute if entity @s[tag=aj.dream.bone.bone9] run data modify entity @s {} merge value {transformation:[-0.8908431182465262f,0.41632228990329817f,0.1818633816975809f,0.25f,0.15969253473839065f,0.6617125307420215f,-0.7325536301239775f,1.375f,-0.42531968332259645f,-0.6235481357430743f,-0.6559656160117716f,3.061616997868383e-17f,0f,0f,0f,1f],start_interpolation:0}
execute if entity @s[tag=aj.dream.bone.bone8] run data modify entity @s {} merge value {transformation:[-0.8393621747195235f,0.5364840365030652f,0.08749867557563344f,0.24426474574551316f,0.20978823296795762f,0.46821990546031306f,-0.8583466767215433f,1.1689317838865076f,-0.5014579114524907f,-0.7021075407002217f,-0.5055541161276335f,0.22853787359306424f,0f,0f,0f,1f],start_interpolation:0}
execute if entity @s[tag=aj.dream.bone.mask] run data modify entity @s {} merge value {transformation:[-0.8738471299382597f,-0.2700171253616287f,-0.40432900651586773f,-0.26562499999999994f,-0.4858722210944604f,0.4544057438762032f,0.7466214601128544f,1.209750738160909f,-0.017871157416405783f,0.8488852525187117f,-0.528274975546676f,-0.406602605134132f,0f,0f,0f,1f],start_interpolation:0}
execute if entity @s[tag=aj.dream.bone.head] run data modify entity @s {} merge value {transformation:[-1f,-2.336736254364077e-17f,1.2021465881652135e-16f,0f,0f,0.981627183447664f,0.1908089953765448f,1.5f,-1.2246467991473532e-16f,0.1908089953765448f,-0.981627183447664f,0f,0f,0f,0f,1f],start_interpolation:0}
execute if entity @s[tag=aj.dream.camera_origin.camera] at @s on origin run tp @s ^0 ^-1.62 ^0 ~0 ~0