execute if entity @s[tag=aj.dream.bone.bone9] run data modify entity @s {} merge value {transformation:[-0.8908431182465263f,0.41372481733608035f,-0.18769740060275913f,0.25f,0.1596925347383901f,-0.10162133268064832f,-0.9819222978897246f,1.375f,-0.42531968332259645f,-0.9047125953939383f,0.02445990012102037f,3.061616997868383e-17f,0f,0f,0f,1f],start_interpolation:0}
execute if entity @s[tag=aj.dream.bone.bone8] run data modify entity @s {} merge value {transformation:[-0.8142240882980017f,0.5124667854104558f,-0.2727946624961013f,0.2449952849050432f,0.10313347029928965f,-0.3347336803273973f,-0.9366519367184918f,1.3836194329741336f,-0.5713165684095932f,-0.7907788294495178f,0.21969574769470826f,0.30761537786986975f,0f,0f,0f,1f],start_interpolation:0}
execute if entity @s[tag=aj.dream.bone.mask] run data modify entity @s {} merge value {transformation:[-0.854867881058186f,-0.18522667896716813f,-0.48465656225195264f,-0.5781249999999999f,-0.4651000925311135f,-0.14044131704290658f,0.8740469898093602f,1.957243094632908f,-0.2299626270997895f,0.9726085100728081f,0.03390982558662968f,-0.5105441361043349f,0f,0f,0f,1f],start_interpolation:0}
execute if entity @s[tag=aj.dream.bone.head] run data modify entity @s {} merge value {transformation:[-1f,1.0673500138322974e-17f,1.2199866483456202e-16f,0f,0f,0.9961946980917455f,-0.08715574274765818f,1.5f,-1.2246467991473532e-16f,-0.08715574274765818f,-0.9961946980917455f,0f,0f,0f,0f,1f],start_interpolation:0}
execute if entity @s[tag=aj.dream.camera_origin.camera] at @s on origin run tp @s ^0 ^-1.62 ^0 ~0 ~0