execute if entity @s[tag=aj.dream.bone.bone9] run data modify entity @s {} merge value {transformation:[-0.8908431182465262f,0.3869601792146711f,0.2380343638531117f,0.25f,0.1596925347383908f,0.7572245502039052f,-0.6333318837049983f,1.375f,-0.4253196833225965f,-0.5261870392461633f,-0.7363629313780828f,3.061616997868383e-17f,0f,0f,0f,1f],start_interpolation:0}
execute if entity @s[tag=aj.dream.bone.bone8] run data modify entity @s {} merge value {transformation:[-0.8470826651836623f,0.5102465764361901f,0.14865863439602484f,0.2525228393766895f,0.21498089939767231f,0.5847854110136143f,-0.7821823546717264f,1.1420690284128527f,-0.48603926923604807f,-0.6306143467292714f,-0.6050548524387709f,0.201155065203308f,0f,0f,0f,1f],start_interpolation:0}
execute if entity @s[tag=aj.dream.bone.mask] run data modify entity @s {} merge value {transformation:[-0.8666187509544793f,-0.29377852798210174f,-0.4033188775531931f,-0.2135416666666666f,-0.4987305592742614f,0.5350763198995558f,0.681880606212503f,1.0843800380157824f,0.015484499994529832f,0.7920779686239339f,-0.6102235015799554f,-0.4333869902423798f,0f,0f,0f,1f],start_interpolation:0}
execute if entity @s[tag=aj.dream.bone.head] run data modify entity @s {} merge value {transformation:[-1f,-2.8935082823877925e-17f,1.1899730588796496e-16f,0f,0f,0.9716867424208803f,0.2362728816506413f,1.5f,-1.2246467991473532e-16f,0.2362728816506413f,-0.9716867424208803f,0f,0f,0f,0f,1f],start_interpolation:0}
execute if entity @s[tag=aj.dream.camera_origin.camera] at @s on origin run tp @s ^0 ^-1.62 ^0 ~0 ~0