execute if entity @s[tag=aj.dream.bone.bone9] run data modify entity @s {} merge value {transformation:[-0.8908431182465262f,0.4529704497427238f,-0.034875640964437675f,0.25f,0.1596925347383904f,0.24034438862447738f,-0.957461680280498f,1.375f,-0.4253196833225966f,-0.8585175283688744f,-0.2864451438962885f,3.061616997868383e-17f,0f,0f,0f,1f],start_interpolation:0}
execute if entity @s[tag=aj.dream.bone.bone8] run data modify entity @s {} merge value {transformation:[-0.8184314180560838f,0.5592343261358093f,-0.13201129652471225f,0.2339574507906747f,0.16200470991834343f,0.004154741078607832f,-0.9867812382138422f,1.287441573857067f,-0.5512934680394659f,-0.8289992199019234f,-0.09399896541463285f,0.2946230152690706f,0f,0f,0f,1f],start_interpolation:0}
execute if entity @s[tag=aj.dream.bone.mask] run data modify entity @s {} merge value {transformation:[-0.8758369954853026f,-0.21889539261145674f,-0.43010971208838594f,-0.4479166666666666f,-0.46153870262218677f,0.11945864477946116f,0.8790401914413715f,1.6526841414149391f,-0.14103752451424637f,0.968408198685312f,-0.20565499604425527f,-0.4124003572943336f,0f,0f,0f,1f],start_interpolation:0}
execute if entity @s[tag=aj.dream.bone.head] run data modify entity @s {} merge value {transformation:[-1f,-3.561850771285243e-18f,1.2241287124196407e-16f,0f,0f,0.9995769500822006f,0.029084718743111422f,1.5f,-1.2246467991473532e-16f,0.029084718743111422f,-0.9995769500822006f,0f,0f,0f,0f,1f],start_interpolation:0}
execute if entity @s[tag=aj.dream.camera_origin.camera] at @s on origin run tp @s ^0 ^-1.62 ^0 ~0 ~0