execute if entity @s[tag=aj.dream.bone.bone9] run data modify entity @s {} merge value {transformation:[-0.8908431182465263f,0.45341592356471827f,0.028505068509991786f,0.25f,0.1596925347383904f,0.37125828465110555f,-0.9146942551622081f,1.375f,-0.42531968332259645f,-0.810297035867633f,-0.4031400260982454f,3.061616997868383e-17f,0f,0f,0f,1f],start_interpolation:0}
execute if entity @s[tag=aj.dream.bone.bone8] run data modify entity @s {} merge value {transformation:[-0.8229955222589644f,0.563691168985024f,-0.07021849008624086f,0.23383216127823875f,0.18023612232397376f,0.14189944300312066f,-0.9733342120181647f,1.2506220405995778f,-0.5386959351538788f,-0.8137056065209956f,-0.21838011668873794f,0.2810610017530964f,0f,0f,0f,1f],start_interpolation:0}
execute if entity @s[tag=aj.dream.bone.mask] run data modify entity @s {} merge value {transformation:[-0.8789974703609593f,-0.23044743274877447f,-0.41744152625072345f,-0.3958333333333333f,-0.465066224523035f,0.2211030849757482f,0.8572204107591567f,1.526792645906196f,-0.10524663370827783f,0.9476325271716385f,-0.3015223698821854f,-0.39493790338244694f,0f,0f,0f,1f],start_interpolation:0}
execute if entity @s[tag=aj.dream.bone.head] run data modify entity @s {} merge value {transformation:[-1f,-9.25329073502609e-18f,1.2211459551254165e-16f,0f,0f,0.9971413439169774f,0.07555885289920809f,1.5f,-1.2246467991473532e-16f,0.07555885289920809f,-0.9971413439169774f,0f,0f,0f,0f,1f],start_interpolation:0}
execute if entity @s[tag=aj.dream.camera_origin.camera] at @s on origin run tp @s ^0 ^-1.62 ^0 ~0 ~0