execute if entity @s[tag=aj.dream.bone.bone9] run data modify entity @s {} merge value {transformation:[-0.8908431182465262f,0.44503617218749447f,0.09133095924990943f,0.25f,0.15969253473839054f,0.49494606046704004f,-0.8541233468164802f,1.375f,-0.42531968332259645f,-0.7463050332624457f,-0.5119882462571834f,3.061616997868383e-17f,0f,0f,0f,1f],start_interpolation:0}
execute if entity @s[tag=aj.dream.bone.bone8] run data modify entity @s {} merge value {transformation:[-0.8288401153630448f,0.5594408423469889f,-0.007071568359707681f,0.23618896635308295f,0.1948873620449508f,0.27684161485494857f,-0.9409450761865247f,1.2158348536513461f,-0.5244454016197823f,-0.7812711847998722f,-0.338485385978877f,0.26306325102038747f,0f,0f,0f,1f],start_interpolation:0}
execute if entity @s[tag=aj.dream.bone.mask] run data modify entity @s {} merge value {transformation:[-0.8791679688108447f,-0.24365306252431435f,-0.40950808018833545f,-0.34374999999999994f,-0.4713737459041155f,0.31883049839923305f,0.8222857805914068f,1.3999207877546112f,-0.06978878340633252f,0.9159586772409657f,-0.3951572184556987f,-0.3901043666781268f,0f,0f,0f,1f],start_interpolation:0}
execute if entity @s[tag=aj.dream.bone.head] run data modify entity @s {} merge value {transformation:[-1f,-1.4924690131530345e-17f,1.2155184676135683e-16f,0f,0f,0.992546151641322f,0.12186934340514748f,1.5f,-1.2246467991473532e-16f,0.12186934340514748f,-0.992546151641322f,0f,0f,0f,0f,1f],start_interpolation:0}
execute if entity @s[tag=aj.dream.camera_origin.camera] at @s on origin run tp @s ^0 ^-1.62 ^0 ~0 ~0