execute if entity @s[tag=aj.dream.bone.bone9] run data modify entity @s {} merge value {transformation:[-0.8908431182465262f,0.42799429793978383f,0.1523791967554538f,0.25f,0.15969253473839057f,0.609000274208783f,-0.7769278990758763f,1.375f,-0.4253196833225964f,-0.6677870520941978f,-0.6108711975807237f,3.061616997868383e-17f,0f,0f,0f,1f],start_interpolation:0}
execute if entity @s[tag=aj.dream.bone.bone8] run data modify entity @s {} merge value {transformation:[-0.8356729590847775f,0.5463443941459905f,0.05620060889120872f,0.24098199348525157f,0.20577573141474687f,0.40632635761124525f,-0.8902557157755879f,1.1837571060364809f,-0.5092220083767177f,-0.7323979069437796f,-0.4519803669288666f,0.2409800688168177f,0f,0f,0f,1f],start_interpolation:0}
execute if entity @s[tag=aj.dream.bone.mask] run data modify entity @s {} merge value {transformation:[-0.876360744836487f,-0.2601259354678707f,-0.40537185719608476f,-0.29166666666666663f,-0.4803848843761196f,0.41095711822919134f,0.7748190820054064f,1.2729717015682436f,-0.034960088280494864f,0.873755540568255f,-0.4851072536601535f,-0.39793852554629494f,0f,0f,0f,1f],start_interpolation:0}
execute if entity @s[tag=aj.dream.bone.head] run data modify entity @s {} merge value {transformation:[-1f,-2.0563765972595665e-17f,1.207258437768935e-16f,0f,0f,0.9858013254184597f,0.1679158920507771f,1.5f,-1.2246467991473532e-16f,0.1679158920507771f,-0.9858013254184597f,0f,0f,0f,0f,1f],start_interpolation:0}
execute if entity @s[tag=aj.dream.camera_origin.camera] at @s on origin run tp @s ^0 ^-1.62 ^0 ~0 ~0