execute if entity @s[tag=aj.dream.bone.bone9] run data modify entity @s {} merge value {transformation:[-0.8908431182465262f,0.4375811607785435f,0.1221526356838374f,0.25f,0.1596925347383906f,0.5533210295560924f,-0.8175170533999973f,1.375f,-0.42531968332259645f,-0.7087725770532384f,-0.5628006760796204f,3.061616997868383e-17f,0f,0f,0f,1f],start_interpolation:0}
execute if entity @s[tag=aj.dream.bone.bone8] run data modify entity @s {} merge value {transformation:[-0.8321522746692722f,0.5540001373458981f,0.024625994060792467f,0.23828568831185043f,0.20080811017037292f,0.34242860393216057f,-0.91783372900481f,1.1994168935950502f,-0.5169126566960414f,-0.7588323260311186f,-0.39620046228852746f,0.2525072477115479f,0f,0f,0f,1f],start_interpolation:0}
execute if entity @s[tag=aj.dream.bone.mask] run data modify entity @s {} merge value {transformation:[-0.8781354035006234f,-0.25139024098833834f,-0.40703950650351206f,-0.31770833333333326f,-0.4755473221466964f,0.3656975633939424f,0.8000750193118391f,1.3363993819328521f,-0.052277696180145466f,0.8961407472398286f,-0.44067993330595134f,-0.3924377749560963f,0f,0f,0f,1f],start_interpolation:0}
execute if entity @s[tag=aj.dream.bone.head] run data modify entity @s {} merge value {transformation:[-1f,-1.7749033759509426e-17f,1.211716535631266e-16f,0f,0f,0.9894416385809445f,0.14493185930724675f,1.5f,-1.2246467991473532e-16f,0.14493185930724675f,-0.9894416385809445f,0f,0f,0f,0f,1f],start_interpolation:0}
execute if entity @s[tag=aj.dream.camera_origin.camera] at @s on origin run tp @s ^0 ^-1.62 ^0 ~0 ~0