execute if entity @s[tag=aj.yuji.locator_origin.head] at @s on origin run tp @s ^0 ^1.5 ^0 ~-7.8375 ~0
execute if entity @s[tag=aj.yuji.bone.torso] run data modify entity @s {} merge value {transformation:[-0.99065880264089f,0f,-0.1363639862651359f,0f,0f,1f,0f,1.5f,0.1363639862651359f,0f,-0.99065880264089f,0f,0f,0f,0f,1f],start_interpolation:0}
execute if entity @s[tag=aj.yuji.bone.bottom2] run data modify entity @s {} merge value {transformation:[-0.99065880264089f,0f,-0.1363639862651359f,-0.3714970509903338f,0f,1f,0f,1.125f,0.1363639862651359f,0f,-0.99065880264089f,0.051136494849425965f,0f,0f,0f,1f],start_interpolation:0}
execute if entity @s[tag=aj.yuji.bone.rightarm] run data modify entity @s {} merge value {transformation:[-0.99065880264089f,0f,-0.1363639862651359f,-0.30958087582527816f,0f,1f,0f,1.375f,0.1363639862651359f,0f,-0.99065880264089f,0.04261374570785497f,0f,0f,0f,1f],start_interpolation:0}
execute if entity @s[tag=aj.yuji.bone.bottom] run data modify entity @s {} merge value {transformation:[-0.9401058742881021f,-0.3391075361885222f,-0.034742251354124926f,0.44628025062044674f,0.3155677818642107f,-0.8272171664207036f,-0.4648964773239346f,1.1869196047954862f,0.12891051228780764f,-0.4480154444648663f,0.8846831304725116f,0.06849564125078095f,0f,0f,0f,1f],start_interpolation:0}
execute if entity @s[tag=aj.yuji.bone.leftarm] run data modify entity @s {} merge value {transformation:[-0.8542355370051999f,-0.33323861492937434f,-0.39904094130476114f,0.30958087582527816f,0.018368245566871597f,0.7477295194263378f,-0.663749330194203f,1.375f,0.5195615987274587f,-0.5743279475164084f,-0.6326161188504108f,-0.04261374570785497f,0f,0f,0f,1f],start_interpolation:0}
execute if entity @s[tag=aj.yuji.bone.head] run data modify entity @s {} merge value {transformation:[-0.8894158615160801f,0.12271498044737124f,-0.4403185879081308f,0f,0.13576684204528375f,0.9907390429228792f,0.0018744143907841702f,1.5f,0.4364708350905705f,-0.058113530283908144f,-0.8978396447658576f,0f,0f,0f,0f,1f],start_interpolation:0}
execute if entity @s[tag=aj.yuji.locator_origin.mount] at @s on origin run tp @s ^0 ^0.59375 ^0 ~0 ~0
execute if entity @s[tag=aj.yuji.camera_origin.camera] at @s on origin run tp @s ^0 ^0.005 ^0 ~0 ~0