execute if entity @s[tag=aj.yuji.locator_origin.head] at @s on origin run tp @s ^0 ^1.5 ^0 ~-8.4 ~0
execute if entity @s[tag=aj.yuji.bone.torso] run data modify entity @s {} merge value {transformation:[-0.9892723329629883f,0f,-0.1460830285624115f,0f,0f,1f,0f,1.5f,0.1460830285624115f,0f,-0.9892723329629883f,0f,0f,0f,0f,1f],start_interpolation:0}
execute if entity @s[tag=aj.yuji.bone.bottom2] run data modify entity @s {} merge value {transformation:[-0.9892723329629883f,0f,-0.1460830285624115f,-0.3709771248611206f,0f,1f,0f,1.125f,0.1460830285624115f,0f,-0.9892723329629883f,0.054781135710904316f,0f,0f,0f,1f],start_interpolation:0}
execute if entity @s[tag=aj.yuji.bone.rightarm] run data modify entity @s {} merge value {transformation:[-0.9892723329629883f,0f,-0.1460830285624115f,-0.30914760405093383f,0f,1f,0f,1.375f,0.1460830285624115f,0f,-0.9892723329629883f,0.0456509464257536f,0f,0f,0f,1f],start_interpolation:0}
execute if entity @s[tag=aj.yuji.bone.bottom] run data modify entity @s {} merge value {transformation:[-0.9410413479589159f,-0.3379505765555936f,0.015185165043833354f,0.4537627634540745f,0.3144850678264764f,-0.8904771371928035f,-0.32886108047484974f,1.1940415739215096f,0.1246608340492038f,-0.30469636680251166f,0.944256215500595f,0.06725057571633167f,0f,0f,0f,1f],start_interpolation:0}
execute if entity @s[tag=aj.yuji.bone.leftarm] run data modify entity @s {} merge value {transformation:[-0.8361088154128381f,-0.36943343375935306f,-0.4055132387601105f,0.30914760405093383f,0.0192395290991772f,0.7190238220391671f,-0.6947190683004391f,1.375f,0.5482261297211056f,-0.5886626209986174f,-0.5940744307997573f,-0.0456509464257536f,0f,0f,0f,1f],start_interpolation:0}
execute if entity @s[tag=aj.yuji.bone.head] run data modify entity @s {} merge value {transformation:[-0.8733721253482528f,0.12991042545668224f,-0.46940857685212745f,0f,0.14431830778274266f,0.989516926730723f,0.005336455013451414f,1.5f,0.46518099348898745f,-0.06308354041308112f,-0.8829649541321275f,0f,0f,0f,0f,1f],start_interpolation:0}
execute if entity @s[tag=aj.yuji.locator_origin.mount] at @s on origin run tp @s ^0 ^0.59375 ^0 ~0 ~0
execute if entity @s[tag=aj.yuji.camera_origin.camera] at @s on origin run tp @s ^0 ^0.005 ^0 ~0 ~0