execute if entity @s[tag=aj.yuji.locator_origin.head] at @s on origin run tp @s ^0 ^1.5 ^0 ~4.68 ~0
execute if entity @s[tag=aj.yuji.bone.torso] run data modify entity @s {} merge value {transformation:[-0.9966659280340299f,0f,0.08159061156815765f,0f,0f,1f,0f,1.5f,-0.08159061156815765f,0f,-0.9966659280340299f,0f,0f,0f,0f,1f],start_interpolation:0}
execute if entity @s[tag=aj.yuji.bone.bottom2] run data modify entity @s {} merge value {transformation:[-0.956189762539278f,0.14303624377422694f,0.2554246874952362f,-0.40175315672926776f,-0.2540242085281391f,0.028281149906085268f,-0.9667842975770976f,1.147423684016333f,-0.14550889834210023f,-0.9893133020064722f,0.009292522602548592f,0.054889957632295615f,0f,0f,0f,1f],start_interpolation:0}
execute if entity @s[tag=aj.yuji.bone.rightarm] run data modify entity @s {} merge value {transformation:[-0.9475085394216192f,0.12430308201912887f,0.2945781925459788f,-0.3114581025106343f,-0.011556782241842721f,0.9074160683742074f,-0.4200744215499324f,1.375f,-0.3195215305849117f,-0.40142847763560746f,-0.8583479299420683f,-0.025497066115049268f,0f,0f,0f,1f],start_interpolation:0}
execute if entity @s[tag=aj.yuji.bone.bottom] run data modify entity @s {} merge value {transformation:[-0.9966659280340299f,0f,0.08159061156815765f,0.3737497230127612f,0f,1f,0f,1.125f,-0.08159061156815765f,0f,-0.9966659280340299f,0.03059647933805912f,0f,0f,0f,1f],start_interpolation:0}
execute if entity @s[tag=aj.yuji.bone.leftarm] run data modify entity @s {} merge value {transformation:[-0.9966659280340299f,0f,0.08159061156815765f,0.3114581025106343f,0f,1f,0f,1.375f,-0.08159061156815765f,0f,-0.9966659280340299f,0.025497066115049268f,0f,0f,0f,1f],start_interpolation:0}
execute if entity @s[tag=aj.yuji.bone.head] run data modify entity @s {} merge value {transformation:[-0.9600296128035887f,-0.07833713430501746f,0.2687125526079294f,0f,-0.0839714911196203f,0.9964226777777109f,-0.009520288306754348f,1.5f,-0.26700548911836836f,-0.03170395242195916f,-0.9631733635132811f,0f,0f,0f,0f,1f],start_interpolation:0}
execute if entity @s[tag=aj.yuji.locator_origin.mount] at @s on origin run tp @s ^0 ^0.59375 ^0 ~0 ~0
execute if entity @s[tag=aj.yuji.camera_origin.camera] at @s on origin run tp @s ^0 ^0.005 ^0 ~0 ~0