execute if entity @s[tag=aj.yuji.locator_origin.head] at @s on origin run tp @s ^0 ^1.5 ^0 ~-1.52344 ~0
execute if entity @s[tag=aj.yuji.bone.torso] run data modify entity @s {} merge value {transformation:[-0.9996465333559768f,0f,-0.02658586747461867f,0f,0f,1f,0f,1.5f,0.02658586747461867f,0f,-0.9996465333559768f,0f,0f,0f,0f,1f],start_interpolation:0}
execute if entity @s[tag=aj.yuji.bone.bottom2] run data modify entity @s {} merge value {transformation:[-0.9996465333559768f,0f,-0.02658586747461867f,-0.37486745000849125f,0f,1f,0f,1.125f,0.02658586747461867f,0f,-0.9996465333559768f,0.009969700302982f,0f,0f,0f,1f],start_interpolation:0}
execute if entity @s[tag=aj.yuji.bone.rightarm] run data modify entity @s {} merge value {transformation:[-0.9996465333559768f,0f,-0.02658586747461867f,-0.3123895416737427f,0f,1f,0f,1.375f,0.02658586747461867f,0f,-0.9996465333559768f,0.008308083585818334f,0f,0f,0f,1f],start_interpolation:0}
execute if entity @s[tag=aj.yuji.bone.bottom] run data modify entity @s {} merge value {transformation:[-0.9924451507413529f,0.048763702790609355f,-0.1125820769932889f,0.3773206460048206f,0.09664164112523435f,0.8760241289160464f,-0.47248504606760156f,1.1272681256620716f,0.07558449557015728f,-0.47979560944951466f,-0.8741185029401753f,0.02031219117462913f,0f,0f,0f,1f],start_interpolation:0}
execute if entity @s[tag=aj.yuji.bone.leftarm] run data modify entity @s {} merge value {transformation:[-0.9943935972250733f,-0.011126018018043256f,-0.10515505466139592f,0.3123895416737427f,0.003864136396055911f,0.9899614632526998f,-0.14128471157377978f,1.375f,0.10567138802765705f,-0.14089894604870412f,-0.9843683481068825f,-0.008308083585818334f,0f,0f,0f,1f],start_interpolation:0}
execute if entity @s[tag=aj.yuji.bone.head] run data modify entity @s {} merge value {transformation:[-0.9957359593016538f,0.027114249115771386f,-0.08817435482328796f,0f,0.02780716500265993f,0.999591256211464f,-0.006639433718474376f,1.5f,0.08795829084361541f,-0.00906300173645908f,-0.9960829288123528f,0f,0f,0f,0f,1f],start_interpolation:0}
execute if entity @s[tag=aj.yuji.locator_origin.mount] at @s on origin run tp @s ^0 ^0.59375 ^0 ~0 ~0
execute if entity @s[tag=aj.yuji.camera_origin.camera] at @s on origin run tp @s ^0 ^0.005 ^0 ~0 ~0