execute if entity @s[tag=aj.yuji.locator_origin.head] at @s on origin run tp @s ^0 ^1.5 ^0 ~-8.2875 ~0
execute if entity @s[tag=aj.yuji.bone.torso] run data modify entity @s {} merge value {transformation:[-0.9895572591572908f,0f,-0.14414031652910464f,0f,0f,1f,0f,1.5f,0.14414031652910464f,0f,-0.9895572591572908f,0f,0f,0f,0f,1f],start_interpolation:0}
execute if entity @s[tag=aj.yuji.bone.bottom2] run data modify entity @s {} merge value {transformation:[-0.9895572591572908f,0f,-0.14414031652910464f,-0.37108397218398403f,0f,1f,0f,1.125f,0.14414031652910464f,0f,-0.9895572591572908f,0.05405261869841424f,0f,0f,0f,1f],start_interpolation:0}
execute if entity @s[tag=aj.yuji.bone.rightarm] run data modify entity @s {} merge value {transformation:[-0.9895572591572908f,0f,-0.14414031652910464f,-0.30923664348665336f,0f,1f,0f,1.375f,0.14414031652910464f,0f,-0.9895572591572908f,0.0450438489153452f,0f,0f,0f,1f],start_interpolation:0}
execute if entity @s[tag=aj.yuji.bone.bottom] run data modify entity @s {} merge value {transformation:[-0.9412843047724504f,-0.3373516555701894f,0.01333109421979392f,0.45362984264354755f,0.31448506782647623f,-0.8904771371928041f,-0.328861080474849f,1.1940415739215098f,0.12281286456728119f,-0.305359343431572f,0.9442842112816556f,0.06814140661042133f,0f,0f,0f,1f],start_interpolation:0}
execute if entity @s[tag=aj.yuji.bone.leftarm] run data modify entity @s {} merge value {transformation:[-0.8371836424791085f,-0.3682768860077996f,-0.4043459954022181f,0.30923664348665336f,0.01923952909917717f,0.7190238220391669f,-0.6947190683004393f,1.375f,0.54658337816426f,-0.5893868666441311f,-0.5948695084990986f,-0.0450438489153452f,0f,0f,0f,1f],start_interpolation:0}
execute if entity @s[tag=aj.yuji.bone.head] run data modify entity @s {} merge value {transformation:[-0.8766614489706455f,0.12848815954527168f,-0.4636329331975426f,0f,0.14262699488341993f,0.9897657719512477f,0.004610531886401512f,1.5f,0.4594804067848956f,-0.06208469642689278f,-0.8860153758543738f,0f,0f,0f,0f,1f],start_interpolation:0}
execute if entity @s[tag=aj.yuji.locator_origin.mount] at @s on origin run tp @s ^0 ^0.59375 ^0 ~0 ~0
execute if entity @s[tag=aj.yuji.camera_origin.camera] at @s on origin run tp @s ^0 ^0.005 ^0 ~0 ~0