execute if entity @s[tag=aj.yuji.locator_origin.head] at @s on origin run tp @s ^0 ^1.5 ^0 ~7.91016 ~0
execute if entity @s[tag=aj.yuji.bone.torso] run data modify entity @s {} merge value {transformation:[-0.990485084256457f,0f,0.13762012158648618f,0f,0f,1f,0f,1.5f,-0.13762012158648618f,0f,-0.990485084256457f,0f,0f,0f,0f,1f],start_interpolation:0}
execute if entity @s[tag=aj.yuji.bone.bottom2] run data modify entity @s {} merge value {transformation:[-0.9400950382574038f,0.33958267998193015f,0.03008192979348362f,-0.4469476186736318f,-0.31558005213174234f,-0.8334651851731271f,-0.4535912430821958f,1.1875188741328064f,-0.12895948875649638f,-0.4359121339910311f,0.8907020049932795f,0.06822562289459849f,0f,0f,0f,1f],start_interpolation:0}
execute if entity @s[tag=aj.yuji.bone.rightarm] run data modify entity @s {} merge value {transformation:[-0.8524943476525292f,0.3365605324608236f,0.3999754932619939f,-0.30952658883014283f,-0.01844512711003851f,0.7453132216912648f,-0.6664592852215971f,1.375f,-0.5224109153782901f,-0.5755303724060742f,-0.6291674069210376f,-0.04300628799577693f,0f,0f,0f,1f],start_interpolation:0}
execute if entity @s[tag=aj.yuji.bone.bottom] run data modify entity @s {} merge value {transformation:[-0.990485084256457f,0f,0.13762012158648618f,0.3714319065961714f,0f,1f,0f,1.125f,-0.13762012158648618f,0f,-0.990485084256457f,0.051607545594932316f,0f,0f,0f,1f],start_interpolation:0}
execute if entity @s[tag=aj.yuji.bone.leftarm] run data modify entity @s {} merge value {transformation:[-0.990485084256457f,0f,0.13762012158648618f,0.30952658883014283f,0f,1f,0f,1.375f,-0.13762012158648618f,0f,-0.990485084256457f,0.04300628799577693f,0f,0f,0f,1f],start_interpolation:0}
execute if entity @s[tag=aj.yuji.bone.head] run data modify entity @s {} merge value {transformation:[-0.8874006767692713f,-0.12365700475403966f,0.44410469941748953f,0f,-0.1368852859898977f,0.9905842404072812f,0.0022980722777041773f,1.5f,-0.440207289068347f,-0.05875208789472119f,-0.8959719497948068f,0f,0f,0f,0f,1f],start_interpolation:0}
execute if entity @s[tag=aj.yuji.locator_origin.mount] at @s on origin run tp @s ^0 ^0.59375 ^0 ~0 ~0
execute if entity @s[tag=aj.yuji.camera_origin.camera] at @s on origin run tp @s ^0 ^0.005 ^0 ~0 ~0