execute if entity @s[tag=aj.yuji.locator_origin.head] at @s on origin run tp @s ^0 ^1.5 ^0 ~7.5 ~0
execute if entity @s[tag=aj.yuji.bone.torso] run data modify entity @s {} merge value {transformation:[-0.9914448613738104f,0f,0.13052619222005168f,0f,0f,1f,0f,1.5f,-0.13052619222005168f,0f,-0.9914448613738104f,0f,0f,0f,0f,1f],start_interpolation:0}
execute if entity @s[tag=aj.yuji.bone.bottom2] run data modify entity @s {} merge value {transformation:[-0.9397688857917326f,0.3340369308835825f,0.07248289524875623f,-0.4405232025347122f,-0.3145255907474068f,-0.7620642331060058f,-0.5659785838576842f,1.1814573518758422f,-0.13382112711661107f,-0.5546867885811156f,0.8212274182653717f,0.06814114060669657f,0f,0f,0f,1f],start_interpolation:0}
execute if entity @s[tag=aj.yuji.bone.rightarm] run data modify entity @s {} merge value {transformation:[-0.8670540367456014f,0.30602322423518546f,0.39315020487322494f,-0.30982651917931575f,-0.017647813107957086f,0.7697586392196415f,-0.6380910530944878f,1.375f,-0.497901448135737f,-0.5601976647357851f,-0.662021694787194f,-0.04078943506876615f,0f,0f,0f,1f],start_interpolation:0}
execute if entity @s[tag=aj.yuji.bone.bottom] run data modify entity @s {} merge value {transformation:[-0.9914448613738104f,0f,0.13052619222005168f,0.3717918230151789f,0f,1f,0f,1.125f,-0.13052619222005168f,0f,-0.9914448613738104f,0.04894732208251938f,0f,0f,0f,1f],start_interpolation:0}
execute if entity @s[tag=aj.yuji.bone.leftarm] run data modify entity @s {} merge value {transformation:[-0.9914448613738104f,0f,0.13052619222005168f,0.30982651917931575f,0f,1f,0f,1.375f,-0.13052619222005168f,0f,-0.9914448613738104f,0.04078943506876615f,0f,0f,0f,1f],start_interpolation:0}
execute if entity @s[tag=aj.yuji.bone.head] run data modify entity @s {} merge value {transformation:[-0.8985542373066605f,-0.11829688195876051f,0.42261818505251353f,0f,-0.13052614549630095f,0.9914448675251071f,3.631464566555831e-8f,1.5f,-0.41900263478899985f,-0.055162690080868285f,-0.9063078227969336f,0f,0f,0f,0f,1f],start_interpolation:0}
execute if entity @s[tag=aj.yuji.locator_origin.mount] at @s on origin run tp @s ^0 ^0.59375 ^0 ~0 ~0
execute if entity @s[tag=aj.yuji.camera_origin.camera] at @s on origin run tp @s ^0 ^0.005 ^0 ~0 ~0