execute if entity @s[tag=aj.yuji.locator_origin.head] at @s on origin run tp @s ^0 ^1.5 ^0 ~8.4375 ~0
execute if entity @s[tag=aj.yuji.bone.torso] run data modify entity @s {} merge value {transformation:[-0.989176509964781f,0f,0.14673047445536186f,0f,0f,1f,0f,1.5f,-0.14673047445536186f,0f,-0.989176509964781f,0f,0f,0f,0f,1f],start_interpolation:0}
execute if entity @s[tag=aj.yuji.bone.bottom2] run data modify entity @s {} merge value {transformation:[-0.9415683320380714f,0.33590411523492f,-0.024849576883522073f,-0.4553548421405508f,-0.31387421632147733f,-0.9017934391780106f,-0.29707165698543986f,1.1956877116032538f,-0.1221967775009755f,-0.27191362309333095f,0.9545317852982349f,0.06758410859378643f,0f,0f,0f,1f],start_interpolation:0}
execute if entity @s[tag=aj.yuji.bone.rightarm] run data modify entity @s {} merge value {transformation:[-0.8327578865994822f,0.3767592594563563f,0.4056682914898107f,-0.30911765936399405f,-0.01943150994137663f,0.7123912761016405f,-0.7015134254992376f,1.375f,-0.5532962305381831f,-0.5920735850788938f,-0.5859284522226784f,-0.045853273267300584f,0f,0f,0f,1f],start_interpolation:0}
execute if entity @s[tag=aj.yuji.bone.bottom] run data modify entity @s {} merge value {transformation:[-0.989176509964781f,0f,0.14673047445536186f,0.37094119123679287f,0f,1f,0f,1.125f,-0.14673047445536186f,0f,-0.989176509964781f,0.055023927920760704f,0f,0f,0f,1f],start_interpolation:0}
execute if entity @s[tag=aj.yuji.bone.leftarm] run data modify entity @s {} merge value {transformation:[-0.989176509964781f,0f,0.14673047445536186f,0.30911765936399405f,0f,1f,0f,1.375f,-0.14673047445536186f,0f,-0.989176509964781f,0.045853273267300584f,0f,0f,0f,1f],start_interpolation:0}
execute if entity @s[tag=aj.yuji.bone.head] run data modify entity @s {} merge value {transformation:[-0.8722670504322823f,-0.1303834543518659f,0.4713282800357319f,0f,-0.1448806943702257f,0.9894333845919131f,0.005582280339840259f,1.5f,-0.4670757723635081f,-0.06341712928118244f,-0.881940185378105f,0f,0f,0f,0f,1f],start_interpolation:0}
execute if entity @s[tag=aj.yuji.locator_origin.mount] at @s on origin run tp @s ^0 ^0.59375 ^0 ~0 ~0
execute if entity @s[tag=aj.yuji.camera_origin.camera] at @s on origin run tp @s ^0 ^0.005 ^0 ~0 ~0