execute if entity @s[tag=aj.yuji.locator_origin.head] at @s on origin run tp @s ^0 ^1.5 ^0 ~4.21875 ~0
execute if entity @s[tag=aj.yuji.bone.torso] run data modify entity @s {} merge value {transformation:[-0.9972904566786902f,0f,0.07356456359966755f,0f,0f,1f,0f,1.5f,-0.07356456359966755f,0f,-0.9972904566786902f,0f,0f,0f,0f,1f],start_interpolation:0}
execute if entity @s[tag=aj.yuji.bone.bottom2] run data modify entity @s {} merge value {transformation:[-0.9657552540889456f,0.0674846926302583f,0.25052466038335564f,-0.39241695539223165f,-0.21582697110226606f,0.3269449069980532f,-0.9200683378602135f,1.139398576347704f,-0.14399829076908427f,-0.9426308100463479f,-0.3011837449248356f,0.04315822744436923f,0f,0f,0f,1f],start_interpolation:0}
execute if entity @s[tag=aj.yuji.bone.rightarm] run data modify entity @s {} merge value {transformation:[-0.9640503775825505f,0.0820421563249262f,0.2527369266025411f,-0.3116532677120907f,-0.009360797535655906f,0.9400654952252702f,-0.34086542822111493f,1.375f,-0.26555459881621013f,-0.3309772639811139f,-0.9055025156095028f,-0.02298892612489611f,0f,0f,0f,1f],start_interpolation:0}
execute if entity @s[tag=aj.yuji.bone.bottom] run data modify entity @s {} merge value {transformation:[-0.9972904566786902f,0f,0.07356456359966755f,0.3739839212545088f,0f,1f,0f,1.125f,-0.07356456359966755f,0f,-0.9972904566786902f,0.027586711349875333f,0f,0f,0f,1f],start_interpolation:0}
execute if entity @s[tag=aj.yuji.bone.leftarm] run data modify entity @s {} merge value {transformation:[-0.9972904566786902f,0f,0.07356456359966755f,0.3116532677120907f,0f,1f,0f,1.375f,-0.07356456359966755f,0f,-0.9972904566786902f,0.02298892612489611f,0f,0f,0f,1f],start_interpolation:0}
execute if entity @s[tag=aj.yuji.bone.head] run data modify entity @s {} merge value {transformation:[-0.9674742340660883f,-0.07252609032537075f,0.24235010344613406f,0f,-0.07596911093542007f,0.9970982327367371f,-0.0048793910437009945f,1.5f,-0.2412929766941374f,-0.023131807006623435f,-0.9701765916072655f,0f,0f,0f,0f,1f],start_interpolation:0}
execute if entity @s[tag=aj.yuji.locator_origin.mount] at @s on origin run tp @s ^0 ^0.59375 ^0 ~0 ~0
execute if entity @s[tag=aj.yuji.camera_origin.camera] at @s on origin run tp @s ^0 ^0.005 ^0 ~0 ~0