execute if entity @s[tag=aj.yuji.locator_origin.head] at @s on origin run tp @s ^0 ^1.5 ^0 ~-8.4375 ~0
execute if entity @s[tag=aj.yuji.bone.torso] run data modify entity @s {} merge value {transformation:[-0.989176509964781f,0f,-0.14673047445536164f,0f,0f,1f,0f,1.5f,0.14673047445536164f,0f,-0.989176509964781f,0f,0f,0f,0f,1f],start_interpolation:0}
execute if entity @s[tag=aj.yuji.bone.bottom2] run data modify entity @s {} merge value {transformation:[-0.989176509964781f,0f,-0.14673047445536164f,-0.37094119123679287f,0f,1f,0f,1.125f,0.14673047445536164f,0f,-0.989176509964781f,0.05502392792076062f,0f,0f,0f,1f],start_interpolation:0}
execute if entity @s[tag=aj.yuji.bone.rightarm] run data modify entity @s {} merge value {transformation:[-0.989176509964781f,0f,-0.14673047445536164f,-0.30911765936399405f,0f,1f,0f,1.375f,0.14673047445536164f,0f,-0.989176509964781f,0.045853273267300515f,0f,0f,0f,1f],start_interpolation:0}
execute if entity @s[tag=aj.yuji.bone.bottom] run data modify entity @s {} merge value {transformation:[-0.9414990808200989f,-0.3361705188569243f,0.023850850432956677f,0.4551827697499357f,0.3139480648659254f,-0.9005903045890905f,-0.30062221449365667f,1.1955041165957103f,0.12254017048237537f,-0.27554761028104696f,0.9534450278262269f,0.06751542333302347f,0f,0f,0f,1f],start_interpolation:0}
execute if entity @s[tag=aj.yuji.bone.leftarm] run data modify entity @s {} merge value {transformation:[-0.833091645883487f,-0.37598753007289487f,-0.40569901009101156f,0.30911765936399405f,0.01940963678529173f,0.7131311244208359f,-0.7007619177596177f,1.375f,0.5527943338702068f,-0.5916733698688477f,-0.5868058007799821f,-0.045853273267300515f,0f,0f,0f,1f],start_interpolation:0}
execute if entity @s[tag=aj.yuji.bone.head] run data modify entity @s {} merge value {transformation:[-0.872266797941801f,0.1303826539743956f,-0.4713289687160661f,0f,0.14487992255622095f,0.989433498457927f,0.0055821294691725636f,1.5f,0.46707648329632356f,-0.06341699828831543f,-0.8819398182867348f,0f,0f,0f,0f,1f],start_interpolation:0}
execute if entity @s[tag=aj.yuji.locator_origin.mount] at @s on origin run tp @s ^0 ^0.59375 ^0 ~0 ~0
execute if entity @s[tag=aj.yuji.camera_origin.camera] at @s on origin run tp @s ^0 ^0.005 ^0 ~0 ~0