execute if entity @s[tag=aj.yuji.locator_origin.head] at @s on origin run tp @s ^0 ^1.5 ^0 ~-7.8375 ~0
execute if entity @s[tag=aj.yuji.bone.torso] run data modify entity @s {} merge value {transformation:[-0.99065880264089f,0f,-0.1363639862651359f,0f,0f,1f,0f,1.5f,0.1363639862651359f,0f,-0.99065880264089f,0f,0f,0f,0f,1f],start_interpolation:0}
execute if entity @s[tag=aj.yuji.bone.bottom2] run data modify entity @s {} merge value {transformation:[-0.99065880264089f,0f,-0.1363639862651359f,-0.3714970509903338f,0f,1f,0f,1.125f,0.1363639862651359f,0f,-0.99065880264089f,0.051136494849425965f,0f,0f,0f,1f],start_interpolation:0}
execute if entity @s[tag=aj.yuji.bone.rightarm] run data modify entity @s {} merge value {transformation:[-0.99065880264089f,0f,-0.1363639862651359f,-0.30958087582527816f,0f,1f,0f,1.375f,0.1363639862651359f,0f,-0.99065880264089f,0.04261374570785497f,0f,0f,0f,1f],start_interpolation:0}
execute if entity @s[tag=aj.yuji.bone.bottom] run data modify entity @s {} merge value {transformation:[-0.9389645063175693f,-0.33729811312616376f,-0.0676434679576176f,0.44091705715672797f,0.3145248071004131f,-0.7620643088771113f,-0.5659789173229852f,1.181457432829049f,0.13935494822305897f,-0.5527096634013018f,0.8216399615333764f,0.06554508271659909f,0f,0f,0f,1f],start_interpolation:0}
execute if entity @s[tag=aj.yuji.bone.leftarm] run data modify entity @s {} merge value {transformation:[-0.8641062296693325f,-0.30931816790846617f,-0.3970424345689021f,0.30958087582527816f,0.017647168864759658f,0.7697584764676138f,-0.6380912672473404f,1.375f,0.503000001270089f,-0.5583853140153385f,-0.6596945049144205f,-0.04261374570785497f,0f,0f,0f,1f],start_interpolation:0}
execute if entity @s[tag=aj.yuji.bone.head] run data modify entity @s {} merge value {transformation:[-0.8894158615160801f,0.12271498044737124f,-0.4403185879081308f,0f,0.13576684204528375f,0.9907390429228792f,0.0018744143907841702f,1.5f,0.4364708350905705f,-0.058113530283908144f,-0.8978396447658576f,0f,0f,0f,0f,1f],start_interpolation:0}
execute if entity @s[tag=aj.yuji.locator_origin.mount] at @s on origin run tp @s ^0 ^0.59375 ^0 ~0 ~0
execute if entity @s[tag=aj.yuji.camera_origin.camera] at @s on origin run tp @s ^0 ^0.005 ^0 ~0 ~0