execute if entity @s[tag=aj.yuji.locator_origin.head] at @s on origin run tp @s ^0 ^1.5 ^0 ~-6.15234 ~0
execute if entity @s[tag=aj.yuji.bone.torso] run data modify entity @s {} merge value {transformation:[-0.9942404494531879f,0f,-0.10717242495680872f,0f,0f,1f,0f,1.5f,0.10717242495680872f,0f,-0.9942404494531879f,0f,0f,0f,0f,1f],start_interpolation:0}
execute if entity @s[tag=aj.yuji.bone.bottom2] run data modify entity @s {} merge value {transformation:[-0.993218380678427f,0.002350385022365442f,-0.11623994138319986f,-0.37336388550211425f,0.0004472655247047901f,0.9998654812558967f,0.016395711221676042f,1.1250615837813198f,0.11626284116635681f,0.016232531631289782f,-0.9930858254354281f,0.03669967746407758f,0f,0f,0f,1f],start_interpolation:0}
execute if entity @s[tag=aj.yuji.bone.rightarm] run data modify entity @s {} merge value {transformation:[-0.993218380678427f,0.002350385022365442f,-0.11623994138319986f,-0.3107001404541212f,0.0004472655247047901f,0.9998654812558967f,0.016395711221676042f,1.375f,0.11626284116635681f,0.016232531631289782f,-0.9930858254354281f,0.033491382799002725f,0f,0f,0f,1f],start_interpolation:0}
execute if entity @s[tag=aj.yuji.bone.bottom] run data modify entity @s {} merge value {transformation:[-0.9521354214177354f,-0.16840907972703595f,-0.25510100185448875f,0.40303097111024616f,0.25402360050826334f,0.02828122549679124f,-0.9667844551239009f,1.1474237204770272f,0.17002984933972423f,-0.9853113995838536f,0.015852324233947612f,0.04454902153639076f,0f,0f,0f,1f],start_interpolation:0}
execute if entity @s[tag=aj.yuji.bone.leftarm] run data modify entity @s {} merge value {transformation:[-0.9389858363903383f,-0.13457686352691525f,-0.3165354117023792f,0.3107001404541212f,0.011556359806701007f,0.9074160281402162f,-0.4200745200821546f,1.375f,0.3437616174129316f,-0.39810202169480685f,-0.8504955794806652f,-0.033491382799002725f,0f,0f,0f,1f],start_interpolation:0}
execute if entity @s[tag=aj.yuji.bone.head] run data modify entity @s {} merge value {transformation:[-0.9313018528916925f,0.10055673402862615f,-0.3500931333830989f,0f,0.10884331841956629f,0.9940507880041052f,-0.004020311410128034f,1.5f,0.3476060857291153f,-0.041849421858774175f,-0.9367062693577796f,0f,0f,0f,0f,1f],start_interpolation:0}
execute if entity @s[tag=aj.yuji.locator_origin.mount] at @s on origin run tp @s ^0 ^0.59375 ^0 ~0 ~0
execute if entity @s[tag=aj.yuji.camera_origin.camera] at @s on origin run tp @s ^0 ^0.005 ^0 ~0 ~0