execute if entity @s[tag=aj.yuji.locator_origin.head] at @s on origin run tp @s ^0 ^1.5 ^0 ~-5.97656 ~0
execute if entity @s[tag=aj.yuji.bone.torso] run data modify entity @s {} merge value {transformation:[-0.9945645707342554f,0f,-0.10412163387205442f,0f,0f,1f,0f,1.5f,0.10412163387205442f,0f,-0.9945645707342554f,0f,0f,0f,0f,1f],start_interpolation:0}
execute if entity @s[tag=aj.yuji.bone.bottom2] run data modify entity @s {} merge value {transformation:[-0.9945645707342554f,0f,-0.10412163387205442f,-0.3729617140253457f,0f,1f,0f,1.125f,0.10412163387205442f,0f,-0.9945645707342554f,0.03904561270202041f,0f,0f,0f,1f],start_interpolation:0}
execute if entity @s[tag=aj.yuji.bone.rightarm] run data modify entity @s {} merge value {transformation:[-0.9945645707342554f,0f,-0.10412163387205442f,-0.3108014283544548f,0f,1f,0f,1.375f,0.10412163387205442f,0f,-0.9945645707342554f,0.032538010585017006f,0f,0f,0f,1f],start_interpolation:0}
execute if entity @s[tag=aj.yuji.bone.bottom] run data modify entity @s {} merge value {transformation:[-0.9448915537137205f,-0.2557874895611195f,-0.20433480345866506f,0.4181227285338482f,0.2929210449193288f,-0.3817954934022096f,-0.8766010852498026f,1.161338101114827f,0.14620948383685534f,-0.8881469255713176f,0.43568087568124547f,0.0635712058959563f,0f,0f,0f,1f],start_interpolation:0}
execute if entity @s[tag=aj.yuji.bone.leftarm] run data modify entity @s {} merge value {transformation:[-0.914872449627995f,-0.20056708831057485f,-0.3504015467977984f,0.3108014283544548f,0.014476930746886899f,0.8510283628539708f,-0.5249201311573409f,1.375f,0.40348335701466237f,-0.48530770517755883f,-0.7756788071795375f,-0.032538010585017006f,0f,0f,0f,1f],start_interpolation:0}
execute if entity @s[tag=aj.yuji.bone.head] run data modify entity @s {} merge value {transformation:[-0.9351237821950175f,0.09738799201395085f,-0.3406744648264324f,0f,0.10593366812146401f,0.9943517848695064f,-0.006525786171671481f,1.5f,0.3381147289480554f,-0.042191313541030034f,-0.9401586691245608f,0f,0f,0f,0f,1f],start_interpolation:0}
execute if entity @s[tag=aj.yuji.locator_origin.mount] at @s on origin run tp @s ^0 ^0.59375 ^0 ~0 ~0
execute if entity @s[tag=aj.yuji.camera_origin.camera] at @s on origin run tp @s ^0 ^0.005 ^0 ~0 ~0