execute if entity @s[tag=aj.yuji.locator_origin.head] at @s on origin run tp @s ^0 ^1.5 ^0 ~2.05078 ~0
execute if entity @s[tag=aj.yuji.bone.torso] run data modify entity @s {} merge value {transformation:[-0.999359503074274f,0f,0.035785242980035055f,0f,0f,1f,0f,1.5f,-0.035785242980035055f,0f,-0.999359503074274f,0f,0f,0f,0f,1f],start_interpolation:0}
execute if entity @s[tag=aj.yuji.bone.bottom2] run data modify entity @s {} merge value {transformation:[-0.9917074355382903f,-0.044345946360140345f,0.12062254905071121f,-0.37749157873079237f,-0.09664187670750196f,0.8760241074356454f,-0.47248503770810846f,1.1272681165613103f,-0.08471546473058901f,-0.4802241145892241f,-0.8730452965353378f,0.016838563054599465f,0f,0f,0f,1f],start_interpolation:0}
execute if entity @s[tag=aj.yuji.bone.rightarm] run data modify entity @s {} merge value {transformation:[-0.9933789010776729f,0.012422210810908673f,0.11421054054807905f,-0.31229984471071065f,-0.0038642777466880145f,0.9899614643180864f,-0.1412847002427602f,1.375f,-0.11481910229230814f,-0.14079058151651871f,-0.9833588286607432f,-0.011182888431260954f,0f,0f,0f,1f],start_interpolation:0}
execute if entity @s[tag=aj.yuji.bone.bottom] run data modify entity @s {} merge value {transformation:[-0.999359503074274f,0f,0.035785242980035055f,0.37475981365285277f,0f,1f,0f,1.125f,-0.035785242980035055f,0f,-0.999359503074274f,0.013419466117513145f,0f,0f,0f,1f],start_interpolation:0}
execute if entity @s[tag=aj.yuji.bone.leftarm] run data modify entity @s {} merge value {transformation:[-0.999359503074274f,0f,0.035785242980035055f,0.31229984471071065f,0f,1f,0f,1.375f,-0.035785242980035055f,0f,-0.999359503074274f,0.011182888431260954f,0f,0f,0f,1f],start_interpolation:0}
execute if entity @s[tag=aj.yuji.bone.head] run data modify entity @s {} merge value {transformation:[-0.9922780198547344f,-0.03682933481925688f,0.11843956859908973f,0f,-0.037371399871326365f,0.9992986625570437f,-0.0023582797461522403f,1.5f,-0.1182696486205351f,-0.006766321635479444f,-0.9929584619241131f,0f,0f,0f,0f,1f],start_interpolation:0}
execute if entity @s[tag=aj.yuji.locator_origin.mount] at @s on origin run tp @s ^0 ^0.59375 ^0 ~0 ~0
execute if entity @s[tag=aj.yuji.camera_origin.camera] at @s on origin run tp @s ^0 ^0.005 ^0 ~0 ~0