execute if entity @s[tag=aj.yuji.locator_origin.head] at @s on origin run tp @s ^0 ^1.5 ^0 ~6.15234 ~0
execute if entity @s[tag=aj.yuji.bone.torso] run data modify entity @s {} merge value {transformation:[-0.9942404494531879f,0f,0.107172424956809f,0f,0f,1f,0f,1.5f,-0.107172424956809f,0f,-0.9942404494531879f,0f,0f,0f,0f,1f],start_interpolation:0}
execute if entity @s[tag=aj.yuji.bone.bottom2] run data modify entity @s {} merge value {transformation:[-0.9444383791675129f,0.25851108814957163f,0.20299794397768015f,-0.41831568957027454f,-0.2929217517534803f,-0.3817955283898554f,-0.8766008338184396f,1.1613380470753583f,-0.1491073281402139f,-0.8873579840206742f,0.43630587079439004f,0.0622881215892377f,0f,0f,0f,1f],start_interpolation:0}
execute if entity @s[tag=aj.yuji.bone.rightarm] run data modify entity @s {} merge value {transformation:[-0.9136302100588152f,0.20205464394990966f,0.35278004496592563f,-0.3107001404541212f,-0.014477459670310389f,0.8510284467809891f,-0.5249199805027731f,1.375f,-0.4062883734853605f,-0.48469011092430214f,-0.7746000606395586f,-0.03349138279900281f,0f,0f,0f,1f],start_interpolation:0}
execute if entity @s[tag=aj.yuji.bone.bottom] run data modify entity @s {} merge value {transformation:[-0.9942404494531879f,0f,0.107172424956809f,0.37284016854494545f,0f,1f,0f,1.125f,-0.107172424956809f,0f,-0.9942404494531879f,0.04018965935880337f,0f,0f,0f,1f],start_interpolation:0}
execute if entity @s[tag=aj.yuji.bone.leftarm] run data modify entity @s {} merge value {transformation:[-0.9942404494531879f,0f,0.107172424956809f,0.3107001404541212f,0f,1f,0f,1.375f,-0.107172424956809f,0f,-0.9942404494531879f,0.03349138279900281f,0f,0f,0f,1f],start_interpolation:0}
execute if entity @s[tag=aj.yuji.bone.head] run data modify entity @s {} merge value {transformation:[-0.9313019816727741f,-0.10055728368089119f,0.350092632928893f,0f,-0.10884385340861819f,0.9940507297288051f,-0.004020236410106256f,1.5f,-0.3476055731824895f,-0.04184948535347461f,-0.9367064567238352f,0f,0f,0f,0f,1f],start_interpolation:0}
execute if entity @s[tag=aj.yuji.locator_origin.mount] at @s on origin run tp @s ^0 ^0.59375 ^0 ~0 ~0
execute if entity @s[tag=aj.yuji.camera_origin.camera] at @s on origin run tp @s ^0 ^0.005 ^0 ~0 ~0