execute if entity @s[tag=aj.yuji.locator_origin.head] at @s on origin run tp @s ^0 ^1.5 ^0 ~1.14 ~0
execute if entity @s[tag=aj.yuji.bone.torso] run data modify entity @s {} merge value {transformation:[-0.9998020661306034f,0f,0.01989544070827776f,0f,0f,1f,0f,1.5f,-0.01989544070827776f,0f,-0.9998020661306034f,0f,0f,0f,0f,1f],start_interpolation:0}
execute if entity @s[tag=aj.yuji.bone.bottom2] run data modify entity @s {} merge value {transformation:[-0.9955626337469125f,-0.04661310249222828f,0.08174509748578426f,-0.3761202676209167f,-0.07312868442546552f,0.929948350393642f,-0.3603446421335342f,1.1262268975203682f,-0.05922193682337676f,-0.36472357241641673f,-0.9292305838287367f,0.015295016026282523f,0f,0f,0f,1f],start_interpolation:0}
execute if entity @s[tag=aj.yuji.bone.rightarm] run data modify entity @s {} merge value {transformation:[-0.996859316117232f,0.005513658791104612f,0.0790006546619706f,-0.31243814566581357f,-0.002895680142332364f,0.9943684898829438f,-0.10593829036013003f,1.375f,-0.07913986926194637f,-0.10583433230596388f,-0.991229527000963f,-0.0062173252213368f,0f,0f,0f,1f],start_interpolation:0}
execute if entity @s[tag=aj.yuji.bone.bottom] run data modify entity @s {} merge value {transformation:[-0.9998020661306034f,0f,0.01989544070827776f,0.37492577479897626f,0f,1f,0f,1.125f,-0.01989544070827776f,0f,-0.9998020661306034f,0.0074607902656041595f,0f,0f,0f,1f],start_interpolation:0}
execute if entity @s[tag=aj.yuji.bone.leftarm] run data modify entity @s {} merge value {transformation:[-0.9998020661306034f,0f,0.01989544070827776f,0.31243814566581357f,0f,1f,0f,1.375f,-0.01989544070827776f,0f,-0.9998020661306034f,0.0062173252213368f,0f,0f,0f,1f],start_interpolation:0}
execute if entity @s[tag=aj.yuji.bone.head] run data modify entity @s {} merge value {transformation:[-0.9976114553835512f,-0.020432757941046136f,0.0659839866212665f,0f,-0.02082694388118251f,0.9997690922644871f,-0.005291555651561818f,1.5f,-0.06586062933257572f,-0.006653161321215456f,-0.9978066510844428f,0f,0f,0f,0f,1f],start_interpolation:0}
execute if entity @s[tag=aj.yuji.locator_origin.mount] at @s on origin run tp @s ^0 ^0.59375 ^0 ~0 ~0
execute if entity @s[tag=aj.yuji.camera_origin.camera] at @s on origin run tp @s ^0 ^0.005 ^0 ~0 ~0