execute if entity @s[tag=aj.yuji.locator_origin.head] at @s on origin run tp @s ^0 ^1.5 ^0 ~-4.21875 ~0
execute if entity @s[tag=aj.yuji.bone.torso] run data modify entity @s {} merge value {transformation:[-0.9972904566786902f,0f,-0.07356456359966727f,0f,0f,1f,0f,1.5f,0.07356456359966727f,0f,-0.9972904566786902f,0f,0f,0f,0f,1f],start_interpolation:0}
execute if entity @s[tag=aj.yuji.bone.bottom2] run data modify entity @s {} merge value {transformation:[-0.9951986853772278f,0.005465129813263193f,-0.09772261242702102f,-0.3752194680014832f,0.0011924028620369145f,0.9990427591615118f,0.04372806355612266f,1.1253138353884993f,0.09786804789537895f,0.04340158664240143f,-0.9942525571896056f,0.01825528245775685f,0f,0f,0f,1f],start_interpolation:0}
execute if entity @s[tag=aj.yuji.bone.rightarm] run data modify entity @s {} merge value {transformation:[-0.9951986853772278f,0.005465129813263193f,-0.09772261242702102f,-0.3116532677120907f,0.0011924028620369145f,0.9990427591615118f,0.04372806355612266f,1.375f,0.09786804789537895f,0.04340158664240143f,-0.9942525571896056f,0.022988926124896024f,0f,0f,0f,1f],start_interpolation:0}
execute if entity @s[tag=aj.yuji.bone.bottom] run data modify entity @s {} merge value {transformation:[-0.9751784100607173f,-0.012357785443375208f,-0.22107544795925949f,0.385119270556217f,0.17022292922075888f,0.5966792939579034f,-0.7842180656739569f,1.1330893043814745f,0.14160234079617565f,-0.8023846367552369f,-0.5797651867611665f,0.026893052298858237f,0f,0f,0f,1f],start_interpolation:0}
execute if entity @s[tag=aj.yuji.bone.leftarm] run data modify entity @s {} merge value {transformation:[-0.9757879811771406f,-0.04991701608222018f,-0.21294625447677543f,0.3116532677120907f,0.007098180512561104f,0.965868237345962f,-0.25893660212417896f,1.375f,0.21860336599341584f,-0.254178755193371f,-0.9421282974121397f,-0.022988926124896024f,0f,0f,0f,1f],start_interpolation:0}
execute if entity @s[tag=aj.yuji.bone.head] run data modify entity @s {} merge value {transformation:[-0.9674741835955291f,0.07252578128701502f,-0.24235039741018072f,0f,0.07596880682635078f,0.9970982557657743f,-0.004879419866252664f,1.5f,0.24129327480380602f,-0.023131783276665964f,-0.970176518030042f,0f,0f,0f,0f,1f],start_interpolation:0}
execute if entity @s[tag=aj.yuji.locator_origin.mount] at @s on origin run tp @s ^0 ^0.59375 ^0 ~0 ~0
execute if entity @s[tag=aj.yuji.camera_origin.camera] at @s on origin run tp @s ^0 ^0.005 ^0 ~0 ~0