execute if entity @s[tag=aj.cutscenes.locator_origin.head] at @s on origin run tp @s ^0.02082 ^7.16524 ^-2.55035 ~34.62427 ~-0.93082
execute if entity @s[tag=aj.cutscenes.bone.blade2] run data modify entity @s {} merge value {transformation:[0.000006514364695497149f,-0.000007023778947215964f,-0.0000028687247889447597f,-1.0258087788505215f,0.000005291820790366125f,0.0000014968021614694084f,0.000008352018678862577f,7.1557545636371716f,-0.000005436881949859607f,-0.000006958887309769164f,0.000004691929461663345f,-3.3332133198672333f,0f,0f,0f,1f],start_interpolation:0}
execute if entity @s[tag=aj.cutscenes.bone.heart] run data modify entity @s {} merge value {transformation:[0.0000028687247889447605f,0.000009548089730902171f,7.774320394313579e-7f,-0.8675614162763449f,-0.000008352018678862575f,0.000002890314656170897f,-0.000004678660617768121f,6.977135449725332f,-0.000004691929461663346f,6.928662778374085e-7f,0.000008803734108195865f,-2.8203449834489445f,0f,0f,0f,1f],start_interpolation:0}
execute if entity @s[tag=aj.cutscenes.bone.bottom2] run data modify entity @s {} merge value {transformation:[-0.07774320394313572f,0.9548089730902171f,0.28687247889447604f,-0.43349426594380147f,0.4678660617768119f,0.28903146561708964f,-0.8352018678862576f,7.074888606080508f,-0.8803734108195865f,0.06928662778374084f,-0.4691929461663344f,-2.8954669554330827f,0f,0f,0f,1f],start_interpolation:0}
execute if entity @s[tag=aj.cutscenes.bone.rightarm] run data modify entity @s {} merge value {transformation:[0.393178455775202f,0.8735644697257131f,0.28687247889447604f,-0.23967680199832328f,0.5492776999126616f,0.027052694098046844f,-0.8352018678862576f,7.047321923360478f,-0.7373633502506642f,0.4859560360514843f,-0.4691929461663344f,-2.727892737029545f,0f,0f,0f,1f],start_interpolation:0}
execute if entity @s[tag=aj.cutscenes.bone.blade] run data modify entity @s {} merge value {transformation:[0.8435183617149811f,-0.5154250391392038f,-1.1281904991968434f,0.21687340972515132f,-1.0580104567831292f,-1.0110846904781807f,-0.3291225030565272f,6.281117953721345f,-0.6473721084409082f,0.9808388133169434f,-0.9321290551762575f,-1.9836698074967942f,0f,0f,0f,1f],start_interpolation:0}
execute if entity @s[tag=aj.cutscenes.bone.bottom] run data modify entity @s {} merge value {transformation:[-0.7521269994645625f,-0.0410738542803597f,0.6577369650331275f,0.3874943722298115f,-0.21941500203768494f,0.9567213057188763f,-0.19115804995963645f,6.801723125225393f,-0.6214193701175049f,-0.28809248806264276f,-0.7285881448147776f,-2.3748232765217674f,0f,0f,0f,1f],start_interpolation:0}
execute if entity @s[tag=aj.cutscenes.bone.leftarm] run data modify entity @s {} merge value {transformation:[-0.7872779213929547f,-0.25566700907246437f,0.561095228066617f,0.2743727498746357f,-0.1090757029923693f,0.9533802010725642f,0.28136930042127434f,7.033250944056511f,-0.6068739288385266f,0.1603139815324206f,-0.7784622417441411f,-2.37267440169107f,0f,0f,0f,1f],start_interpolation:0}
execute if entity @s[tag=aj.cutscenes.locator_origin.mount] at @s on origin run tp @s ^0.03015 ^7.41505 ^-2.55338 ~39.72297 ~-1.90136
execute if entity @s[tag=aj.cutscenes.bone.head] run data modify entity @s {} merge value {transformation:[-0.7685290282048416f,0.037340776811012416f,0.6387243530613749f,0.02081756872578739f,0.020974886348646943f,0.9992293094430672f,-0.03317892844249615f,7.165238251700192f,-0.6394710211957874f,-0.012101798919214157f,-0.7687199486898567f,-2.550354931669869f,0f,0f,0f,1f],start_interpolation:0}
execute if entity @s[tag=aj.cutscenes.bone.upper] run data modify entity @s {} merge value {transformation:[-0.8224792829967343f,0.027756758301049435f,0.5681174098809109f,3.1227596420152673e-16f,0.02251356688634764f,0.9996145439335837f,-0.01624508733455402f,6.415527343750004f,-0.5683493365415603f,-0.0005708984764908554f,-0.8227871570021604f,-2.549926757812501f,0f,0f,0f,1f],start_interpolation:0}
execute if entity @s[tag=aj.cutscenes.bone.bottom3] run data modify entity @s {} merge value {transformation:[-0.9914448613738105f,-0.03924998298777886f,0.12448504203688393f,-0.1126809106999051f,3.469446951953614e-18f,0.9537169507482269f,0.30070579950427306f,6.117490796641183f,-0.13052619222005094f,0.29813321970381484f,-0.9455577700244291f,-2.6439091776713184f,0f,0f,0f,1f],start_interpolation:0}
execute if entity @s[tag=aj.cutscenes.bone.rightleg] run data modify entity @s {} merge value {transformation:[-0.9914448613738105f,-0.03924998298777886f,0.12448504203688393f,-0.11874999999999968f,3.469446951953614e-18f,0.9537169507482269f,0.30070579950427306f,6.415527343750004f,-0.13052619222005094f,0.29813321970381484f,-0.9455577700244291f,-2.549926757812501f,0f,0f,0f,1f],start_interpolation:0}
execute if entity @s[tag=aj.cutscenes.bone.bottom4] run data modify entity @s {} merge value {transformation:[-0.9848077530122079f,-0.05221701409779454f,-0.16561121050749172f,0.1540616415346334f,-6.938893903907228e-18f,0.9537169507482269f,-0.3007057995042731f,6.151967516933477f,0.17364817766693094f,-0.29613740272754274f,-0.9392278472760159f,-2.385656802675927f,0f,0f,0f,1f],start_interpolation:0}
execute if entity @s[tag=aj.cutscenes.bone.leftleg] run data modify entity @s {} merge value {transformation:[-0.9848077530122079f,-0.09330109785058167f,-0.14645338762528573f,0.11875000000000031f,-6.938893903907228e-18f,0.8433914458128857f,-0.5372996083468239f,6.415527343750004f,0.17364817766693094f,-0.529136819990375f,-0.8305784346607052f,-2.549926757812501f,0f,0f,0f,1f],start_interpolation:0}
execute if entity @s[tag=aj.cutscenes.locator_origin.head2] at @s on origin run tp @s ^0 ^0.125 ^2.4375 ~-180 ~-90
execute if entity @s[tag=aj.cutscenes.locator_origin.mount2] at @s on origin run tp @s ^0 ^0.125 ^2.6875 ~-180 ~-90
execute if entity @s[tag=aj.cutscenes.bone.projectile1] run data modify entity @s {} merge value {transformation:[-2.1498873907741684e-16f,-5.570537155249744e-16f,-1.4999999999999998f,-0.46120562499999856f,-1.1490666646784646f,-0.9641814145298115f,4.163336342344337e-16f,4.404058124999984f,-0.9641814145298118f,1.1490666646784646f,-5.167639272596499e-16f,-1.0538668749999902f,0f,0f,0f,1f],start_interpolation:0}
execute if entity @s[tag=aj.cutscenes.camera_origin.camera] at @s on origin run tp @s ^-7.71875 ^10.22375 ^-1.46875 ~-67.5 ~30