execute if entity @s[tag=aj.cutscenes.locator_origin.head] at @s on origin run tp @s ^-0.16421 ^1.46999 ^1.02158 ~-128.57143 ~-16.26276
execute if entity @s[tag=aj.cutscenes.bone.blade2] run data modify entity @s {} merge value {transformation:[0.10796296860155445f,1.4959866745220467f,-0.019179860875668808f,1.1167455492719789f,0.460814493466868f,-0.014955925882899068f,1.4273844341633617f,1.3236613700534297f,1.4233741602339194f,-0.10862867914807522f,-0.46065801853970906f,1.4991448036353194f,0f,0f,0f,1f],start_interpolation:0}
execute if entity @s[tag=aj.cutscenes.bone.heart] run data modify entity @s {} merge value {transformation:[-0.0000018561537229710015f,-0.000009439108853786926f,0.0000027309187836810908f,0.6400575413465011f,-0.000008175920603636885f,-5.805719966895773e-8f,-0.000005757686310020066f,1.358961252026233f,0.000005450597732334204f,-0.0000033014926030400117f,-0.000007706564147033707f,1.5059347124743707f,0f,0f,0f,1f],start_interpolation:0}
execute if entity @s[tag=aj.cutscenes.bone.bottom2] run data modify entity @s {} merge value {transformation:[-0.2730918783681091f,-0.9439108853786925f,-0.18561537229710007f,0.19126002503510364f,0.5757686310020064f,-0.005805719966895773f,-0.8175920603636886f,1.3375287941218348f,0.7706564147033708f,-0.33014926030400116f,0.5450597732334203f,1.464284738273932f,0f,0f,0f,1f],start_interpolation:0}
execute if entity @s[tag=aj.cutscenes.bone.rightarm] run data modify entity @s {} merge value {transformation:[-0.46001506402663694f,-0.6480471745688142f,-0.6069769356424891f,0.05799917289456491f,0.6551706357670143f,0.2136463211393079f,-0.7246424549336632f,1.3499922096712234f,0.599280884808798f,-0.731019910123532f,0.32630095327131314f,1.244074705442499f,0f,0f,0f,1f],start_interpolation:0}
execute if entity @s[tag=aj.cutscenes.bone.blade] run data modify entity @s {} merge value {transformation:[1.3636629162268135f,0.4387939387491314f,0.4448407919973241f,-0.3447639980295426f,-0.4608150441139893f,-0.014955444605035173f,1.427384261435892f,1.323662222505834f,0.421986902671167f,-1.434306875809249f,0.12120577535870727f,-0.3335298186059238f,0f,0f,0f,1f],start_interpolation:0}
execute if entity @s[tag=aj.cutscenes.bone.bottom] run data modify entity @s {} merge value {transformation:[0.8121029955249185f,0.11183208386564203f,-0.5726973980015295f,-0.5167175851658566f,-0.575768678703505f,-0.005806512827603416f,-0.8175920211406194f,1.3375289615925376f,-0.09475839426390864f,0.9937101536298454f,0.05967392470312988f,0.5765090061687955f,0f,0f,0f,1f],start_interpolation:0}
execute if entity @s[tag=aj.cutscenes.bone.leftarm] run data modify entity @s {} merge value {transformation:[0.6866184541666565f,0.5684879140531862f,-0.4531849401439201f,-0.33168195326714406f,-0.6551704925494721f,0.2136456154521107f,-0.7246427924781775f,1.3499922096712234f,-0.31512969407891944f,0.7944665144444705f,0.5191495288798603f,0.7554300288999807f,0f,0f,0f,1f],start_interpolation:0}
execute if entity @s[tag=aj.cutscenes.locator_origin.mount] at @s on origin run tp @s ^-0.21895 ^1.70999 ^1.06523 ~-128.57143 ~-16.26276
execute if entity @s[tag=aj.cutscenes.bone.head] run data modify entity @s {} merge value {transformation:[0.6234898018587344f,-0.21894622429806315f,-0.7505484780104339f,-0.1642096682235475f,0f,0.9599875354739572f,-0.28004273197967094f,1.469990651605468f,0.7818314824680294f,0.1746037874739837f,0.5985424382795124f,1.0215778406054878f,0f,0f,0f,1f],start_interpolation:0}
execute if entity @s[tag=aj.cutscenes.bone.upper] run data modify entity @s {} merge value {transformation:[0.6234898018587344f,-0.21894622429806315f,-0.7505484780104339f,-1.0907010554906114e-16f,0f,0.9599875354739572f,-0.28004273197967094f,0.75f,0.7818314824680294f,0.1746037874739837f,0.5985424382795124f,0.890625f,0f,0f,0f,1f],start_interpolation:0}
execute if entity @s[tag=aj.cutscenes.bone.bottom3] run data modify entity @s {} merge value {transformation:[0.6234898018587344f,0f,-0.7818314824680294f,0.07793622523234169f,0f,1f,0f,0.4375f,0.7818314824680294f,0f,0.6234898018587344f,0.9883539353085037f,0f,0f,0f,1f],start_interpolation:0}
execute if entity @s[tag=aj.cutscenes.bone.rightleg] run data modify entity @s {} merge value {transformation:[0.6234898018587344f,0f,-0.7818314824680294f,0.0740394139707246f,0f,1f,0f,0.75f,0.7818314824680294f,0f,0.6234898018587344f,0.9834674885430785f,0f,0f,0f,1f],start_interpolation:0}
execute if entity @s[tag=aj.cutscenes.bone.bottom4] run data modify entity @s {} merge value {transformation:[0.6234898018587344f,0f,-0.7818314824680294f,-0.07793622523234191f,0f,1f,0f,0.4375f,0.7818314824680294f,0f,0.6234898018587344f,0.7928960646914963f,0f,0f,0f,1f],start_interpolation:0}
execute if entity @s[tag=aj.cutscenes.bone.leftleg] run data modify entity @s {} merge value {transformation:[0.6234898018587344f,0f,-0.7818314824680294f,-0.07403941397072482f,0f,1f,0f,0.75f,0.7818314824680294f,0f,0.6234898018587344f,0.7977825114569215f,0f,0f,0f,1f],start_interpolation:0}
execute if entity @s[tag=aj.cutscenes.locator_origin.head2] at @s on origin run tp @s ^0 ^0.66299 ^2.21006 ~-180 ~-44.16667
execute if entity @s[tag=aj.cutscenes.bone.bottom5] run data modify entity @s {} merge value {transformation:[0.9763824522960998f,-0.014448349141650796f,-0.215565656020006f,0.3771359905539186f,0.09077326849772335f,0.9328569532368433f,0.34862317554045985f,0.3457816412964527f,0.1960548917382446f,-0.35995715023423974f,0.9121366835188409f,2.22521015779886f,0f,0f,0f,1f],start_interpolation:0}
execute if entity @s[tag=aj.cutscenes.bone.rightarm2] run data modify entity @s {} merge value {transformation:[0.9763824522960998f,-0.014448349141650796f,-0.215565656020006f,0.31249999999999967f,0.09077326849772335f,0.9328569532368433f,0.34862317554045985f,0.5733225503245558f,0.1960548917382446f,-0.35995715023423974f,0.9121366835188409f,2.1229674395066596f,0f,0f,0f,1f],start_interpolation:0}
execute if entity @s[tag=aj.cutscenes.bone.bottom6] run data modify entity @s {} merge value {transformation:[0.9763824522960998f,0.014448349141650973f,0.21556565602000555f,-0.37713599055391933f,-0.09077326849772335f,0.9328569532368433f,0.34862317554045985f,0.3457816412964527f,-0.1960548917382441f,-0.35995715023423974f,0.9121366835188409f,2.22521015779886f,0f,0f,0f,1f],start_interpolation:0}
execute if entity @s[tag=aj.cutscenes.bone.leftarm2] run data modify entity @s {} merge value {transformation:[0.9763824522960998f,0.014448349141650973f,0.21556565602000555f,-0.31250000000000033f,-0.09077326849772335f,0.9328569532368433f,0.34862317554045985f,0.5733225503245558f,-0.1960548917382441f,-0.35995715023423974f,0.9121366835188409f,2.1229674395066596f,0f,0f,0f,1f],start_interpolation:0}
execute if entity @s[tag=aj.cutscenes.locator_origin.mount2] at @s on origin run tp @s ^0 ^0.89364 ^2.30649 ~-180 ~-22.68774
execute if entity @s[tag=aj.cutscenes.bone.head2] run data modify entity @s {} merge value {transformation:[1f,-9.44713866782954e-17f,-2.259768758204128e-16f,-3.4995774576739155e-16f,0f,0.9226206118276175f,-0.3857087069678786f,0.662987060389467f,2.4492935982947064e-16f,0.3857087069678786f,0.9226206118276175f,2.210060927407991f,0f,0f,0f,1f],start_interpolation:0}
execute if entity @s[tag=aj.cutscenes.bone.upper2] run data modify entity @s {} merge value {transformation:[1f,-1.7065401789591172e-16f,-1.7569176839697454e-16f,-2.2196723234545778e-16f,0f,0.7173160805192893f,-0.696747903210655f,0.125f,2.4492935982947064e-16f,0.696747903210655f,0.7173160805192893f,1.6875f,0f,0f,0f,1f],start_interpolation:0}
execute if entity @s[tag=aj.cutscenes.bone.bottom7] run data modify entity @s {} merge value {transformation:[0.9622501286096566f,-0.2644491713236537f,-0.06435313338860875f,0.13268486319619932f,0.14415265413281164f,0.6957615532907614f,-0.7036589182756754f,0.35935953179261365f,0.23085645387808684f,0.6678192096283697f,0.707617694065217f,1.3707718057745717f,0f,0f,0f,1f],start_interpolation:0}
execute if entity @s[tag=aj.cutscenes.bone.rightleg2] run data modify entity @s {} merge value {transformation:[0.9622501286096566f,-0.02534655965564527f,0.2709838406701072f,0.1187499999999998f,0.14415265413281164f,-0.7970674486537075f,-0.5864328560058142f,0.109375f,0.23085645387808684f,0.6033581309722219f,-0.763324481130104f,1.557878368866653f,0f,0f,0f,1f],start_interpolation:0}
execute if entity @s[tag=aj.cutscenes.bone.bottom8] run data modify entity @s {} merge value {transformation:[0.9622501286096569f,0.2644491713236535f,0.0643531333886084f,-0.1326848631961996f,-0.14415265413281164f,0.6957615532907614f,-0.7036589182756754f,0.35935953179261365f,-0.2308564538780864f,0.6678192096283699f,0.707617694065217f,1.3707718057745717f,0f,0f,0f,1f],start_interpolation:0}
execute if entity @s[tag=aj.cutscenes.bone.leftleg2] run data modify entity @s {} merge value {transformation:[0.9622501286096569f,0.02534655965564497f,-0.2709838406701069f,-0.11875000000000019f,-0.14415265413281164f,-0.7970674486537075f,-0.5864328560058142f,0.109375f,-0.2308564538780864f,0.6033581309722219f,-0.7633244811301042f,1.557878368866653f,0f,0f,0f,1f],start_interpolation:0}
execute if entity @s[tag=aj.cutscenes.camera_origin.camera] at @s on origin run tp @s ^-2.4351 ^-0.12 ^1.6875 ~-90 ~0