execute if entity @s[tag=aj.cutscenes.locator_origin.head] at @s on origin run tp @s ^-0.0005 ^1.48853 ^0.75995 ~-0.21973 ~-10.03418
execute if entity @s[tag=aj.cutscenes.bone.blade2] run data modify entity @s {} merge value {transformation:[-0.6294321141156837f,-1.0931702276492865f,0.8116613007289855f,-0.9000225507165327f,0.9521970956050629f,0.2857295686853587f,1.12324498872693f,0.9179770919081077f,-0.973209075605619f,0.9865786673956037f,0.574044099524392f,1.3036203996839462f,0f,0f,0f,1f],start_interpolation:0}
execute if entity @s[tag=aj.cutscenes.bone.heart] run data modify entity @s {} merge value {transformation:[1.5065018745079912e-7f,0.000007133570712214886f,0.000007006388043410893f,-0.7928898327617383f,-0.000005753862903802377f,0.000005792574891147056f,-0.00000577400535284646f,0.9801178432122042f,-0.000008177430293513233f,-0.000003944394126387819f,0.0000041918240385838424f,1.0482960221276767f,0f,0f,0f,1f],start_interpolation:0}
execute if entity @s[tag=aj.cutscenes.bone.bottom2] run data modify entity @s {} merge value {transformation:[-0.7006388043410892f,0.7133570712214885f,0.015065018745080067f,-0.5343565661020253f,0.5774005352846459f,0.5792574891147055f,-0.5753862903802378f,1.2337003575830447f,-0.4191824038583844f,-0.3944394126387819f,-0.817743029351323f,0.7790939796287013f,0f,0f,0f,1f],start_interpolation:0}
execute if entity @s[tag=aj.cutscenes.bone.rightarm] run data modify entity @s {} merge value {transformation:[-0.6492639313551564f,0.7234490142384761f,0.23468675130612826f,-0.31291531683270896f,0.6293526299963034f,0.6842966979145726f,-0.3683114121771799f,1.365439992686919f,-0.4270498970354438f,-0.09143059127332506f,-0.8995937040805848f,0.7829269503750853f,0f,0f,0f,1f],start_interpolation:0}
execute if entity @s[tag=aj.cutscenes.bone.blade] run data modify entity @s {} merge value {transformation:[-0.731796535929279f,1.0711935647446087f,-0.7530060935023335f,0.8589557791851639f,-0.8482456207591469f,0.26930664863548476f,1.2074573681350627f,0.9316363832889614f,0.9974734065953021f,1.0148981603345533f,0.4743717184705484f,1.3427361226204386f,0f,0f,0f,1f],start_interpolation:0}
execute if entity @s[tag=aj.cutscenes.bone.bottom] run data modify entity @s {} merge value {transformation:[-0.7550316993933367f,-0.6552728934418481f,-0.023335981478358192f,0.5369301834725073f,-0.5029847405349054f,0.6016566781356227f,-0.6204962469216404f,1.239668039860414f,0.4206346201874541f,-0.4567566931914143f,-0.7838621304314939f,0.7860164693080463f,0f,0f,0f,1f],start_interpolation:0}
execute if entity @s[tag=aj.cutscenes.bone.leftarm] run data modify entity @s {} merge value {transformation:[-0.6382618760224192f,-0.7398349157634925f,-0.21275825491286549f,0.312080087280233f,-0.6244920264934735f,0.659210817929388f,-0.4188684833822449f,1.365439992686919f,0.4501460723614243f,-0.13448195024646678f,-0.8827701391616564f,0.7805301112690186f,0f,0f,0f,1f],start_interpolation:0}
execute if entity @s[tag=aj.cutscenes.locator_origin.mount] at @s on origin run tp @s ^-0.00067 ^1.7347 ^0.71639 ~-0.21973 ~-10.03418
execute if entity @s[tag=aj.cutscenes.bone.head] run data modify entity @s {} merge value {transformation:[-0.9999926465807072f,-0.0006681836419805359f,-0.0037762832432882165f,-0.0005011377314855111f,5.421010862427522e-20f,0.9847039882990704f,-0.17423563191237404f,1.4885279912243028f,0.0038349425697068455f,-0.17423435068471685f,-0.984696747357765f,0.7599492369864623f,0f,0f,0f,1f],start_interpolation:0}
execute if entity @s[tag=aj.cutscenes.bone.upper] run data modify entity @s {} merge value {transformation:[-0.9999926465807072f,-0.0006681836419805359f,-0.0037762832432882165f,-1.0907010554906114e-16f,5.421010862427522e-20f,0.9847039882990704f,-0.17423563191237404f,0.75f,0.0038349425697068455f,-0.17423435068471685f,-0.984696747357765f,0.890625f,0f,0f,0f,1f],start_interpolation:0}
execute if entity @s[tag=aj.cutscenes.locator_origin.head2] at @s on origin run tp @s ^0 ^0.125 ^2.4375 ~-180 ~-90
execute if entity @s[tag=aj.cutscenes.bone.bottom5] run data modify entity @s {} merge value {transformation:[0.9763824522960998f,-0.20258818989409694f,-0.07506884948957133f,0.4241709507420301f,-0.07738724201494446f,-0.003535692031474754f,-0.9969948413382985f,0.1210472203819348f,0.20171395990752602f,0.9792576393356817f,-0.019129928936959098f,2.0802927126603f,0f,0f,0f,1f],start_interpolation:0}
execute if entity @s[tag=aj.cutscenes.bone.rightarm2] run data modify entity @s {} merge value {transformation:[0.9763824522960998f,-0.20258818989409694f,-0.07506884948957133f,0.3124999999999996f,-0.07738724201494446f,-0.003535692031474754f,-0.9969948413382985f,0.12500000000000014f,0.20171395990752602f,0.9792576393356817f,-0.019129928936959098f,2.3125f,0f,0f,0f,1f],start_interpolation:0}
execute if entity @s[tag=aj.cutscenes.bone.bottom6] run data modify entity @s {} merge value {transformation:[0.9763824522960998f,0.20258818989409644f,0.07506884948957133f,-0.4241709507420307f,0.07738724201494446f,-0.003535692031474754f,-0.9969948413382985f,0.1210472203819348f,-0.20171395990752553f,0.9792576393356817f,-0.019129928936959063f,2.0802927126603f,0f,0f,0f,1f],start_interpolation:0}
execute if entity @s[tag=aj.cutscenes.bone.leftarm2] run data modify entity @s {} merge value {transformation:[0.9763824522960998f,0.20258818989409644f,0.07506884948957133f,-0.3125000000000004f,0.07738724201494446f,-0.003535692031474754f,-0.9969948413382985f,0.12500000000000014f,-0.20171395990752553f,0.9792576393356817f,-0.019129928936959063f,2.3125f,0f,0f,0f,1f],start_interpolation:0}
execute if entity @s[tag=aj.cutscenes.locator_origin.mount2] at @s on origin run tp @s ^0 ^0.125 ^2.6875 ~-180 ~-90
execute if entity @s[tag=aj.cutscenes.bone.head2] run data modify entity @s {} merge value {transformation:[1f,-2.4492935982947064e-16f,-5.438524293787564e-32f,-4.0566425221756077e-16f,0f,2.220446049250313e-16f,-1f,0.12500000000000017f,2.4492935982947064e-16f,1f,2.220446049250313e-16f,2.4375f,0f,0f,0f,1f],start_interpolation:0}
execute if entity @s[tag=aj.cutscenes.bone.upper2] run data modify entity @s {} merge value {transformation:[1f,-2.4492935982947064e-16f,-5.438524293787564e-32f,-2.2196723234545778e-16f,0f,2.220446049250313e-16f,-1f,0.125f,2.4492935982947064e-16f,1f,2.220446049250313e-16f,1.6875f,0f,0f,0f,1f],start_interpolation:0}
execute if entity @s[tag=aj.cutscenes.bone.bottom7] run data modify entity @s {} merge value {transformation:[0.9622501286096566f,-0.2690516075260029f,-0.04105998634160705f,0.14487441748775037f,0.14415265413281164f,0.6317860548610034f,-0.7616208986035214f,0.33016936604947866f,0.23085645387808687f,0.7269509016232413f,0.6467207158673609f,1.4053123234413578f,0f,0f,0f,1f],start_interpolation:0}
execute if entity @s[tag=aj.cutscenes.bone.rightleg2] run data modify entity @s {} merge value {transformation:[0.9622501286096566f,-0.06435313338860871f,0.2644491713236538f,0.11874999999999979f,0.14415265413281164f,-0.7036589182756754f,-0.6957615532907613f,0.109375f,0.23085645387808687f,0.7076176940652168f,-0.6678192096283698f,1.625f,0f,0f,0f,1f],start_interpolation:0}
execute if entity @s[tag=aj.cutscenes.bone.bottom8] run data modify entity @s {} merge value {transformation:[0.9622501286096569f,0.2644491713236535f,0.06435313338860832f,-0.14487441748775068f,-0.14415265413281164f,0.6957615532907612f,-0.7036589182756755f,0.33016936604947866f,-0.23085645387808643f,0.6678192096283702f,0.7076176940652167f,1.4053123234413578f,0f,0f,0f,1f],start_interpolation:0}
execute if entity @s[tag=aj.cutscenes.bone.leftleg2] run data modify entity @s {} merge value {transformation:[0.9622501286096569f,0.06435313338860837f,-0.2644491713236535f,-0.1187500000000002f,-0.14415265413281164f,-0.7036589182756754f,-0.6957615532907613f,0.109375f,-0.23085645387808643f,0.7076176940652168f,-0.66781920962837f,1.625f,0f,0f,0f,1f],start_interpolation:0}
execute if entity @s[tag=aj.cutscenes.camera_origin.camera] at @s on origin run tp @s ^-1.90625 ^-0.12 ^1.6875 ~-90 ~0