execute if entity @s[tag=aj.cutscenes.locator_origin.head] at @s on origin run tp @s ^-0.00531 ^1.49966 ^0.02202 ~7.47878 ~1.72073
execute if entity @s[tag=aj.cutscenes.bone.blade2] run data modify entity @s {} merge value {transformation:[0.042077350744846254f,0.1557263120082662f,1.4913010468388328f,-0.34818517248241243f,1.496652584792709f,-0.09479362307456053f,-0.03232969931349552f,0.8663082966069193f,0.09088749632154065f,1.488879943035268f,-0.15803790127592696f,0.2843727653785193f,0f,0f,0f,1f],start_interpolation:0}
execute if entity @s[tag=aj.cutscenes.bone.heart] run data modify entity @s {} merge value {transformation:[-0.0000010381754133884414f,2.805156716323106e-7f,0.000009942006978925554f,-0.3123432588045707f,6.319574871637369e-7f,0.00000997768389861806f,-2.1553132875663902e-7f,0.7101660991330654f,-0.000009925866286901787f,6.059166421436042e-7f,-0.00000105358600850618f,-0.0922573407168881f,0f,0f,0f,1f],start_interpolation:0}
execute if entity @s[tag=aj.cutscenes.bone.bottom2] run data modify entity @s {} merge value {transformation:[-0.9942006978925553f,0.02805156716323106f,-0.10381754133884391f,-0.3858533731106102f,0.021553132875663912f,0.9977683898618059f,0.06319574871637368f,1.1533107760719834f,0.10535860085061777f,0.06059166421436041f,-0.9925866286901786f,-0.1350631772980711f,0f,0f,0f,1f],start_interpolation:0}
execute if entity @s[tag=aj.cutscenes.bone.rightarm] run data modify entity @s {} merge value {transformation:[-0.9958844963551957f,0.03739494592512927f,-0.08255717981262924f,-0.31426185560712816f,-0.006320149723385117f,0.8800384739211258f,0.4748603374951946f,1.3737154039099764f,0.09041087117615962f,0.47342782178261633f,-0.8761803307169908f,-0.022356901300927004f,0f,0f,0f,1f],start_interpolation:0}
execute if entity @s[tag=aj.cutscenes.bone.blade] run data modify entity @s {} merge value {transformation:[0.046568524911882875f,-0.9141349509111637f,-1.1883554451468534f,0.16780281904882322f,-1.1637055082517402f,0.7275976770984051f,-0.6053024949110684f,1.179918484490209f,0.945315218618684f,0.9407225477278888f,-0.6866004847393133f,0.5923141520098811f,0f,0f,0f,1f],start_interpolation:0}
execute if entity @s[tag=aj.cutscenes.bone.bottom] run data modify entity @s {} merge value {transformation:[-0.7922369634312357f,-0.03104568327458876f,0.6094233006074423f,0.42644974704111693f,-0.40353499660737896f,0.7758036721678266f,-0.48506511806560343f,1.16867852059683f,-0.4577336564928753f,-0.6302101457457894f,-0.627148365151926f,0.15334802983359572f,0f,0f,0f,1f],start_interpolation:0}
execute if entity @s[tag=aj.cutscenes.bone.leftarm] run data modify entity @s {} merge value {transformation:[-0.8004641193694093f,-0.2840415238205539f,0.5278045152780088f,0.30541035862539034f,-0.37796799997003006f,0.92263601756562f,-0.07670052209280091f,1.3757145249901082f,-0.4651853228561832f,-0.2608892328869679f,-0.8458956339660573f,0.05905163893334228f,0f,0f,0f,1f],start_interpolation:0}
execute if entity @s[tag=aj.cutscenes.locator_origin.mount] at @s on origin run tp @s ^-0.00581 ^1.74688 ^0.05919 ~-2.76831 ~8.53504
execute if entity @s[tag=aj.cutscenes.bone.head] run data modify entity @s {} merge value {transformation:[-0.9988567508583606f,-0.001983566556987346f,-0.047762503372340254f,-0.005310898189042703f,-0.009060512511864101f,0.988883769744307f,0.14841427508602523f,1.4996579573400508f,0.046937174794624836f,0.14867735335282914f,-0.9877712013529736f,0.022016842579449167f,0f,0f,0f,1f],start_interpolation:0}
execute if entity @s[tag=aj.cutscenes.bone.upper] run data modify entity @s {} merge value {transformation:[-0.9914755427720296f,-0.007081197585390271f,0.1301003640489368f,0f,-0.0031985937282105878f,0.9995439431200677f,0.030027899862440217f,0.75f,-0.13025366437483085f,0.029355790105932224f,-0.9910460234036487f,0f,0f,0f,0f,1f],start_interpolation:0}
execute if entity @s[tag=aj.cutscenes.bone.bottom3] run data modify entity @s {} merge value {transformation:[-0.9676798343297154f,-0.011703533161641869f,0.25191023310526506f,-0.15817799349573408f,-6.938893903907228e-18f,0.9989225180424558f,0.04640908259941706f,0.46691727332189187f,-0.25218195461137705f,0.04490913336119795f,-0.9666371767675458f,0.126510535867128f,0f,0f,0f,1f],start_interpolation:0}
execute if entity @s[tag=aj.cutscenes.bone.rightleg] run data modify entity @s {} merge value {transformation:[-0.9676798343297154f,0.10681598249975477f,0.2284427370572913f,-0.11875f,-6.938893903907228e-18f,0.905864725369946f,-0.4235671131360794f,0.75f,-0.25218195461137705f,-0.40987735386703716f,-0.8765870273711225f,-1.4542680739874818e-17f,0f,0f,0f,1f],start_interpolation:0}
execute if entity @s[tag=aj.cutscenes.bone.bottom4] run data modify entity @s {} merge value {transformation:[-0.9967289181656462f,0.005692782004770194f,-0.08061672236817051f,0.12706619689947998f,0f,0.9975160187150965f,0.07043999153026073f,0.43856843489982644f,0.08081747145475736f,0.07020957655355402f,-0.9942530621868008f,0.025229618078470142f,0f,0f,0f,1f],start_interpolation:0}
execute if entity @s[tag=aj.cutscenes.bone.leftleg] run data modify entity @s {} merge value {transformation:[-0.9967289181656462f,-0.006677251715023037f,-0.08054115719229978f,0.11875f,0f,0.9965810083205553f,-0.08262138860358985f,0.75f,0.08081747145475736f,-0.08235112728019957f,-0.9933211102877759f,1.4542680739874818e-17f,0f,0f,0f,1f],start_interpolation:0}
execute if entity @s[tag=aj.cutscenes.locator_origin.head2] at @s on origin run tp @s ^0 ^0.75949 ^1.8999 ~-180 ~-32.22222
execute if entity @s[tag=aj.cutscenes.bone.bottom5] run data modify entity @s {} merge value {transformation:[0.978045628469972f,-0.10317486448024599f,-0.18105716216228657f,0.3994215678994345f,0.11735681041890686f,0.9906604826656776f,0.0694203654045939f,0.413411196184663f,0.17220373886498053f,-0.08914457596561592f,0.9810194273799231f,1.8663016481715222f,0f,0f,0f,1f],start_interpolation:0}
execute if entity @s[tag=aj.cutscenes.bone.rightarm2] run data modify entity @s {} merge value {transformation:[0.978045628469972f,-0.10317486448024599f,-0.18105716216228657f,0.3124999999999997f,0.11735681041890686f,0.9906604826656776f,0.0694203654045939f,0.6537415161999007f,0.17220373886498053f,-0.08914457596561592f,0.9810194273799231f,1.833252770501057f,0f,0f,0f,1f],start_interpolation:0}
execute if entity @s[tag=aj.cutscenes.bone.bottom6] run data modify entity @s {} merge value {transformation:[0.9780455247030644f,0.10317529374367065f,0.18105747808144954f,-0.39942166872985946f,-0.11735725969713923f,0.9906604352708339f,0.06942028223350799f,0.41341123611326347f,-0.1722040220339976f,-0.08914460583742001f,0.9810193749592337f,1.8663016733375366f,0f,0f,0f,1f],start_interpolation:0}
execute if entity @s[tag=aj.cutscenes.bone.leftarm2] run data modify entity @s {} merge value {transformation:[0.9780455247030644f,0.10317529374367065f,0.18105747808144954f,-0.3125000000000003f,-0.11735725969713923f,0.9906604352708339f,0.06942028223350799f,0.6537415161999007f,-0.1722040220339976f,-0.08914460583742001f,0.9810193749592337f,1.8332527705010568f,0f,0f,0f,1f],start_interpolation:0}
execute if entity @s[tag=aj.cutscenes.locator_origin.mount2] at @s on origin run tp @s ^0 ^1.00541 ^1.94491 ~-180 ~-10.37037
execute if entity @s[tag=aj.cutscenes.bone.head2] run data modify entity @s {} merge value {transformation:[1f,-4.4089852193031635e-17f,-2.409283632951316e-16f,-2.9695317014971056e-16f,0f,0.983664691986601f,-0.18001048230285133f,0.7594898194398808f,2.4492935982947064e-16f,0.18001048230285133f,0.983664691986601f,1.8999033246012684f,0f,0f,0f,1f],start_interpolation:0}
execute if entity @s[tag=aj.cutscenes.bone.upper2] run data modify entity @s {} merge value {transformation:[1f,-1.3059742038435422e-16f,-2.0720691372496856e-16f,-1.990051048614449e-16f,0f,0.8459864259198411f,-0.5332044328016912f,0.125f,2.4492935982947064e-16f,0.5332044328016912f,0.8459864259198411f,1.5f,0f,0f,0f,1f],start_interpolation:0}
execute if entity @s[tag=aj.cutscenes.bone.bottom7] run data modify entity @s {} merge value {transformation:[0.9622501286096566f,-0.2693114036900597f,-0.039319941927589384f,0.1512179464791316f,0.14415265413281164f,0.6268496329774813f,-0.765688938108984f,0.31265930644322026f,0.23085645387808687f,0.7311162051811513f,0.6420080935816527f,1.139805111226185f,0f,0f,0f,1f],start_interpolation:0}
execute if entity @s[tag=aj.cutscenes.bone.rightleg2] run data modify entity @s {} merge value {transformation:[0.9622501286096566f,-0.08465242616102846f,0.258667077023248f,0.11874999999999983f,0.14415265413281164f,-0.6476267275356486f,-0.7481975902714023f,0.109375f,0.23085645387808687f,0.7572407731537697f,-0.6109760299523349f,1.375f,0f,0f,0f,1f],start_interpolation:0}
execute if entity @s[tag=aj.cutscenes.bone.bottom8] run data modify entity @s {} merge value {transformation:[0.9622501628815221f,0.26656951417855934f,0.05491191259727903f,-0.1456745848314514f,-0.14415305993165484f,0.6703098881421183f,-0.7279454300778612f,0.328050842816067f,-0.2308560576351097f,0.6925498884336841f,0.6834326101991821f,1.1532991768162852f,0f,0f,0f,1f],start_interpolation:0}
execute if entity @s[tag=aj.cutscenes.bone.leftleg2] run data modify entity @s {} merge value {transformation:[0.9622501628815221f,0.06691366820301348f,-0.2638127840763244f,-0.11875000000000016f,-0.14415305993165484f,-0.6968796358127813f,-0.7025515415268738f,0.109375f,-0.2308560576351097f,0.7140597553405897f,-0.6609267330469487f,1.375f,0f,0f,0f,1f],start_interpolation:0}
execute if entity @s[tag=aj.cutscenes.camera_origin.camera] at @s on origin run tp @s ^-2.29687 ^-0.12 ^0.75 ~-90 ~0