execute if entity @s[tag=aj.cutscenes.locator_origin.head] at @s on origin run tp @s ^0 ^13.64931 ^-3.55556 ~0 ~0
execute if entity @s[tag=aj.cutscenes.bone.blade2] run data modify entity @s {} merge value {transformation:[-0.000006551896756464889f,-0.00000755464419364836f,7.048411078781625e-21f,-0.8597331886948578f,0.00000755464419364836f,-0.000006551896756464888f,8.023759391148651e-22f,12.714838956323195f,4.011879695574326e-21f,5.850532214371654e-21f,0.00001f,-3.523484930555555f,0f,0f,0f,1f],start_interpolation:0}
execute if entity @s[tag=aj.cutscenes.bone.heart] run data modify entity @s {} merge value {transformation:[-8.342850762037572e-21f,2.732786475880147e-7f,0.000009996265241617616f,-0.30886011863183754f,6.068004933812758e-23f,0.000009996265241617616f,-2.732786475880147e-7f,12.834833961800502f,-0.00001f,-1.6733491052198984e-22f,-8.34139316503779e-21f,-3.4774305555555554f,0f,0f,0f,1f],start_interpolation:0}
execute if entity @s[tag=aj.cutscenes.bone.bottom2] run data modify entity @s {} merge value {transformation:[-0.9996265241617615f,0.027327864758801466f,-6.123233995736765e-16f,-0.37499999999999956f,0.027327864758801466f,0.9996265241617615f,0f,13.274305555555554f,6.120947115787477e-16f,-1.6733491052198982e-17f,-1f,-3.5555555555555554f,0f,0f,0f,1f],start_interpolation:0}
execute if entity @s[tag=aj.cutscenes.bone.rightarm] run data modify entity @s {} merge value {transformation:[-1f,0f,-6.123233995736765e-16f,-0.31249999999999956f,0f,1f,0f,13.524305555555554f,6.123233995736765e-16f,0f,-1f,-3.5555555555555554f,0f,0f,0f,1f],start_interpolation:0}
execute if entity @s[tag=aj.cutscenes.bone.blade] run data modify entity @s {} merge value {transformation:[0.00722344964825349f,6.877436811304715e-8f,-0.000009999647546492646f,0.3805821079537438f,-0.8603343306725599f,-0.00000819123172987885f,-8.395800095053024e-8f,12.670576768185182f,-1.2287280664334874f,0.000005735764363510461f,3.902572130956636e-21f,-3.257859930555555f,0f,0f,0f,1f],start_interpolation:0}
execute if entity @s[tag=aj.cutscenes.bone.bottom] run data modify entity @s {} merge value {transformation:[-0.9999647546492646f,-0.008395800095053191f,-6.123233995736765e-16f,0.37500000000000044f,-0.008395800095053191f,0.9999647546492646f,0f,13.274305555555554f,6.12301818020695e-16f,5.140944856343967e-18f,-1f,-3.5555555555555554f,0f,0f,0f,1f],start_interpolation:0}
execute if entity @s[tag=aj.cutscenes.bone.leftarm] run data modify entity @s {} merge value {transformation:[-1f,0f,-6.123233995736765e-16f,0.31250000000000044f,0f,1f,0f,13.524305555555554f,6.123233995736765e-16f,0f,-1f,-3.5555555555555554f,0f,0f,0f,1f],start_interpolation:0}
execute if entity @s[tag=aj.cutscenes.locator_origin.mount] at @s on origin run tp @s ^0.00095 ^13.89907 ^-3.56642 ~5 ~-2.5
execute if entity @s[tag=aj.cutscenes.bone.head] run data modify entity @s {} merge value {transformation:[-0.9961946980917455f,0.0038016801040236495f,0.0870727897926932f,4.3542997303017e-16f,-2.168404344971009e-19f,0.9990482215818578f,-0.043619387365336f,13.649305555555554f,-0.08715574274765758f,-0.0434534024273578f,-0.9952465414778341f,-3.5555555555555554f,0f,0f,0f,1f],start_interpolation:0}
execute if entity @s[tag=aj.cutscenes.bone.upper] run data modify entity @s {} merge value {transformation:[-1f,0f,-6.123233995736765e-16f,4.3542997303017e-16f,0f,1f,0f,12.899305555555554f,6.123233995736765e-16f,0f,-1f,-3.5555555555555554f,0f,0f,0f,1f],start_interpolation:0}
execute if entity @s[tag=aj.cutscenes.bone.bottom3] run data modify entity @s {} merge value {transformation:[-0.9914448613738105f,-0.03924998298777886f,0.12448504203688393f,-0.11268091069990499f,3.469446951953614e-18f,0.9537169507482269f,0.30070579950427306f,12.601269008446733f,-0.13052619222005094f,0.29813321970381484f,-0.9455577700244291f,-3.649537975414373f,0f,0f,0f,1f],start_interpolation:0}
execute if entity @s[tag=aj.cutscenes.bone.rightleg] run data modify entity @s {} merge value {transformation:[-0.9914448613738105f,-0.03924998298777886f,0.12448504203688393f,-0.11874999999999956f,3.469446951953614e-18f,0.9537169507482269f,0.30070579950427306f,12.899305555555554f,-0.13052619222005094f,0.29813321970381484f,-0.9455577700244291f,-3.5555555555555554f,0f,0f,0f,1f],start_interpolation:0}
execute if entity @s[tag=aj.cutscenes.bone.bottom4] run data modify entity @s {} merge value {transformation:[-0.9848077530122079f,-0.05221701409779454f,-0.16561121050749172f,0.1540616415346335f,-6.938893903907228e-18f,0.9537169507482269f,-0.3007057995042731f,12.635745728739026f,0.17364817766693094f,-0.29613740272754274f,-0.9392278472760159f,-3.3912856004189815f,0f,0f,0f,1f],start_interpolation:0}
execute if entity @s[tag=aj.cutscenes.bone.leftleg] run data modify entity @s {} merge value {transformation:[-0.9848077530122079f,-0.09330109785058167f,-0.14645338762528573f,0.11875000000000042f,-6.938893903907228e-18f,0.8433914458128857f,-0.5372996083468239f,12.899305555555554f,0.17364817766693094f,-0.529136819990375f,-0.8305784346607052f,-3.5555555555555554f,0f,0f,0f,1f],start_interpolation:0}
execute if entity @s[tag=aj.cutscenes.locator_origin.head2] at @s on origin run tp @s ^0 ^0.125 ^2.4375 ~-180 ~-90
execute if entity @s[tag=aj.cutscenes.locator_origin.mount2] at @s on origin run tp @s ^0 ^0.14488 ^2.68671 ~-180 ~-85.44
execute if entity @s[tag=aj.cutscenes.bone.head2] run data modify entity @s {} merge value {transformation:[1f,-2.4415406654587894e-16f,-1.947262426035175e-17f,-4.0566425221756077e-16f,0f,0.07950302190766083f,-0.9968346249541847f,0.12500000000000017f,2.4492935982947064e-16f,0.9968346249541847f,0.07950302190766083f,2.4375f,0f,0f,0f,1f],start_interpolation:0}
execute if entity @s[tag=aj.cutscenes.camera_origin.camera] at @s on origin run tp @s ^3.375 ^-0.44813 ^1.90625 ~90 ~0