execute if entity @s[tag=aj.cutscenes.locator_origin.head] at @s on origin run tp @s ^-0.01134 ^12.53095 ^-3.54922 ~-10.11825 ~-1.50362
execute if entity @s[tag=aj.cutscenes.bone.blade2] run data modify entity @s {} merge value {transformation:[-0.000006672957182525318f,-0.000007237914621040024f,0.0000017561988437300684f,-0.8294183770614074f,0.000007381299098832228f,-0.000006741481271535388f,2.6240022697425263e-7f,11.58140185540683f,9.940151174717197e-7f,0.0000014714014421879066f,0.000009841082854145932f,-3.345318220907775f,0f,0f,0f,1f],start_interpolation:0}
execute if entity @s[tag=aj.cutscenes.bone.heart] run data modify entity @s {} merge value {transformation:[-0.0000017561988437300697f,-2.9955858647402364e-8f,0.000009844534944212138f,-0.2828565777855382f,-2.624002269742518e-7f,0.000009996543273659673f,-1.6392032620410744e-8f,11.71667075053413f,-0.000009841082854145932f,-2.611995872551569e-7f,-0.0000017563778162607009f,-3.399664073556902f,0f,0f,0f,1f],start_interpolation:0}
execute if entity @s[tag=aj.cutscenes.bone.bottom2] run data modify entity @s {} merge value {transformation:[-0.9844534944212138f,-0.0029955858647402363f,-0.17561988437300674f,-0.3747978793196605f,0.0016392032620410682f,0.9996543273659673f,-0.02624002269742518f,12.152097579738351f,0.17563778162606986f,-0.026119958725515688f,-0.9841082854145932f,-3.4742533136077935f,0f,0f,0f,1f],start_interpolation:0}
execute if entity @s[tag=aj.cutscenes.bone.rightarm] run data modify entity @s {} merge value {transformation:[-0.9843419477620169f,-0.015119063757079176f,-0.17561988437300674f,-0.3170562735238043f,-0.010671826839718752f,0.9995987061419906f,-0.02624002269742518f,12.402664245451332f,0.1759461337682131f,-0.023954970055662876f,-0.9841082854145932f,-3.4912386894822225f,0f,0f,0f,1f],start_interpolation:0}
execute if entity @s[tag=aj.cutscenes.bone.blade] run data modify entity @s {} merge value {transformation:[-0.18673757563208465f,0.000006297327355811856f,-0.000007667714745045645f,0.8637269786638683f,-0.9272774608588171f,-0.000006536948330716748f,-0.000004364978845909609f,11.716006643194365f,-1.1641673369538745f,0.000004196662328003428f,0.000004706709069336155f,-3.456452984848401f,0f,0f,0f,1f],start_interpolation:0}
execute if entity @s[tag=aj.cutscenes.bone.bottom] run data modify entity @s {} merge value {transformation:[-0.7667714745045644f,-0.4444413422644375f,-0.4631775028779803f,0.4571142080227869f,-0.4364978845909611f,0.8900517931905118f,-0.1314435323093938f,12.214025164829648f,0.4706709069336157f,0.10138884911340001f,-0.8764640315733144f,-3.655917018280088f,0f,0f,0f,1f],start_interpolation:0}
execute if entity @s[tag=aj.cutscenes.bone.leftarm] run data modify entity @s {} merge value {transformation:[-0.7669795481979903f,-0.44408216973182507f,-0.4631775028779803f,0.29815744382745624f,-0.4360809735687632f,0.8902561329782285f,-0.1314435323093938f,12.409334137226157f,0.47071834161983384f,0.1011683953659715f,-0.8764640315733144f,-3.601205023087356f,0f,0f,0f,1f],start_interpolation:0}
execute if entity @s[tag=aj.cutscenes.locator_origin.mount] at @s on origin run tp @s ^-0.01609 ^12.78034 ^-3.56606 ~-5.08457 ~-3.94437
execute if entity @s[tag=aj.cutscenes.bone.head] run data modify entity @s {} merge value {transformation:[-0.9959025109336104f,-0.018993802070036207f,-0.08841619873673795f,-0.011339297817808949f,-0.01291818598459051f,0.9975476622724777f,-0.06878794927588958f,12.530949029606493f,0.08950591705020167f,-0.06736391450650056f,-0.9937055871008089f,-3.549216227541747f,0f,0f,0f,1f],start_interpolation:0}
execute if entity @s[tag=aj.cutscenes.bone.upper] run data modify entity @s {} merge value {transformation:[-0.9843419477620169f,-0.015119063757079176f,-0.17561988437300674f,4.324534009489091e-16f,-0.010671826839718752f,0.9995987061419906f,-0.02624002269742518f,11.78125f,0.1759461337682131f,-0.023954970055662876f,-0.9841082854145932f,-3.53125f,0f,0f,0f,1f],start_interpolation:0}
execute if entity @s[tag=aj.cutscenes.bone.bottom3] run data modify entity @s {} merge value {transformation:[-0.9914448613738105f,-0.03924998298777886f,0.12448504203688393f,-0.11268091069990499f,3.469446951953614e-18f,0.9537169507482269f,0.30070579950427306f,11.48321345289118f,-0.13052619222005094f,0.29813321970381484f,-0.9455577700244291f,-3.6252324198588175f,0f,0f,0f,1f],start_interpolation:0}
execute if entity @s[tag=aj.cutscenes.bone.rightleg] run data modify entity @s {} merge value {transformation:[-0.9914448613738105f,-0.03924998298777886f,0.12448504203688393f,-0.11874999999999956f,3.469446951953614e-18f,0.9537169507482269f,0.30070579950427306f,11.78125f,-0.13052619222005094f,0.29813321970381484f,-0.9455577700244291f,-3.53125f,0f,0f,0f,1f],start_interpolation:0}
execute if entity @s[tag=aj.cutscenes.bone.bottom4] run data modify entity @s {} merge value {transformation:[-0.9848077530122079f,-0.05221701409779454f,-0.16561121050749172f,0.1540616415346335f,-6.938893903907228e-18f,0.9537169507482269f,-0.3007057995042731f,11.517690173183473f,0.17364817766693094f,-0.29613740272754274f,-0.9392278472760159f,-3.366980044863426f,0f,0f,0f,1f],start_interpolation:0}
execute if entity @s[tag=aj.cutscenes.bone.leftleg] run data modify entity @s {} merge value {transformation:[-0.9848077530122079f,-0.09330109785058167f,-0.14645338762528573f,0.11875000000000042f,-6.938893903907228e-18f,0.8433914458128857f,-0.5372996083468239f,11.78125f,0.17364817766693094f,-0.529136819990375f,-0.8305784346607052f,-3.53125f,0f,0f,0f,1f],start_interpolation:0}
execute if entity @s[tag=aj.cutscenes.locator_origin.head2] at @s on origin run tp @s ^0 ^0.125 ^2.4375 ~-180 ~-90
execute if entity @s[tag=aj.cutscenes.locator_origin.mount2] at @s on origin run tp @s ^0 ^0.125 ^2.6875 ~-180 ~-90
execute if entity @s[tag=aj.cutscenes.bone.projectile2] run data modify entity @s {} merge value {transformation:[0.0641718796021928f,-0.0002731723739297953f,-1.498626669736388f,0.08098187499999943f,-0.012764580490874406f,-1.4999456626363998f,-0.0002731723739287334f,1.9548393749999948f,-1.498572332372787f,0.012764580490874386f,-0.06417187960219196f,1.8816800000000036f,0f,0f,0f,1f],start_interpolation:0}
execute if entity @s[tag=aj.cutscenes.camera_origin.camera] at @s on origin run tp @s ^-7.71875 ^10.22375 ^-1.46875 ~-67.5 ~30