execute if entity @s[tag=aj.cutscenes.locator_origin.head] at @s on origin run tp @s ^-0.1496 ^0.67421 ^1.68217 ~-48.35006 ~76.40875
execute if entity @s[tag=aj.cutscenes.bone.blade2] run data modify entity @s {} merge value {transformation:[0.0000026690120746196547f,0.000001447964413924187f,0.000009527842022281f,-0.08707139750860807f,0.000008802317114873753f,-0.000004391468729758606f,-0.0000017983925613594323f,0.07312024140438511f,0.000003923721187181261f,0.000008866701836171187f,-0.000002446632500745338f,2.733295155830805f,0f,0f,0f,1f],start_interpolation:0}
execute if entity @s[tag=aj.cutscenes.bone.heart] run data modify entity @s {} merge value {transformation:[-0.000009527842022281f,9.89571535266515e-7f,-0.0000028707097685148543f,-0.18697111166212757f,0.0000017983925613594336f,0.000009456582191087593f,-0.0000027090288773750737f,0.044216829921250755f,0.0000024466325007453388f,-0.00000309738622709459f,-0.000009188045927535483f,2.177268550322149f,0f,0f,0f,1f],start_interpolation:0}
execute if entity @s[tag=aj.cutscenes.bone.bottom2] run data modify entity @s {} merge value {transformation:[0.2870709768514852f,0.09895715352665149f,-0.9527842022280999f,-0.19568620272676557f,0.27090288773750737f,0.9456582191087592f,0.1798392561359433f,0.4931565307714463f,0.9188045927535482f,-0.309738622709459f,0.24466325007453366f,2.1326538281077045f,0f,0f,0f,1f],start_interpolation:0}
execute if entity @s[tag=aj.cutscenes.bone.rightarm] run data modify entity @s {} merge value {transformation:[0.27896589679053924f,0.1199178569372111f,-0.9527842022280999f,-0.1831421070418715f,0.20022020800012066f,0.9631042052970483f,0.1798392561359433f,0.7214188190957008f,0.9391964100954808f,-0.24093567051544595f,0.24466325007453366f,2.0137201348478757f,0f,0f,0f,1f],start_interpolation:0}
execute if entity @s[tag=aj.cutscenes.bone.blade] run data modify entity @s {} merge value {transformation:[-1.1737894700663025f,-0.000006224811762440165f,1.302897131892865e-7f,-1.090302961753085f,0.9248056819559024f,-0.000007717971934286025f,0.0000015559906898818278f,0.067827096762478f,-0.13020265198354003f,0.000001297932102908231f,0.000009877343649161858f,1.4690121324273673f,0f,0f,0f,1f],start_interpolation:0}
execute if entity @s[tag=aj.cutscenes.bone.bottom] run data modify entity @s {} merge value {transformation:[0.013028971318928557f,0.9587453822297111f,-0.2839674945474855f,-0.5959854379989397f,0.15559906898818254f,0.27858808385790257f,0.9477223270886854f,0.5182385034759488f,0.9877343649161859f,-0.056532924792442256f,-0.14555017271728232f,1.3920573133124525f,0f,0f,0f,1f],start_interpolation:0}
execute if entity @s[tag=aj.cutscenes.bone.leftarm] run data modify entity @s {} merge value {transformation:[0.06763549964141598f,0.9564454512562022f,-0.2839674945474855f,-0.35264685645730065f,0.1712197644562569f,0.2692697216494102f,0.9477223270886854f,0.5962571691668174f,0.9829085570121973f,-0.11272052064362255f,-0.14555017271728232f,1.4253089679648092f,0f,0f,0f,1f],start_interpolation:0}
execute if entity @s[tag=aj.cutscenes.locator_origin.mount] at @s on origin run tp @s ^0.07832 ^0.5796 ^1.64211 ~55.19855 ~65.74993
execute if entity @s[tag=aj.cutscenes.bone.head] run data modify entity @s {} merge value {transformation:[0.2347973126894993f,0.911662388603522f,0.3372564471726386f,-0.14959837809950316f,0.1596657496489451f,-0.3784148026254092f,0.9117615288785841f,0.674207663963428f,0.9588415251452295f,-0.16023085333260173f,-0.23441203744150255f,1.682167461687611f,0f,0f,0f,1f],start_interpolation:0}
execute if entity @s[tag=aj.cutscenes.bone.upper] run data modify entity @s {} merge value {transformation:[0.2712075990646868f,0.9463688292006627f,-0.1755917917413437f,-0.8593750000000002f,0.20025863988621362f,0.12295735865735169f,0.9719968956241226f,0.5819896449704143f,0.9414578670129067f,-0.298776717749852f,-0.1561715645376371f,1.90625f,0f,0f,0f,1f],start_interpolation:0}
execute if entity @s[tag=aj.cutscenes.bone.bottom3] run data modify entity @s {} merge value {transformation:[-0.1305261922200519f,0.9465164232653223f,-0.2950755388600607f,-0.9179316900860838f,0f,0.29762173405305153f,0.9546838761701459f,0.2867248349901993f,0.9914448613738104f,0.12461125113036871f,-0.038847431667873786f,2.023594796503342f,0f,0f,0f,1f],start_interpolation:0}
execute if entity @s[tag=aj.cutscenes.bone.rightleg] run data modify entity @s {} merge value {transformation:[-0.1305261922200519f,0.18477088443106643f,-0.9740752709165219f,-0.8593750000000002f,0f,0.9824805280313622f,0.18636526510918205f,0.59375f,0.9914448613738104f,0.024325548416782028f,-0.1282394422542797f,2.025f,0f,0f,0f,1f],start_interpolation:0}
execute if entity @s[tag=aj.cutscenes.bone.bottom4] run data modify entity @s {} merge value {transformation:[0.17364817766693f,0.5398303218450602f,-0.8236683398125807f,-0.5527143080898878f,1.3877787807814457e-17f,0.8363747516134453f,0.5481580747043205f,0.47077004293641855f,0.9848077530122081f,-0.09518665074581813f,0.14523495146430598f,1.7270810297692354f,0f,0f,0f,1f],start_interpolation:0}
execute if entity @s[tag=aj.cutscenes.bone.leftleg] run data modify entity @s {} merge value {transformation:[0.17364817766693f,-0.9847871776656988f,0.0063659326246479075f,-0.8593750000000002f,1.3877787807814457e-17f,-0.006464137396539282f,-0.9999791072456057f,0.46875f,0.9848077530122081f,0.17364454967820298f,-0.001122485679097699f,1.7875f,0f,0f,0f,1f],start_interpolation:0}
execute if entity @s[tag=aj.cutscenes.locator_origin.head2] at @s on origin run tp @s ^0 ^0.125 ^2.4375 ~-180 ~-90
execute if entity @s[tag=aj.cutscenes.locator_origin.mount2] at @s on origin run tp @s ^0 ^0.125 ^2.6875 ~-180 ~-90
execute if entity @s[tag=aj.cutscenes.camera_origin.camera] at @s on origin run tp @s ^3.375 ^-0.44813 ^1.90625 ~90 ~10