execute if entity @s[tag=aj.cutscenes.locator_origin.head] at @s on origin run tp @s ^-0.51261 ^1.24888 ^1.81386 ~-88.81151 ~27.633
execute if entity @s[tag=aj.cutscenes.bone.blade2] run data modify entity @s {} merge value {transformation:[1.1310072552891428e-7f,0.000006158523942796625f,0.000007877803695947592f,0.05125927106768796f,-0.0000018970935487081597f,-0.000007722005785284712f,0.000006063964274258162f,0.456859473691441f,0.000009817751488672684f,-0.0000015630769328571464f,0.0000010809931584590047f,2.032365627812143f,0f,0f,0f,1f],start_interpolation:0}
execute if entity @s[tag=aj.cutscenes.bone.heart] run data modify entity @s {} merge value {transformation:[0.00000787780369594759f,-0.0000040772518674107355f,0.000004616949873868043f,-0.2783958589965665f,0.000006063964274258163f,0.000003818227412418609f,-0.000006974917684645156f,0.7252989123180331f,0.0000010809931584590032f,0.000008294405140620437f,0.000005480355568265081f,1.909510998635191f,0f,0f,0f,1f],start_interpolation:0}
execute if entity @s[tag=aj.cutscenes.bone.bottom2] run data modify entity @s {} merge value {transformation:[0.4616949873868041f,-0.40772518674107355f,-0.7877803695947592f,-0.42408622353287084f,-0.6974917684645158f,0.38182274124186083f,-0.606396427425816f,0.9833143180330213f,0.5480355568265081f,0.8294405140620437f,-0.10809931584590043f,2.2465842602861392f,0f,0f,0f,1f],start_interpolation:0}
execute if entity @s[tag=aj.cutscenes.bone.rightarm] run data modify entity @s {} merge value {transformation:[-0.19757143588890297f,-0.583410333300621f,-0.7877803695947592f,-0.5575905921149696f,0.08253786886121538f,0.790867165211109f,-0.606396427425816f,1.1758724925319726f,0.9768075695471682f,-0.18482832572147148f,-0.10809931584590043f,2.1393267057590735f,0f,0f,0f,1f],start_interpolation:0}
execute if entity @s[tag=aj.cutscenes.bone.blade] run data modify entity @s {} merge value {transformation:[-0.7313906412469573f,0.0000031871303958990477f,-0.000008128187515022945f,-0.22153868731519402f,-1.1511025071728245f,0.000002875171832025263f,0.000005730868555648934f,1.0581346905054603f,0.6245244173583624f,0.000009031920436754569f,0.0000010438933463239775f,2.2097289325555103f,0f,0f,0f,1f],start_interpolation:0}
execute if entity @s[tag=aj.cutscenes.bone.bottom] run data modify entity @s {} merge value {transformation:[-0.8128187515022943f,0.018597853802995057f,-0.5822197154341086f,-0.3840514914113691f,0.5730868555648936f,0.20464322757073372f,-0.7935317292888647f,0.9457520755501936f,0.10438933463239797f,-0.9786599354440516f,-0.1769960382936577f,1.5662213334289254f,0f,0f,0f,1f],start_interpolation:0}
execute if entity @s[tag=aj.cutscenes.bone.leftarm] run data modify entity @s {} merge value {transformation:[-0.43229961157712316f,-0.688576247622654f,-0.5822197154341086f,-0.5832142790406027f,0.11777461030487517f,0.5970230613463429f,-0.7935317292888647f,1.102368754030834f,0.8940056974079099f,-0.41161415844276633f,-0.1769960382936577f,1.5191931499062283f,0f,0f,0f,1f],start_interpolation:0}
execute if entity @s[tag=aj.cutscenes.locator_origin.mount] at @s on origin run tp @s ^-0.33171 ^1.42048 ^1.79569 ~-70.75747 ~43.84134
execute if entity @s[tag=aj.cutscenes.bone.head] run data modify entity @s {} merge value {transformation:[-0.11280379533127394f,0.7235756000293783f,-0.6809652375863142f,-0.5126079226933434f,0.22150400328357706f,0.6864057504590699f,0.6926637873211434f,1.2488826177601693f,0.9686130704714908f,-0.07270142212396148f,-0.23770406587381807f,1.8138619133991811f,0f,0f,0f,1f],start_interpolation:0}
execute if entity @s[tag=aj.cutscenes.bone.upper] run data modify entity @s {} merge value {transformation:[0.04099789908101289f,0.4623561030755424f,-0.8857460167676406f,-0.8593750000000002f,0.11760598160182197f,0.878095955830127f,0.46380634476713184f,0.590310650887574f,0.9922136893645517f,-0.12318411546775859f,-0.01837575397122325f,1.90625f,0f,0f,0f,1f],start_interpolation:0}
execute if entity @s[tag=aj.cutscenes.locator_origin.head2] at @s on origin run tp @s ^0 ^0.125 ^2.4375 ~-180 ~-90
execute if entity @s[tag=aj.cutscenes.locator_origin.mount2] at @s on origin run tp @s ^0 ^0.125 ^2.6875 ~-180 ~-90
execute if entity @s[tag=aj.cutscenes.camera_origin.camera] at @s on origin run tp @s ^3.375 ^-0.44813 ^1.90625 ~90 ~0