execute if entity @s[tag=aj.cutscenes.locator_origin.head] at @s on origin run tp @s ^0 ^1.34377 ^1.34882 ~0 ~37.65625
execute if entity @s[tag=aj.cutscenes.bone.blade2] run data modify entity @s {} merge value {transformation:[1.3435651341241381f,0.12335574060070498f,0.6554510596732891f,-0.7383723799271175f,-0.04375709487540867f,-1.454642076113101f,0.3634580402872264f,0.8001010099999168f,0.6655208839803982f,-0.34467345656754367f,-1.2993391248337482f,1.0161627516508678f,0f,0f,0f,1f],start_interpolation:0}
execute if entity @s[tag=aj.cutscenes.bone.heart] run data modify entity @s {} merge value {transformation:[-8.223716040046999e-7f,0.000008957100894160925f,0.000004369673731155259f,-0.9143687423055906f,0.000009697613840754008f,-2.917139658360573e-7f,0.000002423053601914843f,1.1900217416445744f,0.000002297823043783625f,0.000004436805893202652f,-0.000008662260832224991f,0.9334543336456324f,0f,0f,0f,1f],start_interpolation:0}
execute if entity @s[tag=aj.cutscenes.bone.bottom2] run data modify entity @s {} merge value {transformation:[-0.43696737311552586f,0.8957100894160923f,-0.0822371604004699f,-0.5630584323669874f,-0.24230536019148405f,-0.02917139658360573f,0.9697613840754007f,1.234091757505178f,0.866226083222499f,0.4436805893202652f,0.22978230437836225f,1.2131902467545657f,0f,0f,0f,1f],start_interpolation:0}
execute if entity @s[tag=aj.cutscenes.bone.rightarm] run data modify entity @s {} merge value {transformation:[-0.4432189359440564f,0.8914289954819348f,-0.09439979255637818f,-0.31250000000000017f,-0.2421874634833424f,-0.01768826333695625f,0.9700682233078387f,1.2448064081386478f,0.8630771734625606f,0.45281505204022465f,0.2237327005461779f,1.2724516864232118f,0f,0f,0f,1f],start_interpolation:0}
execute if entity @s[tag=aj.cutscenes.bone.blade] run data modify entity @s {} merge value {transformation:[1.3435738327757625f,-0.12325540340337604f,-0.655452104590501f,0.7384038913434562f,0.04386588676784349f,-1.4546388678451032f,0.36345776664199386f,0.8001186815647501f,-0.6654961606638435f,-0.3447228882540092f,-1.299338674270683f,1.0161514611835274f,0f,0f,0f,1f],start_interpolation:0}
execute if entity @s[tag=aj.cutscenes.bone.bottom] run data modify entity @s {} merge value {transformation:[-0.4369680697270004f,-0.8957158885171752f,0.08217026893558393f,0.5630583754430413f,0.242305177761329f,-0.029243924511895603f,0.9697592452300688f,1.2340916498025412f,-0.8662257828471221f,0.44366410710922877f,0.22981525883600595f,1.213190025552606f,0f,0f,0f,1f],start_interpolation:0}
execute if entity @s[tag=aj.cutscenes.bone.leftarm] run data modify entity @s {} merge value {transformation:[-0.4432196297641637f,-0.8914285943311249f,0.09440032309559235f,0.31249999999999983f,0.24218728437827858f,-0.017687787750143208f,0.9700682766949862f,1.2448064081386478f,-0.8630768674209686f,0.4528158603376655f,0.22373224521616675f,1.2724516864232118f,0f,0f,0f,1f],start_interpolation:0}
execute if entity @s[tag=aj.cutscenes.locator_origin.mount] at @s on origin run tp @s ^0 ^1.50394 ^1.54077 ~0 ~50.15625
execute if entity @s[tag=aj.cutscenes.bone.head] run data modify entity @s {} merge value {transformation:[-1f,-9.402771058637203e-17f,7.846265014963512e-17f,-1.6518244507192832e-16f,0f,0.6406961599398607f,0.7677945237095118f,1.3437676897663775f,-1.2246467991473532e-16f,0.7677945237095118f,-0.6406961599398607f,1.3488170237078543f,0f,0f,0f,1f],start_interpolation:0}
execute if entity @s[tag=aj.cutscenes.bone.upper] run data modify entity @s {} merge value {transformation:[-1f,-7.481645269715625e-17f,9.695409342793504e-17f,-1.0907010554906114e-16f,0f,0.7916902530218366f,0.610922698277139f,0.75f,-1.2246467991473532e-16f,0.610922698277139f,-0.7916902530218366f,0.890625f,0f,0f,0f,1f],start_interpolation:0}
execute if entity @s[tag=aj.cutscenes.locator_origin.head2] at @s on origin run tp @s ^0 ^0.61951 ^2.25138 ~-180 ~-48.75
execute if entity @s[tag=aj.cutscenes.bone.bottom5] run data modify entity @s {} merge value {transformation:[0.9763824522960998f,0.05826203766775251f,-0.2080452878943812f,0.3589583938515678f,0.07481644617444531f,0.8121918548567072f,0.5785731503329963f,0.33871919860926925f,0.20268153894738644f,-0.5804738804384078f,0.7886509163747267f,2.3151859459681745f,0f,0f,0f,1f],start_interpolation:0}
execute if entity @s[tag=aj.cutscenes.bone.rightarm2] run data modify entity @s {} merge value {transformation:[0.9763824522960998f,0.05826203766775251f,-0.2080452878943812f,0.31249999999999967f,0.07481644617444531f,0.8121918548567072f,0.5785731503329963f,0.5370911344375432f,0.20268153894738644f,-0.5804738804384078f,0.7886509163747267f,2.1573998796743608f,0f,0f,0f,1f],start_interpolation:0}
execute if entity @s[tag=aj.cutscenes.bone.bottom6] run data modify entity @s {} merge value {transformation:[0.9763824522960998f,-0.05826203766775223f,0.20804528789438087f,-0.3589583938515685f,-0.07481644617444531f,0.8121918548567072f,0.5785731503329963f,0.33871919860926925f,-0.20268153894738594f,-0.5804738804384078f,0.7886509163747267f,2.3151859459681745f,0f,0f,0f,1f],start_interpolation:0}
execute if entity @s[tag=aj.cutscenes.bone.leftarm2] run data modify entity @s {} merge value {transformation:[0.9763824522960998f,-0.05826203766775223f,0.20804528789438087f,-0.31250000000000033f,-0.07481644617444531f,0.8121918548567072f,0.5785731503329963f,0.5370911344375432f,-0.20268153894738594f,-0.5804738804384078f,0.7886509163747267f,2.1573998796743608f,0f,0f,0f,1f],start_interpolation:0}
execute if entity @s[tag=aj.cutscenes.locator_origin.mount2] at @s on origin run tp @s ^0 ^0.84105 ^2.36723 ~-180 ~-27.60645
execute if entity @s[tag=aj.cutscenes.bone.head2] run data modify entity @s {} merge value {transformation:[1f,-1.1349925441236172e-16f,-2.1704448980407752e-16f,-3.6007796440056156e-16f,0f,0.8861513783206404f,-0.46339587255437364f,0.6195093613250517f,2.4492935982947064e-16f,0.46339587255437364f,0.8861513783206404f,2.251379855609233f,0f,0f,0f,1f],start_interpolation:0}
execute if entity @s[tag=aj.cutscenes.bone.upper2] run data modify entity @s {} merge value {transformation:[1f,-1.8414764274013836e-16f,-1.6149314839870043e-16f,-2.2196723234545778e-16f,0f,0.6593458151000691f,-0.7518398074789773f,0.125f,2.4492935982947064e-16f,0.7518398074789773f,0.6593458151000691f,1.6875f,0f,0f,0f,1f],start_interpolation:0}
execute if entity @s[tag=aj.cutscenes.bone.bottom7] run data modify entity @s {} merge value {transformation:[0.9622501286096566f,-0.2601147788559509f,-0.0800936440138607f,0.12419176436770307f,0.1441526541328116f,0.7367009205990387f,-0.6606752348128351f,0.37640951962109065f,0.23085645387808684f,0.6241891183040991f,0.7463867913445321f,1.3965741350261964f,0f,0f,0f,1f],start_interpolation:0}
execute if entity @s[tag=aj.cutscenes.bone.rightleg2] run data modify entity @s {} merge value {transformation:[0.9622501286096566f,0.0018313565955426735f,0.27216049699344547f,0.1187499999999998f,0.1441526541328116f,-0.8516274097048337f,-0.5039352809100599f,0.109375f,0.23085645387808684f,0.5241444468583589f,-0.8197425794298961f,1.5589264218326955f,0f,0f,0f,1f],start_interpolation:0}
execute if entity @s[tag=aj.cutscenes.bone.bottom8] run data modify entity @s {} merge value {transformation:[0.9622501286096569f,0.2601147788559505f,0.08009364401386032f,-0.12419176436770338f,-0.1441526541328116f,0.7367009205990387f,-0.6606752348128351f,0.37640951962109065f,-0.2308564538780864f,0.6241891183040993f,0.7463867913445322f,1.3965741350261964f,0f,0f,0f,1f],start_interpolation:0}
execute if entity @s[tag=aj.cutscenes.bone.leftleg2] run data modify entity @s {} merge value {transformation:[0.9622501286096569f,-0.0018313565955429302f,-0.272160496993445f,-0.11875000000000019f,-0.1441526541328116f,-0.8516274097048337f,-0.5039352809100599f,0.109375f,-0.2308564538780864f,0.5241444468583589f,-0.8197425794298964f,1.5589264218326955f,0f,0f,0f,1f],start_interpolation:0}
execute if entity @s[tag=aj.cutscenes.camera_origin.camera] at @s on origin run tp @s ^-2.46875 ^-0.12 ^1.6875 ~-90 ~0