execute if entity @s[tag=aj.cutscenes.locator_origin.head] at @s on origin run tp @s ^0 ^13.17014 ^-3.54514 ~0 ~0
execute if entity @s[tag=aj.cutscenes.bone.blade2] run data modify entity @s {} merge value {transformation:[-0.000006603662977290652f,-0.000007509436415761224f,7.04287472273302e-21f,-0.8558766828519186f,0.000007509436415761224f,-0.000006603662977290651f,8.087154727786877e-22f,12.232354066982468f,4.043577363893439e-21f,5.82285043412863e-21f,0.00001f,-3.5130682638888886f,0f,0f,0f,1f],start_interpolation:0}
execute if entity @s[tag=aj.cutscenes.bone.heart] run data modify entity @s {} merge value {transformation:[-8.343215377440203e-21f,2.0457065411225823e-7f,0.00000999790732340904f,-0.3058413151532777f,4.542381007161161e-23f,0.00000999790732340904f,-2.0457065411225823e-7f,12.356132235254492f,-0.00001f,-1.2526339837902866e-22f,-8.342398650142693e-21f,-3.467013888888889f,0f,0f,0f,1f],start_interpolation:0}
execute if entity @s[tag=aj.cutscenes.bone.bottom2] run data modify entity @s {} merge value {transformation:[-0.9997907323409039f,0.02045706541122582f,-6.123233995736765e-16f,-0.37499999999999956f,0.02045706541122582f,0.9997907323409039f,0f,12.79513888888889f,6.12195260089238e-16f,-1.2526339837902866e-17f,-1f,-3.545138888888889f,0f,0f,0f,1f],start_interpolation:0}
execute if entity @s[tag=aj.cutscenes.bone.rightarm] run data modify entity @s {} merge value {transformation:[-1f,0f,-6.123233995736765e-16f,-0.31249999999999956f,0f,1f,0f,13.04513888888889f,6.123233995736765e-16f,0f,-1f,-3.545138888888889f,0f,0f,0f,1f],start_interpolation:0}
execute if entity @s[tag=aj.cutscenes.bone.blade] run data modify entity @s {} merge value {transformation:[0.0033888098982841485f,3.226481400976187e-8f,-0.000009999922428715698f,0.3778911926795517f,-0.8603579805674472f,-0.000008191456900213801f,-3.9388065054228e-8f,12.191391218389205f,-1.2287280664334874f,0.000005735764363510461f,3.902740447773939e-21f,-3.247443263888889f,0f,0f,0f,1f],start_interpolation:0}
execute if entity @s[tag=aj.cutscenes.bone.bottom] run data modify entity @s {} merge value {transformation:[-0.9999922428715698f,-0.003938806505422967f,-6.123233995736765e-16f,0.37500000000000044f,-0.003938806505422967f,0.9999922428715698f,0f,12.79513888888889f,6.123186497024252e-16f,2.4118233896635038e-18f,-1f,-3.545138888888889f,0f,0f,0f,1f],start_interpolation:0}
execute if entity @s[tag=aj.cutscenes.bone.leftarm] run data modify entity @s {} merge value {transformation:[-1f,0f,-6.123233995736765e-16f,0.31250000000000044f,0f,1f,0f,13.04513888888889f,6.123233995736765e-16f,0f,-1f,-3.545138888888889f,0f,0f,0f,1f],start_interpolation:0}
execute if entity @s[tag=aj.cutscenes.locator_origin.mount] at @s on origin run tp @s ^0.00095 ^13.4199 ^-3.556 ~5 ~-2.5
execute if entity @s[tag=aj.cutscenes.bone.head] run data modify entity @s {} merge value {transformation:[-0.9961946980917455f,0.0038016801040236495f,0.0870727897926932f,4.341542992810582e-16f,-2.168404344971009e-19f,0.9990482215818578f,-0.043619387365336f,13.17013888888889f,-0.08715574274765758f,-0.0434534024273578f,-0.9952465414778341f,-3.545138888888889f,0f,0f,0f,1f],start_interpolation:0}
execute if entity @s[tag=aj.cutscenes.bone.upper] run data modify entity @s {} merge value {transformation:[-1f,0f,-6.123233995736765e-16f,4.341542992810582e-16f,0f,1f,0f,12.42013888888889f,6.123233995736765e-16f,0f,-1f,-3.545138888888889f,0f,0f,0f,1f],start_interpolation:0}
execute if entity @s[tag=aj.cutscenes.bone.bottom3] run data modify entity @s {} merge value {transformation:[-0.9914448613738105f,-0.03924998298777886f,0.12448504203688393f,-0.11268091069990499f,3.469446951953614e-18f,0.9537169507482269f,0.30070579950427306f,12.122102341780069f,-0.13052619222005094f,0.29813321970381484f,-0.9455577700244291f,-3.6391213087477063f,0f,0f,0f,1f],start_interpolation:0}
execute if entity @s[tag=aj.cutscenes.bone.rightleg] run data modify entity @s {} merge value {transformation:[-0.9914448613738105f,-0.03924998298777886f,0.12448504203688393f,-0.11874999999999956f,3.469446951953614e-18f,0.9537169507482269f,0.30070579950427306f,12.42013888888889f,-0.13052619222005094f,0.29813321970381484f,-0.9455577700244291f,-3.545138888888889f,0f,0f,0f,1f],start_interpolation:0}
execute if entity @s[tag=aj.cutscenes.bone.bottom4] run data modify entity @s {} merge value {transformation:[-0.9848077530122079f,-0.05221701409779454f,-0.16561121050749172f,0.1540616415346335f,-6.938893903907228e-18f,0.9537169507482269f,-0.3007057995042731f,12.156579062072362f,0.17364817766693094f,-0.29613740272754274f,-0.9392278472760159f,-3.380868933752315f,0f,0f,0f,1f],start_interpolation:0}
execute if entity @s[tag=aj.cutscenes.bone.leftleg] run data modify entity @s {} merge value {transformation:[-0.9848077530122079f,-0.09330109785058167f,-0.14645338762528573f,0.11875000000000042f,-6.938893903907228e-18f,0.8433914458128857f,-0.5372996083468239f,12.42013888888889f,0.17364817766693094f,-0.529136819990375f,-0.8305784346607052f,-3.545138888888889f,0f,0f,0f,1f],start_interpolation:0}
execute if entity @s[tag=aj.cutscenes.locator_origin.head2] at @s on origin run tp @s ^0 ^0.125 ^2.4375 ~-180 ~-90
execute if entity @s[tag=aj.cutscenes.locator_origin.mount2] at @s on origin run tp @s ^0 ^0.1897 ^2.67898 ~-180 ~-75
execute if entity @s[tag=aj.cutscenes.bone.head2] run data modify entity @s {} merge value {transformation:[1f,-2.3658359427573397e-16f,-6.339238302863535e-17f,-4.0566425221756077e-16f,0f,0.25881904510252096f,-0.9659258262890682f,0.12500000000000017f,2.4492935982947064e-16f,0.9659258262890682f,0.25881904510252096f,2.4375f,0f,0f,0f,1f],start_interpolation:0}
execute if entity @s[tag=aj.cutscenes.camera_origin.camera] at @s on origin run tp @s ^-7.71875 ^10.22375 ^-1.46875 ~-67.5 ~30