execute if entity @s[tag=aj.cutscenes.locator_origin.head] at @s on origin run tp @s ^-1.022 ^1.3059 ^1.83132 ~-93.60857 ~-12.20897
execute if entity @s[tag=aj.cutscenes.bone.blade2] run data modify entity @s {} merge value {transformation:[-0.0000029960117470860604f,0.0000047050186588611085f,-0.000008299801987462783f,-0.49246389304118576f,-0.000005517190220167453f,0.0000062428867410538205f,0.0000055305494494546466f,1.9531280617580395f,0.000007783606213434167f,0.0000062361177472962485f,7.25472091844883e-7f,2.610788982586061f,0f,0f,0f,1f],start_interpolation:0}
execute if entity @s[tag=aj.cutscenes.bone.heart] run data modify entity @s {} merge value {transformation:[-0.8299801987462782f,-0.538755609451899f,0.14448274282142298f,-0.5325083226131265f,0.5530549449454647f,-0.8285332461709525f,0.08753792241533769f,1.7447210144967324f,0.07254720918448815f,0.15256163762079003f,0.985627642249346f,2.2224741062162154f,0f,0f,0f,1f],start_interpolation:0}
execute if entity @s[tag=aj.cutscenes.bone.bottom2] run data modify entity @s {} merge value {transformation:[0.14448274282142318f,-0.538755609451899f,0.8299801987462782f,-0.8420862762017243f,0.08753792241533756f,-0.8285332461709525f,-0.5530549449454647f,1.4199740167198467f,0.985627642249346f,0.15256163762079003f,-0.07254720918448837f,2.233285845752265f,0f,0f,0f,1f],start_interpolation:0}
execute if entity @s[tag=aj.cutscenes.bone.rightarm] run data modify entity @s {} merge value {transformation:[0.022550127904155615f,-0.5573368473558831f,0.8299801987462782f,-0.9828298710347048f,-0.09668592149173066f,-0.8275155952951369f,-0.5530549449454647f,1.2191379879892956f,0.9950594576791887f,-0.06777594058912764f,-0.07254720918448837f,2.154150644500034f,0f,0f,0f,1f],start_interpolation:0}
execute if entity @s[tag=aj.cutscenes.bone.blade] run data modify entity @s {} merge value {transformation:[-0.3940262342893355f,0.000009627104824457238f,-6.469591234653359e-7f,-0.23749143693257135f,-1.4307002718457644f,-0.000002692157457692905f,-0.0000013337202298282685f,0.7088077518680107f,-0.21872370432173366f,2.6672255604014206e-7f,0.000009889521436404886f,1.4128204151063997f,0f,0f,0f,1f],start_interpolation:0}
execute if entity @s[tag=aj.cutscenes.bone.bottom] run data modify entity @s {} merge value {transformation:[-0.06469591234653332f,-0.6379368175588567f,-0.7673663113067497f,-0.8511233722457381f,-0.13337202298282683f,0.7676059374428776f,-0.6268915602302438f,0.9855618835258637f,0.9889521436404887f,0.06178787587641346f,-0.13474389033853418f,1.4105199049081854f,0f,0f,0f,1f],start_interpolation:0}
execute if entity @s[tag=aj.cutscenes.bone.leftarm] run data modify entity @s {} merge value {transformation:[0.06013209678162091f,-0.6383831727169178f,-0.7673663113067497f,-1.0069609093761163f,-0.279570475732581f,0.7272188947014159f,-0.6268915602302438f,1.1498934524679314f,0.958240303908839f,0.25222926868453016f,-0.13474389033853418f,1.5334672410736203f,0f,0f,0f,1f],start_interpolation:0}
execute if entity @s[tag=aj.cutscenes.locator_origin.mount] at @s on origin run tp @s ^-1.06927 ^1.55076 ^1.81376 ~-93.10262 ~-10.69521
execute if entity @s[tag=aj.cutscenes.bone.head] run data modify entity @s {} merge value {transformation:[0.03905683615564844f,-0.1890627423735141f,-0.9811879753623751f,-1.0219994682464926f,0.0789688641237741f,0.9794500140706653f,-0.1855844509542076f,1.3059011127950462f,0.9961116815139313f,-0.07023495841231796f,0.053184288735567666f,1.8313207313441924f,0f,0f,0f,1f],start_interpolation:0}
execute if entity @s[tag=aj.cutscenes.bone.upper] run data modify entity @s {} merge value {transformation:[0.03860966134625836f,-0.21683262432865652f,-0.9754449790108486f,-0.8593750000000002f,0.11079125683418257f,0.9710831405314619f,-0.2114777330705416f,0.5775887573964498f,0.9930934454822614f,-0.09990569154107673f,0.06151635016700676f,1.90625f,0f,0f,0f,1f],start_interpolation:0}
execute if entity @s[tag=aj.cutscenes.locator_origin.head2] at @s on origin run tp @s ^0 ^0.125 ^2.4375 ~-180 ~-90
execute if entity @s[tag=aj.cutscenes.locator_origin.mount2] at @s on origin run tp @s ^0 ^0.125 ^2.6875 ~-180 ~-90
execute if entity @s[tag=aj.cutscenes.camera_origin.camera] at @s on origin run tp @s ^3.375 ^-0.44813 ^1.90625 ~90 ~-15