execute if entity @s[tag=aj.cutscenes.locator_origin.head] at @s on origin run tp @s ^-0.14514 ^0.64732 ^1.68756 ~-40.73922 ~77.34802
execute if entity @s[tag=aj.cutscenes.bone.blade2] run data modify entity @s {} merge value {transformation:[0.0000034185039611901536f,9.367496156639748e-7f,0.00000935073958705303f,-0.1523192818641027f,0.00000863831736152502f,-0.000004231290133724268f,-0.0000027341647656684975f,0.06609589960563839f,0.0000037004464364320483f,0.000009012140919992378f,-0.000002255662255147323f,2.757255066191972f,0f,0f,0f,1f],start_interpolation:0}
execute if entity @s[tag=aj.cutscenes.bone.heart] run data modify entity @s {} merge value {transformation:[-0.00000935073958705303f,0.0000018875266290508223f,-0.0000030001520627700563f,-0.2479973610675261f,0.0000027341647656684983f,0.000009227453798750698f,-0.000002716328298659467f,0.029389952528056817f,0.000002255662255147324f,-0.000003360258861538104f,-0.000009144432632709279f,2.2009464066100115f,0f,0f,0f,1f],start_interpolation:0}
execute if entity @s[tag=aj.cutscenes.bone.bottom2] run data modify entity @s {} merge value {transformation:[0.3000152062770054f,0.18875266290508222f,-0.9350739587053029f,-0.21503203608001337f,0.2716328298659467f,0.9227453798750698f,0.27341647656684975f,0.47567303328846205f,0.9144432632709278f,-0.33602588615381035f,0.22556622551473215f,2.142998322729099f,0f,0f,0f,1f],start_interpolation:0}
execute if entity @s[tag=aj.cutscenes.bone.rightarm] run data modify entity @s {} merge value {transformation:[0.2844437049673844f,0.21149106471816076f,-0.9350739587053029f,-0.17993700146093472f,0.19912138897847004f,0.9410600952080871f,0.27341647656684975f,0.6984929702793294f,0.9377859303464263f,-0.26396482104879926f,0.22556622551473215f,2.0183954968202475f,0f,0f,0f,1f],start_interpolation:0}
execute if entity @s[tag=aj.cutscenes.bone.blade] run data modify entity @s {} merge value {transformation:[-1.140665568630986f,-0.000006493056526445019f,1.1292904134262914e-7f,-1.1041848077003331f,0.9628814424502747f,-0.000007489354248948971f,0.0000016441778599957242f,0.07121687247905212f,-0.14744961283308694f,0.0000013227962345500106f,0.000009863261438100549f,1.4741539857676842f,0f,0f,0f,1f],start_interpolation:0}
execute if entity @s[tag=aj.cutscenes.bone.bottom] run data modify entity @s {} merge value {transformation:[0.011292904134262809f,0.9680526473479423f,-0.25049259924966794f,-0.5942835428537514f,0.16441778599957219f,0.24530124675031068f,0.9554025800623223f,0.5038221084722133f,0.986326143810055f,-0.0519747083241796f,-0.15639490954440688f,1.3967220564865137f,0f,0f,0f,1f],start_interpolation:0}
execute if entity @s[tag=aj.cutscenes.bone.leftarm] run data modify entity @s {} merge value {transformation:[0.07193761137715642f,0.965442094478221f,-0.25049259924966794f,-0.3484269185231239f,0.1794673880044749f,0.23451517360953253f,0.9554025800623223f,0.5736676136248762f,0.9811301833662038f,-0.11368463201504547f,-0.15639490954440688f,1.42962153494314f,0f,0f,0f,1f],start_interpolation:0}
execute if entity @s[tag=aj.cutscenes.locator_origin.mount] at @s on origin run tp @s ^0.07684 ^0.53789 ^1.65224 ~58.45182 ~62.21153
execute if entity @s[tag=aj.cutscenes.bone.head] run data modify entity @s {} merge value {transformation:[0.23174292285557668f,0.887944453338786f,0.39730324122921384f,-0.14514335199043515f,0.16047038411297143f,-0.4377211155113353f,0.8846747881895062f,0.6473200189815767f,0.959450089128658f,-0.14126171746229388f,-0.24392755820245776f,1.6875602190580326f,0f,0f,0f,1f],start_interpolation:0}
execute if entity @s[tag=aj.cutscenes.bone.upper] run data modify entity @s {} merge value {transformation:[0.26958386729950257f,0.9523088640127534f,-0.14294182737947408f,-0.8593750000000002f,0.19972057064712523f,0.08991781623579065f,0.9757184429863839f,0.5798816568047337f,0.9420383390033714f,-0.29158637458929f,-0.16595527711297225f,1.90625f,0f,0f,0f,1f],start_interpolation:0}
execute if entity @s[tag=aj.cutscenes.bone.bottom3] run data modify entity @s {} merge value {transformation:[-0.13052619222005188f,0.9462141682362368f,-0.2960433430657422f,-0.9166860331732857f,0f,0.29859788940307314f,0.9543790129943293f,0.28648917045088873f,0.9914448613738104f,0.12457145850088122f,-0.03897484550872731f,2.0237587903470486f,0f,0f,0f,1f],start_interpolation:0}
execute if entity @s[tag=aj.cutscenes.bone.rightleg] run data modify entity @s {} merge value {transformation:[-0.13052619222005188f,0.18078478231011255f,-0.9748229457853459f,-0.8593750000000002f,0f,0.983234654557156f,0.18234476707015798f,0.59375f,0.9914448613738104f,0.02380076811692004f,-0.12833787551814366f,2.025f,0f,0f,0f,1f],start_interpolation:0}
execute if entity @s[tag=aj.cutscenes.bone.bottom4] run data modify entity @s {} merge value {transformation:[0.17364817766693003f,0.5364565042975116f,-0.8258696806336023f,-0.5527108829459155f,0f,0.838610051664941f,0.5447322105828927f,0.47013089384900053f,0.9848077530122081f,-0.09459175568419768f,0.14562310724478703f,1.7270804258239403f,0f,0f,0f,1f],start_interpolation:0}
execute if entity @s[tag=aj.cutscenes.bone.leftleg] run data modify entity @s {} merge value {transformation:[0.17364817766693003f,-0.9847981381264099f,0.004351727899464253f,-0.8593750000000002f,0f,-0.004418860316801609f,-0.9999902367890902f,0.46875f,0.9848077530122081f,0.17364648230314733f,-0.0007673270413773149f,1.7875f,0f,0f,0f,1f],start_interpolation:0}
execute if entity @s[tag=aj.cutscenes.locator_origin.head2] at @s on origin run tp @s ^0 ^0.125 ^2.4375 ~-180 ~-90
execute if entity @s[tag=aj.cutscenes.locator_origin.mount2] at @s on origin run tp @s ^0 ^0.125 ^2.6875 ~-180 ~-90
execute if entity @s[tag=aj.cutscenes.camera_origin.camera] at @s on origin run tp @s ^3.375 ^-0.44813 ^1.90625 ~90 ~10