execute if entity @s[tag=aj.cutscenes.locator_origin.head] at @s on origin run tp @s ^-0.53818 ^1.27025 ^1.89744 ~-82.75634 ~25.1051
execute if entity @s[tag=aj.cutscenes.bone.blade2] run data modify entity @s {} merge value {transformation:[-0.0000025253607454656324f,8.108501309620738e-7f,0.00000964183982289584f,-0.45006055920572097f,0.000007826882357120673f,-0.000005687498535621298f,0.000002528294479505642f,0.4472970665364245f,0.000005688801778323305f,0.000008185040163152798f,8.016556957455251e-7f,2.8345300782444247f,0f,0f,0f,1f],start_interpolation:0}
execute if entity @s[tag=aj.cutscenes.bone.heart] run data modify entity @s {} merge value {transformation:[-0.00000964183982289584f,-0.000002409693653223583f,0.0000011082875652257056f,-0.37752124184688324f,-0.0000025282944795056405f,0.000009613001296278234f,-0.0000010945013031761528f,0.528808990315641f,-8.016556957455239e-7f,-0.000001335508358404012f,-0.000009877943387674976f,2.2794852153407836f,0f,0f,0f,1f],start_interpolation:0}
execute if entity @s[tag=aj.cutscenes.bone.bottom2] run data modify entity @s {} merge value {transformation:[-0.11082875652257076f,-0.2409693653223583f,-0.9641839822895839f,-0.5669307093951146f,0.1094501303176152f,0.9613001296278233f,-0.25282944795056406f,0.9381762878377395f,0.9877943387674976f,-0.1335508358404012f,-0.0801655695745526f,2.2919652222538067f,0f,0f,0f,1f],start_interpolation:0}
execute if entity @s[tag=aj.cutscenes.bone.rightarm] run data modify entity @s {} merge value {transformation:[-0.09818353571278378f,-0.24639245445251762f,-0.9641839822895839f,-0.622392352026195f,0.05945212058040444f,0.9656825128413096f,-0.25282944795056406f,1.1758811585117916f,0.9933908790971606f,-0.0821464715088725f,-0.0801655695745526f,2.209341674433016f,0f,0f,0f,1f],start_interpolation:0}
execute if entity @s[tag=aj.cutscenes.bone.blade] run data modify entity @s {} merge value {transformation:[-1.2851222405499427f,0.0000047710525338388926f,-0.0000019583964588890824f,-0.34585232229268603f,-0.671614117232753f,-0.000008765368007282547f,-0.000001766625920462064f,0.27400926085778965f,-0.3839209611073164f,-6.366957014595149e-7f,0.000009645917072366021f,1.4163936267885477f,0f,0f,0f,1f],start_interpolation:0}
execute if entity @s[tag=aj.cutscenes.bone.bottom] run data modify entity @s {} merge value {transformation:[-0.19583964588890806f,0.10058881302297498f,-0.9754633380054508f,-0.5756130446444236f,-0.1766625920462066f,0.9748316001880268f,0.13599146975588883f,0.9029615199506659f,0.9645917072366021f,0.19896040301899326f,-0.17314039494265077f,1.4854686585976047f,0f,0f,0f,1f],start_interpolation:0}
execute if entity @s[tag=aj.cutscenes.bone.leftarm] run data modify entity @s {} merge value {transformation:[-0.19268221330256174f,0.10651216308051403f,-0.9754633380054508f,-0.5610276422057052f,-0.14686309981354917f,0.9797640277468799f,0.13599146975588883f,1.138723583149039f,0.9702086345678345f,0.16946270695678536f,-0.17314039494265077f,1.5884723749972907f,0f,0f,0f,1f],start_interpolation:0}
execute if entity @s[tag=aj.cutscenes.locator_origin.mount] at @s on origin run tp @s ^-0.35664 ^1.4415 ^1.91222 ~-85.41369 ~46.7642
execute if entity @s[tag=aj.cutscenes.bone.head] run data modify entity @s {} merge value {transformation:[-0.0805945861983263f,0.7261378631543335f,-0.6828091361201747f,-0.5381769965391401f,-0.0005979651266653438f,0.6850022405694827f,0.7285407146155223f,1.270249531387031f,0.9967467858554788f,0.0591247334746393f,-0.054773267004306236f,1.897438429658184f,0f,0f,0f,1f],start_interpolation:0}
execute if entity @s[tag=aj.cutscenes.bone.upper] run data modify entity @s {} merge value {transformation:[-0.09818353571278378f,0.42826400461448016f,-0.898303921658202f,-0.8593750000000002f,0.05945212058040444f,0.9035772844529248f,0.4242800211878604f,0.5925665680473373f,0.9933908790971606f,-0.011748760455754665f,-0.11417761581993088f,1.90625f,0f,0f,0f,1f],start_interpolation:0}
execute if entity @s[tag=aj.cutscenes.bone.bottom3] run data modify entity @s {} merge value {transformation:[-0.1305261922200519f,0.9467066888803946f,-0.29446452820951785f,-0.8602039905882604f,0f,0.29700545101569104f,0.9548757835797104f,0.28125000028369707f,0.9914448613738104f,0.12463630007379797f,-0.0387669905896773f,2.031194792322205f,0f,0f,0f,1f],start_interpolation:0}
execute if entity @s[tag=aj.cutscenes.bone.rightleg] run data modify entity @s {} merge value {transformation:[-0.1305261922200519f,0.00004224603803150576f,-0.9914448604737464f,-0.8593750000000002f,0f,0.9999999990921693f,0.00004261057742834726f,0.59375f,0.9914448613738104f,0.00000556179642001986f,-0.13052619210155625f,2.025f,0f,0f,0f,1f],start_interpolation:0}
execute if entity @s[tag=aj.cutscenes.bone.bottom4] run data modify entity @s {} merge value {transformation:[0.17364817766693f,0.420148927441816f,-0.890685797103808f,-0.5529082913465542f,-1.3877787807814457e-17f,0.9044260612078738f,0.4266304018796729f,0.4574739611305509f,0.9848077530122081f,-0.07408359182371516f,0.1570519373632266f,1.7271152342511913f,0f,0f,0f,1f],start_interpolation:0}
execute if entity @s[tag=aj.cutscenes.bone.leftleg] run data modify entity @s {} merge value {transformation:[0.17364817766693f,-0.9841664312443659f,-0.035535137606081624f,-0.8593750000000002f,-1.3877787807814457e-17f,0.03608332438223716f,-0.9993487848101513f,0.46875f,0.9848077530122081f,0.17353509533594375f,0.006265803523140172f,1.7875f,0f,0f,0f,1f],start_interpolation:0}
execute if entity @s[tag=aj.cutscenes.locator_origin.head2] at @s on origin run tp @s ^0 ^0.125 ^2.4375 ~-180 ~-90
execute if entity @s[tag=aj.cutscenes.locator_origin.mount2] at @s on origin run tp @s ^0 ^0.125 ^2.6875 ~-180 ~-90
execute if entity @s[tag=aj.cutscenes.camera_origin.camera] at @s on origin run tp @s ^3.375 ^-0.44813 ^1.90625 ~90 ~1.25