execute if entity @s[tag=aj.cutscenes.locator_origin.head] at @s on origin run tp @s ^-0.48834 ^1.2284 ^1.81687 ~-88.52941 ~29.72389
execute if entity @s[tag=aj.cutscenes.bone.blade2] run data modify entity @s {} merge value {transformation:[-1.9004990477198546e-7f,0.000004898915723264398f,0.000008715761915635893f,-0.04919519958327462f,-0.0000023346323334327647f,-0.000008498094166643779f,0.000004725662641635064f,0.3606770691143696f,0.000009721798851107054f,-0.0000019449987843718155f,0.0000013052229033409238f,2.0071739619931575f,0f,0f,0f,1f],start_interpolation:0}
execute if entity @s[tag=aj.cutscenes.bone.heart] run data modify entity @s {} merge value {transformation:[0.000008715761915635893f,-0.000003449778978223124f,0.000003483463683083378f,-0.3335070655875596f,0.0000047256626416350645f,0.000004019957693156189f,-0.00000784270697799485f,0.6818859217529054f,0.0000013052229033409225f,0.000008481684098493896f,0.000005133948580376521f,1.8984673258854945f,0f,0f,0f,1f],start_interpolation:0}
execute if entity @s[tag=aj.cutscenes.bone.bottom2] run data modify entity @s {} merge value {transformation:[0.34834636830833754f,-0.34497789782231236f,-0.8715761915635891f,-0.43811465393818694f,-0.7842706977994851f,0.4019957693156188f,-0.4725662641635062f,0.9436952288287304f,0.5133948580376521f,0.8481684098493895f,-0.13052229033409235f,2.2476508804996f,0f,0f,0f,1f],start_interpolation:0}
execute if entity @s[tag=aj.cutscenes.bone.rightarm] run data modify entity @s {} merge value {transformation:[-0.19890243433618612f,-0.4480990559180514f,-0.8715761915635891f,-0.5377080157716881f,0.09750797320861469f,0.875884308076869f,-0.4725662641635062f,1.1565720575224092f,0.9751564063143344f,-0.17898020826352745f,-0.13052229033409235f,2.141958553039072f,0f,0f,0f,1f],start_interpolation:0}
execute if entity @s[tag=aj.cutscenes.bone.blade] run data modify entity @s {} merge value {transformation:[-0.7759856536739802f,0.0000029929052812096146f,-0.000008017488993972523f,-0.2200465137196458f,-1.1021576324801818f,0.0000032495442243273493f,0.000005954116990915134f,1.0670780814830039f,0.6580993986153194f,0.0000089712307021862f,5.18035799945505e-7f,2.2165034460365014f,0f,0f,0f,1f],start_interpolation:0}
execute if entity @s[tag=aj.cutscenes.bone.bottom] run data modify entity @s {} merge value {transformation:[-0.8017488993972521f,0.05156027598262136f,-0.5954328175838907f,-0.3665859136990813f,0.5954116990915136f,0.15526068532020265f,-0.7882759847787182f,0.9264566081774798f,0.05180357999455071f,-0.9865270688300939f,-0.15517967510357553f,1.574713683519135f,0f,0f,0f,1f],start_interpolation:0}
execute if entity @s[tag=aj.cutscenes.bone.leftarm] run data modify entity @s {} merge value {transformation:[-0.4348740803726782f,-0.6755326002230586f,-0.5954328175838907f,-0.5626486937781383f,0.15382200314513256f,0.5957849974357873f,-0.7882759847787182f,1.0850167327329974f,0.8872560653883614f,-0.4343914626996167f,-0.15517967510357553f,1.5215693219310036f,0f,0f,0f,1f],start_interpolation:0}
execute if entity @s[tag=aj.cutscenes.locator_origin.mount] at @s on origin run tp @s ^-0.2993 ^1.39118 ^1.80053 ~-68.88417 ~46.3199
execute if entity @s[tag=aj.cutscenes.bone.head] run data modify entity @s {} merge value {transformation:[-0.11474823012348628f,0.7561509194195165f,-0.6442582019226043f,-0.48833902572989585f,0.23022834129779554f,0.6511271008529926f,0.7232070307996477f,1.228400019715374f,0.9663476364884395f,-0.06533977039902024f,-0.24880305435707603f,1.8168667249820452f,0f,0f,0f,1f],start_interpolation:0}
execute if entity @s[tag=aj.cutscenes.bone.upper] run data modify entity @s {} merge value {transformation:[0.039905084810320283f,0.4947146323601392f,-0.8681388234234507f,-0.8593750000000002f,0.11448851966305879f,0.8608449967013667f,0.49582080484746227f,0.5827662721893491f,0.9926227697729095f,-0.11917770002393971f,-0.02228705331265879f,1.90625f,0f,0f,0f,1f],start_interpolation:0}
execute if entity @s[tag=aj.cutscenes.locator_origin.head2] at @s on origin run tp @s ^0 ^0.125 ^2.4375 ~-180 ~-90
execute if entity @s[tag=aj.cutscenes.locator_origin.mount2] at @s on origin run tp @s ^0 ^0.125 ^2.6875 ~-180 ~-90
execute if entity @s[tag=aj.cutscenes.camera_origin.camera] at @s on origin run tp @s ^3.375 ^-0.44813 ^1.90625 ~90 ~0