execute if entity @s[tag=aj.cutscenes.locator_origin.head] at @s on origin run tp @s ^-0.14916 ^0.69099 ^1.69328 ~-53.63506 ~75.78455
execute if entity @s[tag=aj.cutscenes.bone.blade2] run data modify entity @s {} merge value {transformation:[0.0000029386974796946058f,0.0000010767336028547008f,0.000009497615588731737f,-0.1347073815769283f,0.000008734186570323062f,-0.0000043390520013676194f,-0.0000022105684074952097f,0.08923154323543842f,0.000003883045464274769f,0.000008945013833299039f,-0.0000022155553354551954f,2.7523124979227136f,0f,0f,0f,1f],start_interpolation:0}
execute if entity @s[tag=aj.cutscenes.bone.heart] run data modify entity @s {} merge value {transformation:[-0.000009497615588731737f,0.000001439204373220498f,-0.0000027792065235931815f,-0.22366728268735245f,0.0000022105684074952105f,0.000009370938856229636f,-0.00000270164621454951f,0.057677777360533866f,0.0000022155553354551962f,-0.0000031802823341503186f,-0.000009218303468134872f,2.1945747083025986f,0f,0f,0f,1f],start_interpolation:0}
execute if entity @s[tag=aj.cutscenes.bone.bottom2] run data modify entity @s {} merge value {transformation:[0.2779206523593179f,0.1439204373220498f,-0.9497615588731737f,-0.21318966218035065f,0.270164621454951f,0.9370938856229635f,0.221056840749521f,0.5060330290553048f,0.9218303468134872f,-0.31802823341503184f,0.2215555335455194f,2.1447643780865695f,0f,0f,0f,1f],start_interpolation:0}
execute if entity @s[tag=aj.cutscenes.bone.rightarm] run data modify entity @s {} merge value {transformation:[0.26551367962968725f,0.16569691371990822f,-0.9497615588731737f,-0.18836003872722906f,0.19431640657724056f,0.9557065487338409f,0.221056840749521f,0.7328148908276875f,0.9443217778196225f,-0.24324786842015247f,0.2215555335455194f,2.024932299867805f,0f,0f,0f,1f],start_interpolation:0}
execute if entity @s[tag=aj.cutscenes.bone.blade] run data modify entity @s {} merge value {transformation:[-1.2012970082627752f,-0.000005987708901977906f,-9.444464700595352e-8f,-1.0675951255125093f,0.8877263398670124f,-0.000007937766948171228f,0.0000014025168286259376f,0.05877156585380405f,-0.13721313146059308f,0.000001067332179639937f,0.000009900708396578146f,1.4574835687229784f,0f,0f,0f,1f],start_interpolation:0}
execute if entity @s[tag=aj.cutscenes.bone.bottom] run data modify entity @s {} merge value {transformation:[-0.009444464700595442f,0.9498415034319504f,-0.31258906002074255f,-0.5871854040408787f,0.1402516828625935f,0.31077119528448627f,0.9400801719192158f,0.5263307556051593f,0.9900708396578146f,-0.03496258771292467f,-0.13615193689289307f,1.3963509475812879f,0f,0f,0f,1f],start_interpolation:0}
execute if entity @s[tag=aj.cutscenes.bone.leftarm] run data modify entity @s {} merge value {transformation:[0.054327056559252074f,0.948333617711065f,-0.31258906002074255f,-0.34670655857815924f,0.16079337029196192f,0.30065721749941376f,0.9400801719192158f,0.6115446456232604f,0.9854917873811836f,-0.10133403714721823f,-0.13615193689289307f,1.4326106750058072f,0f,0f,0f,1f],start_interpolation:0}
execute if entity @s[tag=aj.cutscenes.locator_origin.mount] at @s on origin run tp @s ^0.08047 ^0.5995 ^1.65587 ~56.36076 ~66.647
execute if entity @s[tag=aj.cutscenes.bone.head] run data modify entity @s {} merge value {transformation:[0.2177402089875363f,0.9185200308943022f,0.33001538484742476f,-0.14916495838323285f,0.1523130120502064f,-0.36596396654776275f,0.9180801280655311f,0.6909944200954208f,0.9640487268547466f,-0.14963732166327356f,-0.21958762309197738f,1.6932757849241673f,0f,0f,0f,1f],start_interpolation:0}
execute if entity @s[tag=aj.cutscenes.bone.upper] run data modify entity @s {} merge value {transformation:[0.25335443176148825f,0.9469467221556898f,-0.19774589074215482f,-0.8593750000000002f,0.19403239232708341f,0.15051721495957482f,0.9693791821205168f,0.5781065088757397f,0.9477145997791963f,-0.28396562010111015f,-0.14560413443975354f,1.90625f,0f,0f,0f,1f],start_interpolation:0}
execute if entity @s[tag=aj.cutscenes.bone.bottom3] run data modify entity @s {} merge value {transformation:[-0.1305261922200519f,0.9457082109654849f,-0.2976556615571021f,-0.914607847860734f,0f,0.30022412052713765f,0.9538686898382327f,0.28610782352636166f,0.9914448613738104f,0.12450484796251424f,-0.039187111265021196f,2.024032388633896f,0f,0f,0f,1f],start_interpolation:0}
execute if entity @s[tag=aj.cutscenes.bone.rightleg] run data modify entity @s {} merge value {transformation:[-0.1305261922200519f,0.17413458930994696f,-0.9760328160212597f,-0.8593750000000002f,0f,0.9844549647156426f,0.1756371898167436f,0.59375f,0.9914448613738104f,0.02292525359901002f,-0.12849715795645839f,2.025f,0f,0f,0f,1f],start_interpolation:0}
execute if entity @s[tag=aj.cutscenes.bone.bottom4] run data modify entity @s {} merge value {transformation:[0.17364817766693003f,0.5308135550286056f,-0.8295078542068473f,-0.5527080352720728f,1.3877787807814457e-17f,0.8423043499298735f,0.5390022097257244f,0.46906563385330635f,0.9848077530122081f,-0.09359675147732048f,0.1462646154062506f,1.7270799237022096f,0f,0f,0f,1f],start_interpolation:0}
execute if entity @s[tag=aj.cutscenes.bone.leftleg] run data modify entity @s {} merge value {transformation:[0.17364817766693003f,-0.9848072506827062f,0.0009946837307175382f,-0.8593750000000002f,1.3877787807814457e-17f,-0.0010100283305802815f,-0.9999994899212559f,0.46875f,0.9848077530122081f,0.1736480890926856f,-0.00017538957899720895f,1.7875f,0f,0f,0f,1f],start_interpolation:0}
execute if entity @s[tag=aj.cutscenes.locator_origin.head2] at @s on origin run tp @s ^0 ^0.125 ^2.4375 ~-180 ~-90
execute if entity @s[tag=aj.cutscenes.locator_origin.mount2] at @s on origin run tp @s ^0 ^0.125 ^2.6875 ~-180 ~-90
execute if entity @s[tag=aj.cutscenes.camera_origin.camera] at @s on origin run tp @s ^3.375 ^-0.44813 ^1.90625 ~90 ~10