execute if entity @s[tag=aj.cutscenes.locator_origin.head] at @s on origin run tp @s ^0 ^1.46529 ^0.6651 ~0 ~-17.5
execute if entity @s[tag=aj.cutscenes.bone.blade2] run data modify entity @s {} merge value {transformation:[0.5986112386394915f,-0.025817735416273906f,1.3751356404051451f,-0.575678612260601f,-1.1624714736765687f,-0.8110278310898076f,0.49080946413653104f,1.430752359189429f,0.7350677913381322f,-1.261573343779797f,-0.3436685036507452f,0.09550827513157178f,0f,0f,0f,1f],start_interpolation:0}
execute if entity @s[tag=aj.cutscenes.bone.heart] run data modify entity @s {} merge value {transformation:[1.721182361084927e-7f,0.000003990741590929946f,0.0000091675709360343f,-0.5702313144408054f,0.0000054068522072653845f,-0.000007749809824510458f,0.0000032720630942435424f,1.8380564336349252f,0.000008410488958531981f,0.000004900451942254214f,-0.000002291123357671636f,0.2859225203005452f,0f,0f,0f,1f],start_interpolation:0}
execute if entity @s[tag=aj.cutscenes.bone.bottom2] run data modify entity @s {} merge value {transformation:[-0.9167570936034299f,0.39907415909299454f,0.017211823610849473f,-0.46591334405579066f,-0.3272063094243541f,-0.7749809824510457f,0.5406852207265385f,1.5156802937580758f,0.22911233576716375f,0.49004519422542137f,0.841048895853198f,0.5839236389945078f,0f,0f,0f,1f],start_interpolation:0}
execute if entity @s[tag=aj.cutscenes.bone.rightarm] run data modify entity @s {} merge value {transformation:[-0.923879504450166f,0.38268350011062074f,1.2021405021036884e-8f,-0.3125000000000001f,-0.3134759660041328f,-0.7567977896627693f,0.5735764328311637f,1.3460730942176418f,0.21949824599456685f,0.5299155067599279f,0.81915204675364f,0.7026838753098293f,0f,0f,0f,1f],start_interpolation:0}
execute if entity @s[tag=aj.cutscenes.bone.blade] run data modify entity @s {} merge value {transformation:[0.5985854096611111f,0.026400316008559813f,-1.3751358226209833f,0.5758529193027779f,1.163258926104469f,-0.8098986139722345f,0.49080842079586406f,1.431211771064516f,-0.7338420662370865f,-1.2622865199313902f,-0.34366926458498137f,0.09546786731426593f,0f,0f,0f,1f],start_interpolation:0}
execute if entity @s[tag=aj.cutscenes.bone.bottom] run data modify entity @s {} merge value {transformation:[-0.9167572150806553f,-0.3990569397740743f,-0.017600210672373412f,0.46591328108791874f,0.32720561386390945f,-0.7755059507363127f,0.5399324093148231f,1.5156803698588917f,-0.22911284305665455f,0.48922804415805754f,0.8415243466209268f,0.5839236663364855f,0f,0f,0f,1f],start_interpolation:0}
execute if entity @s[tag=aj.cutscenes.bone.leftarm] run data modify entity @s {} merge value {transformation:[-0.9238796208299062f,-0.3826832191441987f,-7.887219988543333e-7f,0.3124999999999999f,0.3134752679623969f,-0.7567979195555985f,0.5735766429451438f,1.3460730942176418f,-0.21949875305133815f,0.5299155241562099f,0.8191518996298284f,0.7026838753098293f,0f,0f,0f,1f],start_interpolation:0}
execute if entity @s[tag=aj.cutscenes.locator_origin.mount] at @s on origin run tp @s ^0 ^1.66363 ^0.51291 ~0 ~-37.5
execute if entity @s[tag=aj.cutscenes.bone.head] run data modify entity @s {} merge value {transformation:[-1f,7.455177354798983e-17f,9.715776287805221e-17f,-8.14507259354646e-17f,0f,0.7933533402912353f,-0.6087614290087205f,1.4652877130611701f,-1.2246467991473532e-16f,-0.6087614290087205f,-0.7933533402912353f,0.6650956503717952f,0f,0f,0f,1f],start_interpolation:0}
execute if entity @s[tag=aj.cutscenes.bone.upper] run data modify entity @s {} merge value {transformation:[-1f,3.6825839484795376e-17f,1.16796641102639e-16f,-1.0907010554906114e-16f,0f,0.9537169507482269f,-0.30070579950427306f,0.75f,-1.2246467991473532e-16f,-0.30070579950427306f,-0.9537169507482269f,0.890625f,0f,0f,0f,1f],start_interpolation:0}
execute if entity @s[tag=aj.cutscenes.locator_origin.head2] at @s on origin run tp @s ^0 ^0.72923 ^2.13181 ~-180 ~-36.32812
execute if entity @s[tag=aj.cutscenes.bone.bottom5] run data modify entity @s {} merge value {transformation:[0.9763824522960998f,-0.13046798765485262f,-0.1722074651272348f,0.40614090018221904f,0.11666347006752154f,0.9892627706794439f,-0.08802729860352781f,0.3884992625678072f,0.1818431785909471f,0.06585798922623859f,0.9811196581737711f,2.0526561492171713f,0f,0f,0f,1f],start_interpolation:0}
execute if entity @s[tag=aj.cutscenes.bone.rightarm2] run data modify entity @s {} merge value {transformation:[0.9763824522960998f,-0.13046798765485262f,-0.1722074651272348f,0.31249999999999967f,0.11666347006752154f,0.9892627706794439f,-0.08802729860352781f,0.6285234883584481f,0.1818431785909471f,0.06585798922623859f,0.9811196581737711f,2.0577554478617968f,0f,0f,0f,1f],start_interpolation:0}
execute if entity @s[tag=aj.cutscenes.bone.bottom6] run data modify entity @s {} merge value {transformation:[0.9763824522960998f,0.13046798765485262f,0.1722074651272343f,-0.4061409001822197f,-0.11666347006752154f,0.9892627706794439f,-0.08802729860352781f,0.3884992625678072f,-0.18184317859094662f,0.0658579892262387f,0.9811196581737712f,2.0526561492171713f,0f,0f,0f,1f],start_interpolation:0}
execute if entity @s[tag=aj.cutscenes.bone.leftarm2] run data modify entity @s {} merge value {transformation:[0.9763824522960998f,0.13046798765485262f,0.1722074651272343f,-0.31250000000000033f,-0.11666347006752154f,0.9892627706794439f,-0.08802729860352781f,0.6285234883584481f,-0.18184317859094662f,0.0658579892262387f,0.9811196581737712f,2.0577554478617968f,0f,0f,0f,1f],start_interpolation:0}
execute if entity @s[tag=aj.cutscenes.locator_origin.mount2] at @s on origin run tp @s ^0 ^0.97016 ^2.19854 ~-180 ~-15.48188
execute if entity @s[tag=aj.cutscenes.bone.head2] run data modify entity @s {} merge value {transformation:[1f,-6.537989533733228e-17f,-2.3604207377532037e-16f,-3.307909481272544e-16f,0f,0.9637149010623391f,-0.2669336799102087f,0.7292281860301377f,2.4492935982947064e-16f,0.2669336799102087f,0.9637149010623391f,2.1318065374341564f,0f,0f,0f,1f],start_interpolation:0}
execute if entity @s[tag=aj.cutscenes.bone.upper2] run data modify entity @s {} merge value {transformation:[1f,-1.4509828770906219e-16f,-1.9732429706037855e-16f,-2.2196723234545778e-16f,0f,0.8056375813735169f,-0.5924087165788751f,0.125f,2.4492935982947064e-16f,0.5924087165788751f,0.8056375813735169f,1.6875f,0f,0f,0f,1f],start_interpolation:0}
execute if entity @s[tag=aj.cutscenes.bone.bottom7] run data modify entity @s {} merge value {transformation:[0.9622501286096565f,-0.26964978051998195f,-0.03692811742053497f,0.14698042746773465f,0.14415265413281164f,0.6200290635486185f,-0.7712223885893674f,0.3245393348723279f,0.23085645387808687f,0.7367855564684672f,0.6354937776896687f,1.3349051371669594f,0f,0f,0f,1f],start_interpolation:0}
execute if entity @s[tag=aj.cutscenes.bone.rightleg2] run data modify entity @s {} merge value {transformation:[0.9622501286096565f,-0.07109236532455837f,0.2627176537335449f,0.1187499999999998f,0.14415265413281164f,-0.685642818508793f,-0.7135222054945343f,0.109375f,0.23085645387808687f,0.724458281076197f,-0.6495117371402591f,1.5598554971665328f,0f,0f,0f,1f],start_interpolation:0}
execute if entity @s[tag=aj.cutscenes.bone.bottom8] run data modify entity @s {} merge value {transformation:[0.9622501286096568f,0.26964978051998156f,0.03692811742053465f,-0.14698042746773493f,-0.14415265413281164f,0.6200290635486185f,-0.7712223885893674f,0.3245393348723279f,-0.23085645387808643f,0.7367855564684674f,0.6354937776896687f,1.3349051371669591f,0f,0f,0f,1f],start_interpolation:0}
execute if entity @s[tag=aj.cutscenes.bone.leftleg2] run data modify entity @s {} merge value {transformation:[0.9622501286096568f,0.07109236532455801f,-0.26271765373354455f,-0.11875000000000019f,-0.14415265413281164f,-0.685642818508793f,-0.7135222054945343f,0.109375f,-0.23085645387808643f,0.724458281076197f,-0.6495117371402593f,1.5598554971665326f,0f,0f,0f,1f],start_interpolation:0}
execute if entity @s[tag=aj.cutscenes.camera_origin.camera] at @s on origin run tp @s ^-2.28125 ^-0.12 ^1.6875 ~-90 ~0