execute if entity @s[tag=aj.cutscenes.locator_origin.head] at @s on origin run tp @s ^-0.48616 ^1.22935 ^1.81444 ~-88.45756 ~29.918
execute if entity @s[tag=aj.cutscenes.bone.blade2] run data modify entity @s {} merge value {transformation:[1.4062965383429598e-8f,0.000005274393281302572f,0.000008495915356637854f,-0.012979885584031958f,-0.000002393894369345182f,-0.000008247117007377719f,0.000005123898009820122f,0.3889988675303454f,0.000009709226126804447f,-0.000002041038113502893f,0.000001251036145683444f,2.000206685726977f,0f,0f,0f,1f],start_interpolation:0}
execute if entity @s[tag=aj.cutscenes.bone.heart] run data modify entity @s {} merge value {transformation:[0.000008495915356637853f,-0.0000035529601462963004f,0.000003898191433431057f,-0.3131317251773411f,0.000005123898009820123f,0.00000380670742600939f,-0.000007697704057556795f,0.6970421846308308f,0.0000012510361456834428f,0.000008537297744110554f,0.000005054646950143836f,1.8960736704218921f,0f,0f,0f,1f],start_interpolation:0}
execute if entity @s[tag=aj.cutscenes.bone.bottom2] run data modify entity @s {} merge value {transformation:[0.38981914334310547f,-0.35529601462963f,-0.8495915356637853f,-0.4265630893130151f,-0.7697704057556797f,0.38067074260093897f,-0.512389800982012f,0.9517267380801913f,0.5054646950143835f,0.8537297744110554f,-0.12510361456834437f,2.247762623176482f,0f,0f,0f,1f],start_interpolation:0}
execute if entity @s[tag=aj.cutscenes.bone.rightarm] run data modify entity @s {} merge value {transformation:[-0.20320073990736826f,-0.4867275231888463f,-0.8495915356637853f,-0.5355449238660162f,0.0990904393440268f,0.8530168677583239f,-0.512389800982012f,1.1587878025607705f,0.9741101293651072f,-0.18830438521242496f,-0.12510361456834437f,2.1398046437880565f,0f,0f,0f,1f],start_interpolation:0}
execute if entity @s[tag=aj.cutscenes.bone.blade] run data modify entity @s {} merge value {transformation:[-0.7698291969031454f,0.0000027670598560028513f,-0.000008124281990960876f,-0.23043062958951344f,-1.1016017843682229f,0.0000034827203423902056f,0.0000058254740829587f,1.0872904575288023f,0.6662105645156081f,0.000008956229048544868f,2.4473218040394563e-7f,2.216920853170152f,0f,0f,0f,1f],start_interpolation:0}
execute if entity @s[tag=aj.cutscenes.bone.bottom] run data modify entity @s {} merge value {transformation:[-0.8124281990960875f,0.06770631780098857f,-0.579116806735325f,-0.3623700609507642f,0.5825474082958703f,0.13594746835500665f,-0.801346868051301f,0.9311107992308689f,0.024473218040394762f,-0.9883997877264523f,-0.14988969684755288f,1.5755612079171493f,0f,0f,0f,1f],start_interpolation:0}
execute if entity @s[tag=aj.cutscenes.bone.leftarm] run data modify entity @s {} merge value {transformation:[-0.44268764335873706f,-0.6845811672651886f,-0.579116806735325f,-0.5611833304769824f,0.15471598414051f,0.577846139829457f,-0.801346868051301f,1.085242083197015f,0.8832273855972317f,-0.4443449832169006f,-0.14988969684755288f,1.5196766737127512f,0f,0f,0f,1f],start_interpolation:0}
execute if entity @s[tag=aj.cutscenes.locator_origin.mount] at @s on origin run tp @s ^-0.29581 ^1.39058 ^1.79798 ~-68.33189 ~46.65524
execute if entity @s[tag=aj.cutscenes.bone.head] run data modify entity @s {} merge value {transformation:[-0.11556988886345057f,0.7614104172707169f,-0.6378853950826295f,-0.4861619526057991f,0.2349601166009179f,0.6449189573566407f,0.7272367441548222f,1.2293543219872158f,0.9651100167312392f,-0.06583095710724676f,-0.2534342926507206f,1.8144387905004844f,0f,0f,0f,1f],start_interpolation:0}
execute if entity @s[tag=aj.cutscenes.bone.upper] run data modify entity @s {} merge value {transformation:[0.04102145057754607f,0.4976173965256015f,-0.8664260887505617f,-0.8593750000000002f,0.11767315098200862f,0.8587150328665835f,0.49875998422779255f,0.5853180473372781f,0.9922047521204882f,-0.1224149459993541f,-0.023330470751698765f,1.90625f,0f,0f,0f,1f],start_interpolation:0}
execute if entity @s[tag=aj.cutscenes.locator_origin.head2] at @s on origin run tp @s ^0 ^0.125 ^2.4375 ~-180 ~-90
execute if entity @s[tag=aj.cutscenes.locator_origin.mount2] at @s on origin run tp @s ^0 ^0.125 ^2.6875 ~-180 ~-90
execute if entity @s[tag=aj.cutscenes.camera_origin.camera] at @s on origin run tp @s ^3.375 ^-0.44813 ^1.90625 ~90 ~0