execute if entity @s[tag=aj.cutscenes.locator_origin.head] at @s on origin run tp @s ^0 ^1.5 ^0 ~0 ~0
execute if entity @s[tag=aj.cutscenes.bone.blade2] run data modify entity @s {} merge value {transformation:[-3.3306690738754696e-16f,1.49369887515444e-16f,1.5f,-0.38245146376806444f,1.5f,0f,3.3306690738754696e-16f,0.8834978617148385f,-4.078893220340673e-32f,1.5f,-1.49369887515444e-16f,0.4471091874395482f,0f,0f,0f,1f],start_interpolation:0}
execute if entity @s[tag=aj.cutscenes.bone.heart] run data modify entity @s {} merge value {transformation:[-9.9579925010296e-22f,0f,0.00001f,-0.296875f,0f,0.00001f,0f,0.6875f,-0.00001f,0f,-9.9579925010296e-22f,0.07812499999999997f,0f,0f,0f,1f],start_interpolation:0}
execute if entity @s[tag=aj.cutscenes.bone.bottom2] run data modify entity @s {} merge value {transformation:[-1f,0f,1.2246467991473532e-16f,-0.375f,0f,1f,0f,1.125f,-1.2246467991473532e-16f,0f,-1f,-4.592425496802575e-17f,0f,0f,0f,1f],start_interpolation:0}
execute if entity @s[tag=aj.cutscenes.bone.rightarm] run data modify entity @s {} merge value {transformation:[-1f,0f,1.2246467991473532e-16f,-0.3125f,0f,1f,0f,1.375f,-1.2246467991473532e-16f,0f,-1f,-3.827021247335479e-17f,0f,0f,0f,1f],start_interpolation:0}
execute if entity @s[tag=aj.cutscenes.bone.blade] run data modify entity @s {} merge value {transformation:[-3.3306690738754696e-16f,-5.167639272596499e-16f,-1.5f,0.3824514637680643f,-1.5f,0f,3.3306690738754696e-16f,0.8834978617148385f,-4.078893220340673e-32f,1.5f,-5.167639272596499e-16f,0.4471091874395483f,0f,0f,0f,1f],start_interpolation:0}
execute if entity @s[tag=aj.cutscenes.bone.bottom] run data modify entity @s {} merge value {transformation:[-1f,0f,1.2246467991473532e-16f,0.375f,0f,1f,0f,1.125f,-1.2246467991473532e-16f,0f,-1f,4.592425496802575e-17f,0f,0f,0f,1f],start_interpolation:0}
execute if entity @s[tag=aj.cutscenes.bone.leftarm] run data modify entity @s {} merge value {transformation:[-1f,0f,1.2246467991473532e-16f,0.3125f,0f,1f,0f,1.375f,-1.2246467991473532e-16f,0f,-1f,3.827021247335479e-17f,0f,0f,0f,1f],start_interpolation:0}
execute if entity @s[tag=aj.cutscenes.locator_origin.mount] at @s on origin run tp @s ^0 ^1.75 ^0 ~0 ~0
execute if entity @s[tag=aj.cutscenes.bone.head] run data modify entity @s {} merge value {transformation:[-1f,0f,1.2246467991473532e-16f,0f,0f,1f,0f,1.5f,-1.2246467991473532e-16f,0f,-1f,0f,0f,0f,0f,1f],start_interpolation:0}
execute if entity @s[tag=aj.cutscenes.bone.upper] run data modify entity @s {} merge value {transformation:[-1f,0f,1.2246467991473532e-16f,0f,0f,1f,0f,0.75f,-1.2246467991473532e-16f,0f,-1f,0f,0f,0f,0f,1f],start_interpolation:0}
execute if entity @s[tag=aj.cutscenes.bone.bottom3] run data modify entity @s {} merge value {transformation:[-1f,0f,1.2246467991473532e-16f,-0.125f,0f,1f,0f,0.4375f,-1.2246467991473532e-16f,0f,-1f,-1.5308084989341915e-17f,0f,0f,0f,1f],start_interpolation:0}
execute if entity @s[tag=aj.cutscenes.bone.rightleg] run data modify entity @s {} merge value {transformation:[-1f,0f,1.2246467991473532e-16f,-0.11875f,0f,1f,0f,0.75f,-1.2246467991473532e-16f,0f,-1f,-1.4542680739874818e-17f,0f,0f,0f,1f],start_interpolation:0}
execute if entity @s[tag=aj.cutscenes.bone.bottom4] run data modify entity @s {} merge value {transformation:[-1f,0f,1.2246467991473532e-16f,0.125f,0f,1f,0f,0.4375f,-1.2246467991473532e-16f,0f,-1f,1.5308084989341915e-17f,0f,0f,0f,1f],start_interpolation:0}
execute if entity @s[tag=aj.cutscenes.bone.leftleg] run data modify entity @s {} merge value {transformation:[-1f,0f,1.2246467991473532e-16f,0.11875f,0f,1f,0f,0.75f,-1.2246467991473532e-16f,0f,-1f,1.4542680739874818e-17f,0f,0f,0f,1f],start_interpolation:0}
execute if entity @s[tag=aj.cutscenes.locator_origin.head2] at @s on origin run tp @s ^0 ^0.74144 ^2.1147 ~-180 ~-34.72222
execute if entity @s[tag=aj.cutscenes.bone.bottom5] run data modify entity @s {} merge value {transformation:[0.9763826087657059f,-0.13218920786772942f,-0.1708888955525689f,0.40657121501478866f,0.12171311223503092f,0.990062836220425f,-0.07043790630924895f,0.3987933502085319f,0.17850187564823328f,0.047974927394108524f,0.9827692947643372f,2.042661604097054f,0f,0f,0f,1f],start_interpolation:0}
execute if entity @s[tag=aj.cutscenes.bone.rightarm2] run data modify entity @s {} merge value {transformation:[0.9763826087657059f,-0.13218920786772942f,-0.1708888955525689f,0.31249999999999967f,0.12171311223503092f,0.990062836220425f,-0.07043790630924895f,0.6387019897489488f,0.17850187564823328f,0.047974927394108524f,0.9827692947643372f,2.0434989687175666f,0f,0f,0f,1f],start_interpolation:0}
execute if entity @s[tag=aj.cutscenes.bone.bottom6] run data modify entity @s {} merge value {transformation:[0.9763824522960998f,0.13218986029661584f,0.17088928486893376f,-0.4065713683426605f,-0.1217137347446699f,0.9900627519406919f,-0.07043801526255622f,0.39879341018531766f,-0.17850230705164163f,0.04797486898768105f,0.9827692192589552f,2.042661645661374f,0f,0f,0f,1f],start_interpolation:0}
execute if entity @s[tag=aj.cutscenes.bone.leftarm2] run data modify entity @s {} merge value {transformation:[0.9763824522960998f,0.13218986029661584f,0.17088928486893376f,-0.31250000000000033f,-0.1217137347446699f,0.9900627519406919f,-0.07043801526255622f,0.6387019897489488f,-0.17850230705164163f,0.04797486898768105f,0.9827692192589552f,2.0434989687175666f,0f,0f,0f,1f],start_interpolation:0}
execute if entity @s[tag=aj.cutscenes.locator_origin.mount2] at @s on origin run tp @s ^0 ^0.98282 ^2.17979 ~-180 ~-15.09259
execute if entity @s[tag=aj.cutscenes.bone.head2] run data modify entity @s {} merge value {transformation:[1f,-6.377462996179282e-17f,-2.36480840407232e-16f,-3.2660075175499215e-16f,0f,0.965506301783825f,-0.26037968664187583f,0.7414423876987386f,2.4492935982947064e-16f,0.26037968664187583f,0.965506301783825f,2.11469876246108f,0f,0f,0f,1f],start_interpolation:0}
execute if entity @s[tag=aj.cutscenes.bone.upper2] run data modify entity @s {} merge value {transformation:[1f,-1.395113592127125e-16f,-2.0131311918773652e-16f,-2.2196723234545778e-16f,0f,0.8219231835983181f,-0.5695983499481064f,0.125f,2.4492935982947064e-16f,0.5695983499481064f,0.8219231835983181f,1.6875f,0f,0f,0f,1f],start_interpolation:0}
execute if entity @s[tag=aj.cutscenes.bone.bottom7] run data modify entity @s {} merge value {transformation:[0.9622501286096565f,-0.2690516075260029f,-0.04105998634160721f,0.15278044083890702f,0.14415265413281164f,0.6317860548610038f,-0.7616208986035207f,0.3080873312347985f,0.23085645387808684f,0.7269509016232403f,0.6467207158673612f,1.3236472189579085f,0f,0f,0f,1f],start_interpolation:0}
execute if entity @s[tag=aj.cutscenes.bone.rightleg2] run data modify entity @s {} merge value {transformation:[0.9622501286096565f,-0.08965240811230997f,0.25697691668778944f,0.1187499999999998f,0.14415265413281164f,-0.6329964068686988f,-0.7606152517520157f,0.109375f,0.23085645387808684f,0.7689460284122547f,-0.5961772413400684f,1.5625f,0f,0f,0f,1f],start_interpolation:0}
execute if entity @s[tag=aj.cutscenes.bone.bottom8] run data modify entity @s {} merge value {transformation:[0.9622501775693632f,0.2690515568285901f,0.041059171153849855f,-0.15278018780736125f,-0.14415323384545334f,0.63178596099125f,-0.7616208667481875f,0.30808733044538417f,-0.23085588781667932f,0.7269510019681342f,0.6467208051376561f,1.3236471822507423f,0f,0f,0f,1f],start_interpolation:0}
execute if entity @s[tag=aj.cutscenes.bone.leftleg2] run data modify entity @s {} merge value {transformation:[0.9622501775693632f,0.0896515974321681f,-0.25697701618158314f,-0.11875000000000019f,-0.14415323384545334f,-0.6329963927483202f,-0.7606151536352086f,0.109375f,-0.23085588781667932f,0.7689461345539585f,-0.5961773236335796f,1.5625f,0f,0f,0f,1f],start_interpolation:0}
execute if entity @s[tag=aj.cutscenes.camera_origin.camera] at @s on origin run tp @s ^-2.4375 ^-0.12 ^1 ~-90 ~0