execute if entity @s[tag=aj.cutscenes.locator_origin.head] at @s on origin run tp @s ^-0.38125 ^1.16554 ^1.85146 ~-84.903 ~39.33255
execute if entity @s[tag=aj.cutscenes.bone.blade2] run data modify entity @s {} merge value {transformation:[-0.0000015073637006738336f,0.0000011492733888759464f,0.000009818707926785098f,-0.28443444736602896f,0.000008197139664256732f,-0.000005406485599275707f,0.0000018912468875039708f,0.3867756934328951f,0.000005525826272926064f,0.000008333611710563792f,-1.2712143404657546e-7f,2.810754456947941f,0f,0f,0f,1f],start_interpolation:0}
execute if entity @s[tag=aj.cutscenes.bone.heart] run data modify entity @s {} merge value {transformation:[-0.000009818707926785098f,-0.0000018877829422349103f,1.7102693207333985e-7f,-0.2553390861364612f,-0.0000018912468875039697f,0.00000969613402960959f,-0.0000015518279834934872f,0.4414425432080284f,1.2712143404657662e-7f,-0.0000015560399875497493f,-0.000009877377166948325f,2.2484858897957474f,0f,0f,0f,1f],start_interpolation:0}
execute if entity @s[tag=aj.cutscenes.bone.bottom2] run data modify entity @s {} merge value {transformation:[-0.0171026932073342f,-0.18877829422349102f,-0.9818707926785097f,-0.4159743934440701f,0.15518279834934867f,0.969613402960959f,-0.189124688750397f,0.8629966968158661f,0.9877377166948325f,-0.1556039987549749f,0.012712143404657442f,2.2585692856607187f,0f,0f,0f,1f],start_interpolation:0}
execute if entity @s[tag=aj.cutscenes.bone.rightarm] run data modify entity @s {} merge value {transformation:[-0.006398255350639241f,-0.18944341850099505f,-0.9818707926785097f,-0.4629353571099039f,0.10009428765992778f,0.9768382597354166f,-0.189124688750397f,1.1009503687709747f,0.9949573839649212f,-0.09948972561897927f,0.012712143404657442f,2.1715120177581664f,0f,0f,0f,1f],start_interpolation:0}
execute if entity @s[tag=aj.cutscenes.bone.blade] run data modify entity @s {} merge value {transformation:[-1.447077459314793f,0.0000020271465983535082f,-0.0000016800403671165913f,-0.5114274907847053f,-0.27819334196497625f,-0.000009761487985662531f,-0.0000011285958112449819f,0.14768014091507098f,-0.28031284528076883f,-7.771930098436514e-7f,0.00000979304528018221f,1.3827786270399214f,0f,0f,0f,1f],start_interpolation:0}
execute if entity @s[tag=aj.cutscenes.bone.bottom] run data modify entity @s {} merge value {transformation:[-0.168004036711659f,0.3872855601469949f,-0.9065233248792973f,-0.5475563743199896f,-0.11285958112449843f,0.9059910476763623f,0.4079741860445222f,0.8160704188863341f,0.979304528018221f,0.17085115285509817f,-0.10850126714049736f,1.4541329111512376f,0f,0f,0f,1f],start_interpolation:0}
execute if entity @s[tag=aj.cutscenes.bone.leftarm] run data modify entity @s {} merge value {transformation:[-0.15413160376363172f,0.3930126081578489f,-0.9065233248792973f,-0.4589364475157544f,-0.08058434316468223f,0.9094301661799143f,0.4079741860445222f,1.03839143898352f,0.9847586569093809f,0.13593330228806644f,-0.10850126714049736f,1.5496636527800904f,0f,0f,0f,1f],start_interpolation:0}
execute if entity @s[tag=aj.cutscenes.locator_origin.mount] at @s on origin run tp @s ^-0.15713 ^1.27627 ^1.84815 ~-85.83936 ~63.62378
execute if entity @s[tag=aj.cutscenes.bone.head] run data modify entity @s {} merge value {transformation:[-0.002414362921312814f,0.8964726386713361f,-0.4430925173881144f,-0.3812480827753949f,0.03476218368931408f,0.44290124703252887f,0.8958962417390651f,1.165542954475182f,0.9993926963095311f,-0.013239844813407935f,-0.03223267088657564f,1.8514554023229541f,0f,0f,0f,1f],start_interpolation:0}
execute if entity @s[tag=aj.cutscenes.bone.upper] run data modify entity @s {} merge value {transformation:[-0.006398255350639241f,0.6375025562994737f,-0.7704216722289843f,-0.8593750000000002f,0.10009428765992778f,0.7669764047834775f,0.6338204225829766f,0.590310650887574f,0.9949573839649212f,-0.0730594635693946f,-0.06871767513989875f,1.90625f,0f,0f,0f,1f],start_interpolation:0}
execute if entity @s[tag=aj.cutscenes.bone.bottom3] run data modify entity @s {} merge value {transformation:[-0.13052619222005188f,0.9563487356128172f,-0.2614574707984073f,-0.8719508442495504f,-4.336808689942018e-19f,0.2637135770073132f,0.9646010311532991f,0.28147519466936477f,0.9914448613738104f,0.1259056996079758f,-0.03442152904349402f,2.0296482896989025f,0f,0f,0f,1f],start_interpolation:0}
execute if entity @s[tag=aj.cutscenes.bone.rightleg] run data modify entity @s {} merge value {transformation:[-0.13052619222005188f,0.03763217775415945f,-0.9907304034610089f,-0.8593750000000002f,-4.336808689942018e-19f,0.9992793770580327f,0.0379569043325454f,0.59375f,0.9914448613738104f,0.004954370190987941f,-0.1304321320514105f,2.025f,0f,0f,0f,1f],start_interpolation:0}
execute if entity @s[tag=aj.cutscenes.bone.bottom4] run data modify entity @s {} merge value {transformation:[0.17364817766693003f,0.4757403741360948f,-0.8622745541936185f,-0.5527233073168705f,0f,0.8755765290801173f,0.48307943624627137f,0.4718791619867736f,0.9848077530122081f,-0.08388586377253292f,0.15204226868269807f,1.727082616575758f,0f,0f,0f,1f],start_interpolation:0}
execute if entity @s[tag=aj.cutscenes.bone.leftleg] run data modify entity @s {} merge value {transformation:[0.17364817766693003f,-0.9847583801393539f,0.00986119355201831f,-0.8593750000000002f,0f,-0.010013318357675605f,-0.9999498654709986f,0.46875f,0.9848077530122081f,0.1736394718973307f,-0.0017387944852091629f,1.7875f,0f,0f,0f,1f],start_interpolation:0}
execute if entity @s[tag=aj.cutscenes.locator_origin.head2] at @s on origin run tp @s ^0 ^0.125 ^2.4375 ~-180 ~-90
execute if entity @s[tag=aj.cutscenes.locator_origin.mount2] at @s on origin run tp @s ^0 ^0.125 ^2.6875 ~-180 ~-90
execute if entity @s[tag=aj.cutscenes.camera_origin.camera] at @s on origin run tp @s ^3.375 ^-0.44813 ^1.90625 ~90 ~3.75