execute if entity @s[tag=aj.cutscenes.locator_origin.head] at @s on origin run tp @s ^-1.14231 ^1.26854 ^1.84011 ~-94.78097 ~-21.79224
execute if entity @s[tag=aj.cutscenes.bone.blade2] run data modify entity @s {} merge value {transformation:[-1.5746704080574872e-7f,0.0000013990083979834562f,-0.000009900403003586867f,-0.9783627656683013f,-0.000007977529702354694f,0.000005951654146522268f,9.679012182206864e-7f,1.952253895908529f,0.000006027787652124835f,0.000007913317156702118f,0.0000010223441682404551f,2.7657448374957774f,0f,0f,0f,1f],start_interpolation:0}
execute if entity @s[tag=aj.cutscenes.bone.heart] run data modify entity @s {} merge value {transformation:[-0.9900403003586866f,-0.10612532545303299f,0.092507399504966f,-0.9212206381378099f,0.09679012182206873f,-0.9902531113781315f,-0.10015212291110334f,1.8486377360378143f,0.10223441682404538f,-0.09020083538094023f,0.9906623709989331f,2.339336622784824f,0f,0f,0f,1f],start_interpolation:0}
execute if entity @s[tag=aj.cutscenes.bone.bottom2] run data modify entity @s {} merge value {transformation:[0.09250739950496623f,-0.10612532545303299f,0.9900403003586866f,-1.0507790789580946f,-0.10015212291110337f,-0.9902531113781315f,-0.0967901218220687f,1.429223235759175f,0.9906623709989331f,-0.09020083538094023f,-0.1022344168240456f,2.2459444229326078f,0f,0f,0f,1f],start_interpolation:0}
execute if entity @s[tag=aj.cutscenes.bone.rightarm] run data modify entity @s {} merge value {transformation:[0.09250739950496623f,-0.10612532545303299f,0.9900403003586866f,-1.0830921227904133f,-0.10015212291110337f,-0.9902531113781315f,-0.0967901218220687f,1.1879194655965861f,0.9906623709989331f,-0.09020083538094023f,-0.1022344168240456f,2.1614778158999393f,0f,0f,0f,1f],start_interpolation:0}
execute if entity @s[tag=aj.cutscenes.bone.blade] run data modify entity @s {} merge value {transformation:[-0.45598758566636644f,0.000009269481733638768f,0.000002199002405003429f,-0.38926867665038467f,-1.3958288870550146f,-0.0000023946027460218263f,-0.0000027700298117891615f,0.6990111910046162f,-0.3061650531672696f,-0.0000028883535238058915f,0.000009353679664420222f,1.180359153071349f,0f,0f,0f,1f],start_interpolation:0}
execute if entity @s[tag=aj.cutscenes.bone.bottom] run data modify entity @s {} merge value {transformation:[0.21990024050034318f,-0.5849490015564119f,-0.7806910719395016f,-0.9747296757739933f,-0.2770029811789162f,0.7298974126616227f,-0.6249152865851995f,0.9535132632334987f,0.9353679664420222f,0.35367277611943193f,-0.001528000683887601f,1.3939157205410417f,0f,0f,0f,1f],start_interpolation:0}
execute if entity @s[tag=aj.cutscenes.bone.leftarm] run data modify entity @s {} merge value {transformation:[0.21990024050034318f,-0.5849490015564119f,-0.7806910719395016f,-1.1072231611318248f,-0.2770029811789162f,0.7298974126616227f,-0.6249152865851995f,1.1186749300752221f,0.9353679664420222f,0.35367277611943193f,-0.001528000683887601f,1.540794412473526f,0f,0f,0f,1f],start_interpolation:0}
execute if entity @s[tag=aj.cutscenes.locator_origin.mount] at @s on origin run tp @s ^-1.24634 ^1.49566 ^1.83046 ~-97.23068 ~-24.1799
execute if entity @s[tag=aj.cutscenes.bone.head] run data modify entity @s {} merge value {transformation:[0.08849319135740039f,-0.4160860431763415f,-0.9050090384947755f,-1.1423141703533428f,0.08273584223009359f,0.9085043522574974f,-0.40960300577469183f,1.2685350397699486f,0.9926347442508042f,-0.038629607855126244f,0.11482167871573548f,1.8401133370240792f,0f,0f,0f,1f],start_interpolation:0}
execute if entity @s[tag=aj.cutscenes.bone.upper] run data modify entity @s {} merge value {transformation:[0.03860966134625835f,-0.3772522271377903f,-0.9253053826549937f,-0.8593750000000002f,0.11079125683418256f,0.9219027354723578f,-0.37124202851736227f,0.5771079881656804f,0.9930934454822614f,-0.08818221730122762f,0.07739060079886723f,1.90625f,0f,0f,0f,1f],start_interpolation:0}
execute if entity @s[tag=aj.cutscenes.locator_origin.head2] at @s on origin run tp @s ^0 ^0.125 ^2.4375 ~-180 ~-90
execute if entity @s[tag=aj.cutscenes.locator_origin.mount2] at @s on origin run tp @s ^0 ^0.125 ^2.6875 ~-180 ~-90
execute if entity @s[tag=aj.cutscenes.camera_origin.camera] at @s on origin run tp @s ^3.375 ^-0.44813 ^1.90625 ~90 ~-20