execute if entity @s[tag=aj.cutscenes.locator_origin.head] at @s on origin run tp @s ^0 ^1.42265 ^1.22234 ~0 ~26.25
execute if entity @s[tag=aj.cutscenes.bone.blade2] run data modify entity @s {} merge value {transformation:[0.7573913987849767f,0.7092786794398145f,1.0831814362971006f,-0.41933664059732895f,1.0569971181476634f,-1.063452814268544f,-0.04272240690608348f,0.6690522056516283f,0.747740169627172f,0.7848514934154274f,-1.0367703564480912f,1.200820885974564f,0f,0f,0f,1f],start_interpolation:0}
execute if entity @s[tag=aj.cutscenes.bone.heart] run data modify entity @s {} merge value {transformation:[-0.000004728524529598763f,0.000005049275991899847f,0.000007221209575314004f,-0.6298359676071751f,0.000007089685428456961f,0.000007046647454317757f,-2.848160460405581e-7f,0.7910443024657438f,-0.000005232343289436183f,0.000004984934464181146f,-0.000006911802376320609f,0.8534124331630738f,0f,0f,0f,1f],start_interpolation:0}
execute if entity @s[tag=aj.cutscenes.bone.bottom2] run data modify entity @s {} merge value {transformation:[-0.7221209575314004f,0.5049275991899846f,-0.47285245295987616f,-0.5022874406561878f,0.028481604604055966f,0.7046647454317756f,0.708968542845696f,1.1569484213616574f,0.6911802376320608f,0.49849344641811455f,-0.5232343289436184f,1.0846240900872834f,0f,0f,0f,1f],start_interpolation:0}
execute if entity @s[tag=aj.cutscenes.bone.rightarm] run data modify entity @s {} merge value {transformation:[-0.691942755217227f,0.5861640738204437f,-0.4214580667926697f,-0.31250000000000017f,0.06205039813019941f,0.6299007679176418f,0.7741929802501758f,1.3105454634579303f,0.7192808711444206f,0.5095455829844735f,-0.47222698701655813f,1.1670554313868755f,0f,0f,0f,1f],start_interpolation:0}
execute if entity @s[tag=aj.cutscenes.bone.blade] run data modify entity @s {} merge value {transformation:[0.757390593378098f,-0.7092786042341573f,-1.0831820487055803f,0.41933643267568144f,-1.0569975319746066f,-1.063452410279576f,-0.04272222454589682f,0.6690521743486952f,-0.7477404004478845f,0.7848521087734971f,-1.0367697241392768f,1.200820949145801f,0f,0f,0f,1f],start_interpolation:0}
execute if entity @s[tag=aj.cutscenes.bone.bottom] run data modify entity @s {} merge value {transformation:[-0.7221213658037202f,-0.5049270622520655f,0.4728524028227714f,0.5022873387273034f,-0.028481483030598193f,0.7046650213164044f,0.7089682735197174f,1.1569483380665138f,-0.6911798160928512f,0.4984936002985895f,-0.5232347391823315f,1.0846240106160239f,0f,0f,0f,1f],start_interpolation:0}
execute if entity @s[tag=aj.cutscenes.bone.leftarm] run data modify entity @s {} merge value {transformation:[-0.6919431915761101f,-0.5861635570151866f,0.42145806915845213f,0.31249999999999983f,-0.062050292716492206f,0.6299010747447897f,0.7741927390573722f,1.3105454634579303f,-0.7192804604639724f,0.5095457981993993f,-0.4722273803286643f,1.1670554313868755f,0f,0f,0f,1f],start_interpolation:0}
execute if entity @s[tag=aj.cutscenes.locator_origin.mount] at @s on origin run tp @s ^0.00007 ^1.62967 ^1.36251 ~-0.1402 ~34.1015
execute if entity @s[tag=aj.cutscenes.bone.head] run data modify entity @s {} merge value {transformation:[-0.9999979083589002f,0.0002794034150575209f,-0.0020261321665501573f,-1.4969366270724422e-16f,-0.0009046158406156564f,0.8280451716342659f,0.5606606597607504f,1.4226545561495163f,0.0018343794606302886f,0.5606613199311244f,-0.8280431869081973f,1.2223415176642505f,0f,0f,0f,1f],start_interpolation:0}
execute if entity @s[tag=aj.cutscenes.bone.upper] run data modify entity @s {} merge value {transformation:[-1f,-5.416474287757745e-17f,1.0983523321605185e-16f,-1.0907010554906114e-16f,0f,0.8968727415326886f,0.4422886902190007f,0.75f,-1.2246467991473532e-16f,0.4422886902190007f,-0.8968727415326886f,0.890625f,0f,0f,0f,1f],start_interpolation:0}
execute if entity @s[tag=aj.cutscenes.locator_origin.head2] at @s on origin run tp @s ^0 ^0.69562 ^2.17422 ~-180 ~-40.46296
execute if entity @s[tag=aj.cutscenes.bone.bottom5] run data modify entity @s {} merge value {transformation:[0.9763824522960998f,-0.07238623231207864f,-0.20356212864851939f,0.39162046134652556f,0.10324820511826205f,0.98398168877438f,0.14532668129623078f,0.36097360422993974f,0.18978175620462537f,-0.16291184588107982f,0.9682162028614825f,2.145687053976352f,0f,0f,0f,1f],start_interpolation:0}
execute if entity @s[tag=aj.cutscenes.bone.rightarm2] run data modify entity @s {} merge value {transformation:[0.9763824522960998f,-0.07238623231207864f,-0.20356212864851939f,0.31249999999999967f,0.10324820511826205f,0.98398168877438f,0.14532668129623078f,0.6005160136036434f,0.18978175620462537f,-0.16291184588107982f,0.9682162028614825f,2.093097732743293f,0f,0f,0f,1f],start_interpolation:0}
execute if entity @s[tag=aj.cutscenes.bone.bottom6] run data modify entity @s {} merge value {transformation:[0.9763824522960998f,0.07238623231207872f,0.20356212864851894f,-0.3916204613465263f,-0.10324820511826205f,0.98398168877438f,0.14532668129623078f,0.36097360422993974f,-0.18978175620462487f,-0.16291184588107982f,0.9682162028614826f,2.145687053976352f,0f,0f,0f,1f],start_interpolation:0}
execute if entity @s[tag=aj.cutscenes.bone.leftarm2] run data modify entity @s {} merge value {transformation:[0.9763824522960998f,0.07238623231207872f,0.20356212864851894f,-0.31250000000000033f,-0.10324820511826205f,0.98398168877438f,0.14532668129623078f,0.6005160136036434f,-0.18978175620462487f,-0.16291184588107982f,0.9682162028614826f,2.093097732743293f,0f,0f,0f,1f],start_interpolation:0}
execute if entity @s[tag=aj.cutscenes.locator_origin.mount2] at @s on origin run tp @s ^0 ^0.93172 ^2.25641 ~-180 ~-19.19344
execute if entity @s[tag=aj.cutscenes.bone.head2] run data modify entity @s {} merge value {transformation:[1f,-8.052262032057288e-17f,-2.3131471834533826e-16f,-3.411785839803771e-16f,0f,0.9444140078036727f,-0.3287585464504373f,0.695619216324372f,2.4492935982947064e-16f,0.3287585464504373f,0.9444140078036727f,2.1742172792919514f,0f,0f,0f,1f],start_interpolation:0}
execute if entity @s[tag=aj.cutscenes.bone.upper2] run data modify entity @s {} merge value {transformation:[1f,-1.5894846884655912e-16f,-1.8634853248096356e-16f,-2.2196723234545778e-16f,0f,0.7608256217658294f,-0.6489563723892686f,0.125f,2.4492935982947064e-16f,0.6489563723892686f,0.7608256217658294f,1.6875f,0f,0f,0f,1f],start_interpolation:0}
execute if entity @s[tag=aj.cutscenes.bone.bottom7] run data modify entity @s {} merge value {transformation:[0.9622501286096566f,-0.2672571517241344f,-0.05146168325076663f,0.13949411144756857f,0.14415265413281164f,0.6608430548408849f,-0.7365503846818855f,0.3437551003999815f,0.23085645387808681f,0.7013273641608962f,0.6744221422684494f,1.352787848272188f,0f,0f,0f,1f],start_interpolation:0}
execute if entity @s[tag=aj.cutscenes.bone.rightleg2] run data modify entity @s {} merge value {transformation:[0.9622501286096566f,-0.047136154060026886f,0.26805386207090665f,0.1187499999999998f,0.14415265413281164f,-0.7471332681972844f,-0.648854291701389f,0.109375f,0.23085645387808681f,0.663000801306661f,-0.712134281698024f,1.5585327458437814f,0f,0f,0f,1f],start_interpolation:0}
execute if entity @s[tag=aj.cutscenes.bone.bottom8] run data modify entity @s {} merge value {transformation:[0.9622501286096569f,0.26725715172413406f,0.051461683250766305f,-0.13949411144756885f,-0.14415265413281164f,0.6608430548408849f,-0.7365503846818855f,0.3437551003999815f,-0.23085645387808637f,0.7013273641608965f,0.6744221422684494f,1.352787848272188f,0f,0f,0f,1f],start_interpolation:0}
execute if entity @s[tag=aj.cutscenes.bone.leftleg2] run data modify entity @s {} merge value {transformation:[0.9622501286096569f,0.04713615406002657f,-0.2680538620709063f,-0.11875000000000019f,-0.14415265413281164f,-0.7471332681972844f,-0.648854291701389f,0.109375f,-0.23085645387808637f,0.663000801306661f,-0.7121342816980242f,1.5585327458437814f,0f,0f,0f,1f],start_interpolation:0}
execute if entity @s[tag=aj.cutscenes.camera_origin.camera] at @s on origin run tp @s ^-2.59375 ^-0.12 ^1.6875 ~-90 ~0