execute if entity @s[tag=aj.cutscenes.locator_origin.head] at @s on origin run tp @s ^0.04778 ^1.46861 ^0.68129 ~12.85714 ~-16.63584
execute if entity @s[tag=aj.cutscenes.bone.blade2] run data modify entity @s {} merge value {transformation:[-0.9623648363367233f,-1.0773630741443574f,0.4039093069648345f,-1.2383556293100018f,0.4985515706873081f,0.08411383475168f,1.4122220767884157f,1.3979949051830323f,-1.0369668524826672f,1.0402949914680875f,0.3041152373338148f,1.1218002892847652f,0f,0f,0f,1f],start_interpolation:0}
execute if entity @s[tag=aj.cutscenes.bone.heart] run data modify entity @s {} merge value {transformation:[-0.0000026059243102956448f,0.000009337200720802823f,0.0000024547588860108923f,-0.8752423354104032f,-0.00000815997733626054f,-7.712471650845832e-7f,-0.000005728869668797094f,1.4010313965831516f,-0.000005159838016907558f,-0.0000034959777616266754f,0.00000782011580026071f,0.8108932984616932f,0f,0f,0f,1f],start_interpolation:0}
execute if entity @s[tag=aj.cutscenes.bone.bottom2] run data modify entity @s {} merge value {transformation:[-0.24547588860108924f,0.9337200720802822f,-0.2605924310295644f,-0.5062763913464245f,0.5728869668797092f,-0.07712471650845831f,-0.8159977336260541f,1.348296304458643f,-0.7820115800260711f,-0.3495977761626675f,-0.5159838016907555f,0.5565383821938992f,0f,0f,0f,1f],start_interpolation:0}
execute if entity @s[tag=aj.cutscenes.bone.rightarm] run data modify entity @s {} merge value {transformation:[0.02523298273042443f,0.97201649125194f,0.23355349990268437f,-0.26484932995409105f,0.6433879817694522f,0.16302095837993452f,-0.747981331346925f,1.3488397951930358f,-0.7651243046049163f,0.16913931495413698f,-0.621270223525712f,0.6466434799702407f,0f,0f,0f,1f],start_interpolation:0}
execute if entity @s[tag=aj.cutscenes.bone.blade] run data modify entity @s {} merge value {transformation:[-1.3169837085488174f,0.5193030266921042f,-0.49586114778778734f,1.0154168829765098f,-0.49855219720826416f,0.08411430792650818f,1.4122218274268583f,1.3979957739699758f,0.5167200577448239f,1.4047238695453503f,0.09874832785278709f,1.6362088916391953f,0f,0f,0f,1f],start_interpolation:0}
execute if entity @s[tag=aj.cutscenes.bone.bottom] run data modify entity @s {} merge value {transformation:[-0.5604677159306248f,-0.6895680838737207f,0.45866305399741253f,0.601094025149476f,-0.5728869957152201f,-0.07712552739939083f,-0.8159976367390747f,1.3482964760513294f,0.5980605567498138f,-0.7201024307180824f,-0.35181821973003546f,0.8092883788644002f,0f,0f,0f,1f],start_interpolation:0}
execute if entity @s[tag=aj.cutscenes.bone.leftarm] run data modify entity @s {} merge value {transformation:[-0.30924026349288886f,-0.9491435740864865f,0.05913488991431791f,0.34448061515954875f,-0.6433878004502471f,0.1630202266793873f,-0.7479816467836586f,1.3488397951930358f,0.7003017904208451f,-0.26935270829106395f,-0.6610798142959952f,0.785719063692937f,0f,0f,0f,1f],start_interpolation:0}
execute if entity @s[tag=aj.cutscenes.locator_origin.mount] at @s on origin run tp @s ^0.06371 ^1.70814 ^0.61152 ~12.85714 ~-16.63584
execute if entity @s[tag=aj.cutscenes.bone.head] run data modify entity @s {} merge value {transformation:[-0.9749279121818237f,0.06370502816436634f,0.21320702482649945f,0.04777877112327464f,0f,0.9581436723088574f,-0.2862877978791564f,1.4686077542316431f,-0.222520933956314f,-0.2791099650694579f,-0.9341210100142998f,0.6812925261979066f,0f,0f,0f,1f],start_interpolation:0}
execute if entity @s[tag=aj.cutscenes.bone.upper] run data modify entity @s {} merge value {transformation:[-0.9749279121818237f,0.06370502816436634f,0.21320702482649945f,-1.0907010554906114e-16f,0f,0.9581436723088574f,-0.2862877978791564f,0.75f,-0.222520933956314f,-0.2791099650694579f,-0.9341210100142998f,0.890625f,0f,0f,0f,1f],start_interpolation:0}
execute if entity @s[tag=aj.cutscenes.bone.bottom3] run data modify entity @s {} merge value {transformation:[-0.9749279121818237f,0f,0.222520933956314f,-0.12186598902272808f,0f,1f,0f,0.4375f,-0.222520933956314f,0f,-0.9749279121818237f,0.8628098832554608f,0f,0f,0f,1f],start_interpolation:0}
execute if entity @s[tag=aj.cutscenes.bone.rightleg] run data modify entity @s {} merge value {transformation:[-0.9749279121818237f,0f,0.222520933956314f,-0.11577268957159167f,0f,1f,0f,0.75f,-0.222520933956314f,0f,-0.9749279121818237f,0.8642006390926877f,0f,0f,0f,1f],start_interpolation:0}
execute if entity @s[tag=aj.cutscenes.bone.bottom4] run data modify entity @s {} merge value {transformation:[-0.9749279121818237f,0f,0.222520933956314f,0.12186598902272786f,0f,1f,0f,0.4375f,-0.222520933956314f,0f,-0.9749279121818237f,0.9184401167445392f,0f,0f,0f,1f],start_interpolation:0}
execute if entity @s[tag=aj.cutscenes.bone.leftleg] run data modify entity @s {} merge value {transformation:[-0.9749279121818237f,0f,0.222520933956314f,0.11577268957159145f,0f,1f,0f,0.75f,-0.222520933956314f,0f,-0.9749279121818237f,0.9170493609073123f,0f,0f,0f,1f],start_interpolation:0}
execute if entity @s[tag=aj.cutscenes.locator_origin.head2] at @s on origin run tp @s ^0 ^0.63169 ^2.24046 ~-180 ~-47.5
execute if entity @s[tag=aj.cutscenes.bone.bottom5] run data modify entity @s {} merge value {transformation:[0.9763824522960998f,0.03874931499508455f,-0.2125459889898332f,0.3638365745197348f,0.07922011635704344f,0.8510510653060979f,0.5190724972542202f,0.33943237070557836f,0.20100119405772465f,-0.5236511957675333f,0.8278816009301097f,2.2917737090768187f,0f,0f,0f,1f],start_interpolation:0}
execute if entity @s[tag=aj.cutscenes.bone.rightarm2] run data modify entity @s {} merge value {transformation:[0.9763824522960998f,0.03874931499508455f,-0.2125459889898332f,0.31249999999999967f,0.07922011635704344f,0.8510510653060979f,0.5190724972542202f,0.5472438797597876f,0.20100119405772465f,-0.5236511957675333f,0.8278816009301097f,2.1482983355063276f,0f,0f,0f,1f],start_interpolation:0}
execute if entity @s[tag=aj.cutscenes.bone.bottom6] run data modify entity @s {} merge value {transformation:[0.9763824522960998f,-0.0387493149950843f,0.21254598898983282f,-0.3638365745197355f,-0.07922011635704344f,0.8510510653060979f,0.5190724972542202f,0.33943237070557836f,-0.20100119405772415f,-0.5236511957675333f,0.8278816009301097f,2.291773709076818f,0f,0f,0f,1f],start_interpolation:0}
execute if entity @s[tag=aj.cutscenes.bone.leftarm2] run data modify entity @s {} merge value {transformation:[0.9763824522960998f,-0.0387493149950843f,0.21254598898983282f,-0.31250000000000033f,-0.07922011635704344f,0.8510510653060979f,0.5190724972542202f,0.5472438797597876f,-0.20100119405772415f,-0.5236511957675333f,0.8278816009301097f,2.148298335506327f,0f,0f,0f,1f],start_interpolation:0}
execute if entity @s[tag=aj.cutscenes.locator_origin.mount2] at @s on origin run tp @s ^0 ^0.85519 ^2.35248 ~-180 ~-26.62209
execute if entity @s[tag=aj.cutscenes.bone.head2] run data modify entity @s {} merge value {transformation:[1f,-1.0975375541549872e-16f,-2.18962335753593e-16f,-3.574028819367183e-16f,0f,0.8939815786316638f,-0.44810371240064306f,0.6316926557117452f,2.4492935982947064e-16f,0.44810371240064306f,0.8939815786316638f,2.240458002607593f,0f,0f,0f,1f],start_interpolation:0}
execute if entity @s[tag=aj.cutscenes.bone.upper2] run data modify entity @s {} merge value {transformation:[1f,-1.8058086612168067e-16f,-1.6547187705836282e-16f,-2.2196723234545778e-16f,0f,0.6755902076156602f,-0.737277336810124f,0.125f,2.4492935982947064e-16f,0.737277336810124f,0.6755902076156602f,1.6875f,0f,0f,0f,1f],start_interpolation:0}
execute if entity @s[tag=aj.cutscenes.bone.bottom7] run data modify entity @s {} merge value {transformation:[0.9622501286096566f,-0.2613904300562415f,-0.07582699430751813f,0.1265110728742515f,0.1441526541328116f,0.7257925133895056f,-0.6726404981966293f,0.37201650229898636f,0.23085645387808684f,0.6363177434134277f,0.736074063610502f,1.3904800569333748f,0f,0f,0f,1f],start_interpolation:0}
execute if entity @s[tag=aj.cutscenes.bone.rightleg2] run data modify entity @s {} merge value {transformation:[0.9622501286096566f,-0.005590430625412266f,0.27210923739579607f,0.1187499999999998f,0.1441526541328116f,-0.8375697542741001f,-0.5269695617696424f,0.109375f,0.23085645387808684f,0.5463017973708721f,-0.8051457283574127f,1.5597565157750344f,0f,0f,0f,1f],start_interpolation:0}
execute if entity @s[tag=aj.cutscenes.bone.bottom8] run data modify entity @s {} merge value {transformation:[0.9622501286096569f,0.26139043005624113f,0.07582699430751774f,-0.1265110728742518f,-0.1441526541328116f,0.7257925133895056f,-0.6726404981966293f,0.37201650229898636f,-0.2308564538780864f,0.636317743413428f,0.7360740636105021f,1.3904800569333746f,0f,0f,0f,1f],start_interpolation:0}
execute if entity @s[tag=aj.cutscenes.bone.leftleg2] run data modify entity @s {} merge value {transformation:[0.9622501286096569f,0.005590430625411999f,-0.2721092373957956f,-0.11875000000000019f,-0.1441526541328116f,-0.8375697542741001f,-0.5269695617696424f,0.109375f,-0.2308564538780864f,0.5463017973708721f,-0.8051457283574129f,1.5597565157750342f,0f,0f,0f,1f],start_interpolation:0}
execute if entity @s[tag=aj.cutscenes.camera_origin.camera] at @s on origin run tp @s ^-2.09135 ^-0.12 ^1.6875 ~-90 ~0