execute if entity @s[tag=aj.cutscenes.locator_origin.head] at @s on origin run tp @s ^-1.14231 ^1.26576 ^1.84011 ~-94.78097 ~-21.79224
execute if entity @s[tag=aj.cutscenes.bone.blade2] run data modify entity @s {} merge value {transformation:[-2.559657913044974e-7f,0.000001384377795347144f,-0.000009900403003586867f,-0.9783999545798695f,-0.000008378282500708275f,0.000005372853019587694f,9.679012182206864e-7f,1.911278767603399f,0.000005453335112755085f,0.000008319612283613777f,0.0000010223441682404551f,2.8015518145139153f,0f,0f,0f,1f],start_interpolation:0}
execute if entity @s[tag=aj.cutscenes.bone.heart] run data modify entity @s {} merge value {transformation:[-0.9900403003586866f,-0.11239898591045637f,0.08477423920026998f,-0.9189592342067308f,0.09679012182206874f,-0.980696469615674f,-0.16990028487623068f,1.8373237765048653f,0.10223441682404538f,-0.1600028201303222f,0.9818081388779536f,2.369321601605117f,0f,0f,0f,1f],start_interpolation:0}
execute if entity @s[tag=aj.cutscenes.bone.bottom2] run data modify entity @s {} merge value {transformation:[0.0847742392002702f,-0.11239898591045637f,0.9900403003586866f,-1.0507790789580946f,-0.1699002848762307f,-0.980696469615674f,-0.0967901218220687f,1.4264495671201216f,0.9818081388779536f,-0.1600028201303222f,-0.1022344168240456f,2.2459444229326078f,0f,0f,0f,1f],start_interpolation:0}
execute if entity @s[tag=aj.cutscenes.bone.rightarm] run data modify entity @s {} merge value {transformation:[0.09250739950496623f,-0.10612532545303299f,0.9900403003586866f,-1.0830921227904133f,-0.10015212291110337f,-0.9902531113781315f,-0.0967901218220687f,1.1851457969575327f,0.9906623709989331f,-0.09020083538094023f,-0.1022344168240456f,2.1614778158999393f,0f,0f,0f,1f],start_interpolation:0}
execute if entity @s[tag=aj.cutscenes.bone.blade] run data modify entity @s {} merge value {transformation:[-0.46963612278183814f,0.000009139534193129391f,0.000002581924292395217f,-0.3988660827985693f,-1.3786493067066934f,-0.0000022310361898143533f,-0.0000032477810087044106f,0.7083176772670631f,-0.3588425856773349f,-0.000003389895610834842f,0.000009098658443300219f,1.1434061796892052f,0f,0f,0f,1f],start_interpolation:0}
execute if entity @s[tag=aj.cutscenes.bone.bottom] run data modify entity @s {} merge value {transformation:[0.25819242923952196f,-0.569085336023822f,-0.7806910719395016f,-0.9747296757739933f,-0.32477810087044107f,0.7099296231226921f,-0.6249152865851995f,0.9507395945944453f,0.909865844330022f,0.4148997596233649f,-0.001528000683887601f,1.3939157205410417f,0f,0f,0f,1f],start_interpolation:0}
execute if entity @s[tag=aj.cutscenes.bone.leftarm] run data modify entity @s {} merge value {transformation:[0.21990024050034318f,-0.5849490015564119f,-0.7806910719395016f,-1.1072231611318248f,-0.2770029811789162f,0.7298974126616227f,-0.6249152865851995f,1.1159012614361687f,0.9353679664420222f,0.35367277611943193f,-0.001528000683887601f,1.540794412473526f,0f,0f,0f,1f],start_interpolation:0}
execute if entity @s[tag=aj.cutscenes.locator_origin.mount] at @s on origin run tp @s ^-1.24634 ^1.49289 ^1.83046 ~-97.23068 ~-24.1799
execute if entity @s[tag=aj.cutscenes.bone.head] run data modify entity @s {} merge value {transformation:[0.08849319135740039f,-0.4160860431763415f,-0.9050090384947755f,-1.1423141703533428f,0.08273584223009359f,0.9085043522574974f,-0.40960300577469183f,1.2657613711308957f,0.9926347442508042f,-0.038629607855126244f,0.11482167871573548f,1.8401133370240792f,0f,0f,0f,1f],start_interpolation:0}
execute if entity @s[tag=aj.cutscenes.bone.upper] run data modify entity @s {} merge value {transformation:[0.03860966134625835f,-0.3772522271377903f,-0.9253053826549937f,-0.8593750000000002f,0.11079125683418256f,0.9219027354723578f,-0.37124202851736227f,0.5743343195266273f,0.9930934454822614f,-0.08818221730122762f,0.07739060079886723f,1.90625f,0f,0f,0f,1f],start_interpolation:0}
execute if entity @s[tag=aj.cutscenes.locator_origin.head2] at @s on origin run tp @s ^0 ^0.125 ^2.4375 ~-180 ~-90
execute if entity @s[tag=aj.cutscenes.locator_origin.mount2] at @s on origin run tp @s ^0 ^0.125 ^2.6875 ~-180 ~-90
execute if entity @s[tag=aj.cutscenes.camera_origin.camera] at @s on origin run tp @s ^3.375 ^-0.44813 ^1.90625 ~90 ~-20