execute if entity @s[tag=aj.cutscenes.locator_origin.head] at @s on origin run tp @s ^-1.16349 ^1.25689 ^1.84193 ~-95.0099 ~-23.53877
execute if entity @s[tag=aj.cutscenes.bone.blade2] run data modify entity @s {} merge value {transformation:[5.266078601980132e-7f,9.30050751215572e-7f,-0.000009942720440691322f,-1.058877939040545f,-0.000008325369586276289f,0.000005539157223202462f,7.719137613615412e-8f,1.9139416537778469f,0.0000055146083644700905f,0.000008273617277636629f,0.000001065997997047455f,2.8009400019448707f,0f,0f,0f,1f],start_interpolation:0}
execute if entity @s[tag=aj.cutscenes.bone.heart] run data modify entity @s {} merge value {transformation:[-0.9942720440691322f,-0.02400771393967606f,0.10414764545576852f,-0.9949180778669047f,0.007719137613615513f,-0.9880306694968922f,-0.1540643081574227f,1.8423702550048704f,0.1065997997047454f,-0.15237790458237016f,0.9825565922113567f,2.3689536966823366f,0f,0f,0f,1f],start_interpolation:0}
execute if entity @s[tag=aj.cutscenes.bone.bottom2] run data modify entity @s {} merge value {transformation:[0.10414764545576874f,-0.02400771393967606f,0.9942720440691322f,-1.0896081839993994f,-0.1540643081574227f,-0.9880306694968922f,-0.007719137613615479f,1.4203389139858826f,0.9825565922113567f,-0.15237790458237016f,-0.10659979970474562f,2.249206685766273f,0f,0f,0f,1f],start_interpolation:0}
execute if entity @s[tag=aj.cutscenes.bone.rightarm] run data modify entity @s {} merge value {transformation:[0.1053216994306344f,-0.018178064023237683f,0.9942720440691322f,-1.1007353062196235f,-0.09887349695151947f,-0.9950700711583482f,-0.007719137613615479f,1.1777509897557656f,0.989510672620372f,-0.0974941612266454f,-0.10659979970474562f,2.1629887284208387f,0f,0f,0f,1f],start_interpolation:0}
execute if entity @s[tag=aj.cutscenes.bone.blade] run data modify entity @s {} merge value {transformation:[-0.47646660684216935f,0.000009061424645332764f,0.000002792988833138501f,-0.4266428142865607f,-1.3842551795160365f,-0.0000022774478912712515f,-0.0000031065185786612423f,0.6966886988174475f,-0.32682896222234437f,-0.0000035642410832462f,0.000009085634578740006f,1.1324339744323968f,0f,0f,0f,1f],start_interpolation:0}
execute if entity @s[tag=aj.cutscenes.bone.bottom] run data modify entity @s {} merge value {transformation:[0.2792988833138504f,-0.5600751066442943f,-0.7799410289868193f,-0.9968323270995189f,-0.31065185786612426f,0.7158750448345073f,-0.6253145955337341f,0.9425885665159977f,0.9085634578740007f,0.41693979793319585f,0.025954728190912747f,1.392356017201f,0f,0f,0f,1f],start_interpolation:0}
execute if entity @s[tag=aj.cutscenes.bone.leftarm] run data modify entity @s {} merge value {transformation:[0.24870904495349275f,-0.5743133310844377f,-0.7799410289868193f,-1.124866344561035f,-0.2716199806654496f,0.7315765460399775f,-0.6253145955337341f,1.1085064542344014f,0.9297130724377398f,0.36736896306426514f,0.025954728190912747f,1.5423053249944252f,0f,0f,0f,1f],start_interpolation:0}
execute if entity @s[tag=aj.cutscenes.locator_origin.mount] at @s on origin run tp @s ^-1.26861 ^1.48353 ^1.8328 ~-97.82777 ~-24.4205
execute if entity @s[tag=aj.cutscenes.bone.head] run data modify entity @s {} merge value {transformation:[0.09732161381961457f,-0.42051381604407956f,-0.9020513477621946f,-1.163485990468395f,0.08509609639876628f,0.9065506217683982f,-0.4134303140180006f,1.2568876024887747f,0.9916083691968507f,-0.036525343083626934f,0.12401105374677557f,1.8419264320491582f,0f,0f,0f,1f],start_interpolation:0}
execute if entity @s[tag=aj.cutscenes.bone.upper] run data modify entity @s {} merge value {transformation:[0.038609661346258366f,-0.40548132062452635f,-0.9132875739192543f,-0.8593750000000002f,0.11079125683418257f,0.91007104394953f,-0.39936949354415513f,0.5743343195266273f,0.9930934454822614f,-0.08576475726778908f,0.08006131994270257f,1.90625f,0f,0f,0f,1f],start_interpolation:0}
execute if entity @s[tag=aj.cutscenes.locator_origin.head2] at @s on origin run tp @s ^0 ^0.125 ^2.4375 ~-180 ~-90
execute if entity @s[tag=aj.cutscenes.locator_origin.mount2] at @s on origin run tp @s ^0 ^0.125 ^2.6875 ~-180 ~-90
execute if entity @s[tag=aj.cutscenes.camera_origin.camera] at @s on origin run tp @s ^3.375 ^-0.44813 ^1.90625 ~90 ~-20