execute if entity @s[tag=aj.cutscenes.locator_origin.head] at @s on origin run tp @s ^0.00335 ^9.90244 ^-3.20573 ~25.72431 ~1.42249
execute if entity @s[tag=aj.cutscenes.bone.blade2] run data modify entity @s {} merge value {transformation:[0.000006131049276919698f,-0.000004916264953445571f,-0.000006183896317978275f,-0.9160573948567807f,0.00000774558675408597f,0.0000022006758916192885f,0.000005929832329414858f,9.818903683070472f,-0.000001554387531766271f,-0.000008425399962468752f,0.000005157180903703213f,-4.08847421074893f,0f,0f,0f,1f],start_interpolation:0}
execute if entity @s[tag=aj.cutscenes.bone.heart] run data modify entity @s {} merge value {transformation:[0.000006183896317978276f,0.00000784166414333088f,-5.174261219667224e-7f,-0.8669943376656188f,-0.000005929832329414857f,0.000004223890491570425f,-0.000006855351023853363f,9.52798375052097f,-0.000005157180903703214f,0.000004546103010097743f,0.00000726198544119025f,-3.605836297421302f,0f,0f,0f,1f],start_interpolation:0}
execute if entity @s[tag=aj.cutscenes.bone.bottom2] run data modify entity @s {} merge value {transformation:[0.05174261219667237f,0.7841664143330879f,0.6183896317978276f,-0.47156744983282256f,0.6855351023853361f,0.42238904915704245f,-0.5929832329414858f,9.720009574327477f,-0.726198544119025f,0.45461030100977423f,-0.5157180903703211f,-3.503969027799006f,0f,0f,0f,1f],start_interpolation:0}
execute if entity @s[tag=aj.cutscenes.bone.rightarm] run data modify entity @s {} merge value {transformation:[0.05166345307101344f,0.7841716335737517f,0.6183896317978276f,-0.278753507256323f,0.6854924601925022f,0.42245824938033155f,-0.5929832329414858f,9.782780857910529f,-0.7262444317418274f,0.4545369914855986f,-0.5157180903703211f,-3.344944502943742f,0f,0f,0f,1f],start_interpolation:0}
execute if entity @s[tag=aj.cutscenes.bone.blade] run data modify entity @s {} merge value {transformation:[-0.39188253462399836f,-1.001162305846042f,-1.04599336346351f,-0.12331980360801942f,-1.0967498260725357f,-0.5022111495680314f,0.8915849820737326f,9.235042171763308f,-0.9452872040107878f,0.9977264147062518f,-0.6008112043985827f,-2.6233669495851326f,0f,0f,0f,1f],start_interpolation:0}
execute if entity @s[tag=aj.cutscenes.bone.bottom] run data modify entity @s {} merge value {transformation:[-0.6973289089756735f,0.6965858247844763f,0.16882115215851282f,0.34714643717722204f,0.5943899880491551f,0.6936380977604618f,-0.4068989204239468f,9.533002175888049f,-0.4005408029323883f,-0.1833967776286672f,-0.89773753800412f,-3.001551621400945f,0f,0f,0f,1f],start_interpolation:0}
execute if entity @s[tag=aj.cutscenes.bone.leftarm] run data modify entity @s {} merge value {transformation:[-0.9282485618212201f,-0.019171801592589285f,0.3714660812248285f,0.28433795166524845f,-0.0915542707280399f,0.9797224256418685f,-0.17821836102340904f,9.772210640378013f,-0.3605168830835711f,-0.19944024347685643f,-0.9111811928994139f,-3.0739439874628824f,0f,0f,0f,1f],start_interpolation:0}
execute if entity @s[tag=aj.cutscenes.locator_origin.mount] at @s on origin run tp @s ^0.01004 ^10.15234 ^-3.20768 ~30.67741 ~-1.16695
execute if entity @s[tag=aj.cutscenes.bone.head] run data modify entity @s {} merge value {transformation:[-0.8597004284974721f,0.026743171631009827f,0.5100980062815157f,0.0033506666453551937f,0.0190115974262577f,0.9996118230083294f,-0.020365717892239565f,9.90243934341757f,-0.510444641860961f,-0.007810638455256133f,-0.85987514298435f,-3.205731242392123f,0f,0f,0f,1f],start_interpolation:0}
execute if entity @s[tag=aj.cutscenes.bone.upper] run data modify entity @s {} merge value {transformation:[-0.9009463342745142f,0.004467555527139731f,0.4339075289793059f,3.9531712069698707e-16f,0.016912348052023272f,0.999548754186385f,0.02482459441386598f,9.15277777777778f,-0.4336008247693753f,0.029704022489515532f,-0.9006153428668977f,-3.2280092592592595f,0f,0f,0f,1f],start_interpolation:0}
execute if entity @s[tag=aj.cutscenes.bone.bottom3] run data modify entity @s {} merge value {transformation:[-0.9914448613738105f,-0.03924998298777886f,0.12448504203688393f,-0.11268091069990503f,3.469446951953614e-18f,0.9537169507482269f,0.30070579950427306f,8.85474123066896f,-0.13052619222005094f,0.29813321970381484f,-0.9455577700244291f,-3.321991679118077f,0f,0f,0f,1f],start_interpolation:0}
execute if entity @s[tag=aj.cutscenes.bone.rightleg] run data modify entity @s {} merge value {transformation:[-0.9914448613738105f,-0.03924998298777886f,0.12448504203688393f,-0.1187499999999996f,3.469446951953614e-18f,0.9537169507482269f,0.30070579950427306f,9.15277777777778f,-0.13052619222005094f,0.29813321970381484f,-0.9455577700244291f,-3.2280092592592595f,0f,0f,0f,1f],start_interpolation:0}
execute if entity @s[tag=aj.cutscenes.bone.bottom4] run data modify entity @s {} merge value {transformation:[-0.9848077530122079f,-0.05221701409779454f,-0.16561121050749172f,0.15406164153463348f,-6.938893903907228e-18f,0.9537169507482269f,-0.3007057995042731f,8.889217950961253f,0.17364817766693094f,-0.29613740272754274f,-0.9392278472760159f,-3.0637393041226857f,0f,0f,0f,1f],start_interpolation:0}
execute if entity @s[tag=aj.cutscenes.bone.leftleg] run data modify entity @s {} merge value {transformation:[-0.9848077530122079f,-0.09330109785058167f,-0.14645338762528573f,0.11875000000000038f,-6.938893903907228e-18f,0.8433914458128857f,-0.5372996083468239f,9.15277777777778f,0.17364817766693094f,-0.529136819990375f,-0.8305784346607052f,-3.2280092592592595f,0f,0f,0f,1f],start_interpolation:0}
execute if entity @s[tag=aj.cutscenes.locator_origin.head2] at @s on origin run tp @s ^0 ^0.125 ^2.4375 ~-180 ~-90
execute if entity @s[tag=aj.cutscenes.locator_origin.mount2] at @s on origin run tp @s ^0 ^0.125 ^2.6875 ~-180 ~-90
execute if entity @s[tag=aj.cutscenes.bone.bottom8] run data modify entity @s {} merge value {transformation:[0.9622501286096568f,0.2324983393318058f,-0.14148926531243114f,-0.1974197943449999f,-0.14415265413281161f,-0.005584280334338443f,-0.9895397051759033f,0.11202104169281084f,-0.23085645387808643f,0.9725807616959634f,0.028141778226241275f,1.3225113648067495f,0f,0f,0f,1f],start_interpolation:0}
execute if entity @s[tag=aj.cutscenes.bone.leftleg2] run data modify entity @s {} merge value {transformation:[0.9622501286096568f,0.2324983393318058f,-0.14148926531243114f,-0.1187500000000002f,-0.14415265413281161f,-0.005584280334338443f,-0.9895397051759033f,0.109375f,-0.23085645387808643f,0.9725807616959634f,0.028141778226241275f,1.625f,0f,0f,0f,1f],start_interpolation:0}
execute if entity @s[tag=aj.cutscenes.camera_origin.camera] at @s on origin run tp @s ^-7.71875 ^10.22375 ^-1.46875 ~-67.5 ~30