execute if entity @s[tag=aj.cutscenes.locator_origin.head] at @s on origin run tp @s ^0 ^1.38254 ^1.2936 ~0 ~32.5
execute if entity @s[tag=aj.cutscenes.bone.blade2] run data modify entity @s {} merge value {transformation:[1.4556678789835436f,-0.2346272448040534f,0.2756466616725302f,-0.8531877077382454f,0.09415106057310366f,-0.8575155637127945f,-1.227111500957956f,1.0392319446130251f,0.34952339533786775f,1.2081461476104567f,-0.817444971925023f,1.5403503119076798f,0f,0f,0f,1f],start_interpolation:0}
execute if entity @s[tag=aj.cutscenes.bone.heart] run data modify entity @s {} merge value {transformation:[0.0000015641816320270227f,0.000009704452526556958f,0.0000018376444111501993f,-0.9910482041537197f,0.000005716770424751963f,6.276737371540226e-7f,-0.000008180743339719708f,1.1653622861690918f,-0.000008054307650736378f,0.0000023301559689191172f,-0.0000054496331461668215f,1.1299410859161807f,0f,0f,0f,1f],start_interpolation:0}
execute if entity @s[tag=aj.cutscenes.bone.bottom2] run data modify entity @s {} merge value {transformation:[-0.18376444111501988f,0.9704452526556957f,0.1564181632027023f,-0.5686148340787527f,0.8180743339719709f,0.06276737371540225f,0.5716770424751961f,1.3013973384545152f,0.5449633146166819f,0.2330155968919117f,-0.805430765073638f,1.2115363899894425f,0f,0f,0f,1f],start_interpolation:0}
execute if entity @s[tag=aj.cutscenes.bone.rightarm] run data modify entity @s {} merge value {transformation:[-0.19816749516788595f,0.9749174625230387f,0.10131922387447183f,-0.31250000000000017f,0.8165842546686229f,0.1070353243813092f,0.5672156506672552f,1.2771196536330536f,0.5421437068584083f,0.19513938762389155f,-0.8173131716249269f,1.2264372552167648f,0f,0f,0f,1f],start_interpolation:0}
execute if entity @s[tag=aj.cutscenes.bone.blade] run data modify entity @s {} merge value {transformation:[1.4549692347712126f,0.23892111834063656f,-0.27564692104235694f,0.854401670851036f,-0.09162091600459062f,-0.8577892281905136f,-1.2271117503107867f,1.0395124713455766f,-0.3530865809114692f,1.2071099118187965f,-0.8174445101467533f,1.5395199206119536f,0f,0f,0f,1f],start_interpolation:0}
execute if entity @s[tag=aj.cutscenes.bone.bottom] run data modify entity @s {} merge value {transformation:[-0.1837646140282377f,-0.9699794898474751f,-0.1592807455604244f,0.5686148344831099f,-0.8180745002071913f,0.06108061066972689f,0.5718594854603423f,1.3013973051769427f,-0.5449630067645022f,0.23539105394097937f,-0.8047399412125311f,1.2115363427211272f,0f,0f,0f,1f],start_interpolation:0}
execute if entity @s[tag=aj.cutscenes.bone.leftarm] run data modify entity @s {} merge value {transformation:[-0.19816766748821762f,-0.9749174210603856f,-0.10131928580110479f,0.31249999999999983f,-0.8165844183544252f,0.10703549841304943f,0.567215382178794f,1.2771196536330536f,-0.5421433973249553f,0.19513949931379043f,-0.817313350279144f,1.226437255216765f,0f,0f,0f,1f],start_interpolation:0}
execute if entity @s[tag=aj.cutscenes.locator_origin.mount] at @s on origin run tp @s ^0 ^1.53473 ^1.49194 ~0 ~52.5
execute if entity @s[tag=aj.cutscenes.bone.head] run data modify entity @s {} merge value {transformation:[-1f,-9.715776287805219e-17f,7.455177354798985e-17f,-1.5842027396494095e-16f,0f,0.6087614290087207f,0.7933533402912352f,1.3825435843596643f,-1.2246467991473532e-16f,0.7933533402912352f,-0.6087614290087207f,1.2935997062601179f,0f,0f,0f,1f],start_interpolation:0}
execute if entity @s[tag=aj.cutscenes.bone.upper] run data modify entity @s {} merge value {transformation:[-1f,-6.580022455450643e-17f,1.0328566345430089e-16f,-1.0907010554906114e-16f,0f,0.8433914458128857f,0.5372996083468239f,0.75f,-1.2246467991473532e-16f,0.5372996083468239f,-0.8433914458128857f,0.890625f,0f,0f,0f,1f],start_interpolation:0}
execute if entity @s[tag=aj.cutscenes.locator_origin.head2] at @s on origin run tp @s ^0 ^0.63169 ^2.24046 ~-180 ~-47.5
execute if entity @s[tag=aj.cutscenes.bone.bottom5] run data modify entity @s {} merge value {transformation:[0.9763824522960998f,0.03874931499508455f,-0.2125459889898332f,0.3638365745197348f,0.07922011635704344f,0.8510510653060979f,0.5190724972542202f,0.33943237070557836f,0.20100119405772465f,-0.5236511957675333f,0.8278816009301097f,2.2917737090768187f,0f,0f,0f,1f],start_interpolation:0}
execute if entity @s[tag=aj.cutscenes.bone.rightarm2] run data modify entity @s {} merge value {transformation:[0.9763824522960998f,0.03874931499508455f,-0.2125459889898332f,0.31249999999999967f,0.07922011635704344f,0.8510510653060979f,0.5190724972542202f,0.5472438797597876f,0.20100119405772465f,-0.5236511957675333f,0.8278816009301097f,2.1482983355063276f,0f,0f,0f,1f],start_interpolation:0}
execute if entity @s[tag=aj.cutscenes.bone.bottom6] run data modify entity @s {} merge value {transformation:[0.9763824522960998f,-0.0387493149950843f,0.21254598898983282f,-0.3638365745197355f,-0.07922011635704344f,0.8510510653060979f,0.5190724972542202f,0.33943237070557836f,-0.20100119405772415f,-0.5236511957675333f,0.8278816009301097f,2.291773709076818f,0f,0f,0f,1f],start_interpolation:0}
execute if entity @s[tag=aj.cutscenes.bone.leftarm2] run data modify entity @s {} merge value {transformation:[0.9763824522960998f,-0.0387493149950843f,0.21254598898983282f,-0.31250000000000033f,-0.07922011635704344f,0.8510510653060979f,0.5190724972542202f,0.5472438797597876f,-0.20100119405772415f,-0.5236511957675333f,0.8278816009301097f,2.148298335506327f,0f,0f,0f,1f],start_interpolation:0}
execute if entity @s[tag=aj.cutscenes.locator_origin.mount2] at @s on origin run tp @s ^0 ^0.85412 ^2.35459 ~-180 ~-27.16206
execute if entity @s[tag=aj.cutscenes.bone.head2] run data modify entity @s {} merge value {transformation:[1f,-1.1181243994528539e-16f,-2.1791826353005901e-16f,-3.574028819367183e-16f,0f,0.8897188302855247f,-0.4565089298528097f,0.6316926557117452f,2.4492935982947064e-16f,0.4565089298528097f,0.8897188302855247f,2.240458002607593f,0f,0f,0f,1f],start_interpolation:0}
execute if entity @s[tag=aj.cutscenes.bone.upper2] run data modify entity @s {} merge value {transformation:[1f,-1.8058086612168067e-16f,-1.6547187705836282e-16f,-2.2196723234545778e-16f,0f,0.6755902076156602f,-0.737277336810124f,0.125f,2.4492935982947064e-16f,0.737277336810124f,0.6755902076156602f,1.6875f,0f,0f,0f,1f],start_interpolation:0}
execute if entity @s[tag=aj.cutscenes.bone.bottom7] run data modify entity @s {} merge value {transformation:[0.9622501286096566f,-0.2613904300562415f,-0.07582699430751813f,0.1265110728742515f,0.1441526541328116f,0.7257925133895056f,-0.6726404981966293f,0.37201650229898636f,0.23085645387808684f,0.6363177434134277f,0.736074063610502f,1.3921674896960154f,0f,0f,0f,1f],start_interpolation:0}
execute if entity @s[tag=aj.cutscenes.bone.rightleg2] run data modify entity @s {} merge value {transformation:[0.9622501286096566f,-0.005590430625412266f,0.27210923739579607f,0.1187499999999998f,0.1441526541328116f,-0.8375697542741001f,-0.5269695617696424f,0.109375f,0.23085645387808684f,0.5463017973708721f,-0.8051457283574127f,1.561443948537675f,0f,0f,0f,1f],start_interpolation:0}
execute if entity @s[tag=aj.cutscenes.bone.bottom8] run data modify entity @s {} merge value {transformation:[0.9622501286096569f,0.26139043005624113f,0.07582699430751774f,-0.1265110728742518f,-0.1441526541328116f,0.7257925133895056f,-0.6726404981966293f,0.37201650229898636f,-0.2308564538780864f,0.636317743413428f,0.7360740636105021f,1.3921674896960154f,0f,0f,0f,1f],start_interpolation:0}
execute if entity @s[tag=aj.cutscenes.bone.leftleg2] run data modify entity @s {} merge value {transformation:[0.9622501286096569f,0.005590430625411999f,-0.2721092373957956f,-0.11875000000000019f,-0.1441526541328116f,-0.8375697542741001f,-0.5269695617696424f,0.109375f,-0.2308564538780864f,0.5463017973708721f,-0.8051457283574129f,1.561443948537675f,0f,0f,0f,1f],start_interpolation:0}
execute if entity @s[tag=aj.cutscenes.camera_origin.camera] at @s on origin run tp @s ^-2.02344 ^-0.12 ^1.6875 ~-90 ~0