execute if entity @s[tag=aj.cutscenes.locator_origin.head] at @s on origin run tp @s ^0 ^1.37105 ^1.3111 ~0 ~34.1
execute if entity @s[tag=aj.cutscenes.bone.blade2] run data modify entity @s {} merge value {transformation:[1.4301191829977342f,-0.43535874205672f,0.12337701624161378f,-0.900306607491854f,-0.156539106529968f,-0.8597211414956298f,-1.2191698269692577f,1.106150661279954f,0.4245640476402735f,1.1494965526613126f,-0.8651029099887858f,1.5161700522709922f,0f,0f,0f,1f],start_interpolation:0}
execute if entity @s[tag=aj.cutscenes.bone.heart] run data modify entity @s {} merge value {transformation:[0.0000029023916137114665f,0.000009534127886651561f,8.225134416107564e-7f,-0.9937178940093745f,0.0000057314742766375324f,-0.000001043594043533122f,-0.000008127798846461718f,1.270424625850753f,-0.000007663310351075418f,0.0000028304269842684888f,-0.000005767352733258574f,1.105826785454567f,0f,0f,0f,1f],start_interpolation:0}
execute if entity @s[tag=aj.cutscenes.bone.bottom2] run data modify entity @s {} merge value {transformation:[-0.08225134416107557f,0.9534127886651561f,0.29023916137114664f,-0.560350750748832f,0.812779884646172f,-0.10435940435331219f,0.573147427663753f,1.3330429577203917f,0.5767352733258572f,0.28304269842684887f,-0.7663310351075419f,1.2148457971271192f,0f,0f,0f,1f],start_interpolation:0}
execute if entity @s[tag=aj.cutscenes.bone.rightarm] run data modify entity @s {} merge value {transformation:[-0.0975919848055747f,0.9670050067939336f,0.2353234398379656f,-0.31250000000000017f,0.8138105231405407f,-0.058568363540195525f,0.578171409893245f,1.267537709139059f,0.5728771569258349f,0.24793358713108565f,-0.7812430476137914f,1.241024371602026f,0f,0f,0f,1f],start_interpolation:0}
execute if entity @s[tag=aj.cutscenes.bone.blade] run data modify entity @s {} merge value {transformation:[1.4288914008198528f,0.4393716008287701f,-0.12337731172400675f,0.9013601175121644f,0.15895147253870795f,-0.859277946973708f,-1.2191701436725007f,1.1066324393570606f,-0.4277894272195787f,1.148300486035695f,-0.8651024215255272f,1.5153408592876396f,0f,0f,0f,1f],start_interpolation:0}
execute if entity @s[tag=aj.cutscenes.bone.bottom] run data modify entity @s {} merge value {transformation:[-0.08225154114933755f,-0.9525942672132351f,-0.2929144005525134f,0.5603507563254964f,-0.8127800957816672f,-0.10596764835913883f,0.5728519646491385f,1.3330429124667367f,-0.5767349476836847f,0.285192951479719f,-0.7655336573571301f,1.214845736689584f,0f,0f,0f,1f],start_interpolation:0}
execute if entity @s[tag=aj.cutscenes.bone.leftarm] run data modify entity @s {} merge value {transformation:[-0.09759218139308128f,-0.9670049799537158f,-0.23532346860365116f,0.31249999999999983f,-0.8138107306105958f,-0.058568130658062004f,0.5781711414574999f,1.267537709139059f,-0.5728768287110136f,0.2479337468275222f,-0.7812432376091828f,1.2410243716020262f,0f,0f,0f,1f],start_interpolation:0}
execute if entity @s[tag=aj.cutscenes.locator_origin.mount] at @s on origin run tp @s ^0 ^1.51365 ^1.51644 ~0 ~55.22
execute if entity @s[tag=aj.cutscenes.bone.head] run data modify entity @s {} merge value {transformation:[-1f,-1.0058616593094279e-16f,6.985714745057529e-17f,-1.6056396181174096e-16f,0f,0.5704268977734035f,0.8213483757192261f,1.371045250966871f,-1.2246467991473532e-16f,0.8213483757192261f,-0.5704268977734035f,1.3111042459224314f,0f,0f,0f,1f],start_interpolation:0}
execute if entity @s[tag=aj.cutscenes.bone.upper] run data modify entity @s {} merge value {transformation:[-1f,-6.865847501690643e-17f,1.014081438296324e-16f,-1.0907010554906114e-16f,0f,0.8280603346224944f,0.5606389945632417f,0.75f,-1.2246467991473532e-16f,0.5606389945632417f,-0.8280603346224944f,0.890625f,0f,0f,0f,1f],start_interpolation:0}
execute if entity @s[tag=aj.cutscenes.locator_origin.head2] at @s on origin run tp @s ^0 ^0.61951 ^2.25138 ~-180 ~-48.75
execute if entity @s[tag=aj.cutscenes.bone.bottom5] run data modify entity @s {} merge value {transformation:[0.9763824522960998f,0.05826203766775251f,-0.2080452878943812f,0.3589583938515678f,0.07481644617444531f,0.8121918548567072f,0.5785731503329963f,0.33871919860926925f,0.20268153894738644f,-0.5804738804384078f,0.7886509163747267f,2.3151859459681745f,0f,0f,0f,1f],start_interpolation:0}
execute if entity @s[tag=aj.cutscenes.bone.rightarm2] run data modify entity @s {} merge value {transformation:[0.9763824522960998f,0.05826203766775251f,-0.2080452878943812f,0.31249999999999967f,0.07481644617444531f,0.8121918548567072f,0.5785731503329963f,0.5370911344375432f,0.20268153894738644f,-0.5804738804384078f,0.7886509163747267f,2.1573998796743608f,0f,0f,0f,1f],start_interpolation:0}
execute if entity @s[tag=aj.cutscenes.bone.bottom6] run data modify entity @s {} merge value {transformation:[0.9763824522960998f,-0.05826203766775223f,0.20804528789438087f,-0.3589583938515685f,-0.07481644617444531f,0.8121918548567072f,0.5785731503329963f,0.33871919860926925f,-0.20268153894738594f,-0.5804738804384078f,0.7886509163747267f,2.3151859459681745f,0f,0f,0f,1f],start_interpolation:0}
execute if entity @s[tag=aj.cutscenes.bone.leftarm2] run data modify entity @s {} merge value {transformation:[0.9763824522960998f,-0.05826203766775223f,0.20804528789438087f,-0.31250000000000033f,-0.07481644617444531f,0.8121918548567072f,0.5785731503329963f,0.5370911344375432f,-0.20268153894738594f,-0.5804738804384078f,0.7886509163747267f,2.1573998796743608f,0f,0f,0f,1f],start_interpolation:0}
execute if entity @s[tag=aj.cutscenes.locator_origin.mount2] at @s on origin run tp @s ^0 ^0.83949 ^2.37016 ~-180 ~-28.36591
execute if entity @s[tag=aj.cutscenes.bone.head2] run data modify entity @s {} merge value {transformation:[1f,-1.1636613066217094e-16f,-2.1552103131988966e-16f,-3.6007796440056156e-16f,0f,0.8799313870331585f,-0.4751007831122801f,0.6195093613250517f,2.4492935982947064e-16f,0.4751007831122801f,0.8799313870331585f,2.251379855609233f,0f,0f,0f,1f],start_interpolation:0}
execute if entity @s[tag=aj.cutscenes.bone.upper2] run data modify entity @s {} merge value {transformation:[1f,-1.8414764274013836e-16f,-1.6149314839870043e-16f,-2.2196723234545778e-16f,0f,0.6593458151000691f,-0.7518398074789773f,0.125f,2.4492935982947064e-16f,0.7518398074789773f,0.6593458151000691f,1.6875f,0f,0f,0f,1f],start_interpolation:0}
execute if entity @s[tag=aj.cutscenes.bone.bottom7] run data modify entity @s {} merge value {transformation:[0.9622501286096566f,-0.2601147788559509f,-0.0800936440138607f,0.12419176436770307f,0.1441526541328116f,0.7367009205990387f,-0.6606752348128351f,0.37640951962109065f,0.23085645387808684f,0.6241891183040991f,0.7463867913445321f,1.3989474388450784f,0f,0f,0f,1f],start_interpolation:0}
execute if entity @s[tag=aj.cutscenes.bone.rightleg2] run data modify entity @s {} merge value {transformation:[0.9622501286096566f,0.0018313565955426735f,0.27216049699344547f,0.1187499999999998f,0.1441526541328116f,-0.8516274097048337f,-0.5039352809100599f,0.109375f,0.23085645387808684f,0.5241444468583589f,-0.8197425794298961f,1.5612997256515775f,0f,0f,0f,1f],start_interpolation:0}
execute if entity @s[tag=aj.cutscenes.bone.bottom8] run data modify entity @s {} merge value {transformation:[0.9622501286096569f,0.2601147788559505f,0.08009364401386032f,-0.12419176436770338f,-0.1441526541328116f,0.7367009205990387f,-0.6606752348128351f,0.37640951962109065f,-0.2308564538780864f,0.6241891183040993f,0.7463867913445322f,1.3989474388450784f,0f,0f,0f,1f],start_interpolation:0}
execute if entity @s[tag=aj.cutscenes.bone.leftleg2] run data modify entity @s {} merge value {transformation:[0.9622501286096569f,-0.0018313565955429302f,-0.272160496993445f,-0.11875000000000019f,-0.1441526541328116f,-0.8516274097048337f,-0.5039352809100599f,0.109375f,-0.2308564538780864f,0.5241444468583589f,-0.8197425794298964f,1.5612997256515775f,0f,0f,0f,1f],start_interpolation:0}
execute if entity @s[tag=aj.cutscenes.camera_origin.camera] at @s on origin run tp @s ^-2.10937 ^-0.12 ^1.6875 ~-90 ~0