execute if entity @s[tag=aj.cutscenes.locator_origin.head] at @s on origin run tp @s ^0.08925 ^1.47124 ^1.07595 ~154.28571 ~-15.91837
execute if entity @s[tag=aj.cutscenes.bone.blade2] run data modify entity @s {} merge value {transformation:[1.4185363933289126f,0.2134894508326943f,-0.4383796929427211f,0.8307480032601452f,0.4497817033031093f,-0.05216776271411622f,1.430026203923256f,1.2967476318610105f,0.18828414743454355f,-1.4838129191096021f,-0.11335034586753118f,-0.07035479050153848f,0f,0f,0f,1f],start_interpolation:0}
execute if entity @s[tag=aj.cutscenes.bone.heart] run data modify entity @s {} merge value {transformation:[0.000004837593302784267f,-0.00000524322318933451f,-0.0000070075888594923734f,0.7358774137963077f,-0.00000815742035239064f,1.9960671184027059e-7f,-0.000005780713654471327f,1.3440538520154088f,0.000003170833365419854f,0.000008512858964379307f,-0.000004180555946441461f,0.39578395946330236f,0f,0f,0f,1f],start_interpolation:0}
execute if entity @s[tag=aj.cutscenes.bone.bottom2] run data modify entity @s {} merge value {transformation:[0.7007588859492374f,-0.5243223189334509f,0.4837593302784265f,0.5990268849057091f,0.5780713654471326f,0.019960671184027057f,-0.8157420352390641f,1.334218624580926f,0.4180555946441462f,0.8512858964379306f,0.3170833365419853f,0.8256542681538135f,0f,0f,0f,1f],start_interpolation:0}
execute if entity @s[tag=aj.cutscenes.bone.rightarm] run data modify entity @s {} merge value {transformation:[0.49655326840479314f,-0.8482576050183558f,0.18410292546573004f,0.3559279043758206f,0.6617551422778533f,0.2326978793483498f,-0.7126933622643041f,1.3510333980256477f,0.5617072042490954f,0.4757212760380845f,0.6768857246384808f,0.9094778868977662f,0f,0f,0f,1f],start_interpolation:0}
execute if entity @s[tag=aj.cutscenes.bone.blade] run data modify entity @s {} merge value {transformation:[0.7372366970512891f,-1.2931999267122471f,0.18470517608433004f,-1.2692872732738754f,-0.449782235102055f,-0.05216730531559005f,1.430026053344032f,1.296748462546223f,-1.226449344044631f,-0.7582298607991822f,-0.4134120035569202f,0.940969147937122f,0f,0f,0f,1f],start_interpolation:0}
execute if entity @s[tag=aj.cutscenes.bone.bottom] run data modify entity @s {} merge value {transformation:[0.11006631225794189f,0.9924717834163579f,-0.05371374152199099f,-0.4242832907859907f,-0.5780714302315664f,0.019959897599141185f,-0.8157420082586547f,1.3342187896070001f,-0.8085288049636625f,0.12083609398762357f,0.5759164956257511f,1.3184545507659857f,0f,0f,0f,1f],start_interpolation:0}
execute if entity @s[tag=aj.cutscenes.bone.leftarm] run data modify entity @s {} merge value {transformation:[-0.12956520346343403f,0.9008139117570587f,0.4144238825603866f,-0.20717763806319062f,-0.6617550228179165f,0.2326971893790696f,-0.7126936984640317f,1.3510333980256477f,-0.7384396710813534f,-0.3665873899086378f,0.5659686720422206f,1.1806552238462416f,0f,0f,0f,1f],start_interpolation:0}
execute if entity @s[tag=aj.cutscenes.locator_origin.mount] at @s on origin run tp @s ^0.119 ^1.71165 ^1.13773 ~154.28571 ~-15.91837
execute if entity @s[tag=aj.cutscenes.bone.head] run data modify entity @s {} merge value {transformation:[0.9009688679024179f,0.1190002130501042f,0.41724578891184166f,0.08925015978757804f,0f,0.9616534368410363f,-0.2742675106749303f,1.4712400776307772f,-0.4338837391175605f,0.2471064885952063f,0.8664198083051379f,1.0759548664464047f,0f,0f,0f,1f],start_interpolation:0}
execute if entity @s[tag=aj.cutscenes.bone.upper] run data modify entity @s {} merge value {transformation:[0.9009688679024179f,0.1190002130501042f,0.41724578891184166f,-1.0907010554906114e-16f,0f,0.9616534368410363f,-0.2742675106749303f,0.75f,-0.4338837391175605f,0.2471064885952063f,0.8664198083051379f,0.890625f,0f,0f,0f,1f],start_interpolation:0}
execute if entity @s[tag=aj.cutscenes.bone.bottom3] run data modify entity @s {} merge value {transformation:[0.9009688679024179f,0f,0.4338837391175605f,0.11262110848780213f,0f,1f,0f,0.4375f,-0.4338837391175605f,0f,0.9009688679024179f,0.8363895326103049f,0f,0f,0f,1f],start_interpolation:0}
execute if entity @s[tag=aj.cutscenes.bone.rightleg] run data modify entity @s {} merge value {transformation:[0.9009688679024179f,0f,0.4338837391175605f,0.10699005306341201f,0f,1f,0f,0.75f,-0.4338837391175605f,0f,0.9009688679024179f,0.8391013059797897f,0f,0f,0f,1f],start_interpolation:0}
execute if entity @s[tag=aj.cutscenes.bone.bottom4] run data modify entity @s {} merge value {transformation:[0.9009688679024179f,0f,0.4338837391175605f,-0.11262110848780235f,0f,1f,0f,0.4375f,-0.4338837391175605f,0f,0.9009688679024179f,0.9448604673896951f,0f,0f,0f,1f],start_interpolation:0}
execute if entity @s[tag=aj.cutscenes.bone.leftleg] run data modify entity @s {} merge value {transformation:[0.9009688679024179f,0f,0.4338837391175605f,-0.10699005306341224f,0f,1f,0f,0.75f,-0.4338837391175605f,0f,0.9009688679024179f,0.9421486940202103f,0f,0f,0f,1f],start_interpolation:0}
execute if entity @s[tag=aj.cutscenes.locator_origin.head2] at @s on origin run tp @s ^0 ^0.61951 ^2.25138 ~-180 ~-48.75
execute if entity @s[tag=aj.cutscenes.bone.bottom5] run data modify entity @s {} merge value {transformation:[0.9763824522960998f,0.05826203766775251f,-0.2080452878943812f,0.3589583938515678f,0.07481644617444531f,0.8121918548567072f,0.5785731503329963f,0.33871919860926925f,0.20268153894738644f,-0.5804738804384078f,0.7886509163747267f,2.3151859459681745f,0f,0f,0f,1f],start_interpolation:0}
execute if entity @s[tag=aj.cutscenes.bone.rightarm2] run data modify entity @s {} merge value {transformation:[0.9763824522960998f,0.05826203766775251f,-0.2080452878943812f,0.31249999999999967f,0.07481644617444531f,0.8121918548567072f,0.5785731503329963f,0.5370911344375432f,0.20268153894738644f,-0.5804738804384078f,0.7886509163747267f,2.1573998796743608f,0f,0f,0f,1f],start_interpolation:0}
execute if entity @s[tag=aj.cutscenes.bone.bottom6] run data modify entity @s {} merge value {transformation:[0.9763824522960998f,-0.05826203766775223f,0.20804528789438087f,-0.3589583938515685f,-0.07481644617444531f,0.8121918548567072f,0.5785731503329963f,0.33871919860926925f,-0.20268153894738594f,-0.5804738804384078f,0.7886509163747267f,2.3151859459681745f,0f,0f,0f,1f],start_interpolation:0}
execute if entity @s[tag=aj.cutscenes.bone.leftarm2] run data modify entity @s {} merge value {transformation:[0.9763824522960998f,-0.05826203766775223f,0.20804528789438087f,-0.31250000000000033f,-0.07481644617444531f,0.8121918548567072f,0.5785731503329963f,0.5370911344375432f,-0.20268153894738594f,-0.5804738804384078f,0.7886509163747267f,2.1573998796743608f,0f,0f,0f,1f],start_interpolation:0}
execute if entity @s[tag=aj.cutscenes.locator_origin.mount2] at @s on origin run tp @s ^0 ^0.84172 ^2.36593 ~-180 ~-27.271
execute if entity @s[tag=aj.cutscenes.bone.head2] run data modify entity @s {} merge value {transformation:[1f,-1.1222655820101972e-16f,-2.1770528459554547e-16f,-3.6007796440056156e-16f,0f,0.8888492777963424f,-0.458199695941541f,0.6195093613250517f,2.4492935982947064e-16f,0.458199695941541f,0.8888492777963424f,2.251379855609233f,0f,0f,0f,1f],start_interpolation:0}
execute if entity @s[tag=aj.cutscenes.bone.upper2] run data modify entity @s {} merge value {transformation:[1f,-1.8414764274013836e-16f,-1.6149314839870043e-16f,-2.2196723234545778e-16f,0f,0.6593458151000691f,-0.7518398074789773f,0.125f,2.4492935982947064e-16f,0.7518398074789773f,0.6593458151000691f,1.6875f,0f,0f,0f,1f],start_interpolation:0}
execute if entity @s[tag=aj.cutscenes.bone.bottom7] run data modify entity @s {} merge value {transformation:[0.9622501286096566f,-0.2601147788559509f,-0.0800936440138607f,0.12419176436770307f,0.1441526541328116f,0.7367009205990387f,-0.6606752348128351f,0.37640951962109065f,0.23085645387808684f,0.6241891183040991f,0.7463867913445321f,1.3955258321071453f,0f,0f,0f,1f],start_interpolation:0}
execute if entity @s[tag=aj.cutscenes.bone.rightleg2] run data modify entity @s {} merge value {transformation:[0.9622501286096566f,0.0018313565955426735f,0.27216049699344547f,0.1187499999999998f,0.1441526541328116f,-0.8516274097048337f,-0.5039352809100599f,0.109375f,0.23085645387808684f,0.5241444468583589f,-0.8197425794298961f,1.5578781189136444f,0f,0f,0f,1f],start_interpolation:0}
execute if entity @s[tag=aj.cutscenes.bone.bottom8] run data modify entity @s {} merge value {transformation:[0.9622501286096569f,0.2601147788559505f,0.08009364401386032f,-0.12419176436770338f,-0.1441526541328116f,0.7367009205990387f,-0.6606752348128351f,0.37640951962109065f,-0.2308564538780864f,0.6241891183040993f,0.7463867913445322f,1.395525832107145f,0f,0f,0f,1f],start_interpolation:0}
execute if entity @s[tag=aj.cutscenes.bone.leftleg2] run data modify entity @s {} merge value {transformation:[0.9622501286096569f,-0.0018313565955429302f,-0.272160496993445f,-0.11875000000000019f,-0.1441526541328116f,-0.8516274097048337f,-0.5039352809100599f,0.109375f,-0.2308564538780864f,0.5241444468583589f,-0.8197425794298964f,1.5578781189136441f,0f,0f,0f,1f],start_interpolation:0}
execute if entity @s[tag=aj.cutscenes.camera_origin.camera] at @s on origin run tp @s ^-2.48798 ^-0.12 ^1.6875 ~-90 ~0