execute if entity @s[tag=aj.cutscenes.locator_origin.head] at @s on origin run tp @s ^-0.16684 ^1.469 ^0.75757 ~-51.42857 ~-16.53061
execute if entity @s[tag=aj.cutscenes.bone.blade2] run data modify entity @s {} merge value {transformation:[-1.3652449822887132f,0.4328161951451401f,0.4458433352149336f,-0.3524280397618956f,0.47110230866117914f,0.01918107721837159f,1.4239714537345374f,1.3484718547204502f,0.4051774341070811f,1.4360718044362641f,-0.15339171879073124f,2.112292594191164f,0f,0f,0f,1f],start_interpolation:0}
execute if entity @s[tag=aj.cutscenes.bone.heart] run data modify entity @s {} merge value {transformation:[-0.0000057273178277259595f,0.000001159636388644571f,0.0000081149906929302f,-0.4631798675887594f,-0.000008186390542381738f,-2.9556779184231664e-7f,-0.000005735472915813332f,1.372730793016418f,-4.2525332193322025e-7f,-0.00000992813593412967f,0.0000011186047048121745f,1.6478906368578017f,0f,0f,0f,1f],start_interpolation:0}
execute if entity @s[tag=aj.cutscenes.bone.bottom2] run data modify entity @s {} merge value {transformation:[-0.8114990692930201f,0.1159636388644571f,-0.5727317827725957f,-0.5205888109031857f,0.573547291581333f,-0.029556779184231663f,-0.818639054238174f,1.340651908165751f,-0.11186047048121743f,-0.9928135934129669f,-0.042525332193321996f,1.2014732989056802f,0f,0f,0f,1f],start_interpolation:0}
execute if entity @s[tag=aj.cutscenes.bone.rightarm] run data modify entity @s {} merge value {transformation:[-0.6827643567963355f,0.5761703399432639f,-0.4492889632053628f,-0.3338734536175987f,0.6492416725320834f,0.19637241806166747f,-0.7347946135297649f,1.3491674081479128f,-0.33513890215286735f,-0.7933886896057172f,-0.5081498828785593f,1.0240723078888052f,0f,0f,0f,1f],start_interpolation:0}
execute if entity @s[tag=aj.cutscenes.bone.blade] run data modify entity @s {} merge value {transformation:[-0.09122348242525984f,1.4963771107413857f,-0.05033705100090785f,1.1126151454840036f,-0.4711028783974741f,0.01918157429125647f,1.4239712585488942f,1.3484727232403542f,1.4211756943530318f,0.10240903112991939f,0.46879850268874423f,0.27518614631206173f,0f,0f,0f,1f],start_interpolation:0}
execute if entity @s[tag=aj.cutscenes.bone.bottom] run data modify entity @s {} merge value {transformation:[0.28963207340597996f,-0.9421172278235672f,-0.16890349638947433f,0.18721271673892054f,-0.5735473256129363f,-0.029557586572438177f,-0.8186390012442973f,1.3406520775980064f,0.766261526723612f,0.3339782599422436f,-0.5489096415159329f,0.31391814282314096f,0f,0f,0f,1f],start_interpolation:0}
execute if entity @s[tag=aj.cutscenes.bone.leftarm] run data modify entity @s {} merge value {transformation:[0.4786662855307235f,-0.6452867481619224f,-0.5953852532124315f,0.05580767254411015f,-0.649241509424339f,0.19637169955571032f,-0.7347949496655563f,1.3491674081479128f,0.5910702576992224f,0.7382703896677781f,-0.3249504303784831f,0.5354276313462869f,0f,0f,0f,1f],start_interpolation:0}
execute if entity @s[tag=aj.cutscenes.locator_origin.mount] at @s on origin run tp @s ^-0.22245 ^1.70867 ^0.71322 ~-51.42857 ~-16.53061
execute if entity @s[tag=aj.cutscenes.bone.head] run data modify entity @s {} merge value {transformation:[-0.6234898018587341f,-0.22245262485879067f,-0.7495167087340953f,-0.1668394686440931f,0f,0.9586678530366607f,-0.2845275866310324f,1.4690008897774955f,0.7818314824680292f,-0.1774000486119262f,-0.5977196297381656f,0.7575749635410554f,0f,0f,0f,1f],start_interpolation:0}
execute if entity @s[tag=aj.cutscenes.bone.upper] run data modify entity @s {} merge value {transformation:[-0.6234898018587341f,-0.22245262485879067f,-0.7495167087340953f,-1.0907010554906114e-16f,0f,0.9586678530366607f,-0.2845275866310324f,0.75f,0.7818314824680292f,-0.1774000486119262f,-0.5977196297381656f,0.890625f,0f,0f,0f,1f],start_interpolation:0}
execute if entity @s[tag=aj.cutscenes.bone.bottom3] run data modify entity @s {} merge value {transformation:[-0.6234898018587341f,0f,-0.7818314824680292f,-0.07793622523234188f,0f,1f,0f,0.4375f,0.7818314824680292f,0f,-0.6234898018587341f,0.9883539353085037f,0f,0f,0f,1f],start_interpolation:0}
execute if entity @s[tag=aj.cutscenes.bone.rightleg] run data modify entity @s {} merge value {transformation:[-0.6234898018587341f,0f,-0.7818314824680292f,-0.07403941397072479f,0f,1f,0f,0.75f,0.7818314824680292f,0f,-0.6234898018587341f,0.9834674885430785f,0f,0f,0f,1f],start_interpolation:0}
execute if entity @s[tag=aj.cutscenes.bone.bottom4] run data modify entity @s {} merge value {transformation:[-0.6234898018587341f,0f,-0.7818314824680292f,0.07793622523234166f,0f,1f,0f,0.4375f,0.7818314824680292f,0f,-0.6234898018587341f,0.7928960646914963f,0f,0f,0f,1f],start_interpolation:0}
execute if entity @s[tag=aj.cutscenes.bone.leftleg] run data modify entity @s {} merge value {transformation:[-0.6234898018587341f,0f,-0.7818314824680292f,0.07403941397072457f,0f,1f,0f,0.75f,0.7818314824680292f,0f,-0.6234898018587341f,0.7977825114569215f,0f,0f,0f,1f],start_interpolation:0}
execute if entity @s[tag=aj.cutscenes.locator_origin.head2] at @s on origin run tp @s ^0 ^0.72002 ^2.14407 ~-180 ~-37.5
execute if entity @s[tag=aj.cutscenes.bone.bottom5] run data modify entity @s {} merge value {transformation:[0.9763824522960998f,-0.11502499706672469f,-0.18288399847459205f,0.40228015253518706f,0.11292007583994654f,0.9933623155785749f,-0.021917263986924063f,0.3795627635273749f,0.18419110543279588f,0.000748356981510212f,0.9828901650954052f,2.0793007479746226f,0f,0f,0f,1f],start_interpolation:0}
execute if entity @s[tag=aj.cutscenes.bone.rightarm2] run data modify entity @s {} merge value {transformation:[0.9763824522960998f,-0.11502499706672469f,-0.18288399847459205f,0.31249999999999967f,0.11292007583994654f,0.9933623155785749f,-0.021917263986924063f,0.620845837682022f,0.18419110543279588f,0.000748356981510212f,0.9828901650954052f,2.0679758931304506f,0f,0f,0f,1f],start_interpolation:0}
execute if entity @s[tag=aj.cutscenes.bone.bottom6] run data modify entity @s {} merge value {transformation:[0.9763824522960998f,0.11502499706672469f,0.18288399847459155f,-0.40228015253518773f,-0.11292007583994654f,0.9933623155785749f,-0.021917263986924063f,0.3795627635273749f,-0.1841911054327954f,0.000748356981510323f,0.9828901650954054f,2.079300747974622f,0f,0f,0f,1f],start_interpolation:0}
execute if entity @s[tag=aj.cutscenes.bone.leftarm2] run data modify entity @s {} merge value {transformation:[0.9763824522960998f,0.11502499706672469f,0.18288399847459155f,-0.31250000000000033f,-0.11292007583994654f,0.9933623155785749f,-0.021917263986924063f,0.620845837682022f,-0.1841911054327954f,0.000748356981510323f,0.9828901650954054f,2.06797589313045f,0f,0f,0f,1f],start_interpolation:0}
execute if entity @s[tag=aj.cutscenes.locator_origin.mount2] at @s on origin run tp @s ^0 ^0.96028 ^2.21316 ~-180 ~-16.04227
execute if entity @s[tag=aj.cutscenes.bone.head2] run data modify entity @s {} merge value {transformation:[1f,-6.768537627900474e-17f,-2.353913361711596e-16f,-3.3379489266744253e-16f,0f,0.9610580631699204f,-0.2763465201808796f,0.7200150052184264f,2.4492935982947064e-16f,0.2763465201808796f,0.9610580631699204f,2.1440710717565405f,0f,0f,0f,1f],start_interpolation:0}
execute if entity @s[tag=aj.cutscenes.bone.upper2] run data modify entity @s {} merge value {transformation:[1f,-1.4910354709597969e-16f,-1.943155257561044e-16f,-2.2196723234545778e-16f,0f,0.7933533402912352f,-0.6087614290087207f,0.125f,2.4492935982947064e-16f,0.6087614290087207f,0.7933533402912352f,1.6875f,0f,0f,0f,1f],start_interpolation:0}
execute if entity @s[tag=aj.cutscenes.bone.bottom7] run data modify entity @s {} merge value {transformation:[0.9622501286096566f,-0.2690516075260029f,-0.04105998634160705f,0.14487441748775037f,0.14415265413281164f,0.6317860548610034f,-0.7616208986035214f,0.33016936604947866f,0.23085645387808687f,0.7269509016232413f,0.6467207158673609f,1.338256929855352f,0f,0f,0f,1f],start_interpolation:0}
execute if entity @s[tag=aj.cutscenes.bone.rightleg2] run data modify entity @s {} merge value {transformation:[0.9622501286096566f,-0.06435313338860871f,0.2644491713236538f,0.1187499999999998f,0.14415265413281164f,-0.7036589182756754f,-0.6957615532907613f,0.109375f,0.23085645387808687f,0.7076176940652168f,-0.6678192096283698f,1.5579446064139941f,0f,0f,0f,1f],start_interpolation:0}
execute if entity @s[tag=aj.cutscenes.bone.bottom8] run data modify entity @s {} merge value {transformation:[0.9622501286096569f,0.26905160752600255f,0.04105998634160674f,-0.14487441748775065f,-0.14415265413281164f,0.6317860548610034f,-0.7616208986035214f,0.33016936604947866f,-0.23085645387808643f,0.7269509016232415f,0.6467207158673609f,1.338256929855352f,0f,0f,0f,1f],start_interpolation:0}
execute if entity @s[tag=aj.cutscenes.bone.leftleg2] run data modify entity @s {} merge value {transformation:[0.9622501286096569f,0.06435313338860837f,-0.2644491713236535f,-0.11875000000000019f,-0.14415265413281164f,-0.7036589182756754f,-0.6957615532907613f,0.109375f,-0.23085645387808643f,0.7076176940652168f,-0.66781920962837f,1.5579446064139941f,0f,0f,0f,1f],start_interpolation:0}
execute if entity @s[tag=aj.cutscenes.camera_origin.camera] at @s on origin run tp @s ^-2.38221 ^-0.12 ^1.6875 ~-90 ~0