execute if entity @s[tag=aj.cutscenes.locator_origin.head] at @s on origin run tp @s ^0.01666 ^6.15606 ^-2.25901 ~32.43881 ~-0.44523
execute if entity @s[tag=aj.cutscenes.bone.blade2] run data modify entity @s {} merge value {transformation:[-0.0000035205876961349477f,-0.000009048505955942177f,-0.0000023937423084162894f,-1.122765190123666f,0.000004669439182639069f,-0.000003914439207200122f,0.000007929281393213979f,5.722599226699154f,-0.000008111830865683665f,0.0000016738296384080983f,0.00000560325747651564f,-2.2969636012068446f,0f,0f,0f,1f],start_interpolation:0}
execute if entity @s[tag=aj.cutscenes.bone.heart] run data modify entity @s {} merge value {transformation:[0.0000023937423084162885f,0.0000035174324967736495f,0.000009049732945868543f,-0.5909309082340505f,-0.000007929281393213979f,0.000006087228481664188f,-2.6860007305818874e-7f,5.826594435203822f,-0.000005603257476515641f,-0.000007111491970230788f,0.000004246196840610971f,-2.1347346292819003f,0f,0f,0f,1f],start_interpolation:0}
execute if entity @s[tag=aj.cutscenes.bone.bottom2] run data modify entity @s {} merge value {transformation:[-0.9049732945868542f,0.3517432496773649f,0.23937423084162907f,-0.48904316335529907f,0.026860007305818695f,0.6087228481664188f,-0.7929281393213978f,6.033061608462914f,-0.4246196840610972f,-0.7111491970230788f,-0.560325747651564f,-2.522811264832049f,0f,0f,0f,1f],start_interpolation:0}
execute if entity @s[tag=aj.cutscenes.bone.rightarm] run data modify entity @s {} merge value {transformation:[0.050116529841514046f,0.9696330806266992f,0.23937423084162907f,-0.24976717631371892f,0.5864249923436882f,0.16544090856559868f,-0.7929281393213978f,6.037770273582833f,-0.8084516446834341f,0.18011383824505572f,-0.560325747651564f,-2.4272545774780707f,0f,0f,0f,1f],start_interpolation:0}
execute if entity @s[tag=aj.cutscenes.bone.blade] run data modify entity @s {} merge value {transformation:[0.753215675805385f,-0.5006962396059632f,-1.1966492474261132f,0.21809336002644633f,-1.0832861827501938f,-1.0039723490799854f,-0.26178343825637274f,5.272561260333071f,-0.7135525152247381f,0.9956619897973717f,-0.8657366863482152f,-1.7016202994468532f,0f,0f,0f,1f],start_interpolation:0}
execute if entity @s[tag=aj.cutscenes.bone.bottom] run data modify entity @s {} merge value {transformation:[-0.7977661649507424f,-0.014586943260774893f,0.6027904836227025f,0.3883251652175991f,-0.17452229217091528f,0.9625022869391173f,-0.20768080597970187f,5.7917610079322674f,-0.57715779089881f,-0.27088109702095453f,-0.7703975049813763f,-2.0948060677133804f,0f,0f,0f,1f],start_interpolation:0}
execute if entity @s[tag=aj.cutscenes.bone.leftarm] run data modify entity @s {} merge value {transformation:[-0.8150023000699018f,-0.23941198365777677f,0.5276866048724544f,0.277534525548786f,-0.11260280987752018f,0.9587314181535174f,0.26106450362512384f,6.024406186853302f,-0.5684116977055069f,0.15334917647771612f,-0.8083267730226121f,-2.0919945047005455f,0f,0f,0f,1f],start_interpolation:0}
execute if entity @s[tag=aj.cutscenes.locator_origin.mount] at @s on origin run tp @s ^0.01804 ^6.40596 ^-2.25239 ~37.78248 ~1.00541
execute if entity @s[tag=aj.cutscenes.bone.head] run data modify entity @s {} merge value {transformation:[-0.7903962325681556f,0.0055127131902805f,0.6125711432440705f,0.01666040954104019f,0.020571220974620323f,0.9996343989459251f,0.017546888944549793f,6.156055876261683f,-0.6122504556222716f,0.026470331265413552f,-0.7902206661135989f,-2.2590103868071703f,0f,0f,0f,1f],start_interpolation:0}
execute if entity @s[tag=aj.cutscenes.bone.upper] run data modify entity @s {} merge value {transformation:[-0.8436827229800078f,0.022213879388053217f,0.5363823323969316f,2.771002571898842e-16f,0.021382538767250443f,0.9997411683489221f,-0.007770672055824732f,5.406249999999991f,-0.5364161164440405f,0.004913234257102738f,-0.843939340325019f,-2.2626953124999973f,0f,0f,0f,1f],start_interpolation:0}
execute if entity @s[tag=aj.cutscenes.bone.bottom3] run data modify entity @s {} merge value {transformation:[-0.9914448613738105f,-0.03924998298777886f,0.12448504203688393f,-0.11268091069990514f,3.469446951953614e-18f,0.9537169507482269f,0.30070579950427306f,5.10821345289117f,-0.13052619222005094f,0.29813321970381484f,-0.9455577700244291f,-2.356677732358815f,0f,0f,0f,1f],start_interpolation:0}
execute if entity @s[tag=aj.cutscenes.bone.rightleg] run data modify entity @s {} merge value {transformation:[-0.9914448613738105f,-0.03924998298777886f,0.12448504203688393f,-0.11874999999999972f,3.469446951953614e-18f,0.9537169507482269f,0.30070579950427306f,5.406249999999991f,-0.13052619222005094f,0.29813321970381484f,-0.9455577700244291f,-2.2626953124999973f,0f,0f,0f,1f],start_interpolation:0}
execute if entity @s[tag=aj.cutscenes.bone.bottom4] run data modify entity @s {} merge value {transformation:[-0.9848077530122079f,-0.05221701409779454f,-0.16561121050749172f,0.15406164153463336f,-6.938893903907228e-18f,0.9537169507482269f,-0.3007057995042731f,5.142690173183464f,0.17364817766693094f,-0.29613740272754274f,-0.9392278472760159f,-2.0984253573634235f,0f,0f,0f,1f],start_interpolation:0}
execute if entity @s[tag=aj.cutscenes.bone.leftleg] run data modify entity @s {} merge value {transformation:[-0.9848077530122079f,-0.09330109785058167f,-0.14645338762528573f,0.11875000000000027f,-6.938893903907228e-18f,0.8433914458128857f,-0.5372996083468239f,5.406249999999991f,0.17364817766693094f,-0.529136819990375f,-0.8305784346607052f,-2.2626953124999973f,0f,0f,0f,1f],start_interpolation:0}
execute if entity @s[tag=aj.cutscenes.locator_origin.head2] at @s on origin run tp @s ^0 ^0.125 ^2.4375 ~-180 ~-90
execute if entity @s[tag=aj.cutscenes.locator_origin.mount2] at @s on origin run tp @s ^0 ^0.125 ^2.6875 ~-180 ~-90
execute if entity @s[tag=aj.cutscenes.bone.projectile1] run data modify entity @s {} merge value {transformation:[-2.412183974514955e-16f,-4.0888646634939625e-16f,-1.5f,-0.5588618749999997f,-1.299038105676658f,-0.7499999999999997f,2.498001805406602e-16f,5.583745625f,-0.7499999999999998f,1.299038105676658f,-5.167639272596499e-16f,-1.796054375f,0f,0f,0f,1f],start_interpolation:0}
execute if entity @s[tag=aj.cutscenes.camera_origin.camera] at @s on origin run tp @s ^-7.71875 ^10.22375 ^-1.46875 ~-67.5 ~30