execute if entity @s[tag=aj.cutscenes.locator_origin.head] at @s on origin run tp @s ^-0.00153 ^1.49975 ^-0.01931 ~1.9153 ~-1.47092
execute if entity @s[tag=aj.cutscenes.bone.blade2] run data modify entity @s {} merge value {transformation:[0.025324587684613868f,0.04451830486018469f,1.4991253402537696f,-0.36964311874864364f,1.4950453734058684f,-0.11986915648530419f,-0.021696008416508688f,0.8439286126869587f,0.1191553469900191f,1.4945398977129642f,-0.04639501511812259f,0.35064375635983175f,0f,0f,0f,1f],start_interpolation:0}
execute if entity @s[tag=aj.cutscenes.bone.heart] run data modify entity @s {} merge value {transformation:[-2.9678869906789794e-7f,1.688305845640947e-7f,0.000009994168935025131f,-0.3009470450409539f,7.99127709902028e-7f,0.000009966969156039124f,-1.4464005611006015e-7f,0.6840354395217421f,-0.00000996359931808643f,7.943689799334607e-7f,-3.093001007874842e-7f,-0.030994630995053812f,0f,0f,0f,1f],start_interpolation:0}
execute if entity @s[tag=aj.cutscenes.bone.bottom2] run data modify entity @s {} merge value {transformation:[-0.9994168935025131f,0.01688305845640947f,-0.02967886990678957f,-0.3739588134826265f,0.014464005611006032f,0.9966969156039123f,0.07991277099020279f,1.127463525770423f,0.030930010078748193f,0.07943689799334606f,-0.9963599318086428f,-0.07166520075811293f,0f,0f,0f,1f],start_interpolation:0}
execute if entity @s[tag=aj.cutscenes.bone.rightarm] run data modify entity @s {} merge value {transformation:[-0.9995808419217258f,-0.008451196128372388f,-0.0276896685977591f,-0.3135978098946117f,-0.013477310252606144f,0.9823231929666505f,0.18670700754968905f,1.3738866559028735f,0.025622306129795193f,0.187001930053688f,-0.9820253436570701f,-0.026516112377803134f,0f,0f,0f,1f],start_interpolation:0}
execute if entity @s[tag=aj.cutscenes.bone.blade] run data modify entity @s {} merge value {transformation:[0.15426033104386452f,-0.18488897274162264f,-1.4805471346852772f,0.3714155145530405f,-1.4822089131715896f,0.15165401442060275f,-0.1733718478439044f,0.9317853502291867f,0.17105697290941305f,1.4808163720288425f,-0.16709992325074596f,0.46648585747724086f,0f,0f,0f,1f],start_interpolation:0}
execute if entity @s[tag=aj.cutscenes.bone.bottom] run data modify entity @s {} merge value {transformation:[-0.9870314231235182f,-0.10284022069590991f,0.12325931516108153f,0.39589562355676416f,-0.11558123189593647f,0.9881392754477264f,-0.10110267628040184f,1.1324287961921429f,-0.1113999488338304f,-0.1140379819396087f,-0.9872109146858951f,-0.0003100928860916268f,0f,0f,0f,1f],start_interpolation:0}
execute if entity @s[tag=aj.cutscenes.bone.leftarm] run data modify entity @s {} merge value {transformation:[-0.9896429501057484f,-0.09196394065144968f,0.11022461125287704f,0.31105195401229246f,-0.0906894999380108f,0.9957420033738994f,0.01653110153398018f,1.375696203289492f,-0.11127554047042307f,0.00636367321520076f,-0.9937692175531628f,-0.0056738958616928785f,0f,0f,0f,1f],start_interpolation:0}
execute if entity @s[tag=aj.cutscenes.locator_origin.mount] at @s on origin run tp @s ^-0.00214 ^1.74971 ^-0.02359 ~-0.81519 ~-0.98295
execute if entity @s[tag=aj.cutscenes.bone.head] run data modify entity @s {} merge value {transformation:[-0.9998957756606554f,-0.0024657142176212417f,-0.014225261662746666f,-0.0015275135293915721f,-0.0022215440273715952f,0.9998503760516276f,-0.01715489001868435f,1.4997497155154194f,0.014265432279150857f,-0.01712150001652095f,-0.9997516449994334f,-0.01931400494369761f,0f,0f,0f,1f],start_interpolation:0}
execute if entity @s[tag=aj.cutscenes.bone.upper] run data modify entity @s {} merge value {transformation:[-0.9994396222510468f,-0.0020366847058554296f,0.03341097708978227f,0f,-0.002895275818589441f,0.9996662873538925f,-0.025669657302328796f,0.75f,-0.033347546425776406f,-0.02575200659159681f,-0.9991119933740596f,0f,0f,0f,0f,1f],start_interpolation:0}
execute if entity @s[tag=aj.cutscenes.bone.bottom3] run data modify entity @s {} merge value {transformation:[-0.99865378485381f,0.006257601615823569f,0.05149233359615742f,-0.12716159825820939f,0f,0.9926966419982878f,-0.12063737797765443f,0.4403128803102665f,-0.051871167300922776f,-0.12047497411222427f,-0.9913602587432576f,0.04145413625947549f,0f,0f,0f,1f],start_interpolation:0}
execute if entity @s[tag=aj.cutscenes.bone.rightleg] run data modify entity @s {} merge value {transformation:[-0.99865378485381f,0.0069440387291937865f,0.0514042636683746f,-0.11875f,0f,0.9909987830071473f,-0.13387087838044961f,0.75f,-0.051871167300922776f,-0.1336906593763401f,-0.989664685435607f,-1.4542680739874818e-17f,0f,0f,0f,1f],start_interpolation:0}
execute if entity @s[tag=aj.cutscenes.bone.bottom4] run data modify entity @s {} merge value {transformation:[-0.9999898791973171f,0.00012899325441671143f,-0.004497206207792588f,0.12493067521617271f,1.3552527156068805e-20f,0.999588897112398f,0.028671183610375007f,0.43787942426797044f,0.004499055782616304f,0.028670893434983004f,-0.9995787804704063f,-0.015422644344552938f,0f,0f,0f,1f],start_interpolation:0}
execute if entity @s[tag=aj.cutscenes.bone.leftleg] run data modify entity @s {} merge value {transformation:[-0.9999898791973171f,0.00022163689219365713f,-0.004493593219586297f,0.11875f,1.3552527156068805e-20f,0.9987858423424947f,0.04926297936781087f,0.75f,0.004499055782616304f,0.04926248078691712f,-0.9987757338280618f,1.4542680739874818e-17f,0f,0f,0f,1f],start_interpolation:0}
execute if entity @s[tag=aj.cutscenes.locator_origin.head2] at @s on origin run tp @s ^0 ^0.72002 ^2.09293 ~-180 ~-37.5
execute if entity @s[tag=aj.cutscenes.bone.bottom5] run data modify entity @s {} merge value {transformation:[0.9763824522960998f,-0.11502499706672469f,-0.18288399847459205f,0.40228015253518706f,0.11292007583994654f,0.9933623155785749f,-0.021917263986924063f,0.3795627635273749f,0.18419110543279588f,0.000748356981510212f,0.9828901650954052f,2.028164384338259f,0f,0f,0f,1f],start_interpolation:0}
execute if entity @s[tag=aj.cutscenes.bone.rightarm2] run data modify entity @s {} merge value {transformation:[0.9763824522960998f,-0.11502499706672469f,-0.18288399847459205f,0.31249999999999967f,0.11292007583994654f,0.9933623155785749f,-0.021917263986924063f,0.620845837682022f,0.18419110543279588f,0.000748356981510212f,0.9828901650954052f,2.016839529494087f,0f,0f,0f,1f],start_interpolation:0}
execute if entity @s[tag=aj.cutscenes.bone.bottom6] run data modify entity @s {} merge value {transformation:[0.9763824522960998f,0.11502499706672469f,0.18288399847459155f,-0.40228015253518773f,-0.11292007583994654f,0.9933623155785749f,-0.021917263986924063f,0.3795627635273749f,-0.1841911054327954f,0.000748356981510323f,0.9828901650954054f,2.028164384338259f,0f,0f,0f,1f],start_interpolation:0}
execute if entity @s[tag=aj.cutscenes.bone.leftarm2] run data modify entity @s {} merge value {transformation:[0.9763824522960998f,0.11502499706672469f,0.18288399847459155f,-0.31250000000000033f,-0.11292007583994654f,0.9933623155785749f,-0.021917263986924063f,0.620845837682022f,-0.1841911054327954f,0.000748356981510323f,0.9828901650954054f,2.016839529494087f,0f,0f,0f,1f],start_interpolation:0}
execute if entity @s[tag=aj.cutscenes.locator_origin.mount2] at @s on origin run tp @s ^0 ^0.96409 ^2.14704 ~-180 ~-12.5
execute if entity @s[tag=aj.cutscenes.bone.head2] run data modify entity @s {} merge value {transformation:[1f,-5.301241608359732e-17f,-2.391235560279536e-16f,-3.2753249426271173e-16f,0f,0.9762960071199334f,-0.2164396139381029f,0.7200150052184264f,2.4492935982947064e-16f,0.2164396139381029f,0.9762960071199334f,2.092934708120177f,0f,0f,0f,1f],start_interpolation:0}
execute if entity @s[tag=aj.cutscenes.bone.upper2] run data modify entity @s {} merge value {transformation:[1f,-1.4910354709597969e-16f,-1.943155257561044e-16f,-2.15704833940727e-16f,0f,0.7933533402912352f,-0.6087614290087207f,0.125f,2.4492935982947064e-16f,0.6087614290087207f,0.7933533402912352f,1.6363636363636365f,0f,0f,0f,1f],start_interpolation:0}
execute if entity @s[tag=aj.cutscenes.bone.bottom7] run data modify entity @s {} merge value {transformation:[0.9622501286096566f,-0.2690516075260029f,-0.04105998634160705f,0.1448744174877504f,0.14415265413281164f,0.6317860548610034f,-0.7616208986035214f,0.33016936604947866f,0.23085645387808687f,0.7269509016232413f,0.6467207158673609f,1.2916759598049943f,0f,0f,0f,1f],start_interpolation:0}
execute if entity @s[tag=aj.cutscenes.bone.rightleg2] run data modify entity @s {} merge value {transformation:[0.9622501286096566f,-0.06435313338860871f,0.2644491713236538f,0.11874999999999981f,0.14415265413281164f,-0.7036589182756754f,-0.6957615532907613f,0.109375f,0.23085645387808687f,0.7076176940652168f,-0.6678192096283698f,1.5113636363636365f,0f,0f,0f,1f],start_interpolation:0}
execute if entity @s[tag=aj.cutscenes.bone.bottom8] run data modify entity @s {} merge value {transformation:[0.9622501286096569f,0.26905160752600255f,0.04105998634160674f,-0.14487441748775065f,-0.14415265413281164f,0.6317860548610034f,-0.7616208986035214f,0.33016936604947866f,-0.23085645387808643f,0.7269509016232415f,0.6467207158673609f,1.2916759598049943f,0f,0f,0f,1f],start_interpolation:0}
execute if entity @s[tag=aj.cutscenes.bone.leftleg2] run data modify entity @s {} merge value {transformation:[0.9622501286096569f,0.06435313338860837f,-0.2644491713236535f,-0.11875000000000017f,-0.14415265413281164f,-0.7036589182756754f,-0.6957615532907613f,0.109375f,-0.23085645387808643f,0.7076176940652168f,-0.66781920962837f,1.5113636363636365f,0f,0f,0f,1f],start_interpolation:0}
execute if entity @s[tag=aj.cutscenes.camera_origin.camera] at @s on origin run tp @s ^-2.38125 ^-0.12 ^0.9 ~-90 ~0