execute if entity @s[tag=aj.cutscenes.locator_origin.head] at @s on origin run tp @s ^-0.19537 ^1.47273 ^0.84603 ~-77.14286 ~-15.49745
execute if entity @s[tag=aj.cutscenes.bone.blade2] run data modify entity @s {} merge value {transformation:[-0.9969034264072107f,1.0626686273141002f,0.35625685528832995f,0.26741543276284097f,0.4532151160325261f,-0.05386083644427536f,1.4288789552992756f,1.2969746575084993f,1.0250754201604817f,1.057276878977258f,-0.28528228855455245f,2.1232366181880575f,0f,0f,0f,1f],start_interpolation:0}
execute if entity @s[tag=aj.cutscenes.bone.heart] run data modify entity @s {} merge value {transformation:[-0.000005452439580467505f,-0.0000036975950108786026f,0.0000075232103358125665f,-0.04974287663950261f,-0.000008141980977156535f,2.0036945404398543e-7f,-0.000005802413105726554f,1.3447507142719273f,0.0000019947552203146284f,-0.000009289114232122019f,-0.0000031198250581748588f,1.7687627875510383f,0f,0f,0f,1f],start_interpolation:0}
execute if entity @s[tag=aj.cutscenes.bone.bottom2] run data modify entity @s {} merge value {transformation:[-0.7523210335812567f,-0.3697595010878602f,-0.5452439580467503f,-0.3128849233363795f,0.5802413105726552f,0.020036945404398543f,-0.8141980977156535f,1.3352390038908049f,0.3119825058174859f,-0.9289114232122018f,0.19947552203146274f,1.4023216983213993f,0f,0f,0f,1f],start_interpolation:0}
execute if entity @s[tag=aj.cutscenes.bone.rightarm] run data modify entity @s {} merge value {transformation:[-0.7428310829010172f,0.13643994744727905f,-0.6554281982160105f,-0.23234799379324617f,0.6670058552970825f,0.23490132500159566f,-0.7070534325720387f,1.352276469185136f,0.05749061902180219f,-0.9623957129232646f,-0.26549824946958045f,1.1581296064017206f,0f,0f,0f,1f],start_interpolation:0}
execute if entity @s[tag=aj.cutscenes.bone.blade] run data modify entity @s {} merge value {transformation:[0.45341500794578127f,1.4161667648044538f,0.19719666536940528f,0.7757429604839672f,-0.4532156649650538f,-0.05386042905387184f,1.4288787965437852f,1.2969754583385238f,1.3561011730692556f,-0.49149847247516326f,0.4116052234298898f,-0.10389276323996283f,0f,0f,0f,1f],start_interpolation:0}
execute if entity @s[tag=aj.cutscenes.bone.bottom] run data modify entity @s {} merge value {transformation:[0.5424541487868159f,-0.7361811797392348f,-0.404698365528846f,-0.059882761963436656f,-0.5802413952235226f,0.020036195820322622f,-0.8141980558353782f,1.335239167056035f,0.6075059009861806f,0.6764878575811972f,-0.4162940773205533f,0.29384650532517703f,0f,0f,0f,1f],start_interpolation:0}
execute if entity @s[tag=aj.cutscenes.bone.leftarm] run data modify entity @s {} merge value {transformation:[0.6443238666905244f,-0.29463955910106715f,-0.7057154419634731f,-0.09327241007054567f,-0.6670057557080832f,0.23490064744342473f,-0.7070537516221442f,1.352276469185136f,0.3740990198667465f,0.926287868884932f,-0.045174188330848575f,0.5487996612880817f,0f,0f,0f,1f],start_interpolation:0}
execute if entity @s[tag=aj.cutscenes.locator_origin.mount] at @s on origin run tp @s ^-0.2605 ^1.71364 ^0.83117 ~-77.14286 ~-15.49745
execute if entity @s[tag=aj.cutscenes.bone.head] run data modify entity @s {} merge value {transformation:[-0.22252093395632078f,-0.26049632309103327f,-0.9394818250542469f,-0.19537224231827505f,0f,0.9636423506962178f,-0.2671954714149688f,1.4727317630221632f,0.9749279121818222f,-0.059456585848158265f,-0.21443059587678678f,0.8460325606138813f,0f,0f,0f,1f],start_interpolation:0}
execute if entity @s[tag=aj.cutscenes.bone.upper] run data modify entity @s {} merge value {transformation:[-0.22252093395632078f,-0.26049632309103327f,-0.9394818250542469f,-1.0907010554906114e-16f,0f,0.9636423506962178f,-0.2671954714149688f,0.75f,0.9749279121818222f,-0.059456585848158265f,-0.21443059587678678f,0.890625f,0f,0f,0f,1f],start_interpolation:0}
execute if entity @s[tag=aj.cutscenes.bone.bottom3] run data modify entity @s {} merge value {transformation:[-0.22252093395632078f,0f,-0.9749279121818222f,-0.027815116744540205f,0f,1f,0f,0.4375f,0.9749279121818222f,0f,-0.22252093395632078f,1.0124909890227278f,0f,0f,0f,1f],start_interpolation:0}
execute if entity @s[tag=aj.cutscenes.bone.rightleg] run data modify entity @s {} merge value {transformation:[-0.22252093395632078f,0f,-0.9749279121818222f,-0.026424360907313198f,0f,1f,0f,0.75f,0.9749279121818222f,0f,-0.22252093395632078f,1.0063976895715914f,0f,0f,0f,1f],start_interpolation:0}
execute if entity @s[tag=aj.cutscenes.bone.bottom4] run data modify entity @s {} merge value {transformation:[-0.22252093395632078f,0f,-0.9749279121818222f,0.02781511674453999f,0f,1f,0f,0.4375f,0.9749279121818222f,0f,-0.22252093395632078f,0.7687590109772723f,0f,0f,0f,1f],start_interpolation:0}
execute if entity @s[tag=aj.cutscenes.bone.leftleg] run data modify entity @s {} merge value {transformation:[-0.22252093395632078f,0f,-0.9749279121818222f,0.026424360907312983f,0f,1f,0f,0.75f,0.9749279121818222f,0f,-0.22252093395632078f,0.7748523104284086f,0f,0f,0f,1f],start_interpolation:0}
execute if entity @s[tag=aj.cutscenes.locator_origin.head2] at @s on origin run tp @s ^0 ^0.63169 ^2.24046 ~-180 ~-47.5
execute if entity @s[tag=aj.cutscenes.bone.bottom5] run data modify entity @s {} merge value {transformation:[0.9763824522960998f,0.03874931499508455f,-0.2125459889898332f,0.3638365745197348f,0.07922011635704344f,0.8510510653060979f,0.5190724972542202f,0.33943237070557836f,0.20100119405772465f,-0.5236511957675333f,0.8278816009301097f,2.2917737090768187f,0f,0f,0f,1f],start_interpolation:0}
execute if entity @s[tag=aj.cutscenes.bone.rightarm2] run data modify entity @s {} merge value {transformation:[0.9763824522960998f,0.03874931499508455f,-0.2125459889898332f,0.31249999999999967f,0.07922011635704344f,0.8510510653060979f,0.5190724972542202f,0.5472438797597876f,0.20100119405772465f,-0.5236511957675333f,0.8278816009301097f,2.1482983355063276f,0f,0f,0f,1f],start_interpolation:0}
execute if entity @s[tag=aj.cutscenes.bone.bottom6] run data modify entity @s {} merge value {transformation:[0.9763824522960998f,-0.0387493149950843f,0.21254598898983282f,-0.3638365745197355f,-0.07922011635704344f,0.8510510653060979f,0.5190724972542202f,0.33943237070557836f,-0.20100119405772415f,-0.5236511957675333f,0.8278816009301097f,2.291773709076818f,0f,0f,0f,1f],start_interpolation:0}
execute if entity @s[tag=aj.cutscenes.bone.leftarm2] run data modify entity @s {} merge value {transformation:[0.9763824522960998f,-0.0387493149950843f,0.21254598898983282f,-0.31250000000000033f,-0.07922011635704344f,0.8510510653060979f,0.5190724972542202f,0.5472438797597876f,-0.20100119405772415f,-0.5236511957675333f,0.8278816009301097f,2.148298335506327f,0f,0f,0f,1f],start_interpolation:0}
execute if entity @s[tag=aj.cutscenes.locator_origin.mount2] at @s on origin run tp @s ^0 ^0.85345 ^2.3559 ~-180 ~-27.5
execute if entity @s[tag=aj.cutscenes.bone.head2] run data modify entity @s {} merge value {transformation:[1f,-1.130957922418027e-16f,-2.172549955321472e-16f,-3.574028819367183e-16f,0f,0.8870108331782216f,-0.46174861323503397f,0.6316926557117452f,2.4492935982947064e-16f,0.46174861323503397f,0.8870108331782216f,2.240458002607593f,0f,0f,0f,1f],start_interpolation:0}
execute if entity @s[tag=aj.cutscenes.bone.upper2] run data modify entity @s {} merge value {transformation:[1f,-1.8058086612168067e-16f,-1.6547187705836282e-16f,-2.2196723234545778e-16f,0f,0.6755902076156602f,-0.737277336810124f,0.125f,2.4492935982947064e-16f,0.737277336810124f,0.6755902076156602f,1.6875f,0f,0f,0f,1f],start_interpolation:0}
execute if entity @s[tag=aj.cutscenes.bone.bottom7] run data modify entity @s {} merge value {transformation:[0.9622501286096566f,-0.2613904300562415f,-0.07582699430751813f,0.1265110728742515f,0.1441526541328116f,0.7257925133895056f,-0.6726404981966293f,0.37201650229898636f,0.23085645387808684f,0.6363177434134277f,0.736074063610502f,1.3932235411583405f,0f,0f,0f,1f],start_interpolation:0}
execute if entity @s[tag=aj.cutscenes.bone.rightleg2] run data modify entity @s {} merge value {transformation:[0.9622501286096566f,-0.005590430625412266f,0.27210923739579607f,0.1187499999999998f,0.1441526541328116f,-0.8375697542741001f,-0.5269695617696424f,0.109375f,0.23085645387808684f,0.5463017973708721f,-0.8051457283574127f,1.5625f,0f,0f,0f,1f],start_interpolation:0}
execute if entity @s[tag=aj.cutscenes.bone.bottom8] run data modify entity @s {} merge value {transformation:[0.9622501286096569f,0.26139043005624113f,0.07582699430751774f,-0.1265110728742518f,-0.1441526541328116f,0.7257925133895056f,-0.6726404981966293f,0.37201650229898636f,-0.2308564538780864f,0.636317743413428f,0.7360740636105021f,1.3932235411583405f,0f,0f,0f,1f],start_interpolation:0}
execute if entity @s[tag=aj.cutscenes.bone.leftleg2] run data modify entity @s {} merge value {transformation:[0.9622501286096569f,0.005590430625411999f,-0.2721092373957956f,-0.11875000000000019f,-0.1441526541328116f,-0.8375697542741001f,-0.5269695617696424f,0.109375f,-0.2308564538780864f,0.5463017973708721f,-0.8051457283574129f,1.5625f,0f,0f,0f,1f],start_interpolation:0}
execute if entity @s[tag=aj.cutscenes.camera_origin.camera] at @s on origin run tp @s ^-1.90625 ^-0.12 ^1.6875 ~-90 ~0