execute if entity @s[tag=aj.cutscenes.locator_origin.head] at @s on origin run tp @s ^0 ^1.35133 ^1.33884 ~0 ~36.7
execute if entity @s[tag=aj.cutscenes.bone.blade2] run data modify entity @s {} merge value {transformation:[1.3333379779684282f,-0.6871674793923703f,0.0032698276100812987f,-0.9430770459255049f,-0.4190968519484954f,-0.8188280638411989f,-1.184853759142002f,1.1818220028702753f,0.5445802651528278f,1.0522934272965925f,-0.9198428548803681f,1.4747938833472574f,0f,0f,0f,1f],start_interpolation:0}
execute if entity @s[tag=aj.cutscenes.bone.heart] run data modify entity @s {} merge value {transformation:[0.00000458111652928247f,0.000008888919853122854f,2.179885073387335e-8f,-0.9665022557023508f,0.000005458853758941327f,-0.0000027939790129899714f,-0.00000789902506094668f,1.3770735591952115f,-0.000007015289515310617f,0.0000036305351010188507f,-0.000006132285699202456f,1.0668489833953496f,0f,0f,0f,1f],start_interpolation:0}
execute if entity @s[tag=aj.cutscenes.bone.bottom2] run data modify entity @s {} merge value {transformation:[-0.0021798850733872333f,0.8888919853122854f,0.4581116529282469f,-0.541992342764565f,0.7899025060946682f,-0.2793979012989971f,0.5458853758941324f,1.3591954056572753f,0.6132285699202453f,0.363053510101885f,-0.7015289515310618f,1.2187864267515793f,0f,0f,0f,1f],start_interpolation:0}
execute if entity @s[tag=aj.cutscenes.bone.rightarm] run data modify entity @s {} merge value {transformation:[-0.01835099737081621f,0.9133816217155553f,0.40669061214608676f,-0.31250000000000017f,0.7941655728137254f,-0.2338011188162842f,0.5609260912078354f,1.2511097776523463f,0.6074243029818147f,0.3332732361779388f,-0.7210857550905718f,1.2641407168597005f,0f,0f,0f,1f],start_interpolation:0}
execute if entity @s[tag=aj.cutscenes.bone.blade] run data modify entity @s {} merge value {transformation:[1.3316444271056698f,0.6904436441138719f,-0.0032701775441408357f,0.9438404768340652f,0.42110832887504773f,-0.8177948303951509f,-1.184854164330375f,1.1824259128672678f,-0.5471662408358886f,1.0509515639085005f,-0.9198423317111465f,1.4740131797601255f,0f,0f,0f,1f],start_interpolation:0}
execute if entity @s[tag=aj.cutscenes.bone.bottom] run data modify entity @s {} merge value {transformation:[-0.0021801183627602576f,-0.8877629514037798f,-0.46029576274258127f,0.5419923558339682f,-0.7899027762202501f,-0.28073888591669865f,0.5451965535967671f,1.3591953438553133f,-0.6132282211407643f,0.3647774938905923f,-0.7006343759390006f,1.2187863456000383f,0f,0f,0f,1f],start_interpolation:0}
execute if entity @s[tag=aj.cutscenes.bone.leftarm] run data modify entity @s {} merge value {transformation:[-0.01835123059004055f,-0.9133816156883633f,-0.4066906151589268f,0.31249999999999983f,-0.7941658374337721f,-0.23380080545342494f,0.5609258471691647f,1.2511097776523463f,-0.6074239499632416f,0.33327347252946016f,-0.7210859432267478f,1.2641407168597008f,0f,0f,0f,1f],start_interpolation:0}
execute if entity @s[tag=aj.cutscenes.locator_origin.mount] at @s on origin run tp @s ^0 ^1.47656 ^1.55522 ~0 ~59.94
execute if entity @s[tag=aj.cutscenes.bone.head] run data modify entity @s {} merge value {transformation:[-1f,-1.0599334337521359e-16f,6.13433695419696e-17f,-1.6396108479907652e-16f,0f,0.50090662536071f,0.8655013302530188f,1.3513317331828154f,-1.2246467991473532e-16f,0.8655013302530188f,-0.50090662536071f,1.3388438602316408f,0f,0f,0f,1f],start_interpolation:0}
execute if entity @s[tag=aj.cutscenes.bone.upper] run data modify entity @s {} merge value {transformation:[-1f,-7.318797233335383e-17f,9.818919763574204e-17f,-1.0907010554906114e-16f,0f,0.801775644243754f,0.597625146975521f,0.75f,-1.2246467991473532e-16f,0.597625146975521f,-0.801775644243754f,0.890625f,0f,0f,0f,1f],start_interpolation:0}
execute if entity @s[tag=aj.cutscenes.locator_origin.head2] at @s on origin run tp @s ^0 ^0.6596 ^2.21353 ~-180 ~-44.53704
execute if entity @s[tag=aj.cutscenes.bone.bottom5] run data modify entity @s {} merge value {transformation:[0.9763824522960998f,-0.008521455129144918f,-0.21588119800190234f,0.37565426705079213f,0.08950404623665942f,0.925397111397386f,0.3682787150035145f,0.344742987311377f,0.19663756649104597f,-0.3789031156111756f,0.9043042056877892f,2.2328719867641484f,0f,0f,0f,1f],start_interpolation:0}
execute if entity @s[tag=aj.cutscenes.bone.rightarm2] run data modify entity @s {} merge value {transformation:[0.9763824522960998f,-0.008521455129144918f,-0.21588119800190234f,0.31249999999999967f,0.08950404623665942f,0.925397111397386f,0.3682787150035145f,0.5704982622709323f,0.19663756649104597f,-0.3789031156111756f,0.9043042056877892f,2.125856359955664f,0f,0f,0f,1f],start_interpolation:0}
execute if entity @s[tag=aj.cutscenes.bone.bottom6] run data modify entity @s {} merge value {transformation:[0.9763824522960998f,0.008521455129145105f,0.2158811980019019f,-0.37565426705079286f,-0.08950404623665942f,0.925397111397386f,0.3682787150035145f,0.344742987311377f,-0.19663756649104547f,-0.3789031156111756f,0.9043042056877892f,2.2328719867641484f,0f,0f,0f,1f],start_interpolation:0}
execute if entity @s[tag=aj.cutscenes.bone.leftarm2] run data modify entity @s {} merge value {transformation:[0.9763824522960998f,0.008521455129145105f,0.2158811980019019f,-0.31250000000000033f,-0.08950404623665942f,0.925397111397386f,0.3682787150035145f,0.5704982622709323f,-0.19663756649104547f,-0.3789031156111756f,0.9043042056877892f,2.125856359955664f,0f,0f,0f,1f],start_interpolation:0}
execute if entity @s[tag=aj.cutscenes.locator_origin.mount2] at @s on origin run tp @s ^0 ^0.88789 ^2.31543 ~-180 ~-24.05585
execute if entity @s[tag=aj.cutscenes.bone.head2] run data modify entity @s {} merge value {transformation:[1f,-9.983979646787545e-17f,-2.2365689425485524e-16f,-3.508068434907991e-16f,0f,0.9131485682670869f,-0.40762690327279594f,0.6595979147251188f,2.4492935982947064e-16f,0.40762690327279594f,0.9131485682670869f,2.2135276319467967f,0f,0f,0f,1f],start_interpolation:0}
execute if entity @s[tag=aj.cutscenes.bone.upper2] run data modify entity @s {} merge value {transformation:[1f,-1.7178614819378845e-16f,-1.7458496669305767e-16f,-2.2196723234545778e-16f,0f,0.7127972196334916f,-0.7013701759290624f,0.125f,2.4492935982947064e-16f,0.7013701759290624f,0.7127972196334916f,1.6875f,0f,0f,0f,1f],start_interpolation:0}
execute if entity @s[tag=aj.cutscenes.bone.bottom7] run data modify entity @s {} merge value {transformation:[0.9622501286096566f,-0.26413407189346194f,-0.0656344578379277f,0.13200035856170506f,0.14415265413281164f,0.6991647979074186f,-0.7002775147565035f,0.36083216912766586f,0.23085645387808681f,0.6643807473369909f,0.7108470442161074f,1.375823302509283f,0f,0f,0f,1f],start_interpolation:0}
execute if entity @s[tag=aj.cutscenes.bone.rightleg2] run data modify entity @s {} merge value {transformation:[0.9622501286096566f,-0.023156144825263625f,0.2711797981921416f,0.1187499999999998f,0.14415265413281164f,-0.8017798881258744f,-0.5799732953363685f,0.109375f,0.23085645387808681f,0.5971706656841844f,-0.7681747807297133f,1.5609962826988526f,0f,0f,0f,1f],start_interpolation:0}
execute if entity @s[tag=aj.cutscenes.bone.bottom8] run data modify entity @s {} merge value {transformation:[0.9622501286096569f,0.26413407189346166f,0.06563445783792737f,-0.13200035856170533f,-0.14415265413281164f,0.6991647979074186f,-0.7002775147565035f,0.36083216912766586f,-0.23085645387808637f,0.6643807473369912f,0.7108470442161076f,1.375823302509283f,0f,0f,0f,1f],start_interpolation:0}
execute if entity @s[tag=aj.cutscenes.bone.leftleg2] run data modify entity @s {} merge value {transformation:[0.9622501286096569f,0.023156144825263333f,-0.2711797981921413f,-0.11875000000000019f,-0.14415265413281164f,-0.8017798881258744f,-0.5799732953363685f,0.109375f,-0.23085645387808637f,0.5971706656841844f,-0.7681747807297136f,1.5609962826988526f,0f,0f,0f,1f],start_interpolation:0}
execute if entity @s[tag=aj.cutscenes.camera_origin.camera] at @s on origin run tp @s ^-2.28125 ^-0.12 ^1.6875 ~-90 ~0