execute if entity @s[tag=aj.cutscenes.locator_origin.head] at @s on origin run tp @s ^-0.09363 ^1.46828 ^0.6962 ~-25.71429 ~-16.72194
execute if entity @s[tag=aj.cutscenes.bone.blade2] run data modify entity @s {} merge value {transformation:[-1.3974338155184785f,-0.19924175990044493f,0.5074263023900529f,-0.8280879680901538f,0.49964924547446604f,0.09025489689743527f,1.4114548115624643f,1.4022454577486534f,-0.21801229952061124f,1.4839665679178247f,-0.017716166626232266f,1.840697773339448f,0f,0f,0f,1f],start_interpolation:0}
execute if entity @s[tag=aj.cutscenes.bone.heart] run data modify entity @s {} merge value {transformation:[-0.000005256689761310709f,0.0000051518836207116255f,0.000006769439261266361f,-0.7362497418311472f,-0.000008162165671806547f,-8.121615266818111e-7f,-0.000005720091362955721f,1.4033004462978622f,-0.0000023971366876575712f,-0.000008532203045709892f,0.00000463198088159536f,1.3715621121218666f,0f,0f,0f,1f],start_interpolation:0}
execute if entity @s[tag=aj.cutscenes.bone.bottom2] run data modify entity @s {} merge value {transformation:[-0.6769439261266361f,0.5151883620711625f,-0.5256689761310707f,-0.604808966413897f,0.5720091362955719f,-0.08121615266818111f,-0.8162165671806548f,1.348689673967636f,-0.4631980881595361f,-0.8532203045709891f,-0.239713668765757f,0.9433632478622704f,0f,0f,0f,1f],start_interpolation:0}
execute if entity @s[tag=aj.cutscenes.bone.rightarm] run data modify entity @s {} merge value {transformation:[-0.4541287467613268f,0.8673921534557721f,-0.2034648212550387f,-0.35957788137737107f,0.6415577182503409f,0.1599117166373453f,-0.7502212587200615f,1.348570245736326f,-0.6181996243272904f,-0.4712314664848428f,-0.6291026382683046f,0.8641928577615153f,0f,0f,0f,1f],start_interpolation:0}
execute if entity @s[tag=aj.cutscenes.bone.blade] run data modify entity @s {} merge value {transformation:[-0.7008369810073339f,1.284436702739701f,-0.3302270169257666f,1.259101233322839f,-0.49964987341061945f,0.09025537755488552f,1.4114545585399398f,1.4022463319085572f,1.22848586888628f,0.7694649592265976f,0.3856762197350676f,0.8355601377415982f,0f,0f,0f,1f],start_interpolation:0}
execute if entity @s[tag=aj.cutscenes.bone.bottom] run data modify entity @s {} merge value {transformation:[-0.05992408257913439f,-0.9882891556652671f,0.14033406258454384f,0.41832460429469276f,-0.5720091606441271f,-0.08121696813239898f,-0.8162164689753462f,1.3486898460230494f,0.8180553920525495f,-0.12918339243809346f,-0.5604435981005895f,0.45064800740668765f,0f,0f,0f,1f],start_interpolation:0}
execute if entity @s[tag=aj.cutscenes.bone.leftarm] run data modify entity @s {} merge value {transformation:[0.20018402517187608f,-0.9092337792251733f,-0.36499354895928604f,0.20352766106164172f,-0.6415575313667448f,0.15991098169479218f,-0.7502215751896344f,1.348570245736326f,0.7404932747922794f,0.3843467349273529f,-0.5513141548501082f,0.5930155208130433f,0f,0f,0f,1f],start_interpolation:0}
execute if entity @s[tag=aj.cutscenes.locator_origin.mount] at @s on origin run tp @s ^-0.12484 ^1.70771 ^0.63139 ~-25.71429 ~-16.72194
execute if entity @s[tag=aj.cutscenes.bone.head] run data modify entity @s {} merge value {transformation:[-0.9009688679024205f,-0.12484017625258331f,-0.41553583415134565f,-0.0936301321894376f,0f,0.9577123931781217f,-0.28772725271172117f,1.4682842948835912f,0.43388373911755523f,-0.2592332971403531f,-0.8628690506578102f,0.6962000271447352f,0f,0f,0f,1f],start_interpolation:0}
execute if entity @s[tag=aj.cutscenes.bone.upper] run data modify entity @s {} merge value {transformation:[-0.9009688679024205f,-0.12484017625258331f,-0.41553583415134565f,-1.0907010554906114e-16f,0f,0.9577123931781217f,-0.28772725271172117f,0.75f,0.43388373911755523f,-0.2592332971403531f,-0.8628690506578102f,0.890625f,0f,0f,0f,1f],start_interpolation:0}
execute if entity @s[tag=aj.cutscenes.bone.bottom3] run data modify entity @s {} merge value {transformation:[-0.9009688679024205f,0f,-0.43388373911755523f,-0.11262110848780267f,0f,1f,0f,0.4375f,0.43388373911755523f,0f,-0.9009688679024205f,0.9448604673896944f,0f,0f,0f,1f],start_interpolation:0}
execute if entity @s[tag=aj.cutscenes.bone.rightleg] run data modify entity @s {} merge value {transformation:[-0.9009688679024205f,0f,-0.43388373911755523f,-0.10699005306341254f,0f,1f,0f,0.75f,0.43388373911755523f,0f,-0.9009688679024205f,0.9421486940202097f,0f,0f,0f,1f],start_interpolation:0}
execute if entity @s[tag=aj.cutscenes.bone.bottom4] run data modify entity @s {} merge value {transformation:[-0.9009688679024205f,0f,-0.43388373911755523f,0.11262110848780245f,0f,1f,0f,0.4375f,0.43388373911755523f,0f,-0.9009688679024205f,0.8363895326103056f,0f,0f,0f,1f],start_interpolation:0}
execute if entity @s[tag=aj.cutscenes.bone.leftleg] run data modify entity @s {} merge value {transformation:[-0.9009688679024205f,0f,-0.43388373911755523f,0.10699005306341232f,0f,1f,0f,0.75f,0.43388373911755523f,0f,-0.9009688679024205f,0.8391013059797903f,0f,0f,0f,1f],start_interpolation:0}
execute if entity @s[tag=aj.cutscenes.locator_origin.head2] at @s on origin run tp @s ^0 ^0.61951 ^2.25138 ~-180 ~-48.75
execute if entity @s[tag=aj.cutscenes.bone.bottom5] run data modify entity @s {} merge value {transformation:[0.9763824522960998f,0.05826203766775251f,-0.2080452878943812f,0.3589583938515678f,0.07481644617444531f,0.8121918548567072f,0.5785731503329963f,0.33871919860926925f,0.20268153894738644f,-0.5804738804384078f,0.7886509163747267f,2.3151859459681745f,0f,0f,0f,1f],start_interpolation:0}
execute if entity @s[tag=aj.cutscenes.bone.rightarm2] run data modify entity @s {} merge value {transformation:[0.9763824522960998f,0.05826203766775251f,-0.2080452878943812f,0.31249999999999967f,0.07481644617444531f,0.8121918548567072f,0.5785731503329963f,0.5370911344375432f,0.20268153894738644f,-0.5804738804384078f,0.7886509163747267f,2.1573998796743608f,0f,0f,0f,1f],start_interpolation:0}
execute if entity @s[tag=aj.cutscenes.bone.bottom6] run data modify entity @s {} merge value {transformation:[0.9763824522960998f,-0.05826203766775223f,0.20804528789438087f,-0.3589583938515685f,-0.07481644617444531f,0.8121918548567072f,0.5785731503329963f,0.33871919860926925f,-0.20268153894738594f,-0.5804738804384078f,0.7886509163747267f,2.3151859459681745f,0f,0f,0f,1f],start_interpolation:0}
execute if entity @s[tag=aj.cutscenes.bone.leftarm2] run data modify entity @s {} merge value {transformation:[0.9763824522960998f,-0.05826203766775223f,0.20804528789438087f,-0.31250000000000033f,-0.07481644617444531f,0.8121918548567072f,0.5785731503329963f,0.5370911344375432f,-0.20268153894738594f,-0.5804738804384078f,0.7886509163747267f,2.1573998796743608f,0f,0f,0f,1f],start_interpolation:0}
execute if entity @s[tag=aj.cutscenes.locator_origin.mount2] at @s on origin run tp @s ^0 ^0.84069 ^2.36791 ~-180 ~-27.78218
execute if entity @s[tag=aj.cutscenes.bone.head2] run data modify entity @s {} merge value {transformation:[1f,-1.1416439805890077e-16f,-2.1669536571492058e-16f,-3.6007796440056156e-16f,0f,0.8847259710546433f,-0.4661115275783453f,0.6195093613250517f,2.4492935982947064e-16f,0.4661115275783453f,0.8847259710546433f,2.251379855609233f,0f,0f,0f,1f],start_interpolation:0}
execute if entity @s[tag=aj.cutscenes.bone.upper2] run data modify entity @s {} merge value {transformation:[1f,-1.8414764274013836e-16f,-1.6149314839870043e-16f,-2.2196723234545778e-16f,0f,0.6593458151000691f,-0.7518398074789773f,0.125f,2.4492935982947064e-16f,0.7518398074789773f,0.6593458151000691f,1.6875f,0f,0f,0f,1f],start_interpolation:0}
execute if entity @s[tag=aj.cutscenes.bone.bottom7] run data modify entity @s {} merge value {transformation:[0.9622501286096566f,-0.2601147788559509f,-0.0800936440138607f,0.12419176436770307f,0.1441526541328116f,0.7367009205990387f,-0.6606752348128351f,0.37640951962109065f,0.23085645387808684f,0.6241891183040991f,0.7463867913445321f,1.3971232817866055f,0f,0f,0f,1f],start_interpolation:0}
execute if entity @s[tag=aj.cutscenes.bone.rightleg2] run data modify entity @s {} merge value {transformation:[0.9622501286096566f,0.0018313565955426735f,0.27216049699344547f,0.1187499999999998f,0.1441526541328116f,-0.8516274097048337f,-0.5039352809100599f,0.109375f,0.23085645387808684f,0.5241444468583589f,-0.8197425794298961f,1.5594755685931045f,0f,0f,0f,1f],start_interpolation:0}
execute if entity @s[tag=aj.cutscenes.bone.bottom8] run data modify entity @s {} merge value {transformation:[0.9622501286096569f,0.2601147788559505f,0.08009364401386032f,-0.12419176436770338f,-0.1441526541328116f,0.7367009205990387f,-0.6606752348128351f,0.37640951962109065f,-0.2308564538780864f,0.6241891183040993f,0.7463867913445322f,1.3971232817866055f,0f,0f,0f,1f],start_interpolation:0}
execute if entity @s[tag=aj.cutscenes.bone.leftleg2] run data modify entity @s {} merge value {transformation:[0.9622501286096569f,-0.0018313565955429302f,-0.272160496993445f,-0.11875000000000019f,-0.1441526541328116f,-0.8516274097048337f,-0.5039352809100599f,0.109375f,-0.2308564538780864f,0.5241444468583589f,-0.8197425794298964f,1.5594755685931045f,0f,0f,0f,1f],start_interpolation:0}
execute if entity @s[tag=aj.cutscenes.camera_origin.camera] at @s on origin run tp @s ^-2.11779 ^-0.12 ^1.6875 ~-90 ~0