execute if entity @s[tag=aj.cutscenes.locator_origin.head] at @s on origin run tp @s ^-1.18437 ^1.24829 ^1.8438 ~-95.24499 ~-25.28496
execute if entity @s[tag=aj.cutscenes.bone.blade2] run data modify entity @s {} merge value {transformation:[0.0000012984710419555517f,4.417133940485658e-7f,-0.000009905496566589735f,-1.1412408901315378f,-0.000008158582561076204f,0.0000057249133147667485f,-8.141855639285891e-7f,1.915271942102107f,0.000005634847251461762f,0.000008187200792451869f,0.0000011037389350608799f,2.7970002626195383f,0f,0f,0f,1f],start_interpolation:0}
execute if entity @s[tag=aj.cutscenes.bone.heart] run data modify entity @s {} merge value {transformation:[-0.9905496566589734f,0.06589160281461666f,0.12028995956151597f,-1.0721205168240973f,-0.0814185563928588f,-0.988283339768071f,-0.12910096441069294f,1.843334847926322f,0.11037389350608785f,-0.13767475082740815f,0.9843085220686234f,2.365870438351452f,0f,0f,0f,1f],start_interpolation:0}
execute if entity @s[tag=aj.cutscenes.bone.bottom2] run data modify entity @s {} merge value {transformation:[0.1202899595615162f,0.06589160281461666f,0.9905496566589734f,-1.1281977549917794f,-0.1291009644106929f,-0.988283339768071f,0.08141855639285883f,1.4126688723352672f,0.9843085220686234f,-0.13767475082740815f,-0.11037389350608807f,2.252741412665335f,0f,0f,0f,1f],start_interpolation:0}
execute if entity @s[tag=aj.cutscenes.bone.rightarm] run data modify entity @s {} merge value {transformation:[0.11809126335046595f,0.06975551027038146f,0.9905496566589734f,-1.1181395813835882f,-0.09700350503039208f,-0.9919482540368334f,0.08141855639285883f,1.1707445278904582f,0.9882533954063145f,-0.10570160878717569f,-0.11037389350608807f,2.1645501732556465f,0f,0f,0f,1f],start_interpolation:0}
execute if entity @s[tag=aj.cutscenes.bone.blade] run data modify entity @s {} merge value {transformation:[-0.479132400113555f,0.000009004350171810255f,0.0000029527380723539164f,-0.45248936618489954f,-1.392478273852012f,-0.0000023478137455523146f,-0.0000028827386339653713f,0.6834631102128236f,-0.28537063621112946f,-0.0000036618913964802666f,0.000009108850412884992f,1.1276848377469122f,0f,0f,0f,1f],start_interpolation:0}
execute if entity @s[tag=aj.cutscenes.bone.bottom] run data modify entity @s {} merge value {transformation:[0.2952738072353919f,-0.5543804820082595f,-0.7781231650124589f,-1.0186913571750194f,-0.28827386339653716f,0.7247834602694262f,-0.6257692189635983f,0.9346176160068427f,0.9108850412884993f,0.4090858307105821f,0.054196168394839456f,1.3912735578986535f,0f,0f,0f,1f],start_interpolation:0}
execute if entity @s[tag=aj.cutscenes.bone.leftarm] run data modify entity @s {} merge value {transformation:[0.27722430035919154f,-0.563623125289719f,-0.7781231650124589f,-1.1422706197249997f,-0.2647273276725006f,0.7337113373671316f,-0.6257692189635983f,1.1014999923690942f,0.9236157909400061f,0.37946889998731775f,0.054196168394839456f,1.5438667698292332f,0f,0f,0f,1f],start_interpolation:0}
execute if entity @s[tag=aj.cutscenes.locator_origin.mount] at @s on origin run tp @s ^-1.3035 ^1.46798 ^1.83704 ~-98.79899 ~-27.97635
execute if entity @s[tag=aj.cutscenes.bone.head] run data modify entity @s {} merge value {transformation:[0.10603178615426179f,-0.47651729374166496f,-0.8727476892493367f,-1.1843711206651528f,0.08796591313924967f,0.8787494246285883f,-0.4691070739612685f,1.2482949370078025f,0.9904641631328792f,-0.027031786475275314f,0.13509264994602865f,1.843800165850928f,0f,0f,0f,1f],start_interpolation:0}
execute if entity @s[tag=aj.cutscenes.bone.upper] run data modify entity @s {} merge value {transformation:[0.03860966134625835f,-0.4333281608868701f,-0.9004087955107558f,-0.8593750000000002f,0.11079125683418256f,0.89738141502421f,-0.42712046705613266f,0.575258875739645f,0.9930934454822614f,-0.08326644553209613f,0.08265656409881207f,1.90625f,0f,0f,0f,1f],start_interpolation:0}
execute if entity @s[tag=aj.cutscenes.locator_origin.head2] at @s on origin run tp @s ^0 ^0.125 ^2.4375 ~-180 ~-90
execute if entity @s[tag=aj.cutscenes.locator_origin.mount2] at @s on origin run tp @s ^0 ^0.125 ^2.6875 ~-180 ~-90
execute if entity @s[tag=aj.cutscenes.camera_origin.camera] at @s on origin run tp @s ^3.375 ^-0.44813 ^1.90625 ~90 ~-20