execute if entity @s[tag=aj.cutscenes.locator_origin.head] at @s on origin run tp @s ^-0.02022 ^11.36257 ^-3.45038 ~-35.34595 ~-0.867
execute if entity @s[tag=aj.cutscenes.bone.blade2] run data modify entity @s {} merge value {transformation:[-0.000005686924558145383f,-0.000005847986116554957f,0.0000057844574032957865f,-0.6660507268240741f,0.000007242674728086873f,-0.0000068935307859205464f,1.5131452903602133e-7f,10.39860497461093f,0.000003899044992442982f,0.000004275545776172455f,0.000008155805077535828f,-2.9351202891466537f,0f,0f,0f,1f],start_interpolation:0}
execute if entity @s[tag=aj.cutscenes.bone.heart] run data modify entity @s {} merge value {transformation:[-0.000005784457403295787f,-2.4199843825265677e-7f,0.000008153618172648254f,-0.19635847822332517f,-1.5131452903602054e-7f,0.000009997061829770888f,1.8936389582119637e-7f,10.54463210742133f,-0.000008155805077535827f,-1.3839350463395711e-8f,-0.0000057864196192135585f,-3.214487814468304f,0f,0f,0f,1f],start_interpolation:0}
execute if entity @s[tag=aj.cutscenes.bone.bottom2] run data modify entity @s {} merge value {transformation:[-0.8153618172648255f,-0.024199843825265674f,-0.5784457403295785f,-0.3158371253339417f,-0.01893638958211964f,0.9997061829770887f,-0.015131452903602047f,10.97934201227961f,0.5786419619213556f,-0.001383935046339571f,-0.8155805077535828f,-3.23360410994422f,0f,0f,0f,1f],start_interpolation:0}
execute if entity @s[tag=aj.cutscenes.bone.rightarm] run data modify entity @s {} merge value {transformation:[-0.8152753184001379f,-0.02695701582370786f,-0.5784457403295785f,-0.27162167188986003f,-0.022316989315658627f,0.9996364294686898f,-0.015131452903602047f,11.23064593147901f,0.5786433333197908f,0.0005728673227825996f,-0.8155805077535828f,-3.2696261014460113f,0f,0f,0f,1f],start_interpolation:0}
execute if entity @s[tag=aj.cutscenes.bone.blade] run data modify entity @s {} merge value {transformation:[0.44919473103475116f,1.4274519664856544f,-0.10298046895822051f,1.0939079421389946f,-1.2778163836913905f,0.3514171101417814f,-0.7026316988789046f,11.341260778720319f,-0.644522600985003f,0.298139058286291f,1.3212508159860068f,-3.712972881213063f,0f,0f,0f,1f],start_interpolation:0}
execute if entity @s[tag=aj.cutscenes.bone.bottom] run data modify entity @s {} merge value {transformation:[-0.06865364597214679f,-0.9512984730170966f,-0.3005293531921164f,0.4300558255926407f,-0.46842113258593643f,0.2967075489986125f,-0.8321936510897836f,11.272418491847894f,0.8808338773240048f,0.08364117169538368f,-0.46597836318415414f,-3.800741900053131f,0f,0f,0f,1f],start_interpolation:0}
execute if entity @s[tag=aj.cutscenes.bone.leftarm] run data modify entity @s {} merge value {transformation:[0.4009018371114589f,-0.8687471532075233f,-0.29078531736399893f,0.2379254021102261f,-0.5493532131410529f,0.026040535098878055f,-0.8351843735028602f,11.244594049801298f,0.7331362521470742f,0.494570798092233f,-0.46680934166118965f,-3.631278184770881f,0f,0f,0f,1f],start_interpolation:0}
execute if entity @s[tag=aj.cutscenes.locator_origin.mount] at @s on origin run tp @s ^-0.03246 ^11.6121 ^-3.45965 ~-30.28781 ~-3.25155
execute if entity @s[tag=aj.cutscenes.bone.head] run data modify entity @s {} merge value {transformation:[-0.8625878178129205f,-0.04896737829749805f,-0.5035319775579438f,-0.020217761867780473f,-0.0235508594502939f,0.9981123260310649f,-0.05671985229185269f,11.36257454432374f,0.5053588958155345f,-0.037067242782904714f,-0.8621127570872483f,-3.4503805346930982f,0f,0f,0f,1f],start_interpolation:0}
execute if entity @s[tag=aj.cutscenes.bone.upper] run data modify entity @s {} merge value {transformation:[-0.8152753184001379f,-0.02695701582370786f,-0.5784457403295785f,4.2260236477521223e-16f,-0.022316989315658627f,0.9996364294686898f,-0.015131452903602047f,10.612847222222223f,0.5786433333197908f,0.0005728673227825996f,-0.8155805077535828f,-3.450810185185185f,0f,0f,0f,1f],start_interpolation:0}
execute if entity @s[tag=aj.cutscenes.bone.bottom3] run data modify entity @s {} merge value {transformation:[-0.9914448613738105f,-0.03924998298777886f,0.12448504203688393f,-0.112680910699905f,3.469446951953614e-18f,0.9537169507482269f,0.30070579950427306f,10.314810675113403f,-0.13052619222005094f,0.29813321970381484f,-0.9455577700244291f,-3.5447926050440026f,0f,0f,0f,1f],start_interpolation:0}
execute if entity @s[tag=aj.cutscenes.bone.rightleg] run data modify entity @s {} merge value {transformation:[-0.9914448613738105f,-0.03924998298777886f,0.12448504203688393f,-0.11874999999999958f,3.469446951953614e-18f,0.9537169507482269f,0.30070579950427306f,10.612847222222223f,-0.13052619222005094f,0.29813321970381484f,-0.9455577700244291f,-3.450810185185185f,0f,0f,0f,1f],start_interpolation:0}
execute if entity @s[tag=aj.cutscenes.bone.bottom4] run data modify entity @s {} merge value {transformation:[-0.9848077530122079f,-0.05221701409779454f,-0.16561121050749172f,0.15406164153463348f,-6.938893903907228e-18f,0.9537169507482269f,-0.3007057995042731f,10.349287395405696f,0.17364817766693094f,-0.29613740272754274f,-0.9392278472760159f,-3.2865402300486113f,0f,0f,0f,1f],start_interpolation:0}
execute if entity @s[tag=aj.cutscenes.bone.leftleg] run data modify entity @s {} merge value {transformation:[-0.9848077530122079f,-0.09330109785058167f,-0.14645338762528573f,0.11875000000000041f,-6.938893903907228e-18f,0.8433914458128857f,-0.5372996083468239f,10.612847222222223f,0.17364817766693094f,-0.529136819990375f,-0.8305784346607052f,-3.450810185185185f,0f,0f,0f,1f],start_interpolation:0}
execute if entity @s[tag=aj.cutscenes.locator_origin.head2] at @s on origin run tp @s ^0 ^0.125 ^2.4375 ~-180 ~-90
execute if entity @s[tag=aj.cutscenes.locator_origin.mount2] at @s on origin run tp @s ^0 ^0.125 ^2.6875 ~-180 ~-90
execute if entity @s[tag=aj.cutscenes.bone.bottom8] run data modify entity @s {} merge value {transformation:[0.9622501286096568f,0.2324983393318058f,-0.14148926531243114f,-0.1974197943449999f,-0.14415265413281161f,-0.005584280334338443f,-0.9895397051759033f,0.11202104169281084f,-0.23085645387808643f,0.9725807616959634f,0.028141778226241275f,1.3225113648067495f,0f,0f,0f,1f],start_interpolation:0}
execute if entity @s[tag=aj.cutscenes.bone.leftleg2] run data modify entity @s {} merge value {transformation:[0.9622501286096568f,0.2324983393318058f,-0.14148926531243114f,-0.1187500000000002f,-0.14415265413281161f,-0.005584280334338443f,-0.9895397051759033f,0.109375f,-0.23085645387808643f,0.9725807616959634f,0.028141778226241275f,1.625f,0f,0f,0f,1f],start_interpolation:0}
execute if entity @s[tag=aj.cutscenes.bone.projectile2] run data modify entity @s {} merge value {transformation:[0.08799718688610998f,-0.013283817110993494f,-1.4973576844906136f,0.5262943749999993f,-0.4423917328285134f,-1.4332177416317264f,-0.01328381711099344f,9.618901874999983f,-1.4305754261223405f,0.4423917328285134f,-0.08799718688611032f,-2.58316374999999f,0f,0f,0f,1f],start_interpolation:0}
execute if entity @s[tag=aj.cutscenes.camera_origin.camera] at @s on origin run tp @s ^-7.71875 ^10.22375 ^-1.46875 ~-67.5 ~30