execute if entity @s[tag=aj.cutscenes.locator_origin.head] at @s on origin run tp @s ^-0.02024 ^11.77467 ^-3.48454 ~-36.56478 ~-0.83525
execute if entity @s[tag=aj.cutscenes.bone.blade2] run data modify entity @s {} merge value {transformation:[-0.000005588906537146908f,-0.00000576906321947319f,0.000005956679720176186f,-0.6560698612703861f,0.000007256359641267874f,-0.000006879243778534068f,1.4577308420649094e-7f,10.811413667029079f,0.000004013647776725726f,0.0000044038522460707f,0.000008030984803818442f,-2.9555150401889425f,0f,0f,0f,1f],start_interpolation:0}
execute if entity @s[tag=aj.cutscenes.bone.heart] run data modify entity @s {} merge value {transformation:[-0.0000059566797201761864f,-2.230515091966025e-7f,0.000008029210094118032f,-0.19213861220575218f,-1.4577308420649012e-7f,0.000009997499243829018f,1.695850157271527e-7f,10.956338511933884f,-0.00000803098480381844f,-1.6027909513377852e-8f,-0.000005958441590462556f,-3.2449032424146793f,0f,0f,0f,1f],start_interpolation:0}
execute if entity @s[tag=aj.cutscenes.bone.bottom2] run data modify entity @s {} merge value {transformation:[-0.8029210094118033f,-0.02230515091966025f,-0.5956679720176185f,-0.3111618799072771f,-0.016958501572715272f,0.9997499243829017f,-0.014577308420649008f,11.391265368695672f,0.5958441590462554f,-0.0016027909513377852f,-0.8030984803818441f,-3.2617962073102325f,0f,0f,0f,1f],start_interpolation:0}
execute if entity @s[tag=aj.cutscenes.bone.rightarm] run data modify entity @s {} merge value {transformation:[-0.8027772594345601f,-0.02698775365151334f,-0.5956679720176185f,-0.26773523960549545f,-0.022789186488686546f,0.9996340105550596f,-0.014577308420649008f,11.64259819548998f,0.5958433726357296f,0.001872456795786276f,-0.8030984803818441f,-3.298568303901019f,0f,0f,0f,1f],start_interpolation:0}
execute if entity @s[tag=aj.cutscenes.bone.blade] run data modify entity @s {} merge value {transformation:[0.3772163946583688f,0.9081733836723419f,1.1326645120202496f,0.811058115562662f,-0.9824783584261106f,1.0212758345886601f,-0.4916624298332857f,12.096415065733487f,-1.0688517515657987f,-0.6182368274976542f,0.8516684556212933f,-4.22189549309557f,0f,0f,0f,1f],start_interpolation:0}
execute if entity @s[tag=aj.cutscenes.bone.bottom] run data modify entity @s {} merge value {transformation:[0.7551096746801667f,-0.6401963461235911f,-0.14127284811461832f,0.38286792756833854f,-0.32777495322219025f,-0.1820358347121153f,-0.9270526063394972f,11.710362439544282f,0.5677789704141956f,0.7463320931667529f,-0.34729734733327516f,-3.8743917859342623f,0f,0f,0f,1f],start_interpolation:0}
execute if entity @s[tag=aj.cutscenes.bone.leftarm] run data modify entity @s {} merge value {transformation:[0.6398237073525724f,-0.7554254469470788f,-0.14127284811461832f,0.2340005475411046f,-0.3532024986511094f,-0.12578338533271655f,-0.9270526063394972f,11.656841437045408f,0.6825493523960176f,0.6430481584446438f,-0.34729734733327516f,-3.67097041179835f,0f,0f,0f,1f],start_interpolation:0}
execute if entity @s[tag=aj.cutscenes.locator_origin.mount] at @s on origin run tp @s ^-0.03269 ^12.02421 ^-3.49336 ~-31.50568 ~-3.21754
execute if entity @s[tag=aj.cutscenes.bone.head] run data modify entity @s {} merge value {transformation:[-0.8516383341295173f,-0.04979396505604835f,-0.5217592441779041f,-0.020240815238634576f,-0.023972962896516938f,0.9981357840255232f,-0.05612712087499625f,11.774674067587076f,0.523581364155623f,-0.03529189271987626f,-0.8512444052193154f,-3.484535300750211f,0f,0f,0f,1f],start_interpolation:0}
execute if entity @s[tag=aj.cutscenes.bone.upper] run data modify entity @s {} merge value {transformation:[-0.8027772594345601f,-0.02698775365151334f,-0.5956679720176185f,4.269044826245832e-16f,-0.022789186488686546f,0.9996340105550596f,-0.014577308420649008f,11.024948559670781f,0.5958433726357296f,0.001872456795786276f,-0.8030984803818441f,-3.485939643347051f,0f,0f,0f,1f],start_interpolation:0}
execute if entity @s[tag=aj.cutscenes.bone.bottom3] run data modify entity @s {} merge value {transformation:[-0.9914448613738105f,-0.03924998298777886f,0.12448504203688393f,-0.11268091069990499f,3.469446951953614e-18f,0.9537169507482269f,0.30070579950427306f,10.72691201256196f,-0.13052619222005094f,0.29813321970381484f,-0.9455577700244291f,-3.5799220632058684f,0f,0f,0f,1f],start_interpolation:0}
execute if entity @s[tag=aj.cutscenes.bone.rightleg] run data modify entity @s {} merge value {transformation:[-0.9914448613738105f,-0.03924998298777886f,0.12448504203688393f,-0.11874999999999956f,3.469446951953614e-18f,0.9537169507482269f,0.30070579950427306f,11.024948559670781f,-0.13052619222005094f,0.29813321970381484f,-0.9455577700244291f,-3.485939643347051f,0f,0f,0f,1f],start_interpolation:0}
execute if entity @s[tag=aj.cutscenes.bone.bottom4] run data modify entity @s {} merge value {transformation:[-0.9848077530122079f,-0.05221701409779454f,-0.16561121050749172f,0.1540616415346335f,-6.938893903907228e-18f,0.9537169507482269f,-0.3007057995042731f,10.761388732854254f,0.17364817766693094f,-0.29613740272754274f,-0.9392278472760159f,-3.321669688210477f,0f,0f,0f,1f],start_interpolation:0}
execute if entity @s[tag=aj.cutscenes.bone.leftleg] run data modify entity @s {} merge value {transformation:[-0.9848077530122079f,-0.09330109785058167f,-0.14645338762528573f,0.11875000000000042f,-6.938893903907228e-18f,0.8433914458128857f,-0.5372996083468239f,11.024948559670781f,0.17364817766693094f,-0.529136819990375f,-0.8305784346607052f,-3.485939643347051f,0f,0f,0f,1f],start_interpolation:0}
execute if entity @s[tag=aj.cutscenes.locator_origin.head2] at @s on origin run tp @s ^0 ^0.125 ^2.4375 ~-180 ~-90
execute if entity @s[tag=aj.cutscenes.locator_origin.mount2] at @s on origin run tp @s ^0 ^0.125 ^2.6875 ~-180 ~-90
execute if entity @s[tag=aj.cutscenes.bone.projectile2] run data modify entity @s {} merge value {transformation:[0.18037111012539703f,-0.016424725395515614f,-1.489025349357026f,0.37785687499999976f,-0.26994444283204f,-1.4754186613228737f,-0.016424725395514622f,7.064214374999994f,-1.4644440106799f,0.26994444283204f,-0.18037111012539722f,-1.0948824999999969f,0f,0f,0f,1f],start_interpolation:0}
execute if entity @s[tag=aj.cutscenes.camera_origin.camera] at @s on origin run tp @s ^-7.71875 ^10.22375 ^-1.46875 ~-67.5 ~30