execute if entity @s[tag=aj.cutscenes.locator_origin.head] at @s on origin run tp @s ^-0.4611 ^1.22636 ^1.87931 ~-83.88238 ~31.76476
execute if entity @s[tag=aj.cutscenes.bone.blade2] run data modify entity @s {} merge value {transformation:[-0.00000209480219642298f,9.723111296824485e-7f,0.000009729666737610139f,-0.3687912153246565f,0.000007998878979503937f,-0.0000055527399582516625f,0.000002277062587476544f,0.4237106717972543f,0.000005624032257118687f,0.000008259642245468684f,3.854492803956563e-7f,2.826769924161875f,0f,0f,0f,1f],start_interpolation:0}
execute if entity @s[tag=aj.cutscenes.bone.heart] run data modify entity @s {} merge value {transformation:[-0.000009729666737610139f,-0.000002201334062491915f,6.983648905520218e-7f,-0.315473151395547f,-0.0000022770625874765425f,0.000009648768932706161f,-0.0000013100549820366608f,0.4927492891290114f,-3.8544928039565516e-7f,-0.0000014336618947845704f,-0.000009889188157967529f,2.267867607569282f,0f,0f,0f,1f],start_interpolation:0}
execute if entity @s[tag=aj.cutscenes.bone.bottom2] run data modify entity @s {} merge value {transformation:[-0.06983648905520239f,-0.22013340624919148f,-0.9729666737610139f,-0.49325051372458517f,0.13100549820366603f,0.964876893270616f,-0.22770625874765427f,0.9073281830174068f,0.9889188157967528f,-0.14336618947845703f,-0.03854492803956573f,2.279392859653487f,0f,0f,0f,1f],start_interpolation:0}
execute if entity @s[tag=aj.cutscenes.bone.rightarm] run data modify entity @s {} merge value {transformation:[-0.05779541114318922f,-0.2235968295866887f,-0.9729666737610139f,-0.545537507924808f,0.078485375968769f,0.9705616443514484f,-0.22770625874765427f,1.1450632581072209f,0.9952385323176705f,-0.08952403203941388f,-0.03854492803956573f,2.1948094433737793f,0f,0f,0f,1f],start_interpolation:0}
execute if entity @s[tag=aj.cutscenes.bone.blade] run data modify entity @s {} merge value {transformation:[-1.3731381317678777f,0.00000356461893155506f,-0.0000018689894860058022f,-0.41452051397601547f,-0.4976327055569154f,-0.000009311894231695232f,-0.0000015107874511705807f,0.21065099979043267f,-0.34183820945752363f,-7.629663757468205e-7f,0.000009706925341146148f,1.3968801546603404f,0f,0f,0f,1f],start_interpolation:0}
execute if entity @s[tag=aj.cutscenes.bone.bottom] run data modify entity @s {} merge value {transformation:[-0.18689894860058007f,0.23306996233531146f,-0.954330747523632f,-0.5579994953987515f,-0.1510787451170583f,0.9530726488529788f,0.26235041220135535f,0.8640958288764593f,0.9706925341146149f,0.19321210796785668f,-0.14291635857649268f,1.4714853220663207f,0f,0f,0f,1f],start_interpolation:0}
execute if entity @s[tag=aj.cutscenes.bone.leftarm] run data modify entity @s {} merge value {transformation:[-0.1791035907966475f,0.23911237545290878f,-0.954330747523632f,-0.5094153759603147f,-0.11953603321397138f,0.9575402853046169f,0.26235041220135535f,1.0960098981267403f,0.9765413665212629f,0.1610648128053424f,-0.14291635857649268f,1.5727853606752351f,0f,0f,0f,1f],start_interpolation:0}
execute if entity @s[tag=aj.cutscenes.locator_origin.mount] at @s on origin run tp @s ^-0.25672 ^1.37016 ^1.88653 ~-86.21197 ~54.87326
execute if entity @s[tag=aj.cutscenes.bone.head] run data modify entity @s {} merge value {transformation:[-0.0454822132635546f,0.817499954239296f,-0.5741299444336599f,-0.46109673033107357f,0.014497463908265194f,0.5752043317079868f,0.8178812874278252f,1.2263598700717377f,0.9988599460469305f,0.028875622990981682f,-0.038013242166455706f,1.8793068824294086f,0f,0f,0f,1f],start_interpolation:0}
execute if entity @s[tag=aj.cutscenes.bone.upper] run data modify entity @s {} merge value {transformation:[-0.05779541114318922f,0.5310376928919022f,-0.8453748631103456f,-0.8593750000000002f,0.078485375968769f,0.8465863356380565f,0.5264329226691363f,0.5914201183431953f,0.9952385323176705f,-0.03592415676078862f,-0.0906074983166161f,1.90625f,0f,0f,0f,1f],start_interpolation:0}
execute if entity @s[tag=aj.cutscenes.bone.bottom3] run data modify entity @s {} merge value {transformation:[-0.1305261922200519f,0.953982404233608f,-0.2699638597242215f,-0.8645208666276115f,0f,0.2722933672278477f,0.9622142807938991f,0.2812805207697968f,0.9914448613738104f,0.1255941661717835f,-0.03554141639102723f,2.030626464809849f,0f,0f,0f,1f],start_interpolation:0}
execute if entity @s[tag=aj.cutscenes.bone.rightleg] run data modify entity @s {} merge value {transformation:[-0.1305261922200519f,0.013856249363954954f,-0.9913480304605936f,-0.8593750000000002f,0f,0.9999023335366501f,0.013975814393505287f,0.59375f,0.9914448613738104f,0.0018242098359584397f,-0.13051344418848326f,2.025f,0f,0f,0f,1f],start_interpolation:0}
execute if entity @s[tag=aj.cutscenes.bone.bottom4] run data modify entity @s {} merge value {transformation:[0.17364817766693003f,0.45234972872915724f,-0.8747719893272835f,-0.5527119014593411f,0f,0.8882667572951564f,0.4593279524308839f,0.4671521103089172f,0.9848077530122081f,-0.07976146189110529f,0.15424590368641705f,1.7270806054153374f,0f,0f,0f,1f],start_interpolation:0}
execute if entity @s[tag=aj.cutscenes.bone.leftleg] run data modify entity @s {} merge value {transformation:[0.17364817766693003f,-0.9847948788834479f,-0.00503556529995719f,-0.8593750000000002f,0f,0.005113247011464983f,-0.9999869272670519f,0.46875f,0.9848077530122081f,0.17364590761067641f,0.0008879060255017734f,1.7875f,0f,0f,0f,1f],start_interpolation:0}
execute if entity @s[tag=aj.cutscenes.locator_origin.head2] at @s on origin run tp @s ^0 ^0.125 ^2.4375 ~-180 ~-90
execute if entity @s[tag=aj.cutscenes.locator_origin.mount2] at @s on origin run tp @s ^0 ^0.125 ^2.6875 ~-180 ~-90
execute if entity @s[tag=aj.cutscenes.camera_origin.camera] at @s on origin run tp @s ^3.375 ^-0.44813 ^1.90625 ~90 ~2.5