execute if entity @s[tag=aj.cutscenes.locator_origin.head] at @s on origin run tp @s ^0.19518 ^1.46803 ^0.79663 ~64.28571 ~-16.7889
execute if entity @s[tag=aj.cutscenes.bone.blade2] run data modify entity @s {} merge value {transformation:[0.2386835670245972f,-1.4807816178701423f,-0.017775123355398437f,-0.9432613550195683f,0.4847315927533664f,0.06110875728877718f,1.4182034419537304f,1.3792799741883757f,-1.3993089143642299f,-0.23141201343168505f,0.48824485887748426f,0.04219630457481341f,0f,0f,0f,1f],start_interpolation:0}
execute if entity @s[tag=aj.cutscenes.bone.heart] run data modify entity @s {} merge value {transformation:[0.0000026504919197222043f,0.000008434403637832963f,-0.000004672871478822992f,-0.47626118154467356f,-0.000008187667220597437f,-5.909537403744702e-7f,-0.0000057107687014526945f,1.3899274423355374f,-0.000005092837918905485f,0.000005339626293182652f,0.000006749177207698058f,0.14378917256154866f,0f,0f,0f,1f],start_interpolation:0}
execute if entity @s[tag=aj.cutscenes.bone.bottom2] run data modify entity @s {} merge value {transformation:[0.4672871478822993f,0.8434403637832962f,0.2650491919722203f,-0.050042245838347155f,0.5710768701452692f,-0.059095374037447024f,-0.8187667220597438f,1.344722446513336f,-0.6749177207698058f,0.5339626293182651f,-0.5092837918905483f,0.2848820797116995f,0f,0f,0f,1f],start_interpolation:0}
execute if entity @s[tag=aj.cutscenes.bone.rightarm] run data modify entity @s {} merge value {transformation:[0.6153624181954261f,0.46225890326281455f,0.638471456391699f,0.027062328840142345f,0.6424622204726512f,0.1751644158429075f,-0.7460293041749523f,1.3483596616945221f,-0.4566961676410565f,0.8692721862435682f,-0.18919428290859952f,0.5307436367501576f,0f,0f,0f,1f],start_interpolation:0}
execute if entity @s[tag=aj.cutscenes.bone.blade] run data modify entity @s {} merge value {transformation:[-1.2428402211936216f,-0.7423274584540713f,-0.3928080052754876f,0.07521473829446873f,-0.4847321891670059f,0.06110926415515189f,1.4182032162633733f,1.3792808567319148f,-0.6858446539623615f,1.3020044555451926f,-0.29051937692986024f,2.1570831018859264f,0f,0f,0f,1f],start_interpolation:0}
execute if entity @s[tag=aj.cutscenes.bone.bottom] run data modify entity @s {} merge value {transformation:[-0.8190207269647304f,0.10840738197882738f,0.5634295770854247f,0.4423881171741956f,-0.5710768907564079f,-0.05909619468871408f,-0.8187666484519917f,1.3447226180085676f,-0.05546380482943925f,-0.9923484666717686f,0.11030995897031093f,1.3074240978391964f,0f,0f,0f,1f],start_interpolation:0}
execute if entity @s[tag=aj.cutscenes.bone.leftarm] run data modify entity @s {} merge value {transformation:[-0.7407315967634934f,-0.3914109063514458f,0.5459983552588275f,0.2982396657886158f,-0.6424620360652893f,0.17516368376014071f,-0.7460296348714441f,1.3483596616945221f,0.19636505231595597f,-0.9033909376790964f,-0.3812159229993349f,1.0938491791891696f,0f,0f,0f,1f],start_interpolation:0}
execute if entity @s[tag=aj.cutscenes.locator_origin.mount] at @s on origin run tp @s ^0.26024 ^1.70738 ^0.7653 ~64.28571 ~-16.7889
execute if entity @s[tag=aj.cutscenes.bone.head] run data modify entity @s {} merge value {transformation:[-0.4338837391175575f,0.2602415957030067f,0.8625654831926212f,0.19518119677725493f,0f,0.9573754587112353f,-0.2888463796855548f,1.4680315940334265f,-0.9009688679024194f,-0.12532574724853823f,-0.4153896437650176f,0.7966306895635963f,0f,0f,0f,1f],start_interpolation:0}
execute if entity @s[tag=aj.cutscenes.bone.upper] run data modify entity @s {} merge value {transformation:[-0.4338837391175575f,0.2602415957030067f,0.8625654831926212f,-1.0907010554906114e-16f,0f,0.9573754587112353f,-0.2888463796855548f,0.75f,-0.9009688679024194f,-0.12532574724853823f,-0.4153896437650176f,0.890625f,0f,0f,0f,1f],start_interpolation:0}
execute if entity @s[tag=aj.cutscenes.bone.bottom3] run data modify entity @s {} merge value {transformation:[-0.4338837391175575f,0f,0.9009688679024194f,-0.0542354673896948f,0f,1f,0f,0.4375f,-0.9009688679024194f,0f,-0.4338837391175575f,0.7780038915121976f,0f,0f,0f,1f],start_interpolation:0}
execute if entity @s[tag=aj.cutscenes.bone.rightleg] run data modify entity @s {} merge value {transformation:[-0.4338837391175575f,0f,0.9009688679024194f,-0.051523694020210065f,0f,1f,0f,0.75f,-0.9009688679024194f,0f,-0.4338837391175575f,0.7836349469365878f,0f,0f,0f,1f],start_interpolation:0}
execute if entity @s[tag=aj.cutscenes.bone.bottom4] run data modify entity @s {} merge value {transformation:[-0.4338837391175575f,0f,0.9009688679024194f,0.05423546738969458f,0f,1f,0f,0.4375f,-0.9009688679024194f,0f,-0.4338837391175575f,1.0032461084878024f,0f,0f,0f,1f],start_interpolation:0}
execute if entity @s[tag=aj.cutscenes.bone.leftleg] run data modify entity @s {} merge value {transformation:[-0.4338837391175575f,0f,0.9009688679024194f,0.05152369402020984f,0f,1f,0f,0.75f,-0.9009688679024194f,0f,-0.4338837391175575f,0.9976150530634122f,0f,0f,0f,1f],start_interpolation:0}
execute if entity @s[tag=aj.cutscenes.locator_origin.head2] at @s on origin run tp @s ^0 ^0.61951 ^2.25138 ~-180 ~-48.75
execute if entity @s[tag=aj.cutscenes.bone.bottom5] run data modify entity @s {} merge value {transformation:[0.9763824522960998f,0.05826203766775251f,-0.2080452878943812f,0.3589583938515678f,0.07481644617444531f,0.8121918548567072f,0.5785731503329963f,0.33871919860926925f,0.20268153894738644f,-0.5804738804384078f,0.7886509163747267f,2.3151859459681745f,0f,0f,0f,1f],start_interpolation:0}
execute if entity @s[tag=aj.cutscenes.bone.rightarm2] run data modify entity @s {} merge value {transformation:[0.9763824522960998f,0.05826203766775251f,-0.2080452878943812f,0.31249999999999967f,0.07481644617444531f,0.8121918548567072f,0.5785731503329963f,0.5370911344375432f,0.20268153894738644f,-0.5804738804384078f,0.7886509163747267f,2.1573998796743608f,0f,0f,0f,1f],start_interpolation:0}
execute if entity @s[tag=aj.cutscenes.bone.bottom6] run data modify entity @s {} merge value {transformation:[0.9763824522960998f,-0.05826203766775223f,0.20804528789438087f,-0.3589583938515685f,-0.07481644617444531f,0.8121918548567072f,0.5785731503329963f,0.33871919860926925f,-0.20268153894738594f,-0.5804738804384078f,0.7886509163747267f,2.3151859459681745f,0f,0f,0f,1f],start_interpolation:0}
execute if entity @s[tag=aj.cutscenes.bone.leftarm2] run data modify entity @s {} merge value {transformation:[0.9763824522960998f,-0.05826203766775223f,0.20804528789438087f,-0.31250000000000033f,-0.07481644617444531f,0.8121918548567072f,0.5785731503329963f,0.5370911344375432f,-0.20268153894738594f,-0.5804738804384078f,0.7886509163747267f,2.1573998796743608f,0f,0f,0f,1f],start_interpolation:0}
execute if entity @s[tag=aj.cutscenes.locator_origin.mount2] at @s on origin run tp @s ^0 ^0.84153 ^2.36631 ~-180 ~-27.36786
execute if entity @s[tag=aj.cutscenes.bone.head2] run data modify entity @s {} merge value {transformation:[1f,-1.125944408813867e-16f,-2.175152481760353e-16f,-3.6007796440056156e-16f,0f,0.8880733952331312f,-0.459701690968283f,0.6195093613250517f,2.4492935982947064e-16f,0.459701690968283f,0.8880733952331312f,2.251379855609233f,0f,0f,0f,1f],start_interpolation:0}
execute if entity @s[tag=aj.cutscenes.bone.upper2] run data modify entity @s {} merge value {transformation:[1f,-1.8414764274013836e-16f,-1.6149314839870043e-16f,-2.2196723234545778e-16f,0f,0.6593458151000691f,-0.7518398074789773f,0.125f,2.4492935982947064e-16f,0.7518398074789773f,0.6593458151000691f,1.6875f,0f,0f,0f,1f],start_interpolation:0}
execute if entity @s[tag=aj.cutscenes.bone.bottom7] run data modify entity @s {} merge value {transformation:[0.9622501286096566f,-0.2601147788559509f,-0.0800936440138607f,0.12419176436770307f,0.1441526541328116f,0.7367009205990387f,-0.6606752348128351f,0.37640951962109065f,0.23085645387808684f,0.6241891183040991f,0.7463867913445321f,1.3958285252008436f,0f,0f,0f,1f],start_interpolation:0}
execute if entity @s[tag=aj.cutscenes.bone.rightleg2] run data modify entity @s {} merge value {transformation:[0.9622501286096566f,0.0018313565955426735f,0.27216049699344547f,0.1187499999999998f,0.1441526541328116f,-0.8516274097048337f,-0.5039352809100599f,0.109375f,0.23085645387808684f,0.5241444468583589f,-0.8197425794298961f,1.5581808120073426f,0f,0f,0f,1f],start_interpolation:0}
execute if entity @s[tag=aj.cutscenes.bone.bottom8] run data modify entity @s {} merge value {transformation:[0.9622501286096569f,0.2601147788559505f,0.08009364401386032f,-0.12419176436770338f,-0.1441526541328116f,0.7367009205990387f,-0.6606752348128351f,0.37640951962109065f,-0.2308564538780864f,0.6241891183040993f,0.7463867913445322f,1.3958285252008436f,0f,0f,0f,1f],start_interpolation:0}
execute if entity @s[tag=aj.cutscenes.bone.leftleg2] run data modify entity @s {} merge value {transformation:[0.9622501286096569f,-0.0018313565955429302f,-0.272160496993445f,-0.11875000000000019f,-0.1441526541328116f,-0.8516274097048337f,-0.5039352809100599f,0.109375f,-0.2308564538780864f,0.5241444468583589f,-0.8197425794298964f,1.5581808120073426f,0f,0f,0f,1f],start_interpolation:0}
execute if entity @s[tag=aj.cutscenes.camera_origin.camera] at @s on origin run tp @s ^-2.30288 ^-0.12 ^1.6875 ~-90 ~0