execute if entity @s[tag=aj.cutscenes.locator_origin.head] at @s on origin run tp @s ^0.16421 ^1.46999 ^1.02158 ~128.57143 ~-16.26276
execute if entity @s[tag=aj.cutscenes.bone.blade2] run data modify entity @s {} merge value {transformation:[1.346928297952314f,-0.48508398419427257f,-0.44774734890727586f,0.31366481769673465f,0.4880541570314165f,0.04667610281685583f,1.4176122464306609f,1.3710461928623054f,-0.44450793016507145f,-1.418631336783466f,0.19974441247835423f,-0.32931082027006586f,0f,0f,0f,1f],start_interpolation:0}
execute if entity @s[tag=aj.cutscenes.bone.heart] run data modify entity @s {} merge value {transformation:[0.000005783851332382692f,-7.945609390707157e-7f,-0.000008118850699390772f,0.44117201983173315f,-0.000008157528074410261f,-5.115910038975513e-7f,-0.000005761337549557352f,1.3862235645829775f,4.24202793884012e-8f,0.000009955247237453936f,-9.440619476827004e-7f,0.1311619826408707f,0f,0f,0f,1f],start_interpolation:0}
execute if entity @s[tag=aj.cutscenes.bone.bottom2] run data modify entity @s {} merge value {transformation:[0.8118850699390774f,-0.07945609390707156f,0.578385133238269f,0.5150248383706195f,0.5761337549557349f,-0.05115910038975513f,-0.8157528074410263f,1.3451212196870461f,0.09440619476827003f,0.9955247237453935f,0.004242027938840098f,0.5744109416784733f,0f,0f,0f,1f],start_interpolation:0}
execute if entity @s[tag=aj.cutscenes.bone.rightarm] run data modify entity @s {} merge value {transformation:[0.6833496541744803f,-0.5625341268702827f,0.46539081022932416f,0.33168195326714384f,0.6515988070457306f,0.18238366169814146f,-0.7363118867722824f,1.3499922096712234f,0.32932088423936745f,0.806406569945872f,0.49117837813968834f,0.7554300288999808f,0f,0f,0f,1f],start_interpolation:0}
execute if entity @s[tag=aj.cutscenes.bone.blade] run data modify entity @s {} merge value {transformation:[0.1336437261333588f,-1.491004562707501f,0.09510388241604203f,-1.119552415123803f,-0.4880547664782988f,0.04667655031478868f,1.4176120218764101f,1.3710470394230265f,-1.4120700759463052f,-0.1572472372924995f,-0.4809692370421118f,1.4678871387370815f,0f,0f,0f,1f],start_interpolation:0}
execute if entity @s[tag=aj.cutscenes.bone.bottom] run data modify entity @s {} merge value {transformation:[-0.2727012978018327f,0.9528840739475468f,0.1328380359472469f,-0.19368204497519978f,-0.5761338027649318f,-0.05115989171529417f,-0.8157527240477338f,1.3451213888975677f,-0.77052179948968f,-0.2989893093353093f,0.5629400939837026f,1.4631013780852187f,0f,0f,0f,1f],start_interpolation:0}
execute if entity @s[tag=aj.cutscenes.bone.leftarm] run data modify entity @s {} merge value {transformation:[-0.473124369424608f,0.66101258067869f,0.5824222688402849f,-0.0579991728945653f,-0.6515986516655963f,0.18238294601102156f,-0.7363122015503462f,1.3499922096712234f,-0.5929355177455164f,-0.7278728111344995f,0.3444250899789638f,1.244074705442499f,0f,0f,0f,1f],start_interpolation:0}
execute if entity @s[tag=aj.cutscenes.locator_origin.mount] at @s on origin run tp @s ^0.21895 ^1.70999 ^1.06523 ~128.57143 ~-16.26276
execute if entity @s[tag=aj.cutscenes.bone.head] run data modify entity @s {} merge value {transformation:[0.6234898018587346f,0.218946224298063f,0.7505484780104335f,0.16420966822354716f,0f,0.9599875354739572f,-0.28004273197967094f,1.469990651605468f,-0.7818314824680289f,0.17460378747398375f,0.5985424382795125f,1.0215778406054878f,0f,0f,0f,1f],start_interpolation:0}
execute if entity @s[tag=aj.cutscenes.bone.upper] run data modify entity @s {} merge value {transformation:[0.6234898018587346f,0.218946224298063f,0.7505484780104335f,-1.0907010554906114e-16f,0f,0.9599875354739572f,-0.28004273197967094f,0.75f,-0.7818314824680289f,0.17460378747398375f,0.5985424382795125f,0.890625f,0f,0f,0f,1f],start_interpolation:0}
execute if entity @s[tag=aj.cutscenes.bone.bottom3] run data modify entity @s {} merge value {transformation:[0.6234898018587346f,0f,0.7818314824680289f,0.07793622523234171f,0f,1f,0f,0.4375f,-0.7818314824680289f,0f,0.6234898018587346f,0.7928960646914964f,0f,0f,0f,1f],start_interpolation:0}
execute if entity @s[tag=aj.cutscenes.bone.rightleg] run data modify entity @s {} merge value {transformation:[0.6234898018587346f,0f,0.7818314824680289f,0.07403941397072462f,0f,1f,0f,0.75f,-0.7818314824680289f,0f,0.6234898018587346f,0.7977825114569216f,0f,0f,0f,1f],start_interpolation:0}
execute if entity @s[tag=aj.cutscenes.bone.bottom4] run data modify entity @s {} merge value {transformation:[0.6234898018587346f,0f,0.7818314824680289f,-0.07793622523234194f,0f,1f,0f,0.4375f,-0.7818314824680289f,0f,0.6234898018587346f,0.9883539353085036f,0f,0f,0f,1f],start_interpolation:0}
execute if entity @s[tag=aj.cutscenes.bone.leftleg] run data modify entity @s {} merge value {transformation:[0.6234898018587346f,0f,0.7818314824680289f,-0.07403941397072485f,0f,1f,0f,0.75f,-0.7818314824680289f,0f,0.6234898018587346f,0.9834674885430784f,0f,0f,0f,1f],start_interpolation:0}
execute if entity @s[tag=aj.cutscenes.locator_origin.head2] at @s on origin run tp @s ^0 ^0.72002 ^2.14407 ~-180 ~-37.5
execute if entity @s[tag=aj.cutscenes.bone.bottom5] run data modify entity @s {} merge value {transformation:[0.9763824522960998f,-0.11502499706672469f,-0.18288399847459205f,0.40228015253518706f,0.11292007583994654f,0.9933623155785749f,-0.021917263986924063f,0.3795627635273749f,0.18419110543279588f,0.000748356981510212f,0.9828901650954052f,2.0793007479746226f,0f,0f,0f,1f],start_interpolation:0}
execute if entity @s[tag=aj.cutscenes.bone.rightarm2] run data modify entity @s {} merge value {transformation:[0.9763824522960998f,-0.11502499706672469f,-0.18288399847459205f,0.31249999999999967f,0.11292007583994654f,0.9933623155785749f,-0.021917263986924063f,0.620845837682022f,0.18419110543279588f,0.000748356981510212f,0.9828901650954052f,2.0679758931304506f,0f,0f,0f,1f],start_interpolation:0}
execute if entity @s[tag=aj.cutscenes.bone.bottom6] run data modify entity @s {} merge value {transformation:[0.9763824522960998f,0.11502499706672469f,0.18288399847459155f,-0.40228015253518773f,-0.11292007583994654f,0.9933623155785749f,-0.021917263986924063f,0.3795627635273749f,-0.1841911054327954f,0.000748356981510323f,0.9828901650954054f,2.079300747974622f,0f,0f,0f,1f],start_interpolation:0}
execute if entity @s[tag=aj.cutscenes.bone.leftarm2] run data modify entity @s {} merge value {transformation:[0.9763824522960998f,0.11502499706672469f,0.18288399847459155f,-0.31250000000000033f,-0.11292007583994654f,0.9933623155785749f,-0.021917263986924063f,0.620845837682022f,-0.1841911054327954f,0.000748356981510323f,0.9828901650954054f,2.06797589313045f,0f,0f,0f,1f],start_interpolation:0}
execute if entity @s[tag=aj.cutscenes.locator_origin.mount2] at @s on origin run tp @s ^0 ^0.95916 ^2.21693 ~-180 ~-16.94314
execute if entity @s[tag=aj.cutscenes.bone.head2] run data modify entity @s {} merge value {transformation:[1f,-7.137795278921302e-17f,-2.34298056249076e-16f,-3.3379489266744253e-16f,0f,0.9565944091480231f,-0.2914226078854293f,0.7200150052184264f,2.4492935982947064e-16f,0.2914226078854293f,0.9565944091480231f,2.1440710717565405f,0f,0f,0f,1f],start_interpolation:0}
execute if entity @s[tag=aj.cutscenes.bone.upper2] run data modify entity @s {} merge value {transformation:[1f,-1.4910354709597969e-16f,-1.943155257561044e-16f,-2.2196723234545778e-16f,0f,0.7933533402912352f,-0.6087614290087207f,0.125f,2.4492935982947064e-16f,0.6087614290087207f,0.7933533402912352f,1.6875f,0f,0f,0f,1f],start_interpolation:0}
execute if entity @s[tag=aj.cutscenes.bone.bottom7] run data modify entity @s {} merge value {transformation:[0.9622501286096566f,-0.2690516075260029f,-0.04105998634160705f,0.14487441748775037f,0.14415265413281164f,0.6317860548610034f,-0.7616208986035214f,0.33016936604947866f,0.23085645387808687f,0.7269509016232413f,0.6467207158673609f,1.3410721505938532f,0f,0f,0f,1f],start_interpolation:0}
execute if entity @s[tag=aj.cutscenes.bone.rightleg2] run data modify entity @s {} merge value {transformation:[0.9622501286096566f,-0.06435313338860871f,0.2644491713236538f,0.1187499999999998f,0.14415265413281164f,-0.7036589182756754f,-0.6957615532907613f,0.109375f,0.23085645387808687f,0.7076176940652168f,-0.6678192096283698f,1.5607598271524954f,0f,0f,0f,1f],start_interpolation:0}
execute if entity @s[tag=aj.cutscenes.bone.bottom8] run data modify entity @s {} merge value {transformation:[0.9622501286096569f,0.26905160752600255f,0.04105998634160674f,-0.14487441748775065f,-0.14415265413281164f,0.6317860548610034f,-0.7616208986035214f,0.33016936604947866f,-0.23085645387808643f,0.7269509016232415f,0.6467207158673609f,1.3410721505938532f,0f,0f,0f,1f],start_interpolation:0}
execute if entity @s[tag=aj.cutscenes.bone.leftleg2] run data modify entity @s {} merge value {transformation:[0.9622501286096569f,0.06435313338860837f,-0.2644491713236535f,-0.11875000000000019f,-0.14415265413281164f,-0.7036589182756754f,-0.6957615532907613f,0.109375f,-0.23085645387808643f,0.7076176940652168f,-0.66781920962837f,1.5607598271524954f,0f,0f,0f,1f],start_interpolation:0}
execute if entity @s[tag=aj.cutscenes.camera_origin.camera] at @s on origin run tp @s ^-2.01202 ^-0.12 ^1.6875 ~-90 ~0