execute if entity @s[tag=aj.cutscenes.locator_origin.head] at @s on origin run tp @s ^-0.00427 ^1.49929 ^0.03243 ~7.5 ~2.5
execute if entity @s[tag=aj.cutscenes.bone.blade2] run data modify entity @s {} merge value {transformation:[-0.008540208809653433f,0.1309155449485046f,1.4942517140442984f,-0.344352143166029f,1.4985723323727866f,-0.06387815057669283f,0.014161445042355175f,0.8735253012960391f,0.06486932618945415f,1.4929101453100713f,-0.1304272538620237f,0.3017694253080234f,0f,0f,0f,1f],start_interpolation:0}
execute if entity @s[tag=aj.cutscenes.bone.heart] run data modify entity @s {} merge value {transformation:[-8.727702996566975e-7f,-5.693472539768735e-8f,0.000009961678093628657f,-0.2964416123421373f,4.2585433717795223e-7f,0.000009990482215818578f,9.440963361569895e-8f,0.7122801193720536f,-0.000009952734302067141f,4.3246217459636085e-7f,-8.695150257468249e-7f,-0.07123742745646759f,0f,0f,0f,1f],start_interpolation:0}
execute if entity @s[tag=aj.cutscenes.bone.bottom2] run data modify entity @s {} merge value {transformation:[-0.9961678093628655f,-0.005693472539768735f,-0.08727702996566952f,-0.3835766346508279f,-0.009440963361569885f,0.9990482215818578f,0.04258543371779522f,1.1519531280606965f,0.08695150257468226f,0.04324621745963608f,-0.9952734302067141f,-0.12327985791412929f,0f,0f,0f,1f],start_interpolation:0}
execute if entity @s[tag=aj.cutscenes.bone.rightarm] run data modify entity @s {} merge value {transformation:[-0.9961678093628655f,0.03172482819591046f,-0.08150601735534281f,-0.31338493951667123f,-0.009440963361569885f,0.8874478008714659f,0.4608115329928328f,1.374405138488661f,0.08695150257468226f,0.4598151106742134f,-0.8837474187773711f,-0.0137605491564936f,0f,0f,0f,1f],start_interpolation:0}
execute if entity @s[tag=aj.cutscenes.bone.blade] run data modify entity @s {} merge value {transformation:[-0.029309988542416135f,-0.9201317494461092f,-1.1842712899639531f,0.14854076988350923f,-1.159582927982542f,0.7650637152922718f,-0.565725149409694f,1.1904299710159512f,0.9510564429638645f,0.9044529148631387f,-0.7262620512545686f,0.5984683986887052f,0f,0f,0f,1f],start_interpolation:0}
execute if entity @s[tag=aj.cutscenes.bone.bottom] run data modify entity @s {} merge value {transformation:[-0.7895141933093023f,0.01953999236161058f,0.613421166297406f,0.4220912829142607f,-0.3771500996064627f,0.7730552853216945f,-0.5100424768615146f,1.1676720649371173f,-0.48417470083637876f,-0.6340376286425764f,-0.6029686099087592f,0.16907382123305487f,0f,0f,0f,1f],start_interpolation:0}
execute if entity @s[tag=aj.cutscenes.bone.leftarm] run data modify entity @s {} merge value {transformation:[-0.7895141933093023f,-0.26591418796187605f,0.5531337841822154f,0.30626809884196027f,-0.3771500996064627f,0.9212198191077905f,-0.09545599640591007f,1.374405138488661f,-0.48417470083637876f,-0.2839783257989699f,-0.8276056848200217f,0.06781832098103871f,0f,0f,0f,1f],start_interpolation:0}
execute if entity @s[tag=aj.cutscenes.locator_origin.mount] at @s on origin run tp @s ^-0.00425 ^1.74551 ^0.07572 ~-2.5669 ~9.96178
execute if entity @s[tag=aj.cutscenes.bone.head] run data modify entity @s {} merge value {transformation:[-0.9990266489192344f,0.00006467762805839952f,-0.04411066272466191f,-0.004270104404826555f,-0.007574427126938522f,0.9848942496532505f,0.1729911704499958f,1.4992861661863932f,0.043455526724493265f,0.17315690230760433f,-0.9839351118749304f,0.03243466309472706f,0f,0f,0f,1f],start_interpolation:0}
execute if entity @s[tag=aj.cutscenes.bone.upper] run data modify entity @s {} merge value {transformation:[-0.9914448613738104f,-0.005693472539768741f,0.13040196020729433f,0f,0f,0.9990482215818578f,0.04361938736533599f,0.75f,-0.13052619222005168f,0.04324621745963608f,-0.9905012255519768f,0f,0f,0f,0f,1f],start_interpolation:0}
execute if entity @s[tag=aj.cutscenes.bone.bottom3] run data modify entity @s {} merge value {transformation:[-0.9659258262890683f,-0.022557566113149824f,0.25783416049629965f,-0.15896880358512389f,0f,0.9961946980917454f,0.08715574274765814f,0.4667788165510469f,-0.25881904510252085f,0.08418598282936912f,-0.9622501868990582f,0.12595047274208884f,0f,0f,0f,1f],start_interpolation:0}
execute if entity @s[tag=aj.cutscenes.bone.rightleg] run data modify entity @s {} merge value {transformation:[-0.9659258262890683f,0.10938165494661505f,0.23456971600980456f,-0.11875f,0f,0.9063077870366499f,-0.4226182617406994f,0.75f,-0.25881904510252085f,-0.4082178936767348f,-0.875426098065593f,-1.4542680739874818e-17f,0f,0f,0f,1f],start_interpolation:0}
execute if entity @s[tag=aj.cutscenes.bone.bottom4] run data modify entity @s {} merge value {transformation:[-0.9961946980917455f,0.007596123493895957f,-0.08682408883346504f,0.1285312503727491f,0f,0.9961946980917454f,0.08715574274765817f,0.44017348082068425f,0.08715574274765804f,0.08682408883346515f,-0.992403876506104f,0.04008949556148948f,0f,0f,0f,1f],start_interpolation:0}
execute if entity @s[tag=aj.cutscenes.bone.leftleg] run data modify entity @s {} merge value {transformation:[-0.9961946980917455f,-0.011376107230962182f,-0.0864101132863833f,0.11875f,0f,0.9914448613738104f,-0.1305261922200516f,0.75f,0.08715574274765804f,-0.13002950065171945f,-0.9876721143508955f,1.4542680739874818e-17f,0f,0f,0f,1f],start_interpolation:0}
execute if entity @s[tag=aj.cutscenes.locator_origin.head2] at @s on origin run tp @s ^0 ^0.73936 ^1.93018 ~-180 ~-35
execute if entity @s[tag=aj.cutscenes.bone.bottom5] run data modify entity @s {} merge value {transformation:[0.9763825931187717f,-0.1305260991885858f,-0.1721626245306299f,0.40615543686706934f,0.12084634575616846f,0.9905012389810973f,-0.0656007339462874f,0.396897614545106f,0.17908990080974346f,0.043246190670652884f,0.9828817703164678f,1.8588668438523497f,0f,0f,0f,1f],start_interpolation:0}
execute if entity @s[tag=aj.cutscenes.bone.rightarm2] run data modify entity @s {} merge value {transformation:[0.9763825931187717f,-0.1305260991885858f,-0.1721626245306299f,0.31249999999999967f,0.12084634575616846f,0.9905012389810973f,-0.0656007339462874f,0.6369700276806198f,0.17908990080974346f,0.043246190670652884f,0.9828817703164678f,1.858485272719404f,0f,0f,0f,1f],start_interpolation:0}
execute if entity @s[tag=aj.cutscenes.bone.bottom6] run data modify entity @s {} merge value {transformation:[0.9763824522960998f,0.13052668294960432f,0.17216298059230933f,-0.4061555740059076f,-0.12084690412590965f,0.9905011643361856f,-0.06560083240206405f,0.39689766810444277f,-0.1790902917844449f,0.043246138403723045f,0.9828817013769908f,1.8588668813550007f,0f,0f,0f,1f],start_interpolation:0}
execute if entity @s[tag=aj.cutscenes.bone.leftarm2] run data modify entity @s {} merge value {transformation:[0.9763824522960998f,0.13052668294960432f,0.17216298059230933f,-0.31250000000000033f,-0.12084690412590965f,0.9905011643361856f,-0.06560083240206405f,0.6369700276806198f,-0.1790902917844449f,0.043246138403723045f,0.9828817013769908f,1.8584852727194037f,0f,0f,0f,1f],start_interpolation:0}
execute if entity @s[tag=aj.cutscenes.locator_origin.mount2] at @s on origin run tp @s ^0 ^0.98085 ^1.99489 ~-180 ~-15
execute if entity @s[tag=aj.cutscenes.bone.head2] run data modify entity @s {} merge value {transformation:[1f,-6.339238302863531e-17f,-2.3658359427573397e-16f,-3.04369386887993e-16f,0f,0.9659258262890683f,-0.25881904510252074f,0.7393640332167438f,2.4492935982947064e-16f,0.25881904510252074f,0.9659258262890683f,1.9301823272632845f,0f,0f,0f,1f],start_interpolation:0}
execute if entity @s[tag=aj.cutscenes.bone.upper2] run data modify entity @s {} merge value {transformation:[1f,-1.4048570936873082e-16f,-2.0063438581070495e-16f,-1.990051048614449e-16f,0f,0.8191520442889918f,-0.573576436351046f,0.125f,2.4492935982947064e-16f,0.573576436351046f,0.8191520442889918f,1.5f,0f,0f,0f,1f],start_interpolation:0}
execute if entity @s[tag=aj.cutscenes.bone.bottom7] run data modify entity @s {} merge value {transformation:[0.9622501286096565f,-0.26905160752600293f,-0.04105998634160705f,0.15200047400163474f,0.14415265413281164f,0.6317860548610034f,-0.7616208986035221f,0.3103827255567303f,0.23085645387808695f,0.7269509016232417f,0.6467207158673609f,1.137964954605491f,0f,0f,0f,1f],start_interpolation:0}
execute if entity @s[tag=aj.cutscenes.bone.rightleg2] run data modify entity @s {} merge value {transformation:[0.9622501286096565f,-0.08715651423303863f,0.2578341172487564f,0.11874999999999983f,0.14415265413281164f,-0.6403416686988808f,-0.7544418861876641f,0.109375f,0.23085645387808695f,0.7631292743399904f,-0.6036050102079634f,1.375f,0f,0f,0f,1f],start_interpolation:0}
execute if entity @s[tag=aj.cutscenes.bone.bottom8] run data modify entity @s {} merge value {transformation:[0.9622501726734228f,0.26905156189833473f,0.0410592526726255f,-0.15200024601263906f,-0.1441531758741866f,0.6317859703782126f,-0.7616208699337523f,0.31038272457888616f,-0.23085594442282353f,0.726950991933656f,0.6467207962106362f,1.1379649217948584f,0f,0f,0f,1f],start_interpolation:0}
execute if entity @s[tag=aj.cutscenes.bone.leftleg2] run data modify entity @s {} merge value {transformation:[0.9622501726734228f,0.08715578378697601f,-0.25783419971455657f,-0.11875000000000016f,-0.1441531758741866f,-0.6403416551349519f,-0.7544417980099034f,0.109375f,-0.23085594442282353f,0.7631293691449097f,-0.6036050851948963f,1.375f,0f,0f,0f,1f],start_interpolation:0}
execute if entity @s[tag=aj.cutscenes.bone.projectile1] run data modify entity @s {} merge value {transformation:[-1.608122649676637e-21f,-2.7259097756626418e-21f,-0.00001f,-0.5588618749999997f,-0.000008660254037844387f,-0.000004999999999999998f,1.665334536937735e-21f,5.583745625f,-0.000004999999999999999f,0.000008660254037844387f,-3.445092848397666e-21f,-1.796054375f,0f,0f,0f,1f],start_interpolation:0}
execute if entity @s[tag=aj.cutscenes.bone.projectile2] run data modify entity @s {} merge value {transformation:[-1.0696544890224632e-21f,-4.3046344599557475e-21f,-0.000009999999999999999f,0.6005131250000004f,-0.0000034202014332566873f,-0.00000939692620785908f,3.885780586188048e-21f,10.896245625f,-0.000009396926207859082f,0.0000034202014332566873f,-3.445092848397666e-21f,-3.3273043749999998f,0f,0f,0f,1f],start_interpolation:0}
execute if entity @s[tag=aj.cutscenes.camera_origin.camera] at @s on origin run tp @s ^-2.29687 ^-0.12 ^0.75 ~-90 ~0