execute if entity @s[tag=aj.cutscenes.locator_origin.head] at @s on origin run tp @s ^-1.15725 ^1.25951 ^1.84138 ~-94.94153 ~-23.02183
execute if entity @s[tag=aj.cutscenes.bone.blade2] run data modify entity @s {} merge value {transformation:[2.970664545994484e-7f,0.0000010669397366484275f,-0.000009938480322459382f,-1.0349448228247138f,-0.0000083435861941615f,0.0000055016479496118764f,3.412319726068113e-7f,1.914225124494864f,0.000005504209383930575f,0.00000828211986371195f,0.0000010536458707547647f,2.800638083248282f,0f,0f,0f,1f],start_interpolation:0}
execute if entity @s[tag=aj.cutscenes.bone.heart] run data modify entity @s {} merge value {transformation:[-0.9938480322459381f,-0.0501793673693003f,0.09873256753115359f,-0.9723623195941858f,0.03412319726068123f,-0.9868396489183668f,-0.15806047808159993f,1.841530401421747f,0.10536458707547634f,-0.1537190242393311f,0.9824809236709495f,2.36863761516431f,0f,0f,0f,1f],start_interpolation:0}
execute if entity @s[tag=aj.cutscenes.bone.bottom2] run data modify entity @s {} merge value {transformation:[0.09873256753115381f,-0.0501793673693003f,0.9938480322459381f,-1.0781309558081658f,-0.15806047808159993f,-0.9868396489183668f,-0.03412319726068119f,1.4223327096860523f,0.9824809236709495f,-0.1537190242393311f,-0.10536458707547657f,2.24821209269544f,0f,0f,0f,1f],start_interpolation:0}
execute if entity @s[tag=aj.cutscenes.bone.rightarm] run data modify entity @s {} merge value {transformation:[0.10153219147305399f,-0.0442414160663529f,0.9938480322459381f,-1.0955370717918198f,-0.09931361848270874f,-0.9944709209386569f,-0.03412319726068119f,1.1799220806065573f,0.9898626264682135f,-0.09523804130631955f,-0.10536458707547657f,2.1625361682145967f,0f,0f,0f,1f],start_interpolation:0}
execute if entity @s[tag=aj.cutscenes.bone.blade] run data modify entity @s {} merge value {transformation:[-0.4745102496473021f,0.000009085844883736281f,0.0000027276936519503258f,-0.4183620995275814f,-1.3826940889138002f,-0.0000022648074675642074f,-0.0000031464026514757497f,0.7000547459379791f,-0.33615038221380894f,-0.00000350971079770807f,0.000009091745580244546f,1.135837344046606f,0f,0f,0f,1f],start_interpolation:0}
execute if entity @s[tag=aj.cutscenes.bone.bottom] run data modify entity @s {} merge value {transformation:[0.27276936519503286f,-0.5628235757240285f,-0.7802733469882958f,-0.9903132926461142f,-0.314640265147575f,0.714242665419509f,-0.6251871067466914f,0.945004963725717f,0.9091745580244548f,0.41603730301939745f,0.01773655934457316f,1.3927683022222865f,0f,0f,0f,1f],start_interpolation:0}
execute if entity @s[tag=aj.cutscenes.bone.leftarm] run data modify entity @s {} merge value {transformation:[0.24020871910298414f,-0.5774714497242146f,-0.7802733469882958f,-1.1196681101332313f,-0.2733710225073237f,0.7310330810647362f,-0.6251871067466914f,1.1106775450851933f,0.9314333338034473f,0.36347951681272556f,0.01773655934457316f,1.5418527647881834f,0f,0f,0f,1f],start_interpolation:0}
execute if entity @s[tag=aj.cutscenes.locator_origin.mount] at @s on origin run tp @s ^-1.25973 ^1.48733 ^1.8318 ~-97.5907 ~-23.76532
execute if entity @s[tag=aj.cutscenes.bone.head] run data modify entity @s {} merge value {transformation:[0.09471962766438405f,-0.40993376707259266f,-0.9071838285313477f,-1.1572481091550306f,0.08434417782352635f,0.9113089527781628f,-0.40299137987510536f,1.2595077044091334f,0.9919245192061711f,-0.03834448069854913f,0.12089437124020613f,1.8413833598016682f,0f,0f,0f,1f],start_interpolation:0}
execute if entity @s[tag=aj.cutscenes.bone.upper] run data modify entity @s {} merge value {transformation:[0.03860966134625835f,-0.3971641455400405f,-0.9169350770628075f,-0.8593750000000002f,0.11079125683418255f,0.9136631325060632f,-0.39108180436874096f,0.5742603550295858f,0.9930934454822614f,-0.08648885359777574f,0.07927853898447595f,1.90625f,0f,0f,0f,1f],start_interpolation:0}
execute if entity @s[tag=aj.cutscenes.locator_origin.head2] at @s on origin run tp @s ^0 ^0.125 ^2.4375 ~-180 ~-90
execute if entity @s[tag=aj.cutscenes.locator_origin.mount2] at @s on origin run tp @s ^0 ^0.125 ^2.6875 ~-180 ~-90
execute if entity @s[tag=aj.cutscenes.camera_origin.camera] at @s on origin run tp @s ^3.375 ^-0.44813 ^1.90625 ~90 ~-20