execute if entity @s[tag=aj.cutscenes.locator_origin.head] at @s on origin run tp @s ^-0.21183 ^1.46946 ^0.89063 ~-90 ~-16.40625
execute if entity @s[tag=aj.cutscenes.bone.blade2] run data modify entity @s {} merge value {transformation:[-0.8096415163305759f,1.2351613403422392f,0.2624063230143095f,0.48943834902683975f,0.4660573360223504f,0.002600182566668441f,1.4257572719752725f,1.3364006017604617f,1.1735719724727909f,0.8510991143072496f,-0.38517414639580916f,2.0645071845926144f,0f,0f,0f,1f],start_interpolation:0}
execute if entity @s[tag=aj.cutscenes.bone.heart] run data modify entity @s {} merge value {transformation:[-0.0000047958550934034695f,-0.00000529826284438407f,0.000006994868458727101f,0.11303521907846159f,-0.000008182191218486555f,-1.7999029513899146e-7f,-0.000005746246632174542f,1.3660260604722434f,0.0000031704133464262194f,-0.00000847915174563323f,-0.000004248819234484742f,1.7713064728088983f,0f,0f,0f,1f],start_interpolation:0}
execute if entity @s[tag=aj.cutscenes.bone.bottom2] run data modify entity @s {} merge value {transformation:[-0.6994868458727102f,-0.529826284438407f,-0.4795855093403467f,-0.2108788081143615f,0.574624663217454f,-0.017999029513899145f,-0.8182191218486556f,1.33912066797935f,0.4248819234484742f,-0.8479151745633229f,0.31704133464262185f,1.4583063384758115f,0f,0f,0f,1f],start_interpolation:0}
execute if entity @s[tag=aj.cutscenes.bone.rightarm] run data modify entity @s {} merge value {transformation:[-0.7383210167408082f,-0.04718027193828431f,-0.6727972192114418f,-0.17652881255263206f,0.6520973967195663f,0.20474960265597594f,-0.7299634137433083f,1.349551981348371f,0.1721948356669958f,-0.9776766449864954f,-0.12040480230276024f,1.2031250000000004f,0f,0f,0f,1f],start_interpolation:0}
execute if entity @s[tag=aj.cutscenes.bone.blade] run data modify entity @s {} merge value {transformation:[0.8096411642080943f,1.2351616111447608f,0.2624061347873565f,0.4894381043846286f,-0.4660578962489901f,0.002600672724333508f,1.4257570879519923f,1.3364014629437573f,1.1735719929189377f,-0.8510987198061448f,0.38517495580659616f,-0.2832573868826168f,0f,0f,0f,1f],start_interpolation:0}
execute if entity @s[tag=aj.cutscenes.bone.bottom] run data modify entity @s {} merge value {transformation:[0.6994871838248131f,-0.5298260320505561f,-0.4795852952566364f,-0.2108788781451288f,-0.5746247036335795f,-0.017999830222455993f,-0.818219075850706f,1.3391208364900693f,0.4248813124142467f,0.8479153152724189f,-0.3170417771960369f,0.3229436640627176f,0f,0f,0f,1f],start_interpolation:0}
execute if entity @s[tag=aj.cutscenes.bone.leftarm] run data modify entity @s {} merge value {transformation:[0.7383213104519428f,-0.04718006524300572f,-0.672796911390199f,-0.17652881255263378f,-0.6520972430335908f,0.20474889019160414f,-0.7299637508762309f,1.349551981348371f,0.1721941583228521f,0.9776768041684184f,0.12040447844873708f,0.5781250000000004f,0f,0f,0f,1f],start_interpolation:0}
execute if entity @s[tag=aj.cutscenes.locator_origin.mount] at @s on origin run tp @s ^-0.28245 ^1.70928 ^0.89063 ~-90 ~-16.40625
execute if entity @s[tag=aj.cutscenes.bone.head] run data modify entity @s {} merge value {transformation:[2.764115184110672e-15f,-0.2824461000842125f,-0.9592831701573936f,-0.2118345750631595f,0f,0.9592831701573936f,-0.2824461000842125f,1.4694623776180453f,1f,7.807135539356143e-16f,2.651569176493873e-15f,0.8906250000000006f,0f,0f,0f,1f],start_interpolation:0}
execute if entity @s[tag=aj.cutscenes.bone.upper] run data modify entity @s {} merge value {transformation:[2.764115184110672e-15f,-0.2824461000842125f,-0.9592831701573936f,-1.0907010554906114e-16f,0f,0.9592831701573936f,-0.2824461000842125f,0.75f,1f,7.807135539356143e-16f,2.651569176493873e-15f,0.890625f,0f,0f,0f,1f],start_interpolation:0}
execute if entity @s[tag=aj.cutscenes.bone.bottom3] run data modify entity @s {} merge value {transformation:[2.764115184110672e-15f,0f,-1f,2.3644429246477284e-16f,0f,1f,0f,0.4375f,1f,0f,2.764115184110672e-15f,1.015625f,0f,0f,0f,1f],start_interpolation:0}
execute if entity @s[tag=aj.cutscenes.bone.rightleg] run data modify entity @s {} merge value {transformation:[2.764115184110672e-15f,0f,-1f,2.1916857256408112e-16f,0f,1f,0f,0.75f,1f,0f,2.764115184110672e-15f,1.009375f,0f,0f,0f,1f],start_interpolation:0}
execute if entity @s[tag=aj.cutscenes.bone.bottom4] run data modify entity @s {} merge value {transformation:[2.764115184110672e-15f,0f,-1f,-4.545845035628951e-16f,0f,1f,0f,0.4375f,1f,0f,2.764115184110672e-15f,0.765625f,0f,0f,0f,1f],start_interpolation:0}
execute if entity @s[tag=aj.cutscenes.bone.leftleg] run data modify entity @s {} merge value {transformation:[2.764115184110672e-15f,0f,-1f,-4.373087836622034e-16f,0f,1f,0f,0.75f,1f,0f,2.764115184110672e-15f,0.771875f,0f,0f,0f,1f],start_interpolation:0}
execute if entity @s[tag=aj.cutscenes.locator_origin.head2] at @s on origin run tp @s ^0 ^0.70186 ^2.1668 ~-180 ~-39.72222
execute if entity @s[tag=aj.cutscenes.bone.bottom5] run data modify entity @s {} merge value {transformation:[0.9763824522960998f,-0.08345619850601463f,-0.1992796271051792f,0.39438795289500955f,0.10569307608432882f,0.9889794647695378f,0.10367541623736615f,0.3650807951139891f,0.1884311028362539f,-0.12228933393834274f,0.9744429374205704f,2.12926564104194f,0f,0f,0f,1f],start_interpolation:0}
execute if entity @s[tag=aj.cutscenes.bone.rightarm2] run data modify entity @s {} merge value {transformation:[0.9763824522960998f,-0.08345619850601463f,-0.1992796271051792f,0.31249999999999967f,0.10569307608432882f,0.9889794647695378f,0.10367541623736615f,0.605719844051103f,0.1884311028362539f,-0.12228933393834274f,0.9744429374205704f,2.0869163636300887f,0f,0f,0f,1f],start_interpolation:0}
execute if entity @s[tag=aj.cutscenes.bone.bottom6] run data modify entity @s {} merge value {transformation:[0.9763824522960998f,0.08345619850601468f,0.1992796271051787f,-0.3943879528950103f,-0.10569307608432882f,0.9889794647695378f,0.10367541623736615f,0.3650807951139891f,-0.1884311028362534f,-0.12228933393834274f,0.9744429374205705f,2.12926564104194f,0f,0f,0f,1f],start_interpolation:0}
execute if entity @s[tag=aj.cutscenes.bone.leftarm2] run data modify entity @s {} merge value {transformation:[0.9763824522960998f,0.08345619850601468f,0.1992796271051787f,-0.31250000000000033f,-0.10569307608432882f,0.9889794647695378f,0.10367541623736615f,0.605719844051103f,-0.1884311028362534f,-0.12228933393834274f,0.9744429374205705f,2.0869163636300887f,0f,0f,0f,1f],start_interpolation:0}
execute if entity @s[tag=aj.cutscenes.locator_origin.mount2] at @s on origin run tp @s ^0 ^0.93929 ^2.2451 ~-180 ~-18.25114
execute if entity @s[tag=aj.cutscenes.bone.head2] run data modify entity @s {} merge value {transformation:[1f,-7.670763386759739e-17f,-2.3260767444972433e-16f,-3.3936178544465696e-16f,0f,0.9496929017071488f,-0.31318268222725215f,0.7018638128613237f,2.4492935982947064e-16f,0.31318268222725215f,0.9496929017071488f,2.1667996363561066f,0f,0f,0f,1f],start_interpolation:0}
execute if entity @s[tag=aj.cutscenes.bone.upper2] run data modify entity @s {} merge value {transformation:[1f,-1.5652607079893229e-16f,-1.8838784585721542e-16f,-2.2196723234545778e-16f,0f,0.7691517504817649f,-0.6390661818081419f,0.125f,2.4492935982947064e-16f,0.6390661818081419f,0.7691517504817649f,1.6875f,0f,0f,0f,1f],start_interpolation:0}
execute if entity @s[tag=aj.cutscenes.bone.bottom7] run data modify entity @s {} merge value {transformation:[0.9622501286096566f,-0.2677435671112135f,-0.04886790625003634f,0.14084583931967473f,0.14415265413281161f,0.6536703074471871f,-0.7429233752335197f,0.3404479493014192f,0.23085645387808684f,0.7078336749777183f,0.6675902832354376f,1.3485887976393667f,0f,0f,0f,1f],start_interpolation:0}
execute if entity @s[tag=aj.cutscenes.bone.rightleg2] run data modify entity @s {} merge value {transformation:[0.9622501286096566f,-0.0514616832507666f,0.26725715172413445f,0.1187499999999998f,0.14415265413281161f,-0.7365503846818853f,-0.6608430548408846f,0.109375f,0.23085645387808684f,0.6744221422684491f,-0.701327364160896f,1.557902864261519f,0f,0f,0f,1f],start_interpolation:0}
execute if entity @s[tag=aj.cutscenes.bone.bottom8] run data modify entity @s {} merge value {transformation:[0.9622501286096569f,0.26774356711121317f,0.04886790625003601f,-0.140845839319675f,-0.14415265413281161f,0.6536703074471871f,-0.7429233752335197f,0.3404479493014192f,-0.2308564538780864f,0.7078336749777185f,0.6675902832354376f,1.3485887976393665f,0f,0f,0f,1f],start_interpolation:0}
execute if entity @s[tag=aj.cutscenes.bone.leftleg2] run data modify entity @s {} merge value {transformation:[0.9622501286096569f,0.05146168325076627f,-0.2672571517241341f,-0.11875000000000019f,-0.14415265413281161f,-0.7365503846818853f,-0.6608430548408846f,0.109375f,-0.2308564538780864f,0.6744221422684491f,-0.7013273641608962f,1.5579028642615187f,0f,0f,0f,1f],start_interpolation:0}
execute if entity @s[tag=aj.cutscenes.camera_origin.camera] at @s on origin run tp @s ^-2.40865 ^-0.12 ^1.6875 ~-90 ~0