execute if entity @s[tag=aj.cutscenes.locator_origin.head] at @s on origin run tp @s ^-0.01841 ^11.97025 ^-3.49584 ~-35.11136 ~-0.6217
execute if entity @s[tag=aj.cutscenes.bone.blade2] run data modify entity @s {} merge value {transformation:[-0.0000056624843005135f,-0.000005904101325926408f,0.000005751335417068997f,-0.6705290771452358f,0.000007269369982129982f,-0.0000068661843001892185f,1.0850446415989017e-7f,11.00782543411626f,0.000003884910759508601f,0.000004242298986284339f,0.000008179875775439697f,-2.9853606488965205f,0f,0f,0f,1f],start_interpolation:0}
execute if entity @s[tag=aj.cutscenes.bone.heart] run data modify entity @s {} merge value {transformation:[-0.000005751335417068998f,-1.860683042452137e-7f,0.000008178479046040475f,-0.19887343381619313f,-1.0850446415988936e-7f,0.000009998268617604475f,1.511668994287496e-7f,11.151580841788636f,-0.000008179875775439696f,-1.7989943960429902e-9f,-0.0000057523585651447365f,-3.262590306396602f,0f,0f,0f,1f],start_interpolation:0}
execute if entity @s[tag=aj.cutscenes.bone.bottom2] run data modify entity @s {} merge value {transformation:[-0.8178479046040477f,-0.018606830424521367f,-0.5751335417068996f,-0.31584059761996397f,-0.015116689942874961f,0.9998268617604474f,-0.01085044641598893f,11.586976411280796f,0.5752358565144734f,-0.000179899439604299f,-0.8179875775439697f,-3.2816339906068586f,0f,0f,0f,1f],start_interpolation:0}
execute if entity @s[tag=aj.cutscenes.bone.rightarm] run data modify entity @s {} merge value {transformation:[-0.817691066869587f,-0.024550526783651508f,-0.5751335417068996f,-0.2708725376365277f,-0.02238311695569045f,0.9996905840748534f,-0.01085044641598893f,11.83829800210924f,0.5752219704053597f,0.004000968223264726f,-0.8179875775439697f,-3.3165851217013773f,0f,0f,0f,1f],start_interpolation:0}
execute if entity @s[tag=aj.cutscenes.bone.blade] run data modify entity @s {} merge value {transformation:[0.5126139507033157f,0.9640095955409502f,1.0285487043642174f,0.8575445904492419f,-0.9666893004057129f,1.036966325764161f,-0.4901149209239481f,12.310010027684852f,-1.0260305716816878f,-0.49536485436105293f,0.9756407776627626f,-4.1619107976224905f,0f,0f,0f,1f],start_interpolation:0}
execute if entity @s[tag=aj.cutscenes.bone.bottom] run data modify entity @s {} merge value {transformation:[0.6856991362428119f,-0.7224624759798748f,-0.08868294851260945f,0.39530603338804066f,-0.3267432806159652f,-0.19664192108210835f,-0.9244299775783205f,11.915920187433343f,0.6504271851085085f,0.6628573946741232f,-0.37089695495872654f,-3.871788395954563f,0f,0f,0f,1f],start_interpolation:0}
execute if entity @s[tag=aj.cutscenes.bone.leftarm] run data modify entity @s {} merge value {transformation:[0.623894793531787f,-0.7764603153072528f,-0.08868294851260945f,0.24018437915696414f,-0.3418227168124442f,-0.1690752697040732f,-0.9244299775783205f,11.852287450206548f,0.7027890984320176f,0.6070608963913391f,-0.37089695495872654f,-3.676098853204727f,0f,0f,0f,1f],start_interpolation:0}
execute if entity @s[tag=aj.cutscenes.locator_origin.mount] at @s on origin run tp @s ^-0.03002 ^12.21984 ^-3.50428 ~-30.05424 ~-3.00688
execute if entity @s[tag=aj.cutscenes.bone.head] run data modify entity @s {} merge value {transformation:[-0.8647056964990217f,-0.04641006949921028f,-0.5001301469529912f,-0.0184128950877382f,-0.023243621154555458f,0.9983527047878771f,-0.052455799663655454f,11.97025404916725f,0.501740762264504f,-0.033733993119826854f,-0.8643600090184794f,-3.495841866425144f,0f,0f,0f,1f],start_interpolation:0}
execute if entity @s[tag=aj.cutscenes.bone.upper] run data modify entity @s {} merge value {transformation:[-0.817691066869587f,-0.024550526783651508f,-0.5751335417068996f,4.284846381738945e-16f,-0.02238311695569045f,0.9996905840748534f,-0.01085044641598893f,11.22048611111111f,0.5752219704053597f,0.004000968223264726f,-0.8179875775439697f,-3.4988425925925926f,0f,0f,0f,1f],start_interpolation:0}
execute if entity @s[tag=aj.cutscenes.bone.bottom3] run data modify entity @s {} merge value {transformation:[-0.9914448613738105f,-0.03924998298777886f,0.12448504203688393f,-0.11268091069990499f,3.469446951953614e-18f,0.9537169507482269f,0.30070579950427306f,10.92244956400229f,-0.13052619222005094f,0.29813321970381484f,-0.9455577700244291f,-3.59282501245141f,0f,0f,0f,1f],start_interpolation:0}
execute if entity @s[tag=aj.cutscenes.bone.rightleg] run data modify entity @s {} merge value {transformation:[-0.9914448613738105f,-0.03924998298777886f,0.12448504203688393f,-0.11874999999999956f,3.469446951953614e-18f,0.9537169507482269f,0.30070579950427306f,11.22048611111111f,-0.13052619222005094f,0.29813321970381484f,-0.9455577700244291f,-3.4988425925925926f,0f,0f,0f,1f],start_interpolation:0}
execute if entity @s[tag=aj.cutscenes.bone.bottom4] run data modify entity @s {} merge value {transformation:[-0.9848077530122079f,-0.05221701409779454f,-0.16561121050749172f,0.1540616415346335f,-6.938893903907228e-18f,0.9537169507482269f,-0.3007057995042731f,10.956926284294584f,0.17364817766693094f,-0.29613740272754274f,-0.9392278472760159f,-3.3345726374560187f,0f,0f,0f,1f],start_interpolation:0}
execute if entity @s[tag=aj.cutscenes.bone.leftleg] run data modify entity @s {} merge value {transformation:[-0.9848077530122079f,-0.09330109785058167f,-0.14645338762528573f,0.11875000000000042f,-6.938893903907228e-18f,0.8433914458128857f,-0.5372996083468239f,11.22048611111111f,0.17364817766693094f,-0.529136819990375f,-0.8305784346607052f,-3.4988425925925926f,0f,0f,0f,1f],start_interpolation:0}
execute if entity @s[tag=aj.cutscenes.locator_origin.head2] at @s on origin run tp @s ^0 ^0.125 ^2.4375 ~-180 ~-90
execute if entity @s[tag=aj.cutscenes.locator_origin.mount2] at @s on origin run tp @s ^0 ^0.125 ^2.6875 ~-180 ~-90
execute if entity @s[tag=aj.cutscenes.bone.projectile2] run data modify entity @s {} merge value {transformation:[0.18418170595345926f,-0.011394185240844163f,-1.4886058147591559f,0.30363812500000004f,-0.18418170595345934f,-1.4886058147591554f,-0.011394185240843787f,5.786870625f,-1.4772116295183118f,0.18418170595345934f,-0.18418170595345976f,-0.3507418749999999f,0f,0f,0f,1f],start_interpolation:0}
execute if entity @s[tag=aj.cutscenes.camera_origin.camera] at @s on origin run tp @s ^-7.71875 ^10.22375 ^-1.46875 ~-67.5 ~30