execute if entity @s[tag=aj.cutscenes.locator_origin.head] at @s on origin run tp @s ^0 ^1.46771 ^1.10834 ~-180 ~-16.875
execute if entity @s[tag=aj.cutscenes.bone.blade2] run data modify entity @s {} merge value {transformation:[1.1548925763636027f,0.8413126033481355f,-0.4565262758131509f,1.1681827401011515f,0.4949739049249694f,0.0874314211416033f,1.4132786632651353f,1.3991070295810668f,0.8192825950205269f,-1.2387690866520458f,-0.21030259021630748f,0.40621420125231233f,0f,0f,0f,1f],start_interpolation:0}
execute if entity @s[tag=aj.cutscenes.bone.heart] run data modify entity @s {} merge value {transformation:[0.000003601649117067454f,-0.000008422943565652381f,-0.000004010255020240286f,0.8765126562932668f,-0.000008177433793079098f,-7.816425319743243e-7f,-0.000005702509229454763f,1.4011572591446135f,0.000004489732753442594f,0.000005333203225271276f,-0.0000071693265486111625f,0.7849594985162324f,0f,0f,0f,1f],start_interpolation:0}
execute if entity @s[tag=aj.cutscenes.bone.bottom2] run data modify entity @s {} merge value {transformation:[0.4010255020240286f,-0.842294356565238f,0.3601649117067453f,0.5674768763686919f,0.5702509229454761f,-0.07816425319743242f,-0.8177433793079099f,1.3476250502174216f,0.7169326548611162f,0.5333203225271276f,0.44897327534425924f,1.1093735404191456f,0f,0f,0f,1f],start_interpolation:0}
execute if entity @s[tag=aj.cutscenes.bone.rightarm] run data modify entity @s {} merge value {transformation:[0.13547824570813646f,-0.9860379440477338f,-0.09682364296990632f,0.31249999999999994f,0.6392090124070218f,0.16165289156259074f,-0.7518511695190033f,1.3480877098326305f,0.7570056032801116f,0.039968932279601355f,0.6521847905731495f,1.072052923284039f,0f,0f,0f,1f],start_interpolation:0}
execute if entity @s[tag=aj.cutscenes.bone.blade] run data modify entity @s {} merge value {transformation:[1.154892555179661f,-0.8413121716417802f,0.456527124975049f,-1.168182894735684f,-0.4949745220385744f,0.08743192365425118f,1.4132784160450484f,1.3991079150777666f,-0.8192822520494863f,-1.2387693443791332f,-0.21030240822019608f,0.4062144678273456f,0f,0f,0f,1f],start_interpolation:0}
execute if entity @s[tag=aj.cutscenes.bone.bottom] run data modify entity @s {} merge value {transformation:[0.4010248771083211f,0.8422944530742401f,-0.36016538181871716f,-0.5674768659436581f,-0.5702509391215445f,-0.07816507751467505f,-0.817743289234538f,1.3476252227132053f,-0.7169329915488981f,0.533320049292628f,0.44897306227796835f,1.1093736137815926f,0f,0f,0f,1f],start_interpolation:0}
execute if entity @s[tag=aj.cutscenes.bone.leftarm] run data modify entity @s {} merge value {transformation:[0.13547755867121805f,0.9860380741068275f,0.09682327978427892f,-0.31250000000000006f,-0.639208818339819f,0.16165215306265546f,-0.7518514932929374f,1.3480877098326305f,-0.7570058901046272f,0.03996871053594214f,0.6521844712387709f,1.072052923284039f,0f,0f,0f,1f],start_interpolation:0}
execute if entity @s[tag=aj.cutscenes.locator_origin.mount] at @s on origin run tp @s ^0 ^1.70694 ^1.18091 ~-180 ~-16.875
execute if entity @s[tag=aj.cutscenes.bone.head] run data modify entity @s {} merge value {transformation:[1f,7.109924016823996e-17f,2.343827838258886e-16f,-5.574567542288117e-17f,0f,0.9569403357322088f,-0.2902846772544624f,1.4677052517991567f,-2.449293598294706e-16f,0.2902846772544624f,0.9569403357322088f,1.1083385079408468f,0f,0f,0f,1f],start_interpolation:0}
execute if entity @s[tag=aj.cutscenes.bone.upper] run data modify entity @s {} merge value {transformation:[1f,7.109924016823996e-17f,2.343827838258886e-16f,-1.0907010554906114e-16f,0f,0.9569403357322088f,-0.2902846772544624f,0.75f,-2.449293598294706e-16f,0.2902846772544624f,0.9569403357322088f,0.890625f,0f,0f,0f,1f],start_interpolation:0}
execute if entity @s[tag=aj.cutscenes.bone.bottom3] run data modify entity @s {} merge value {transformation:[1f,0f,2.449293598294706e-16f,0.12499999999999989f,0f,1f,0f,0.4375f,-2.449293598294706e-16f,0f,1f,0.890625f,0f,0f,0f,1f],start_interpolation:0}
execute if entity @s[tag=aj.cutscenes.bone.rightleg] run data modify entity @s {} merge value {transformation:[1f,0f,2.449293598294706e-16f,0.11874999999999988f,0f,1f,0f,0.75f,-2.449293598294706e-16f,0f,1f,0.890625f,0f,0f,0f,1f],start_interpolation:0}
execute if entity @s[tag=aj.cutscenes.bone.bottom4] run data modify entity @s {} merge value {transformation:[1f,0f,2.449293598294706e-16f,-0.1250000000000001f,0f,1f,0f,0.4375f,-2.449293598294706e-16f,0f,1f,0.890625f,0f,0f,0f,1f],start_interpolation:0}
execute if entity @s[tag=aj.cutscenes.bone.leftleg] run data modify entity @s {} merge value {transformation:[1f,0f,2.449293598294706e-16f,-0.1187500000000001f,0f,1f,0f,0.75f,-2.449293598294706e-16f,0f,1f,0.890625f,0f,0f,0f,1f],start_interpolation:0}
execute if entity @s[tag=aj.cutscenes.locator_origin.head2] at @s on origin run tp @s ^0 ^0.70186 ^2.1668 ~-180 ~-39.72222
execute if entity @s[tag=aj.cutscenes.bone.bottom5] run data modify entity @s {} merge value {transformation:[0.9763824522960998f,-0.0834561985060148f,-0.19927962710517919f,0.3943879528950096f,0.1056930760843288f,0.9889794647695378f,0.10367541623736531f,0.3650807951139891f,0.1884311028362539f,-0.12228933393834202f,0.9744429374205704f,2.12926564104194f,0f,0f,0f,1f],start_interpolation:0}
execute if entity @s[tag=aj.cutscenes.bone.rightarm2] run data modify entity @s {} merge value {transformation:[0.9763824522960998f,-0.0834561985060148f,-0.19927962710517919f,0.31249999999999967f,0.1056930760843288f,0.9889794647695378f,0.10367541623736531f,0.605719844051103f,0.1884311028362539f,-0.12228933393834202f,0.9744429374205704f,2.0869163636300887f,0f,0f,0f,1f],start_interpolation:0}
execute if entity @s[tag=aj.cutscenes.bone.bottom6] run data modify entity @s {} merge value {transformation:[0.9763824522960998f,0.08345619850601485f,0.19927962710517869f,-0.3943879528950103f,-0.1056930760843288f,0.9889794647695378f,0.10367541623736531f,0.3650807951139891f,-0.1884311028362534f,-0.12228933393834202f,0.9744429374205705f,2.12926564104194f,0f,0f,0f,1f],start_interpolation:0}
execute if entity @s[tag=aj.cutscenes.bone.leftarm2] run data modify entity @s {} merge value {transformation:[0.9763824522960998f,0.08345619850601485f,0.19927962710517869f,-0.31250000000000033f,-0.1056930760843288f,0.9889794647695378f,0.10367541623736531f,0.605719844051103f,-0.1884311028362534f,-0.12228933393834202f,0.9744429374205705f,2.0869163636300887f,0f,0f,0f,1f],start_interpolation:0}
execute if entity @s[tag=aj.cutscenes.locator_origin.mount2] at @s on origin run tp @s ^0 ^0.93898 ^2.24602 ~-180 ~-18.47398
execute if entity @s[tag=aj.cutscenes.bone.head2] run data modify entity @s {} merge value {transformation:[1f,-7.761172284635705e-17f,-2.323075801244862e-16f,-3.3936178544465696e-16f,0f,0.9484676736436488f,-0.3168739056044296f,0.7018638128613237f,2.4492935982947064e-16f,0.3168739056044296f,0.9484676736436488f,2.166799636356106f,0f,0f,0f,1f],start_interpolation:0}
execute if entity @s[tag=aj.cutscenes.bone.upper2] run data modify entity @s {} merge value {transformation:[1f,-1.5652607079893226e-16f,-1.8838784585721542e-16f,-2.2196723234545778e-16f,0f,0.7691517504817649f,-0.6390661818081418f,0.125f,2.4492935982947064e-16f,0.6390661818081418f,0.7691517504817649f,1.6875f,0f,0f,0f,1f],start_interpolation:0}
execute if entity @s[tag=aj.cutscenes.bone.bottom7] run data modify entity @s {} merge value {transformation:[0.9622501286096566f,-0.26774356711121355f,-0.04886790625003635f,0.14084583931967473f,0.14415265413281161f,0.6536703074471872f,-0.7429233752335198f,0.3404479493014192f,0.23085645387808684f,0.7078336749777184f,0.6675902832354377f,1.3492851667219792f,0f,0f,0f,1f],start_interpolation:0}
execute if entity @s[tag=aj.cutscenes.bone.rightleg2] run data modify entity @s {} merge value {transformation:[0.9622501286096566f,-0.0514616832507666f,0.26725715172413445f,0.1187499999999998f,0.14415265413281161f,-0.7365503846818853f,-0.6608430548408846f,0.109375f,0.23085645387808684f,0.6744221422684491f,-0.701327364160896f,1.5585992333441314f,0f,0f,0f,1f],start_interpolation:0}
execute if entity @s[tag=aj.cutscenes.bone.bottom8] run data modify entity @s {} merge value {transformation:[0.9622501286096569f,0.2677435671112132f,0.04886790625003602f,-0.140845839319675f,-0.14415265413281161f,0.6536703074471872f,-0.7429233752335198f,0.3404479493014192f,-0.2308564538780864f,0.7078336749777187f,0.6675902832354377f,1.349285166721979f,0f,0f,0f,1f],start_interpolation:0}
execute if entity @s[tag=aj.cutscenes.bone.leftleg2] run data modify entity @s {} merge value {transformation:[0.9622501286096569f,0.05146168325076627f,-0.2672571517241341f,-0.11875000000000019f,-0.14415265413281161f,-0.7365503846818853f,-0.6608430548408846f,0.109375f,-0.2308564538780864f,0.6744221422684491f,-0.7013273641608962f,1.5585992333441312f,0f,0f,0f,1f],start_interpolation:0}
execute if entity @s[tag=aj.cutscenes.camera_origin.camera] at @s on origin run tp @s ^-2.22356 ^-0.12 ^1.6875 ~-90 ~0