execute if entity @s[tag=aj.cutscenes.locator_origin.head] at @s on origin run tp @s ^-0.60286 ^1.29852 ^1.90625 ~-82.02468 ~19.82169
execute if entity @s[tag=aj.cutscenes.bone.blade2] run data modify entity @s {} merge value {transformation:[-0.000002739756179777301f,6.784665355060167e-7f,0.000009593404986529578f,-0.518788979443917f,0.000007707535196696965f,-0.000005811241357440711f,0.0000026121590834495717f,0.4583133124819823f,0.000005752185433993724f,0.000008109818558128727f,0.0000010692079719031943f,2.8340035791431286f,0f,0f,0f,1f],start_interpolation:0}
execute if entity @s[tag=aj.cutscenes.bone.heart] run data modify entity @s {} merge value {transformation:[-0.000009593404986529578f,-0.000002478325487318075f,0.000001350734445899366f,-0.43412803114108445f,-0.000002612159083449571f,0.000009608608778369116f,-9.226387521667739e-7f,0.5495597204950992f,-0.0000010692079719031932f,-0.0000012379580457986411f,-0.000009865305580146065f,2.2821996620004845f,0f,0f,0f,1f],start_interpolation:0}
execute if entity @s[tag=aj.cutscenes.bone.bottom2] run data modify entity @s {} merge value {transformation:[-0.1350734445899368f,-0.2478325487318075f,-0.9593404986529577f,-0.6280558605271014f,0.09226387521667734f,0.9608608778369115f,-0.26121590834495706f,0.9567369769606011f,0.9865305580146064f,-0.1237958045798641f,-0.10692079719031952f,2.2967585100611916f,0f,0f,0f,1f],start_interpolation:0}
execute if entity @s[tag=aj.cutscenes.bone.rightarm] run data modify entity @s {} merge value {transformation:[-0.12265449964847326f,-0.25420794905013716f,-0.9593404986529577f,-0.683941941561606f,0.04464258697085965f,0.9642475245786571f,-0.26121590834495706f,1.1950086964195867f,0.9914448613738093f,-0.0748667481840547f,-0.10692079719031952f,2.216076519179315f,0f,0f,0f,1f],start_interpolation:0}
execute if entity @s[tag=aj.cutscenes.bone.blade] run data modify entity @s {} merge value {transformation:[-1.211836759715098f,0.000005564638879150809f,-0.0000019406131454624108f,-0.31085506980574357f,-0.7894330520735433f,-0.000008294130182534292f,-0.0000018733458823453581f,0.32491887736745606f,-0.3978028709009793f,-4.921368303803939e-7f,0.000009629361132741787f,1.4341709813301102f,0f,0f,0f,1f],start_interpolation:0}
execute if entity @s[tag=aj.cutscenes.bone.bottom] run data modify entity @s {} merge value {transformation:[-0.1940613145462409f,0.0075588086924176815f,-0.9809602798318271f,-0.5984185673046456f,-0.187334588234536f,0.9812821672929147f,0.04462129764940648f,0.9305597180114984f,0.9629361132741787f,0.19242705777533342f,-0.1890128810117096f,1.4945754581776378f,0f,0f,0f,1f],start_interpolation:0}
execute if entity @s[tag=aj.cutscenes.bone.leftarm] run data modify entity @s {} merge value {transformation:[-0.19377380604255975f,0.012986203603981117f,-0.9809602798318271f,-0.6072828792813103f,-0.15980232865623156f,0.986140028369262f,0.04462129764940648f,1.1671070795627994f,0.9679436594388261f,0.16540617571247793f,-0.1890128810117096f,1.5964234808206839f,0f,0f,0f,1f],start_interpolation:0}
execute if entity @s[tag=aj.cutscenes.locator_origin.mount] at @s on origin run tp @s ^-0.44407 ^1.49072 ^1.92476 ~-84.461 ~39.74693
execute if entity @s[tag=aj.cutscenes.bone.head] run data modify entity @s {} merge value {transformation:[-0.10438990597797165f,0.6351692932248363f,-0.7652860357240111f,-0.6028598925057498f,-0.009512830226370289f,0.768817283546259f,0.6393977561593686f,1.2985194655894317f,0.9944909519905117f,0.07402670778045699f,-0.07421450629218207f,1.9062499999999991f,0f,0f,0f,1f],start_interpolation:0}
execute if entity @s[tag=aj.cutscenes.bone.upper] run data modify entity @s {} merge value {transformation:[-0.12265449964847326f,0.34202014332566727f,-0.9316534201490771f,-0.8593750000000002f,0.04464258697085965f,0.9396926207859089f,0.33909411358656644f,0.59375f,0.9914448613738093f,-1.1589273633410099e-15f,-0.13052619222006018f,1.90625f,0f,0f,0f,1f],start_interpolation:0}
execute if entity @s[tag=aj.cutscenes.bone.bottom3] run data modify entity @s {} merge value {transformation:[-0.1305261922200519f,0.9316534201490775f,-0.33909411358656855f,-0.8601907887013756f,0f,0.3420201433256689f,0.9396926207859083f,0.28125f,0.9914448613738104f,0.12265449964846581f,-0.044642586970855956f,2.0311965303835864f,0f,0f,0f,1f],start_interpolation:0}
execute if entity @s[tag=aj.cutscenes.bone.rightleg] run data modify entity @s {} merge value {transformation:[-0.1305261922200519f,0f,-0.9914448613738104f,-0.8593750000000002f,0f,1f,0f,0.59375f,0.9914448613738104f,0f,-0.1305261922200519f,2.025f,0f,0f,0f,1f],start_interpolation:0}
execute if entity @s[tag=aj.cutscenes.bone.bottom4] run data modify entity @s {} merge value {transformation:[0.17364817766692997f,0.37686961114246353f,-0.9098437264664094f,-0.5538789691759164f,0f,0.9238795325112865f,0.38268343236509f,0.4415138303913567f,0.9848077530122081f,-0.06645228065352371f,0.16042999720436016f,1.7272863909420835f,0f,0f,0f,1f],start_interpolation:0}
execute if entity @s[tag=aj.cutscenes.bone.leftleg] run data modify entity @s {} merge value {transformation:[0.17364817766692997f,-0.9810602621904069f,-0.08583165117743163f,-0.8593750000000002f,0f,0.08715574274765858f,-0.9961946980917453f,0.46875f,0.9848077530122081f,0.1729873939250891f,0.015134435901338629f,1.7875f,0f,0f,0f,1f],start_interpolation:0}
execute if entity @s[tag=aj.cutscenes.locator_origin.head2] at @s on origin run tp @s ^0 ^0.125 ^2.4375 ~-180 ~-90
execute if entity @s[tag=aj.cutscenes.locator_origin.mount2] at @s on origin run tp @s ^0 ^0.125 ^2.6875 ~-180 ~-90
execute if entity @s[tag=aj.cutscenes.camera_origin.camera] at @s on origin run tp @s ^3.375 ^-0.44813 ^1.90625 ~90 ~0