execute if entity @s[tag=aj.cutscenes.locator_origin.head] at @s on origin run tp @s ^-1.15894 ^1.26119 ^1.84153 ~-94.95995 ~-23.16155
execute if entity @s[tag=aj.cutscenes.bone.blade2] run data modify entity @s {} merge value {transformation:[4.1127608649437227e-7f,0.0000010104508868282945f,-0.000009940313927939392f,-1.0433936329070337f,-0.000008047207691064457f,0.000005930397116370163f,2.69885937057918e-7f,1.9441657133325232f,0.000005922271553850854f,0.000007988077306051587f,0.0000010570338665305779f,2.7749768881473837f,0f,0f,0f,1f],start_interpolation:0}
execute if entity @s[tag=aj.cutscenes.bone.heart] run data modify entity @s {} merge value {transformation:[-0.9940313927939392f,-0.03794261866734954f,0.10228366354802809f,-0.9805833644487785f,0.0269885937057919f,-0.9939542074317782f,-0.10642673225487403f,1.8502939920238257f,0.10570338665305766f,-0.10303102065558234f,0.9890457031061521f,2.3471118778780338f,0f,0f,0f,1f],start_interpolation:0}
execute if entity @s[tag=aj.cutscenes.bone.bottom2] run data modify entity @s {} merge value {transformation:[0.10228366354802831f,-0.03794261866734954f,0.9940313927939392f,-1.0812346916495221f,-0.10642673225487403f,-0.9939542074317782f,-0.026988593705791875f,1.4241991809216175f,0.9890457031061521f,-0.10303102065558234f,-0.10570338665305788f,2.248478526979352f,0f,0f,0f,1f],start_interpolation:0}
execute if entity @s[tag=aj.cutscenes.bone.rightarm] run data modify entity @s {} merge value {transformation:[0.10255673210741537f,-0.03719821016648511f,0.9940313927939392f,-1.096944039947857f,-0.0991997778796002f,-0.9947014727436684f,-0.026988593705791875f,1.1817237988531755f,0.9897684177463361f,-0.09583983139586752f,-0.10570338665305788f,2.1626580430212394f,0f,0f,0f,1f],start_interpolation:0}
execute if entity @s[tag=aj.cutscenes.bone.blade] run data modify entity @s {} merge value {transformation:[-0.464095512583333f,0.00000918359798712944f,0.000002467565020580543f,-0.4128977364050569f,-1.395554967723756f,-0.0000023866653820171087f,-0.0000027829837707266036f,0.6927875628918734f,-0.2950282821384419f,-0.000003156795268159338f,0.000009282570990898999f,1.162000510869776f,0f,0f,0f,1f],start_interpolation:0}
execute if entity @s[tag=aj.cutscenes.bone.bottom] run data modify entity @s {} merge value {transformation:[0.24675650205805458f,-0.5748134730191616f,-0.7801927325524911f,-0.9920772317568733f,-0.27829837707266036f,0.7291424794173024f,-0.6252209673610702f,0.9467421763420233f,0.9282570990899001f,0.37140371019261315f,0.01995099106221837f,1.3926527604674053f,0f,0f,0f,1f],start_interpolation:0}
execute if entity @s[tag=aj.cutscenes.bone.leftarm] run data modify entity @s {} merge value {transformation:[0.2425085260210126f,-0.5766185176348337f,-0.7801927325524911f,-1.1210750782892684f,-0.2729108264494496f,0.7311760545715144f,-0.6252209673610702f,1.1124792633318112f,0.930972231387056f,0.36454445866291946f,0.01995099106221837f,1.5419746395948262f,0f,0f,0f,1f],start_interpolation:0}
execute if entity @s[tag=aj.cutscenes.locator_origin.mount] at @s on origin run tp @s ^-1.2704 ^1.48481 ^1.83319 ~-97.87152 ~-26.04134
execute if entity @s[tag=aj.cutscenes.bone.head] run data modify entity @s {} merge value {transformation:[0.09542385311675324f,-0.4458400387116186f,-0.8900117685390316f,-1.1589364709422751f,0.08454298947027897f,0.8944911118651468f,-0.4390195140602313f,1.2611889970743055f,0.9918400935573136f,-0.03335132195094783f,0.12304843817108616f,1.8415296095696394f,0f,0f,0f,1f],start_interpolation:0}
execute if entity @s[tag=aj.cutscenes.bone.upper] run data modify entity @s {} merge value {transformation:[0.03860966134625836f,-0.3994152945897f,-0.9159567219571843f,-0.8593750000000002f,0.11079125683418257f,0.9126997278544983f,-0.3933249346067792f,0.576664201183432f,0.9930934454822614f,-0.0862938539071474f,0.07949074988967246f,1.90625f,0f,0f,0f,1f],start_interpolation:0}
execute if entity @s[tag=aj.cutscenes.locator_origin.head2] at @s on origin run tp @s ^0 ^0.125 ^2.4375 ~-180 ~-90
execute if entity @s[tag=aj.cutscenes.locator_origin.mount2] at @s on origin run tp @s ^0 ^0.125 ^2.6875 ~-180 ~-90
execute if entity @s[tag=aj.cutscenes.camera_origin.camera] at @s on origin run tp @s ^3.375 ^-0.44813 ^1.90625 ~90 ~-20