execute if entity @s[tag=aj.cutscenes.locator_origin.head] at @s on origin run tp @s ^-0.4931 ^1.23505 ^1.81333 ~-88.53761 ~29.31531
execute if entity @s[tag=aj.cutscenes.bone.blade2] run data modify entity @s {} merge value {transformation:[1.3325128227382558e-7f,0.000005675524133443334f,0.000008232294328221914f,0.0194965287269811f,-0.000002261919071794499f,-0.000008002500312255804f,0.000005553711449562184f,0.4187832792214575f,0.000009739916129434829f,-0.00000193608227176638f,0.0000011771232851860641f,2.00703556357109f,0f,0f,0f,1f],start_interpolation:0}
execute if entity @s[tag=aj.cutscenes.bone.heart] run data modify entity @s {} merge value {transformation:[0.000008232294328221912f,-0.0000037360853771192918f,0.000004274458579563116f,-0.29552775322033403f,0.0000055537114495621844f,0.0000037387491780686103f,-0.0000074281924933656125f,0.7102100375730269f,0.0000011771232851860629f,0.00000848901764860733f,0.000005152762378870782f,1.8990742594000056f,0f,0f,0f,1f],start_interpolation:0}
execute if entity @s[tag=aj.cutscenes.bone.bottom2] run data modify entity @s {} merge value {transformation:[0.4274458579563114f,-0.37360853771192915f,-0.8232294328221913f,-0.4213820551523388f,-0.7428192493365613f,0.373874917806861f,-0.5553711449562182f,0.9635948878967683f,0.5152762378870781f,0.8489017648607329f,-0.11771232851860639f,2.24746029232415f,0f,0f,0f,1f],start_interpolation:0}
execute if entity @s[tag=aj.cutscenes.bone.rightarm] run data modify entity @s {} merge value {transformation:[-0.20325680037688237f,-0.5300754418342782f,-0.8232294328221913f,-0.5411973655873532f,0.09473408879488554f,0.8261890484448593f,-0.5553711449562182f,1.1642212694583027f,0.9745317467998439f,-0.1908708521329874f,-0.11771232851860639f,2.138834345115913f,0f,0f,0f,1f],start_interpolation:0}
execute if entity @s[tag=aj.cutscenes.bone.blade] run data modify entity @s {} merge value {transformation:[-0.7562020202804386f,0.0000028024959672045552f,-0.000008168894587218118f,-0.2319291728298551f,-1.1163244969462216f,0.000003389274605047517f,0.000005755607950042436f,1.085674417787913f,0.6572504256685935f,0.00000898102633363148f,3.7701239810754865e-7f,2.2155530492035957f,0f,0f,0f,1f],start_interpolation:0}
execute if entity @s[tag=aj.cutscenes.bone.bottom] run data modify entity @s {} merge value {transformation:[-0.8168894587218116f,0.059592743237883494f,-0.5737075188478613f,-0.36715917817585125f,0.5755607950042438f,0.14923182904171514f,-0.8040271341534108f,0.9367137618752785f,0.03770123981075507f,-0.9870048460642166f,-0.15620515472443255f,1.5731623095308898f,0f,0f,0f,1f],start_interpolation:0}
execute if entity @s[tag=aj.cutscenes.bone.leftarm] run data modify entity @s {} merge value {transformation:[-0.4428149572796268f,-0.6890388932613841f,-0.5737075188478613f,-0.567094836321174f,0.14403707707266972f,0.5768827332945707f,-0.8040271341534108f,1.089936762515963f,0.8849679282537893f,-0.4386703951712629f,-0.15620515472443255f,1.518805206253936f,0f,0f,0f,1f],start_interpolation:0}
execute if entity @s[tag=aj.cutscenes.locator_origin.mount] at @s on origin run tp @s ^-0.30498 ^1.39882 ^1.7963 ~-68.87429 ~45.95781
execute if entity @s[tag=aj.cutscenes.bone.head] run data modify entity @s {} merge value {transformation:[-0.11515896015574054f,0.7524830334610325f,-0.64846564924376f,-0.49310032114511626f,0.2327205733733701f,0.6550781186541693f,0.7188280692831102f,1.2350539907821927f,0.9657015836295489f,-0.06813180471554095f,-0.2505563979657773f,1.813333730821909f,0f,0f,0f,1f],start_interpolation:0}
execute if entity @s[tag=aj.cutscenes.bone.upper] run data modify entity @s {} merge value {transformation:[0.04143595317411314f,0.4883662384731786f,-0.8716544492538951f,-0.8593750000000002f,0.11885521110774344f,0.8637997983604778f,0.4896155095020292f,0.5872041420118344f,0.9920466221791627f,-0.12388835890412117f,-0.02225250437495108f,1.90625f,0f,0f,0f,1f],start_interpolation:0}
execute if entity @s[tag=aj.cutscenes.locator_origin.head2] at @s on origin run tp @s ^0 ^0.125 ^2.4375 ~-180 ~-90
execute if entity @s[tag=aj.cutscenes.locator_origin.mount2] at @s on origin run tp @s ^0 ^0.125 ^2.6875 ~-180 ~-90
execute if entity @s[tag=aj.cutscenes.camera_origin.camera] at @s on origin run tp @s ^3.375 ^-0.44813 ^1.90625 ~90 ~0