execute if entity @s[tag=aj.cutscenes.locator_origin.head] at @s on origin run tp @s ^0 ^1.5 ^0.89063 ~0 ~0
execute if entity @s[tag=aj.cutscenes.bone.blade2] run data modify entity @s {} merge value {transformation:[-3.3306690738754696e-16f,1.2515520067480618e-15f,1.5f,-0.37551312499999984f,1.5f,0f,3.3306690738754696e-16f,0.864995625f,2.0394466101703363e-31f,1.5f,-1.2515520067480618e-15f,1.3289456250000002f,0f,0f,0f,1f],start_interpolation:0}
execute if entity @s[tag=aj.cutscenes.bone.heart] run data modify entity @s {} merge value {transformation:[-8.343680044987079e-21f,0f,0.00001f,-0.29687500000000006f,0f,0.00001f,0f,0.6875f,-0.00001f,0f,-8.343680044987079e-21f,0.9687500000000002f,0f,0f,0f,1f],start_interpolation:0}
execute if entity @s[tag=aj.cutscenes.bone.bottom2] run data modify entity @s {} merge value {transformation:[-1f,0f,-6.123233995736765e-16f,-0.3750000000000001f,0f,1f,0f,1.125f,6.123233995736765e-16f,0f,-1f,0.8906250000000002f,0f,0f,0f,1f],start_interpolation:0}
execute if entity @s[tag=aj.cutscenes.bone.rightarm] run data modify entity @s {} merge value {transformation:[-1f,0f,-6.123233995736765e-16f,-0.3125000000000001f,0f,1f,0f,1.375f,6.123233995736765e-16f,0f,-1f,0.8906250000000002f,0f,0f,0f,1f],start_interpolation:0}
execute if entity @s[tag=aj.cutscenes.bone.blade] run data modify entity @s {} merge value {transformation:[-3.3306690738754696e-16f,5.854181919729678e-16f,-1.5f,0.37551312500000017f,-1.5f,0f,3.3306690738754696e-16f,0.864995625f,2.0394466101703363e-31f,1.5f,5.854181919729678e-16f,1.3289456249999998f,0f,0f,0f,1f],start_interpolation:0}
execute if entity @s[tag=aj.cutscenes.bone.bottom] run data modify entity @s {} merge value {transformation:[-1f,0f,-6.123233995736765e-16f,0.3749999999999999f,0f,1f,0f,1.125f,6.123233995736765e-16f,0f,-1f,0.8906249999999998f,0f,0f,0f,1f],start_interpolation:0}
execute if entity @s[tag=aj.cutscenes.bone.leftarm] run data modify entity @s {} merge value {transformation:[-1f,0f,-6.123233995736765e-16f,0.3124999999999999f,0f,1f,0f,1.375f,6.123233995736765e-16f,0f,-1f,0.8906249999999998f,0f,0f,0f,1f],start_interpolation:0}
execute if entity @s[tag=aj.cutscenes.locator_origin.mount] at @s on origin run tp @s ^0 ^1.75 ^0.89063 ~0 ~0
execute if entity @s[tag=aj.cutscenes.bone.head] run data modify entity @s {} merge value {transformation:[-1f,0f,-6.123233995736765e-16f,-1.0907010554906114e-16f,0f,1f,0f,1.5f,6.123233995736765e-16f,0f,-1f,0.890625f,0f,0f,0f,1f],start_interpolation:0}
execute if entity @s[tag=aj.cutscenes.bone.upper] run data modify entity @s {} merge value {transformation:[-1f,0f,-6.123233995736765e-16f,-1.0907010554906114e-16f,0f,1f,0f,0.75f,6.123233995736765e-16f,0f,-1f,0.890625f,0f,0f,0f,1f],start_interpolation:0}
execute if entity @s[tag=aj.cutscenes.locator_origin.head2] at @s on origin run tp @s ^0 ^0.125 ^2.4375 ~-180 ~-90
execute if entity @s[tag=aj.cutscenes.bone.bottom5] run data modify entity @s {} merge value {transformation:[1f,-2.4492935982947064e-16f,-5.438524293787564e-32f,0.37499999999999967f,0f,2.220446049250313e-16f,-1f,0.12500000000000008f,2.4492935982947064e-16f,1f,2.220446049250313e-16f,2.0625f,0f,0f,0f,1f],start_interpolation:0}
execute if entity @s[tag=aj.cutscenes.bone.rightarm2] run data modify entity @s {} merge value {transformation:[1f,-2.4492935982947064e-16f,-5.438524293787564e-32f,0.3124999999999996f,0f,2.220446049250313e-16f,-1f,0.12500000000000014f,2.4492935982947064e-16f,1f,2.220446049250313e-16f,2.3125f,0f,0f,0f,1f],start_interpolation:0}
execute if entity @s[tag=aj.cutscenes.bone.bottom6] run data modify entity @s {} merge value {transformation:[1f,-2.4492935982947064e-16f,-5.438524293787564e-32f,-0.37500000000000033f,0f,2.220446049250313e-16f,-1f,0.12500000000000008f,2.4492935982947064e-16f,1f,2.220446049250313e-16f,2.0625f,0f,0f,0f,1f],start_interpolation:0}
execute if entity @s[tag=aj.cutscenes.bone.leftarm2] run data modify entity @s {} merge value {transformation:[1f,-2.4492935982947064e-16f,-5.438524293787564e-32f,-0.3125000000000004f,0f,2.220446049250313e-16f,-1f,0.12500000000000014f,2.4492935982947064e-16f,1f,2.220446049250313e-16f,2.3125f,0f,0f,0f,1f],start_interpolation:0}
execute if entity @s[tag=aj.cutscenes.locator_origin.mount2] at @s on origin run tp @s ^0 ^0.125 ^2.6875 ~-180 ~-90
execute if entity @s[tag=aj.cutscenes.bone.head2] run data modify entity @s {} merge value {transformation:[1f,-2.4492935982947064e-16f,-5.438524293787564e-32f,-4.0566425221756077e-16f,0f,2.220446049250313e-16f,-1f,0.12500000000000017f,2.4492935982947064e-16f,1f,2.220446049250313e-16f,2.4375f,0f,0f,0f,1f],start_interpolation:0}
execute if entity @s[tag=aj.cutscenes.bone.upper2] run data modify entity @s {} merge value {transformation:[1f,-2.4492935982947064e-16f,-5.438524293787564e-32f,-2.2196723234545778e-16f,0f,2.220446049250313e-16f,-1f,0.125f,2.4492935982947064e-16f,1f,2.220446049250313e-16f,1.6875f,0f,0f,0f,1f],start_interpolation:0}
execute if entity @s[tag=aj.cutscenes.bone.bottom7] run data modify entity @s {} merge value {transformation:[0.9622501286096566f,-0.2690516075260029f,-0.04105998634160705f,0.14487441748775037f,0.14415265413281164f,0.6317860548610034f,-0.7616208986035214f,0.33016936604947866f,0.23085645387808687f,0.7269509016232413f,0.6467207158673609f,1.4053123234413578f,0f,0f,0f,1f],start_interpolation:0}
execute if entity @s[tag=aj.cutscenes.bone.rightleg2] run data modify entity @s {} merge value {transformation:[0.9622501286096566f,-0.06435313338860871f,0.2644491713236538f,0.11874999999999979f,0.14415265413281164f,-0.7036589182756754f,-0.6957615532907613f,0.109375f,0.23085645387808687f,0.7076176940652168f,-0.6678192096283698f,1.625f,0f,0f,0f,1f],start_interpolation:0}
execute if entity @s[tag=aj.cutscenes.bone.bottom8] run data modify entity @s {} merge value {transformation:[0.9622501286096569f,0.2644491713236535f,0.06435313338860832f,-0.14487441748775068f,-0.14415265413281164f,0.6957615532907612f,-0.7036589182756755f,0.33016936604947866f,-0.23085645387808643f,0.6678192096283702f,0.7076176940652167f,1.4053123234413578f,0f,0f,0f,1f],start_interpolation:0}
execute if entity @s[tag=aj.cutscenes.bone.leftleg2] run data modify entity @s {} merge value {transformation:[0.9622501286096569f,0.06435313338860837f,-0.2644491713236535f,-0.1187500000000002f,-0.14415265413281164f,-0.7036589182756754f,-0.6957615532907613f,0.109375f,-0.23085645387808643f,0.7076176940652168f,-0.66781920962837f,1.625f,0f,0f,0f,1f],start_interpolation:0}
execute if entity @s[tag=aj.cutscenes.camera_origin.camera] at @s on origin run tp @s ^-7.71875 ^10.22375 ^-1.46875 ~-67.5 ~30