execute if entity @s[tag=aj.cutscenes.locator_origin.head] at @s on origin run tp @s ^0 ^1.5 ^0 ~0 ~0
execute if entity @s[tag=aj.cutscenes.bone.blade2] run data modify entity @s {} merge value {transformation:[0.012552240390256653f,-0.0005963483150459406f,1.499947360953001f,-0.3916200716460894f,1.4982574295224311f,-0.07118118087465142f,-0.012566398454913346f,0.8812352644563962f,0.0711836789019976f,1.4983100092630957f,-1.3319512875507848e-16f,0.4450624641659932f,0f,0f,0f,1f],start_interpolation:0}
execute if entity @s[tag=aj.cutscenes.bone.heart] run data modify entity @s {} merge value {transformation:[3.975655433639605e-9f,8.368160260171323e-8f,0.000009999649073020007f,-0.30056987153893144f,4.745412058310095e-7f,0.000009988382863482876f,-8.377598969942453e-8f,0.6836463966325428f,-0.000009988733395087305f,4.745578593466507e-7f,-9.933405374265522e-22f,0.057275073302703546f,0f,0f,0f,1f],start_interpolation:0}
execute if entity @s[tag=aj.cutscenes.bone.bottom2] run data modify entity @s {} merge value {transformation:[-0.9999649073020007f,0.008368160260171323f,0.0003975655433641825f,-0.375f,0.008377598969942463f,0.9988382863482874f,0.047454120583100945f,1.125f,-1.224603822987075e-16f,0.04745578593466507f,-0.9988733395087304f,-4.592425496802575e-17f,0f,0f,0f,1f],start_interpolation:0}
execute if entity @s[tag=aj.cutscenes.bone.blade] run data modify entity @s {} merge value {transformation:[0.012550260522278851f,0.0006366560693007772f,-1.499947360953001f,0.3916320351583601f,-1.4980211090079243f,-0.07599238512206997f,-0.012566398454913344f,0.8798072786478386f,-0.07599505199347902f,1.498073680455173f,-4.994554606771685e-16f,0.44427691239595457f,0f,0f,0f,1f],start_interpolation:0}
execute if entity @s[tag=aj.cutscenes.bone.bottom] run data modify entity @s {} merge value {transformation:[-0.9999649073020007f,-0.008366840348186123f,-0.00042443737953407355f,0.375f,-0.008377598969942463f,0.9986807393386162f,0.050661590081379985f,1.125f,-1.224603822987075e-16f,0.05066336799565268f,-0.9987157869701154f,4.592425496802575e-17f,0f,0f,0f,1f],start_interpolation:0}
execute if entity @s[tag=aj.cutscenes.locator_origin.mount] at @s on origin run tp @s ^0 ^1.75 ^0 ~0 ~0
execute if entity @s[tag=aj.cutscenes.locator_origin.head2] at @s on origin run tp @s ^0 ^0.73015 ^2.13056 ~-180 ~-36.20962
execute if entity @s[tag=aj.cutscenes.bone.bottom5] run data modify entity @s {} merge value {transformation:[0.9763824843541954f,-0.1281210070767181f,-0.17396048916917042f,0.4055541570413164f,0.1170392117962262f,0.9904719361733106f,-0.07257524753806405f,0.3889851981750436f,0.1816013963284633f,0.05050100195779006f,0.982074631406805f,2.0554380266723116f,0f,0f,0f,1f],start_interpolation:0}
execute if entity @s[tag=aj.cutscenes.bone.rightarm2] run data modify entity @s {} merge value {transformation:[0.9763824843541954f,-0.1281210070767181f,-0.17396048916917042f,0.31249999999999967f,0.1170392117962262f,0.9904719361733106f,-0.07257524753806405f,0.6292882314811071f,0.1816013963284633f,0.05050100195779006f,0.982074631406805f,2.05671318989123f,0f,0f,0f,1f],start_interpolation:0}
execute if entity @s[tag=aj.cutscenes.bone.bottom6] run data modify entity @s {} merge value {transformation:[0.9763824522960998f,0.128121138829499f,0.17396057206530058f,-0.40555418797588133f,-0.11703933700095173f,0.9904719197439255f,-0.07257526984559332f,0.3889852101076853f,-0.18160148799674536f,0.0505009899290626f,0.9820746150744111f,2.0554380354087605f,0f,0f,0f,1f],start_interpolation:0}
execute if entity @s[tag=aj.cutscenes.bone.leftarm2] run data modify entity @s {} merge value {transformation:[0.9763824522960998f,0.128121138829499f,0.17396057206530058f,-0.31250000000000033f,-0.11703933700095173f,0.9904719197439255f,-0.07257526984559332f,0.6292882314811071f,-0.18160148799674536f,0.0505009899290626f,0.9820746150744111f,2.0567131898912296f,0f,0f,0f,1f],start_interpolation:0}
execute if entity @s[tag=aj.cutscenes.locator_origin.mount2] at @s on origin run tp @s ^0 ^0.97038 ^2.19975 ~-180 ~-16.06884
execute if entity @s[tag=aj.cutscenes.bone.head2] run data modify entity @s {} merge value {transformation:[1f,-6.7794524846878e-17f,-2.353599237492661e-16f,-3.3048461263424466e-16f,0f,0.9609298122247689f,-0.2767921530276289f,0.7301458777773285f,2.4492935982947064e-16f,0.2767921530276289f,0.9609298122247689f,2.130555827869476f,0f,0f,0f,1f],start_interpolation:0}
execute if entity @s[tag=aj.cutscenes.bone.upper2] run data modify entity @s {} merge value {transformation:[1f,-1.4468984038504914e-16f,-1.9762398992992555e-16f,-2.2196723234545778e-16f,0f,0.8068611703697713f,-0.5907411038259678f,0.125f,2.4492935982947064e-16f,0.5907411038259678f,0.8068611703697713f,1.6875f,0f,0f,0f,1f],start_interpolation:0}
execute if entity @s[tag=aj.cutscenes.bone.bottom7] run data modify entity @s {} merge value {transformation:[0.9622501286096566f,-0.2694272701333415f,-0.03851799708181506f,0.14780317945641078f,0.14415265413281164f,0.6245673122072037f,-0.7675517473296091f,0.322290972942972f,0.23085645387808687f,0.7330242960712594f,0.6398286325822486f,1.335084282828735f,0f,0f,0f,1f],start_interpolation:0}
execute if entity @s[tag=aj.cutscenes.bone.rightleg2] run data modify entity @s {} merge value {transformation:[0.9622501286096566f,-0.07372517168832197f,0.2619910094835827f,0.1187499999999998f,0.14415265413281164f,-0.6784480603348542f,-0.7203667411356113f,0.109375f,0.23085645387808687f,0.7309396886798544f,-0.6422090541369166f,1.5620600827044515f,0f,0f,0f,1f],start_interpolation:0}
execute if entity @s[tag=aj.cutscenes.bone.bottom8] run data modify entity @s {} merge value {transformation:[0.96225013864075f,0.26942725816989566f,0.03851783016876602f,-0.14780312732145845f,-0.14415277290638878f,0.6245672930372884f,-0.7675517406217469f,0.3222909723977226f,-0.23085633790142435f,0.7330243168020598f,0.6398286506773645f,1.3350842756439294f,0f,0f,0f,1f],start_interpolation:0}
execute if entity @s[tag=aj.cutscenes.bone.leftleg2] run data modify entity @s {} merge value {transformation:[0.96225013864075f,0.0737250046558514f,-0.26199101964447596f,-0.11875000000000019f,-0.14415277290638878f,-0.6784480562145845f,-0.7203667212483177f,0.109375f,-0.23085633790142435f,0.7309397093516995f,-0.6422090722993538f,1.5620600827044515f,0f,0f,0f,1f],start_interpolation:0}
execute if entity @s[tag=aj.cutscenes.camera_origin.camera] at @s on origin run tp @s ^-2.02083 ^-0.12 ^1.57292 ~-90 ~0