execute if entity @s[tag=aj.cutscenes.locator_origin.head] at @s on origin run tp @s ^-0.50512 ^1.24373 ^1.8133 ~-88.70346 ~28.27635
execute if entity @s[tag=aj.cutscenes.bone.blade2] run data modify entity @s {} merge value {transformation:[1.5577445296246228e-7f,0.000006034953494978188f,0.000007972143415246292f,0.04474664726597838f,-0.0000020344896120222674f,-0.000007787186021309793f,0.0000059346934114654f,0.44690736079299487f,0.000009789616250822999f,-0.0000017143716583541251f,0.000001106500555198414f,2.021975682536763f,0f,0f,0f,1f],start_interpolation:0}
execute if entity @s[tag=aj.cutscenes.bone.heart] run data modify entity @s {} merge value {transformation:[0.00000797214341524629f,-0.00000396230651079995f,0.000004554674135568597f,-0.28186310523624486f,0.000005934693411465401f,0.0000037609635379588115f,-0.000007115797030414337f,0.7217286727067111f,0.0000011065005551984125f,0.000008375874902397761f,0.000005349801504797065f,1.905250308318013f,0f,0f,0f,1f],start_interpolation:0}
execute if entity @s[tag=aj.cutscenes.bone.bottom2] run data modify entity @s {} merge value {transformation:[0.45546741355685944f,-0.396230651079995f,-0.7972143415246291f,-0.42139835799943476f,-0.7115797030414338f,0.37609635379588113f,-0.5934693411465398f,0.9771093512095722f,0.5349801504797065f,0.837587490239776f,-0.11065005551984136f,2.246903111480421f,0f,0f,0f,1f],start_interpolation:0}
execute if entity @s[tag=aj.cutscenes.bone.rightarm] run data modify entity @s {} merge value {transformation:[-0.20033346558855136f,-0.5694873099839299f,-0.7972143415246291f,-0.5512493438961328f,0.08716828948250774f,0.8001223846561134f,-0.5934693411465398f,1.1716919292809438f,0.9758422986702178f,-0.18838358033406621f,-0.11065005551984136f,2.1388170727300158f,0f,0f,0f,1f],start_interpolation:0}
execute if entity @s[tag=aj.cutscenes.bone.blade] run data modify entity @s {} merge value {transformation:[-0.7394578217313443f,0.0000030120233665289183f,-0.000008162449857647507f,-0.22690480830228532f,-1.138539160745737f,0.0000030968431317450244f,0.000005726910116435968f,1.0708463600950708f,0.6379112080287722f,0.00000901871819367073f,7.59547786287025e-7f,2.2124689514607923f,0f,0f,0f,1f],start_interpolation:0}
execute if entity @s[tag=aj.cutscenes.bone.bottom] run data modify entity @s {} merge value {transformation:[-0.8162449857647507f,0.036026544999876786f,-0.5765814871024508f,-0.37721824601718945f,0.572691011643597f,0.181680951423308f,-0.7993854120964148f,0.9428573515764803f,0.0759547786287027f,-0.9826973694608598f,-0.16892824411024754f,1.568910890433038f,0f,0f,0f,1f],start_interpolation:0}
execute if entity @s[tag=aj.cutscenes.bone.leftarm] run data modify entity @s {} merge value {transformation:[-0.43744214795189734f,-0.6900711238169269f,-0.5765814871024508f,-0.5770761612184148f,0.12740444519274097f,0.5871550649296784f,-0.7993854120964148f,1.0976088956334462f,0.8901755301851205f,-0.42314391618156155f,-0.16892824411024754f,1.5187608820242176f,0f,0f,0f,1f],start_interpolation:0}
execute if entity @s[tag=aj.cutscenes.locator_origin.mount] at @s on origin run tp @s ^-0.32134 ^1.41228 ^1.7955 ~-70.01233 ~44.67072
execute if entity @s[tag=aj.cutscenes.bone.head] run data modify entity @s {} merge value {transformation:[-0.11384926178963747f,0.7351072330875414f,-0.6683230517140147f,-0.5051203030687286f,0.22626532037123454f,0.6742039336580118f,0.7030313368814833f,1.2437328618125396f,0.9673894512486981f,-0.07117873068861384f,-0.2430868937443987f,1.81329677285254f,0f,0f,0f,1f],start_interpolation:0}
execute if entity @s[tag=aj.cutscenes.bone.upper] run data modify entity @s {} merge value {transformation:[0.041322907715651204f,0.4723395959083623f,-0.8804474563737741f,-0.8593750000000002f,0.11853285383599597f,0.8726595948427548f,0.4737248083965769f,0.5892381656804734f,0.9920899051292772f,-0.12393763619661329f,-0.019926928377894573f,1.90625f,0f,0f,0f,1f],start_interpolation:0}
execute if entity @s[tag=aj.cutscenes.locator_origin.head2] at @s on origin run tp @s ^0 ^0.125 ^2.4375 ~-180 ~-90
execute if entity @s[tag=aj.cutscenes.locator_origin.mount2] at @s on origin run tp @s ^0 ^0.125 ^2.6875 ~-180 ~-90
execute if entity @s[tag=aj.cutscenes.camera_origin.camera] at @s on origin run tp @s ^3.375 ^-0.44813 ^1.90625 ~90 ~0