execute if entity @s[tag=aj.cutscenes.locator_origin.head] at @s on origin run tp @s ^0 ^12.85069 ^-3.53819 ~0 ~0
execute if entity @s[tag=aj.cutscenes.bone.blade2] run data modify entity @s {} merge value {transformation:[-0.0000066354836448359485f,-0.000007481333891701042f,7.039433156119195e-21f,-0.8534831315620957f,0.000007481333891701042f,-0.000006635483644835947f,8.126123806442956e-22f,11.9108732048567f,4.063061903221477e-21f,5.805642601059499e-21f,0.00001f,-3.506123819444444f,0f,0f,0f,1f],start_interpolation:0}
execute if entity @s[tag=aj.cutscenes.bone.heart] run data modify entity @s {} merge value {transformation:[-8.343388211919523e-21f,1.6212420702459991e-7f,0.000009998685700705702f,-0.30397820202056247f,3.5998805497561274e-23f,0.000009998685700705702f,-1.6212420702459991e-7f,12.03698534967119f,-0.00001f,-9.927244559848956e-23f,-8.342875268775136e-21f,-3.460069444444444f,0f,0f,0f,1f],start_interpolation:0}
execute if entity @s[tag=aj.cutscenes.bone.bottom2] run data modify entity @s {} merge value {transformation:[-0.9998685700705701f,0.01621242070245999f,-6.123233995736765e-16f,-0.37499999999999956f,0.01621242070245999f,0.9998685700705701f,0f,12.475694444444443f,6.122429219524822e-16f,-9.927244559848955e-18f,-1f,-3.538194444444444f,0f,0f,0f,1f],start_interpolation:0}
execute if entity @s[tag=aj.cutscenes.bone.rightarm] run data modify entity @s {} merge value {transformation:[-1f,0f,-6.123233995736765e-16f,-0.31249999999999956f,0f,1f,0f,12.725694444444443f,6.123233995736765e-16f,0f,-1f,-3.538194444444444f,0f,0f,0f,1f],start_interpolation:0}
execute if entity @s[tag=aj.cutscenes.bone.blade] run data modify entity @s {} merge value {transformation:[0.0015589878485244338f,1.4843102589381164e-8f,-0.000009999983583117106f,0.37660713206363733f,-0.8603632420759912f,-0.000008191506994966732f,-1.812008245949198e-8f,11.871941990407661f,-1.2287280664334874f,0.000005735764363510461f,3.902777894044908e-21f,-3.2404988194444444f,0f,0f,0f,1f],start_interpolation:0}
execute if entity @s[tag=aj.cutscenes.bone.bottom] run data modify entity @s {} merge value {transformation:[-0.9999983583117107f,-0.0018120082459493645f,-6.123233995736765e-16f,0.37500000000000044f,-0.0018120082459493645f,0.9999983583117107f,0f,12.475694444444443f,6.123223943295222e-16f,1.1095350492152494e-18f,-1f,-3.538194444444444f,0f,0f,0f,1f],start_interpolation:0}
execute if entity @s[tag=aj.cutscenes.bone.leftarm] run data modify entity @s {} merge value {transformation:[-1f,0f,-6.123233995736765e-16f,0.31250000000000044f,0f,1f,0f,12.725694444444443f,6.123233995736765e-16f,0f,-1f,-3.538194444444444f,0f,0f,0f,1f],start_interpolation:0}
execute if entity @s[tag=aj.cutscenes.locator_origin.mount] at @s on origin run tp @s ^0.00095 ^13.10046 ^-3.54906 ~5 ~-2.5
execute if entity @s[tag=aj.cutscenes.bone.head] run data modify entity @s {} merge value {transformation:[-0.9961946980917455f,0.0038016801040236495f,0.0870727897926932f,4.3330385011498363e-16f,-2.168404344971009e-19f,0.9990482215818578f,-0.043619387365336f,12.850694444444443f,-0.08715574274765758f,-0.0434534024273578f,-0.9952465414778341f,-3.538194444444444f,0f,0f,0f,1f],start_interpolation:0}
execute if entity @s[tag=aj.cutscenes.bone.upper] run data modify entity @s {} merge value {transformation:[-1f,0f,-6.123233995736765e-16f,4.3330385011498363e-16f,0f,1f,0f,12.100694444444443f,6.123233995736765e-16f,0f,-1f,-3.538194444444444f,0f,0f,0f,1f],start_interpolation:0}
execute if entity @s[tag=aj.cutscenes.bone.bottom3] run data modify entity @s {} merge value {transformation:[-0.9914448613738105f,-0.03924998298777886f,0.12448504203688393f,-0.11268091069990499f,3.469446951953614e-18f,0.9537169507482269f,0.30070579950427306f,11.802657897335623f,-0.13052619222005094f,0.29813321970381484f,-0.9455577700244291f,-3.6321768643032617f,0f,0f,0f,1f],start_interpolation:0}
execute if entity @s[tag=aj.cutscenes.bone.rightleg] run data modify entity @s {} merge value {transformation:[-0.9914448613738105f,-0.03924998298777886f,0.12448504203688393f,-0.11874999999999956f,3.469446951953614e-18f,0.9537169507482269f,0.30070579950427306f,12.100694444444443f,-0.13052619222005094f,0.29813321970381484f,-0.9455577700244291f,-3.538194444444444f,0f,0f,0f,1f],start_interpolation:0}
execute if entity @s[tag=aj.cutscenes.bone.bottom4] run data modify entity @s {} merge value {transformation:[-0.9848077530122079f,-0.05221701409779454f,-0.16561121050749172f,0.1540616415346335f,-6.938893903907228e-18f,0.9537169507482269f,-0.3007057995042731f,11.837134617627916f,0.17364817766693094f,-0.29613740272754274f,-0.9392278472760159f,-3.3739244893078704f,0f,0f,0f,1f],start_interpolation:0}
execute if entity @s[tag=aj.cutscenes.bone.leftleg] run data modify entity @s {} merge value {transformation:[-0.9848077530122079f,-0.09330109785058167f,-0.14645338762528573f,0.11875000000000042f,-6.938893903907228e-18f,0.8433914458128857f,-0.5372996083468239f,12.100694444444443f,0.17364817766693094f,-0.529136819990375f,-0.8305784346607052f,-3.538194444444444f,0f,0f,0f,1f],start_interpolation:0}
execute if entity @s[tag=aj.cutscenes.locator_origin.head2] at @s on origin run tp @s ^0 ^0.125 ^2.4375 ~-180 ~-90
execute if entity @s[tag=aj.cutscenes.locator_origin.mount2] at @s on origin run tp @s ^0 ^0.14679 ^2.68655 ~-180 ~-85
execute if entity @s[tag=aj.cutscenes.bone.head2] run data modify entity @s {} merge value {transformation:[1f,-2.4399732966912404e-16f,-2.1347000276645824e-17f,-4.0566425221756077e-16f,0f,0.08715574274765768f,-0.9961946980917455f,0.12500000000000017f,2.4492935982947064e-16f,0.9961946980917455f,0.08715574274765768f,2.4375f,0f,0f,0f,1f],start_interpolation:0}
execute if entity @s[tag=aj.cutscenes.camera_origin.camera] at @s on origin run tp @s ^-7.71875 ^10.22375 ^-1.46875 ~-67.5 ~30