execute if entity @s[tag=aj.cutscenes.locator_origin.head] at @s on origin run tp @s ^-0.15242 ^0.69475 ^1.68225 ~-53.60477 ~75.60021
execute if entity @s[tag=aj.cutscenes.bone.blade2] run data modify entity @s {} merge value {transformation:[0.0000023129513506907618f,0.0000016405169362541283f,0.000009589523462153958f,-0.06296305487950077f,0.000008844982731861445f,-0.000004459613520608006f,-0.0000013704479997005153f,0.08397165305112636f,0.000004051732533424518f,0.000008798894898149065f,-0.000002482521308854308f,2.724317860977645f,0f,0f,0f,1f],start_interpolation:0}
execute if entity @s[tag=aj.cutscenes.bone.heart] run data modify entity @s {} merge value {transformation:[-0.000009589523462153958f,5.969694344477314e-7f,-0.0000027721232409714427f,-0.16248248969502319f,0.0000013704479997005166f,0.00000953407653695151f,-0.000002687611740498912f,0.05925766971286722f,0.0000024825213088543087f,-0.0000029571966593187356f,-0.000009224536620838926f,2.1680211350854712f,0f,0f,0f,1f],start_interpolation:0}
execute if entity @s[tag=aj.cutscenes.bone.bottom2] run data modify entity @s {} merge value {transformation:[0.277212324097144f,0.05969694344477314f,-0.9589523462153956f,-0.18962601616592334f,0.2687611740498912f,0.953407653695151f,0.1370447999700516f,0.5080771099248038f,0.9224536620838926f,-0.29571966593187354f,0.24825213088543063f,2.130105171316005f,0f,0f,0f,1f],start_interpolation:0}
execute if entity @s[tag=aj.cutscenes.bone.rightarm] run data modify entity @s {} merge value {transformation:[0.2721594720702074f,0.07962172725113703f,-0.9589523462153956f,-0.18673055135752703f,0.19898894129890551f,0.9703721574952104f,0.1370447999700516f,0.7382333404674248f,0.9414524008165293f,-0.22811895253931938f,0.24825213088543063f,2.014234658130142f,0f,0f,0f,1f],start_interpolation:0}
execute if entity @s[tag=aj.cutscenes.bone.blade] run data modify entity @s {} merge value {transformation:[-1.1995322327510232f,-0.000006003388333137768f,9.598942675911373e-8f,-1.0760854312491823f,0.8924737678283718f,-0.00000790204795475783f,0.0000014687474853561414f,0.0644809715744068f,-0.1208842269676834f,0.000001231651997218729f,0.000009891085221259114f,1.4637871491706433f,0f,0f,0f,1f],start_interpolation:0}
execute if entity @s[tag=aj.cutscenes.bone.bottom] run data modify entity @s {} merge value {transformation:[0.009598942675911284f,0.9504510648080792f,-0.3107259784837654f,-0.5947432815588967f,0.14687474853561389f,0.30602992476242685f,0.9406239915037803f,0.5293428896766977f,0.9891085221259115f,-0.0546667957273173f,-0.13665969743418505f,1.3906063743534796f,0f,0f,0f,1f],start_interpolation:0}
execute if entity @s[tag=aj.cutscenes.bone.leftarm] run data modify entity @s {} merge value {transformation:[0.061724966570041236f,0.948493223379711f,-0.3107259784837654f,-0.35376216530334137f,0.16344196798087676f,0.2975117303738367f,0.9406239915037803f,0.6139359452689617f,0.9846201052205187f,-0.1088456498567198f,-0.13665969743418505f,1.424933718465582f,0f,0f,0f,1f],start_interpolation:0}
execute if entity @s[tag=aj.cutscenes.locator_origin.mount] at @s on origin run tp @s ^0.07888 ^0.60966 ^1.64031 ~53.23408 ~67.98196
execute if entity @s[tag=aj.cutscenes.bone.head] run data modify entity @s {} merge value {transformation:[0.2318944172140427f,0.9252183294284374f,0.30032652589242204f,-0.15242062999652095f,0.15723088664434232f,-0.3403341896641101f,0.927065848594752f,0.6947483170039621f,0.9599497005312276f,-0.16776078873004147f,-0.2243944968458026f,1.6822510259574341f,0f,0f,0f,1f],start_interpolation:0}
execute if entity @s[tag=aj.cutscenes.bone.upper] run data modify entity @s {} merge value {transformation:[0.26725058231330284f,0.9426058266713057f,-0.20017837490224927f,-0.8593750000000002f,0.19887583231754113f,0.14930939308615054f,0.9685840740257146f,0.5827662721893492f,0.9428815034632962f,-0.29866529872342107f,-0.14755849607950017f,1.90625f,0f,0f,0f,1f],start_interpolation:0}
execute if entity @s[tag=aj.cutscenes.bone.bottom3] run data modify entity @s {} merge value {transformation:[-0.13052619222005193f,0.9464679798771617f,-0.2952308862767899f,-0.9177318343875585f,0f,0.29777842195651594f,0.9546350147658984f,0.2866866660815235f,0.9914448613738104f,0.12460487343732576f,-0.03886788354327993f,2.02362110800521f,0f,0f,0f,1f],start_interpolation:0}
execute if entity @s[tag=aj.cutscenes.bone.rightleg] run data modify entity @s {} merge value {transformation:[-0.13052619222005193f,0.18413134619578536f,-0.9741963664953088f,-0.8593750000000002f,0f,0.9826026685391248f,0.18572020832367925f,0.59375f,0.9914448613738104f,0.024241351610804644f,-0.12825538478967377f,2.025f,0f,0f,0f,1f],start_interpolation:0}
execute if entity @s[tag=aj.cutscenes.bone.bottom4] run data modify entity @s {} merge value {transformation:[0.17364817766693003f,0.5392894520212208f,-0.8240225708872332f,-0.5527136716464918f,1.3877787807814457e-17f,0.8367344472734043f,0.5476088610916283f,0.47066746395286074f,0.9848077530122081f,-0.09509128080282428f,0.14529741196017257f,1.727080917547093f,0f,0f,0f,1f],start_interpolation:0}
execute if entity @s[tag=aj.cutscenes.bone.leftleg] run data modify entity @s {} merge value {transformation:[0.17364817766693003f,-0.9847892142845655f,0.006042666774075833f,-0.8593750000000002f,1.3877787807814457e-17f,-0.006135884649154377f,-0.9999811752826011f,0.46875f,0.9848077530122081f,0.17364490878905858f,-0.001065485187700122f,1.7875f,0f,0f,0f,1f],start_interpolation:0}
execute if entity @s[tag=aj.cutscenes.locator_origin.head2] at @s on origin run tp @s ^0 ^0.125 ^2.4375 ~-180 ~-90
execute if entity @s[tag=aj.cutscenes.locator_origin.mount2] at @s on origin run tp @s ^0 ^0.125 ^2.6875 ~-180 ~-90
execute if entity @s[tag=aj.cutscenes.camera_origin.camera] at @s on origin run tp @s ^3.375 ^-0.44813 ^1.90625 ~90 ~10