execute if entity @s[tag=aj.cutscenes.locator_origin.head] at @s on origin run tp @s ^-0.53887 ^1.25166 ^1.81877 ~-89.19254 ~25.39717
execute if entity @s[tag=aj.cutscenes.bone.blade2] run data modify entity @s {} merge value {transformation:[-2.6457335500127647e-7f,0.00000610044233328196f,0.000007919255285576083f,0.02910478024085983f,-0.0000014119321305336298f,-0.00000786541490694578f,0.000006011796403768333f,0.4371111481063714f,0.000009896284585569987f,-9.590889843473533e-7f,0.0000010694389751236047f,2.075041712995174f,0f,0f,0f,1f],start_interpolation:0}
execute if entity @s[tag=aj.cutscenes.bone.heart] run data modify entity @s {} merge value {transformation:[0.000007919255285576082f,-0.000004316463041055583f,0.000004318974709010979f,-0.2921160527821591f,0.000006011796403768334f,0.000004272811729010331f,-0.00000675287967670607f,0.7032308535991371f,0.0000010694389751236032f,0.000007944257469621245f,0.000005978718385645341f,1.9273156974173877f,0f,0f,0f,1f],start_interpolation:0}
execute if entity @s[tag=aj.cutscenes.bone.bottom2] run data modify entity @s {} merge value {transformation:[0.43189747090109776f,-0.43164630410555827f,-0.7919255285576083f,-0.44608572084109627f,-0.6752879676706072f,0.42728117290103307f,-0.6011796403768331f,0.9793390241271921f,0.5978718385645341f,0.7944257469621243f,-0.10694389751236043f,2.245864963796187f,0f,0f,0f,1f],start_interpolation:0}
execute if entity @s[tag=aj.cutscenes.bone.rightarm] run data modify entity @s {} merge value {transformation:[-0.18344688959467098f,-0.5824098178403188f,-0.7919255285576083f,-0.580222744701509f,0.06718974657010587f,0.7962842318872241f,-0.6011796403768331f,1.1742107229383665f,0.9807307360605587f,-0.16349381068095578f,-0.10694389751236043f,2.143695840122163f,0f,0f,0f,1f],start_interpolation:0}
execute if entity @s[tag=aj.cutscenes.bone.blade] run data modify entity @s {} merge value {transformation:[-0.7175848877331364f,0.000003992231205766774f,-0.000007821534245317903f,-0.1942819279021552f,-1.187360170284335f,0.0000018958765259386525f,0.0000058091996024934884f,0.9823820209416682f,0.5703049665918896f,0.000008970381385320063f,0.0000022531759868480665f,2.192294518763691f,0f,0f,0f,1f],start_interpolation:0}
execute if entity @s[tag=aj.cutscenes.bone.bottom] run data modify entity @s {} merge value {transformation:[-0.7821534245317903f,-0.05263124689092419f,-0.6208590599676382f,-0.4112866418441973f,0.580919960249349f,0.2987267635636911f,-0.7571620173481084f,0.9376338759467342f,0.22531759868480689f,-0.9528862852310706f,-0.20307561926889006f,1.5566461478702451f,0f,0f,0f,1f],start_interpolation:0}
execute if entity @s[tag=aj.cutscenes.bone.leftarm] run data modify entity @s {} merge value {transformation:[-0.4055117804385321f,-0.67089061968526f,-0.6208590599676382f,-0.6043537830429205f,0.08849936154798121f,0.6472044054940775f,-0.7571620173481084f,1.1049661874170025f,0.9097956138227814f,-0.3619837481536779f,-0.20307561926889006f,1.5230124366957496f,0f,0f,0f,1f],start_interpolation:0}
execute if entity @s[tag=aj.cutscenes.locator_origin.mount] at @s on origin run tp @s ^-0.36907 ^1.43417 ^1.79985 ~-73.46439 ~40.77254
execute if entity @s[tag=aj.cutscenes.bone.head] run data modify entity @s {} merge value {transformation:[-0.10790469323931756f,0.6791890429552474f,-0.7259881687097001f,-0.5388709166466576f,0.20136202531913028f,0.7300472309130421f,0.6530577121476917f,1.251655554497245f,0.973555294750281f,-0.07571845591224441f,-0.2155384037659154f,1.8187749660907475f,0f,0f,0f,1f],start_interpolation:0}
execute if entity @s[tag=aj.cutscenes.bone.upper] run data modify entity @s {} merge value {transformation:[0.03860966134625835f,0.4273387778044567f,-0.9032667729056131f,-0.8593750000000002f,0.11079125683418256f,0.8965367945564843f,0.4288905144853247f,0.5792529585798817f,0.9930934454822614f,-0.11663337854566992f,-0.012730418264653374f,1.90625f,0f,0f,0f,1f],start_interpolation:0}
execute if entity @s[tag=aj.cutscenes.locator_origin.head2] at @s on origin run tp @s ^0 ^0.125 ^2.4375 ~-180 ~-90
execute if entity @s[tag=aj.cutscenes.locator_origin.mount2] at @s on origin run tp @s ^0 ^0.125 ^2.6875 ~-180 ~-90
execute if entity @s[tag=aj.cutscenes.camera_origin.camera] at @s on origin run tp @s ^3.375 ^-0.44813 ^1.90625 ~90 ~0