execute if entity @s[tag=aj.cutscenes.locator_origin.head] at @s on origin run tp @s ^-0.0028 ^1.49971 ^-0.02085 ~3.29466 ~-1.57777
execute if entity @s[tag=aj.cutscenes.bone.blade2] run data modify entity @s {} merge value {transformation:[0.0663958616247087f,0.08207223934732229f,1.4962806344692257f,-0.36746418026350575f,1.4911009629213f,-0.15256923305430947f,-0.05779746967118855f,0.8369941772398045f,0.149028547380308f,1.4899620051040683f,-0.08833864053730768f,0.31088276937740017f,0f,0f,0f,1f],start_interpolation:0}
execute if entity @s[tag=aj.cutscenes.bone.heart] run data modify entity @s {} merge value {transformation:[-5.471482623154819e-7f,4.4263907749806033e-7f,0.000009975204229794838f,-0.3142339099207635f,0.0000010171282203620632f,0.000009940673086142f,-3.853164644745926e-7f,0.6867251656455937f,-0.000009933080034027123f,9.935236492020532e-7f,-5.889242702487181e-7f,-0.07376060248591385f,0f,0f,0f,1f],start_interpolation:0}
execute if entity @s[tag=aj.cutscenes.bone.bottom2] run data modify entity @s {} merge value {transformation:[-0.9975204229794837f,0.04426390774980603f,-0.05471482623154797f,-0.3770743291248352f,0.03853164644745928f,0.9940673086141999f,0.10171282203620632f,1.1325862122645924f,0.05889242702487158f,0.0993523649202053f,-0.9933080034027122f,-0.10329515973784281f,0f,0f,0f,1f],start_interpolation:0}
execute if entity @s[tag=aj.cutscenes.bone.rightarm] run data modify entity @s {} merge value {transformation:[-0.9989571723767778f,0.0012938200759748074f,-0.04563873121159012f,-0.31431605083229286f,-0.011679609853181987f,0.9590968314068955f,0.2828371522606786f,1.3730903957321403f,0.044137902880293484f,0.2830752444401733f,-0.9580815474240519f,-0.035284967557817834f,0f,0f,0f,1f],start_interpolation:0}
execute if entity @s[tag=aj.cutscenes.bone.blade] run data modify entity @s {} merge value {transformation:[0.2467256627242342f,-0.34176457252150033f,-1.4395566763147896f,0.354905320778489f,-1.4372981415348418f,0.29100036845635296f,-0.3154248530137664f,0.984909334920353f,0.35114170884954243f,1.4312636942672246f,-0.2796135507781413f,0.5006682106734923f,0f,0f,0f,1f],start_interpolation:0}
execute if entity @s[tag=aj.cutscenes.bone.bottom] run data modify entity @s {} merge value {transformation:[-0.9597044508765264f,-0.1644837751494897f,0.22784304834766667f,0.41083982426624777f,-0.21028323534251112f,0.9581987610232279f,-0.19400024563756868f,1.140161890296473f,-0.18640903385209395f,-0.23409447256636165f,-0.9541757961781497f,0.019234582365096786f,0f,0f,0f,1f],start_interpolation:0}
execute if entity @s[tag=aj.cutscenes.bone.leftarm] run data modify entity @s {} merge value {transformation:[-0.9682267054784672f,-0.1627132112617596f,0.18989854575325127f,0.3096473523584037f,-0.16502986494319125f,0.9862817846157607f,0.0036585532635402783f,1.3764179698914636f,-0.1878887715515372f,-0.027796622385392367f,-0.9817969022709423f,0.0005423785467776193f,0f,0f,0f,1f],start_interpolation:0}
execute if entity @s[tag=aj.cutscenes.locator_origin.mount] at @s on origin run tp @s ^-0.00383 ^1.7497 ^-0.02157 ~-1.42672 ~-0.17157
execute if entity @s[tag=aj.cutscenes.bone.head] run data modify entity @s {} merge value {transformation:[-0.999681460255722f,-0.0041296536542895345f,-0.024898272664644762f,-0.0028012190843335373f,-0.004056336622116664f,0.999987289618676f,-0.002994450584372168f,1.4997050193741623f,0.02491032224190321f,-0.0028925009576117183f,-0.9996855051885141f,-0.020845553406624126f,0f,0f,0f,1f],start_interpolation:0}
execute if entity @s[tag=aj.cutscenes.bone.upper] run data modify entity @s {} merge value {transformation:[-0.9983414451051145f,-0.003734958779111383f,0.05744918683802289f,0f,-0.005324118654917271f,0.9996066924988831f,-0.027533871358594975f,0.75f,-0.05732375376735272f,-0.02779407120883217f,-0.9979686752897899f,0f,0f,0f,0f,1f],start_interpolation:0}
execute if entity @s[tag=aj.cutscenes.bone.bottom3] run data modify entity @s {} merge value {transformation:[-0.9954628687479571f,0.012683062349673003f,0.09430173314166504f,-0.1313263029878047f,0f,0.9910764982141608f,-0.13329431603619246f,0.44471980841206843f,-0.09515081157871172f,-0.13268954222918494f,-0.9865798540609481f,0.06588743224010726f,0f,0f,0f,1f],start_interpolation:0}
execute if entity @s[tag=aj.cutscenes.bone.rightleg] run data modify entity @s {} merge value {transformation:[-0.9954628687479571f,0.020334912186015942f,0.09295250556318813f,-0.11875f,0f,0.976896613081381f,-0.21371244079399432f,0.75f,-0.09515081157871172f,-0.21274279939991753f,-0.9724643049281546f,-1.4542680739874818e-17f,0f,0f,0f,1f],start_interpolation:0}
execute if entity @s[tag=aj.cutscenes.bone.bottom4] run data modify entity @s {} merge value {transformation:[-0.9998710886777297f,0.0005099437234834369f,-0.016048239274467725f,0.12469462501388928f,5.421010862427522e-20f,0.9994955350492036f,0.03175965076486347f,0.4380762351337645f,0.016056339134799334f,0.031755556586288536f,-0.9993666887581772f,-0.019066694656327585f,0f,0f,0f,1f],start_interpolation:0}
execute if entity @s[tag=aj.cutscenes.bone.leftleg] run data modify entity @s {} merge value {transformation:[-0.9998710886777297f,0.0009746217291088979f,-0.016026732009266187f,0.11875f,5.421010862427522e-20f,0.9981560475719538f,0.06070012105041891f,0.75f,0.016056339134799334f,0.06069229611755233f,-0.9980273739560291f,1.4542680739874818e-17f,0f,0f,0f,1f],start_interpolation:0}
execute if entity @s[tag=aj.cutscenes.locator_origin.head2] at @s on origin run tp @s ^0 ^0.71814 ^2.06127 ~-180 ~-37.73437
execute if entity @s[tag=aj.cutscenes.bone.bottom5] run data modify entity @s {} merge value {transformation:[0.9763824390939498f,-0.11352499940503231f,-0.1838189520670728f,0.40190515229462964f,0.11216572874932643f,0.9935298937889321f,-0.017810093820239403f,0.3779131975395026f,0.18465151481393788f,-0.0032287238718433087f,0.9827987552999227f,1.9971216467542903f,0f,0f,0f,1f],start_interpolation:0}
execute if entity @s[tag=aj.cutscenes.bone.rightarm2] run data modify entity @s {} merge value {transformation:[0.9763824390939498f,-0.11352499940503231f,-0.1838189520670728f,0.31249999999999967f,0.11216572874932643f,0.9935298937889321f,-0.017810093820239403f,0.6192853129399027f,0.18465151481393788f,-0.0032287238718433087f,0.9827987552999227f,1.9847737461104584f,0f,0f,0f,1f],start_interpolation:0}
execute if entity @s[tag=aj.cutscenes.bone.bottom6] run data modify entity @s {} merge value {transformation:[0.9763824522960998f,0.11352494810782505f,0.18381891362253788f,-0.4019051402954628f,-0.11216567821036807f,0.9935298996651478f,-0.017810084305507234f,0.3779131929117638f,-0.18465147570453527f,-0.0032287193245535417f,0.982798762662866f,1.9971216431731302f,0f,0f,0f,1f],start_interpolation:0}
execute if entity @s[tag=aj.cutscenes.bone.leftarm2] run data modify entity @s {} merge value {transformation:[0.9763824522960998f,0.11352494810782505f,0.18381891362253788f,-0.31250000000000033f,-0.11216567821036807f,0.9935298996651478f,-0.017810084305507234f,0.6192853129399027f,-0.18465147570453527f,-0.0032287193245535417f,0.982798762662866f,1.9847737461104584f,0f,0f,0f,1f],start_interpolation:0}
execute if entity @s[tag=aj.cutscenes.locator_origin.mount2] at @s on origin run tp @s ^0 ^0.96244 ^2.11438 ~-180 ~-12.26562
execute if entity @s[tag=aj.cutscenes.bone.head2] run data modify entity @s {} merge value {transformation:[1f,-5.203381277121252e-17f,-2.39338408190087e-16f,-3.239527772845614e-16f,0f,0.9771732076412716f,-0.2124441627065064f,0.7181423755278834f,2.4492935982947064e-16f,0.2124441627065064f,0.9771732076412716f,2.0612739498780046f,0f,0f,0f,1f],start_interpolation:0}
execute if entity @s[tag=aj.cutscenes.bone.upper2] run data modify entity @s {} merge value {transformation:[1f,-1.4989716748487324e-16f,-1.9370397643436793e-16f,-2.1152990167090647e-16f,0f,0.7908565007038445f,-0.6120016301403698f,0.125f,2.4492935982947064e-16f,0.6120016301403698f,0.7908565007038445f,1.6022727272727273f,0f,0f,0f,1f],start_interpolation:0}
execute if entity @s[tag=aj.cutscenes.bone.bottom7] run data modify entity @s {} merge value {transformation:[0.9622501286096566f,-0.2690516075260029f,-0.04105998634160723f,0.1441976521014936f,0.14415265413281164f,0.6317860548610038f,-0.7616208986035213f,0.3319407953279297f,0.23085645387808684f,0.7269509016232408f,0.6467207158673615f,1.2592998017691972f,0f,0f,0f,1f],start_interpolation:0}
execute if entity @s[tag=aj.cutscenes.bone.rightleg2] run data modify entity @s {} merge value {transformation:[0.9622501286096566f,-0.062187484152587014f,0.26496680321404603f,0.11874999999999981f,0.14415265413281164f,-0.7093274919667187f,-0.6899815370331812f,0.109375f,0.23085645387808684f,0.7021304906888584f,-0.6735859794769027f,1.4772727272727273f,0f,0f,0f,1f],start_interpolation:0}
execute if entity @s[tag=aj.cutscenes.bone.bottom8] run data modify entity @s {} merge value {transformation:[0.9622501244786508f,0.26905161180359316f,0.04106005512307383f,-0.14419767360830782f,-0.14415260521956008f,0.631786062781277f,-0.7616209012912825f,0.33194079566398327f,-0.230856501639514f,0.7269508931566289f,0.6467207083351701f,1.2592998046231856f,0f,0f,0f,1f],start_interpolation:0}
execute if entity @s[tag=aj.cutscenes.bone.leftleg2] run data modify entity @s {} merge value {transformation:[0.9622501244786508f,0.062187553057011444f,-0.2649668020443366f,-0.11875000000000017f,-0.14415260521956008f,-0.7093274940203551f,-0.6899815451410394f,0.109375f,-0.230856501639514f,0.7021304825113235f,-0.6735859716318183f,1.4772727272727273f,0f,0f,0f,1f],start_interpolation:0}
execute if entity @s[tag=aj.cutscenes.camera_origin.camera] at @s on origin run tp @s ^-2.35312 ^-0.12 ^0.85 ~-90 ~0