execute if entity @s[tag=aj.cutscenes.locator_origin.head] at @s on origin run tp @s ^-1.1523 ^1.26178 ^1.84095 ~-94.77003 ~-22.62599
execute if entity @s[tag=aj.cutscenes.bone.blade2] run data modify entity @s {} merge value {transformation:[-4.1662454588620267e-8f,0.0000012346358985078687f,-0.000009923403571254846f,-1.0070306758236012f,-0.000008416794696941735f,0.000005354018383040295f,7.014657394343421e-7f,1.9063322715509259f,0.000005399613992630512f,0.0000083552475338665f,0.000001016861533546487f,2.806507443608285f,0f,0f,0f,1f],start_interpolation:0}
execute if entity @s[tag=aj.cutscenes.bone.heart] run data modify entity @s {} merge value {transformation:[-0.9923403571254845f,-0.08648247065667497f,0.08821223208367507f,-0.9452361050424763f,0.0701465739434343f,-0.9822634369615033f,-0.1738907662084858f,1.836724916072889f,0.10168615335464859f,-0.1663710391795798f,0.9808060988484121f,2.3738855024363454f,0f,0f,0f,1f],start_interpolation:0}
execute if entity @s[tag=aj.cutscenes.bone.bottom2] run data modify entity @s {} merge value {transformation:[0.08821223208367529f,-0.08648247065667497f,0.9923403571254845f,-1.0661120408604299f,-0.17389076620848581f,-0.9822634369615033f,-0.07014657394343426f,1.4233330363795924f,0.9808060988484121f,-0.1663710391795798f,-0.10168615335464881f,2.2477420223480853f,0f,0f,0f,1f],start_interpolation:0}
execute if entity @s[tag=aj.cutscenes.bone.rightarm] run data modify entity @s {} merge value {transformation:[0.09427560052328732f,-0.0798293603008341f,0.9923403571254845f,-1.091961605968344f,-0.10190180351346052f,-0.9923182355498178f,-0.07014657394343426f,1.1816223402117292f,0.9903171883728351f,-0.0945081617071098f,-0.10168615335464881f,2.162220157648006f,0f,0f,0f,1f],start_interpolation:0}
execute if entity @s[tag=aj.cutscenes.bone.blade] run data modify entity @s {} merge value {transformation:[-0.44822576665718955f,0.000009169168438652437f,0.0000026452182462870574f,-0.400660766531612f,-1.3843113898851456f,-0.00000207092053754632f,-0.0000032467827405366835f,0.7181135504434664f,-0.364383915587434f,-0.00000341139828674238f,0.00000908081616735319f,1.1416637438386665f,0f,0f,0f,1f],start_interpolation:0}
execute if entity @s[tag=aj.cutscenes.bone.bottom] run data modify entity @s {} merge value {transformation:[0.264521824628706f,-0.5796998151485937f,-0.7706985977746335f,-0.9799549341041472f,-0.3246782740536684f,0.6989788083961029f,-0.6371912144487673f,0.9502694266756916f,0.9080816167353191f,0.41878007322441935f,-0.003320785677940155f,1.393981421222432f,0f,0f,0f,1f],start_interpolation:0}
execute if entity @s[tag=aj.cutscenes.bone.leftarm] run data modify entity @s {} merge value {transformation:[0.22461497918511514f,-0.5962984005629094f,-0.7706985977746335f,-1.1149910980458049f,-0.2765470208998419f,0.7193810544215961f,-0.6371912144487673f,1.1128305014748505f,0.9343820719368992f,0.3562570925966084f,-0.003320785677940155f,1.5414445738676403f,0f,0f,0f,1f],start_interpolation:0}
execute if entity @s[tag=aj.cutscenes.locator_origin.mount] at @s on origin run tp @s ^-1.27311 ^1.48052 ^1.83332 ~-97.59915 ~-28.49654
execute if entity @s[tag=aj.cutscenes.bone.head] run data modify entity @s {} merge value {transformation:[0.0871322137262244f,-0.4832648686665531f,-0.8711274556825004f,-1.1522966224084892f,0.08273814408706995f,0.8749426043216074f,-0.4771056891884128f,1.26178265175751f,0.9927549429966063f,-0.030504194066098972f,0.1162201243338819f,1.8409488389093875f,0f,0f,0f,1f],start_interpolation:0}
execute if entity @s[tag=aj.cutscenes.bone.upper] run data modify entity @s {} merge value {transformation:[0.0368471873239374f,-0.3905621632113187f,-0.9198388344998323f,-0.8593750000000002f,0.1100669419790057f,0.916449847313761f,-0.3847141089718108f,0.5744452662721893f,0.9932409340485846f,-0.08706821478748329f,0.07675658215433916f,1.90625f,0f,0f,0f,1f],start_interpolation:0}
execute if entity @s[tag=aj.cutscenes.locator_origin.head2] at @s on origin run tp @s ^0 ^0.125 ^2.4375 ~-180 ~-90
execute if entity @s[tag=aj.cutscenes.locator_origin.mount2] at @s on origin run tp @s ^0 ^0.125 ^2.6875 ~-180 ~-90
execute if entity @s[tag=aj.cutscenes.camera_origin.camera] at @s on origin run tp @s ^3.375 ^-0.44813 ^1.90625 ~90 ~-20