execute if entity @s[tag=aj.cutscenes.locator_origin.head] at @s on origin run tp @s ^0 ^13.80903 ^-3.55903 ~0 ~0
execute if entity @s[tag=aj.cutscenes.bone.blade2] run data modify entity @s {} merge value {transformation:[-0.0000065338082940492345f,-0.000007570293863293118f,7.050327610565442e-21f,-0.8610699730166266f,0.000007570293863293118f,-0.000006533808294049233f,8.0016074135498215e-22f,12.875722197283972f,4.000803706774911e-21f,5.860114873290737e-21f,0.00001f,-3.5269571527777774f,0f,0f,0f,1f],start_interpolation:0}
execute if entity @s[tag=aj.cutscenes.bone.heart] run data modify entity @s {} merge value {transformation:[-8.342699274032943e-21f,2.9718762454923785e-7f,0.00000999558300029642f,-0.30991146638421285f,6.598890868164406e-23f,0.00000999558300029642f,-2.9718762454923785e-7f,12.994399243198016f,-0.00001f,-1.8197493657521474e-22f,-8.340975412712667e-21f,-3.4809027777777777f,0f,0f,0f,1f],start_interpolation:0}
execute if entity @s[tag=aj.cutscenes.bone.bottom2] run data modify entity @s {} merge value {transformation:[-0.999558300029642f,0.029718762454923785f,-6.123233995736765e-16f,-0.37499999999999956f,0.029718762454923785f,0.999558300029642f,0f,13.434027777777775f,6.120529363462353e-16f,-1.8197493657521472e-17f,-1f,-3.5590277777777777f,0f,0f,0f,1f],start_interpolation:0}
execute if entity @s[tag=aj.cutscenes.bone.rightarm] run data modify entity @s {} merge value {transformation:[-1f,0f,-6.123233995736765e-16f,-0.31249999999999956f,0f,1f,0f,13.684027777777775f,6.123233995736765e-16f,0f,-1f,-3.5590277777777777f,0f,0f,0f,1f],start_interpolation:0}
execute if entity @s[tag=aj.cutscenes.bone.blade] run data modify entity @s {} merge value {transformation:[0.008752645755092731f,8.333382392571559e-8f,-0.00000999948251850522f,0.3816552012628576f,-0.8603201322478211f,-0.000008191096546865585f,-1.0173181463283114e-7f,12.830309866063159f,-1.2287280664334874f,0.000005735764363510461f,3.902471080458352e-21f,-3.2613321527777774f,0f,0f,0f,1f],start_interpolation:0}
execute if entity @s[tag=aj.cutscenes.bone.bottom] run data modify entity @s {} merge value {transformation:[-0.999948251850522f,-0.010173181463283281f,-6.123233995736765e-16f,0.37500000000000044f,-0.010173181463283281f,0.999948251850522f,0f,13.434027777777775f,6.122917129708666e-16f,6.229277058077528e-18f,-1f,-3.5590277777777777f,0f,0f,0f,1f],start_interpolation:0}
execute if entity @s[tag=aj.cutscenes.bone.leftarm] run data modify entity @s {} merge value {transformation:[-1f,0f,-6.123233995736765e-16f,0.31250000000000044f,0f,1f,0f,13.684027777777775f,6.123233995736765e-16f,0f,-1f,-3.5590277777777777f,0f,0f,0f,1f],start_interpolation:0}
execute if entity @s[tag=aj.cutscenes.locator_origin.mount] at @s on origin run tp @s ^0.00095 ^14.05879 ^-3.56989 ~5 ~-2.5
execute if entity @s[tag=aj.cutscenes.bone.head] run data modify entity @s {} merge value {transformation:[-0.9961946980917455f,0.0038016801040236495f,0.0870727897926932f,4.358551976132073e-16f,-2.168404344971009e-19f,0.9990482215818578f,-0.043619387365336f,13.809027777777775f,-0.08715574274765758f,-0.0434534024273578f,-0.9952465414778341f,-3.5590277777777777f,0f,0f,0f,1f],start_interpolation:0}
execute if entity @s[tag=aj.cutscenes.bone.upper] run data modify entity @s {} merge value {transformation:[-1f,0f,-6.123233995736765e-16f,4.358551976132073e-16f,0f,1f,0f,13.059027777777775f,6.123233995736765e-16f,0f,-1f,-3.5590277777777777f,0f,0f,0f,1f],start_interpolation:0}
execute if entity @s[tag=aj.cutscenes.bone.bottom3] run data modify entity @s {} merge value {transformation:[-0.9914448613738105f,-0.03924998298777886f,0.12448504203688393f,-0.11268091069990499f,3.469446951953614e-18f,0.9537169507482269f,0.30070579950427306f,12.760991230668955f,-0.13052619222005094f,0.29813321970381484f,-0.9455577700244291f,-3.653010197636595f,0f,0f,0f,1f],start_interpolation:0}
execute if entity @s[tag=aj.cutscenes.bone.rightleg] run data modify entity @s {} merge value {transformation:[-0.9914448613738105f,-0.03924998298777886f,0.12448504203688393f,-0.11874999999999956f,3.469446951953614e-18f,0.9537169507482269f,0.30070579950427306f,13.059027777777775f,-0.13052619222005094f,0.29813321970381484f,-0.9455577700244291f,-3.5590277777777777f,0f,0f,0f,1f],start_interpolation:0}
execute if entity @s[tag=aj.cutscenes.bone.bottom4] run data modify entity @s {} merge value {transformation:[-0.9848077530122079f,-0.05221701409779454f,-0.16561121050749172f,0.1540616415346335f,-6.938893903907228e-18f,0.9537169507482269f,-0.3007057995042731f,12.795467950961248f,0.17364817766693094f,-0.29613740272754274f,-0.9392278472760159f,-3.394757822641204f,0f,0f,0f,1f],start_interpolation:0}
execute if entity @s[tag=aj.cutscenes.bone.leftleg] run data modify entity @s {} merge value {transformation:[-0.9848077530122079f,-0.09330109785058167f,-0.14645338762528573f,0.11875000000000042f,-6.938893903907228e-18f,0.8433914458128857f,-0.5372996083468239f,13.059027777777775f,0.17364817766693094f,-0.529136819990375f,-0.8305784346607052f,-3.5590277777777777f,0f,0f,0f,1f],start_interpolation:0}
execute if entity @s[tag=aj.cutscenes.locator_origin.head2] at @s on origin run tp @s ^0 ^0.125 ^2.4375 ~-180 ~-90
execute if entity @s[tag=aj.cutscenes.locator_origin.mount2] at @s on origin run tp @s ^0 ^0.12901 ^2.68747 ~-180 ~-89.08
execute if entity @s[tag=aj.cutscenes.bone.head2] run data modify entity @s {} merge value {transformation:[1f,-2.448977856618322e-16f,-3.9326688654915216e-18f,-4.0566425221756077e-16f,0f,0.01605633913480033f,-0.9998710886777297f,0.12500000000000017f,2.4492935982947064e-16f,0.9998710886777297f,0.01605633913480033f,2.4375f,0f,0f,0f,1f],start_interpolation:0}
execute if entity @s[tag=aj.cutscenes.camera_origin.camera] at @s on origin run tp @s ^3.375 ^-0.44813 ^1.90625 ~90 ~0