execute if entity @s[tag=aj.cutscenes.locator_origin.head] at @s on origin run tp @s ^0 ^1.48883 ^0.76168 ~0 ~-9.9
execute if entity @s[tag=aj.cutscenes.bone.blade2] run data modify entity @s {} merge value {transformation:[0.14190138954575013f,-0.19326763461796742f,1.4807132122913473f,-0.4911377531675802f,-1.480891987332202f,0.17292280352056252f,0.1644889840623709f,1.8727513956519068f,-0.19189298449986977f,-1.4774116980150676f,-0.17444700360845405f,0.38783918252513916f,0f,0f,0f,1f],start_interpolation:0}
execute if entity @s[tag=aj.cutscenes.bone.heart] run data modify entity @s {} merge value {transformation:[0.0000012884508974531164f,9.460092636383365e-7f,0.00000987142141527565f,-0.369092709610344f,-0.0000011528186901370834f,-0.000009872613248881346f,0.0000010965932270824749f,2.0578715811747594f,0.000009849411320100452f,-0.0000012792865633324656f,-0.0000011629800240563602f,0.7804370061508995f,0f,0f,0f,1f],start_interpolation:0}
execute if entity @s[tag=aj.cutscenes.bone.bottom2] run data modify entity @s {} merge value {transformation:[-0.987142141527565f,0.09460092636383365f,0.12884508974531184f,-0.3947592614966553f,-0.1096593227082475f,-0.9872613248881346f,-0.11528186901370832f,1.6083712209329226f,0.11629800240563623f,-0.12792865633324654f,0.9849411320100451f,0.8105025263813292f,0f,0f,0f,1f],start_interpolation:0}
execute if entity @s[tag=aj.cutscenes.bone.rightarm] run data modify entity @s {} merge value {transformation:[-0.9888633326474305f,0.08182121282476315f,0.12431652535886732f,-0.3125000000000001f,-0.09091789516811048f,-0.9934410421367834f,-0.06934574346261121f,1.3656933288467337f,0.11782718567299127f,-0.07987605980559276f,0.9898164321662457f,0.7831693123253691f,0f,0f,0f,1f],start_interpolation:0}
execute if entity @s[tag=aj.cutscenes.bone.blade] run data modify entity @s {} merge value {transformation:[0.14167236995612298f,0.19343555223322315f,-1.4807132155563558f,0.4911560353297636f,1.4806869619176632f,0.17467038541674315f,0.16448822834904642f,1.873256902348904f,0.1936364128929707f,-1.477184126502379f,-0.17444768846662484f,0.388160002099326f,0f,0f,0f,1f],start_interpolation:0}
execute if entity @s[tag=aj.cutscenes.bone.bottom] run data modify entity @s {} merge value {transformation:[-0.9871421437042373f,-0.09444824663741555f,-0.12895703482214899f,0.3947591268802014f,0.10965881889936452f,-0.9871246412784422f,-0.11644692361116209f,1.6083712639651693f,-0.11629845897775007f,-0.12909094192864715f,0.9847894176682527f,0.8105025494472191f,0f,0f,0f,1f],start_interpolation:0}
execute if entity @s[tag=aj.cutscenes.bone.leftarm] run data modify entity @s {} merge value {transformation:[-0.9888633246932012f,-0.08182067634750596f,-0.12431694172052893f,0.3124999999999999f,0.09091739040187574f,-0.9934410880742116f,-0.06934574715467584f,1.3656933288467337f,-0.11782764191488186f,-0.07987603800867937f,0.9898163796143279f,0.7831693123253691f,0f,0f,0f,1f],start_interpolation:0}
execute if entity @s[tag=aj.cutscenes.locator_origin.mount] at @s on origin run tp @s ^0 ^1.71754 ^0.66071 ~0 ~-23.82
execute if entity @s[tag=aj.cutscenes.bone.head] run data modify entity @s {} merge value {transformation:[-1f,4.945915545056747e-17f,1.1203298518175431e-16f,-9.327867387375141e-17f,0f,0.9148187482281098f,-0.4038646529350573f,1.4888319946160804f,-1.2246467991473532e-16f,-0.4038646529350573f,-0.9148187482281098f,0.761678174790443f,0f,0f,0f,1f],start_interpolation:0}
execute if entity @s[tag=aj.cutscenes.bone.upper] run data modify entity @s {} merge value {transformation:[-1f,2.1055242233746302e-17f,1.20641098308565e-16f,-1.0907010554906114e-16f,0f,0.985109326154774f,-0.17192910027940939f,0.75f,-1.2246467991473532e-16f,-0.17192910027940939f,-0.985109326154774f,0.890625f,0f,0f,0f,1f],start_interpolation:0}
execute if entity @s[tag=aj.cutscenes.locator_origin.head2] at @s on origin run tp @s ^0 ^0.72983 ^2.13098 ~-180 ~-36.25
execute if entity @s[tag=aj.cutscenes.bone.bottom5] run data modify entity @s {} merge value {transformation:[0.9763824522960998f,-0.1314637402525627f,-0.17144851077527998f,0.40638983833164655f,0.11691131170916716f,0.9888326727931951f,-0.0924212660111729f,0.38912666645070093f,0.18168393446503883f,0.07019423206697789f,0.9808484682874469f,2.0508752181145598f,0f,0f,0f,1f],start_interpolation:0}
execute if entity @s[tag=aj.cutscenes.bone.rightarm2] run data modify entity @s {} merge value {transformation:[0.9763824522960998f,-0.1314637402525627f,-0.17144851077527998f,0.31249999999999967f,0.11691131170916716f,0.9888326727931951f,-0.0924212660111729f,0.6290278776671767f,0.18168393446503883f,0.07019423206697789f,0.9808484682874469f,2.057068530227239f,0f,0f,0f,1f],start_interpolation:0}
execute if entity @s[tag=aj.cutscenes.bone.bottom6] run data modify entity @s {} merge value {transformation:[0.9763824522960998f,0.1314637402525627f,0.17144851077527948f,-0.4063898383316472f,-0.11691131170916716f,0.9888326727931951f,-0.0924212660111729f,0.38912666645070093f,-0.18168393446503836f,0.070194232066978f,0.980848468287447f,2.0508752181145593f,0f,0f,0f,1f],start_interpolation:0}
execute if entity @s[tag=aj.cutscenes.bone.leftarm2] run data modify entity @s {} merge value {transformation:[0.9763824522960998f,0.1314637402525627f,0.17144851077527948f,-0.31250000000000033f,-0.11691131170916716f,0.9888326727931951f,-0.0924212660111729f,0.6290278776671767f,-0.18168393446503836f,0.070194232066978f,0.980848468287447f,2.057068530227239f,0f,0f,0f,1f],start_interpolation:0}
execute if entity @s[tag=aj.cutscenes.locator_origin.mount2] at @s on origin run tp @s ^0 ^0.97079 ^2.19761 ~-180 ~-15.45639
execute if entity @s[tag=aj.cutscenes.bone.head2] run data modify entity @s {} merge value {transformation:[1f,-6.527485726190478e-17f,-2.3607114248868344e-16f,-3.30589052571469e-16f,0f,0.9638335830912446f,-0.26650482942245746f,0.729833453200612f,2.4492935982947064e-16f,0.26650482942245746f,0.9638335830912446f,2.1309822362726867f,0f,0f,0f,1f],start_interpolation:0}
execute if entity @s[tag=aj.cutscenes.bone.upper2] run data modify entity @s {} merge value {transformation:[1f,-1.4482909363468162e-16f,-1.9752196066116532e-16f,-2.2196723234545778e-16f,0f,0.8064446042674827f,-0.5913096483635824f,0.125f,2.4492935982947064e-16f,0.5913096483635824f,0.8064446042674827f,1.6875f,0f,0f,0f,1f],start_interpolation:0}
execute if entity @s[tag=aj.cutscenes.bone.bottom7] run data modify entity @s {} merge value {transformation:[0.9622501286096565f,-0.2696874041924924f,-0.03665233976998693f,0.14712032701669653f,0.1441526541328117f,0.6192400459149163f,-0.7718560603129051f,0.3241589789177113f,0.23085645387808687f,0.7374350612462144f,0.6347399689224141f,1.3347239843797312f,0f,0f,0f,1f],start_interpolation:0}
execute if entity @s[tag=aj.cutscenes.bone.rightleg2] run data modify entity @s {} merge value {transformation:[0.9622501286096565f,-0.07154004388123643f,0.2625961007177564f,0.1187499999999998f,0.1441526541328117f,-0.6844256794540198f,-0.71468979397384f,0.109375f,0.23085645387808687f,0.7255642710507283f,-0.648276010876124f,1.5600199662463456f,0f,0f,0f,1f],start_interpolation:0}
execute if entity @s[tag=aj.cutscenes.bone.bottom8] run data modify entity @s {} merge value {transformation:[0.9622501286096568f,0.269687404192492f,0.036652339769986615f,-0.1471203270166968f,-0.1441526541328117f,0.6192400459149163f,-0.7718560603129051f,0.3241589789177113f,-0.23085645387808643f,0.7374350612462146f,0.6347399689224141f,1.3347239843797312f,0f,0f,0f,1f],start_interpolation:0}
execute if entity @s[tag=aj.cutscenes.bone.leftleg2] run data modify entity @s {} merge value {transformation:[0.9622501286096568f,0.07154004388123607f,-0.2625961007177561f,-0.11875000000000019f,-0.1441526541328117f,-0.6844256794540198f,-0.71468979397384f,0.109375f,-0.23085645387808643f,0.7255642710507283f,-0.6482760108761242f,1.5600199662463456f,0f,0f,0f,1f],start_interpolation:0}
execute if entity @s[tag=aj.cutscenes.camera_origin.camera] at @s on origin run tp @s ^-2.28125 ^-0.12 ^1.6875 ~-90 ~0