execute if entity @s[tag=aj.cutscenes.locator_origin.head] at @s on origin run tp @s ^-0.00032 ^1.48342 ^0.73379 ~-0.11719 ~-12.07031
execute if entity @s[tag=aj.cutscenes.bone.blade2] run data modify entity @s {} merge value {transformation:[-0.8310907839166838f,-1.075234730220921f,0.6349475441447869f,-0.9972334724760156f,0.7116669340839845f,0.21887690632703682f,1.3021609250811539f,1.035320921964677f,-1.0260693367508134f,1.0227234107046976f,0.388868282810898f,1.3498969215910852f,0f,0f,0f,1f],start_interpolation:0}
execute if entity @s[tag=aj.cutscenes.bone.heart] run data modify entity @s {} merge value {transformation:[-8.222794412675298e-7f,0.000007810573266985395f,0.000006190218232140276f,-0.8411904033421989f,-0.0000070716550294506374f,0.000003919408386339987f,-0.00000588472030308436f,1.1093783166606288f,-0.000007022503233528217f,-0.000004861397241754772f,0.000005201083078835105f,1.061194583129923f,0f,0f,0f,1f],start_interpolation:0}
execute if entity @s[tag=aj.cutscenes.bone.bottom2] run data modify entity @s {} merge value {transformation:[-0.6190218232140275f,0.7810573266985394f,-0.08222794412675283f,-0.5542629609850862f,0.5884720303084358f,0.39194083863399864f,-0.7071655029450639f,1.2715795060132666f,-0.5201083078835106f,-0.48613972417547713f,-0.7022503233528216f,0.7530116857378134f,0f,0f,0f,1f],start_interpolation:0}
execute if entity @s[tag=aj.cutscenes.bone.rightarm] run data modify entity @s {} merge value {transformation:[-0.49376111171188286f,0.8425449358436786f,0.21521616027895568f,-0.3127666575421739f,0.6790728507652488f,0.5281794842135172f,-0.50979063919368f,1.3611823238938179f,-0.5431942819236995f,-0.1055673412572017f,-0.8329438807898657f,0.7605694930437442f,0f,0f,0f,1f],start_interpolation:0}
execute if entity @s[tag=aj.cutscenes.bone.blade] run data modify entity @s {} merge value {transformation:[-0.8841749607762764f,1.0496751279931553f,-0.6053236856499369f,0.972094079234328f,-0.6567933042168138f,0.21454301058589165f,1.3313879420156627f,1.0428563293280249f,1.0182618495614129f,1.049834950018952f,0.3331506917994843f,1.3729163784636775f,0f,0f,0f,1f],start_interpolation:0}
execute if entity @s[tag=aj.cutscenes.bone.bottom] run data modify entity @s {} merge value {transformation:[-0.6529002005258804f,-0.7530495028574645f,0.08147253770069166f,0.5553092773165548f,-0.5544118280485768f,0.40182989607925523f,-0.7288074228057574f,1.2756845483467087f,0.5160899660651235f,-0.5210078510570262f,-0.6798543712177184f,0.7561551388532866f,0f,0f,0f,1f],start_interpolation:0}
execute if entity @s[tag=aj.cutscenes.bone.leftarm] run data modify entity @s {} merge value {transformation:[-0.4873229246786991f,-0.8504782373679896f,-0.19799781525571605f,0.3122320351821387f,-0.674814250088593f,0.5106946647105847f,-0.5327444859531756f,1.3611823238938179f,0.5542040192564186f,-0.12600685378018578f,-0.822788051590718f,0.7592911766117663f,0f,0f,0f,1f],start_interpolation:0}
execute if entity @s[tag=aj.cutscenes.locator_origin.mount] at @s on origin run tp @s ^-0.00043 ^1.72789 ^0.68151 ~-0.11719 ~-12.07031
execute if entity @s[tag=aj.cutscenes.bone.head] run data modify entity @s {} merge value {transformation:[-0.9999979083589002f,-0.00042769788802801543f,-0.002000088083373922f,-0.00032077341602112066f,0f,0.9778917182301088f,-0.20911190166263954f,1.4834187886725816f,0.0020453062911647223f,-0.20911146427559157f,-0.9778896728315998f,0.7337914017933063f,0f,0f,0f,1f],start_interpolation:0}
execute if entity @s[tag=aj.cutscenes.bone.upper] run data modify entity @s {} merge value {transformation:[-0.9999979083589002f,-0.00042769788802801543f,-0.002000088083373922f,-1.0907010554906114e-16f,0f,0.9778917182301088f,-0.20911190166263954f,0.75f,0.0020453062911647223f,-0.20911146427559157f,-0.9778896728315998f,0.890625f,0f,0f,0f,1f],start_interpolation:0}
execute if entity @s[tag=aj.cutscenes.locator_origin.head2] at @s on origin run tp @s ^0 ^0.20314 ^2.43342 ~-180 ~-84.02
execute if entity @s[tag=aj.cutscenes.bone.bottom5] run data modify entity @s {} merge value {transformation:[0.9778280085189031f,-0.17028476468185402f,-0.12188307787876794f,0.41618544170289457f,-0.061821350637149684f,0.32135275389120416f,-0.9449394309541421f,0.10591129165945089f,0.20007625136770932f,0.9315232184351525f,0.3037004892239399f,2.088722912410891f,0f,0f,0f,1f],start_interpolation:0}
execute if entity @s[tag=aj.cutscenes.bone.rightarm2] run data modify entity @s {} merge value {transformation:[0.9778280085189031f,-0.17028476468185402f,-0.12188307787876794f,0.3124999999999996f,-0.061821350637149684f,0.32135275389120416f,-0.9449394309541421f,0.19011331454707378f,0.20007625136770932f,0.9315232184351525f,0.3037004892239399f,2.3090989513091973f,0f,0f,0f,1f],start_interpolation:0}
execute if entity @s[tag=aj.cutscenes.bone.bottom6] run data modify entity @s {} merge value {transformation:[0.9778280085189031f,0.17028476468185358f,0.12188307787876777f,-0.41618544170289523f,0.061821350637149684f,0.32135275389120416f,-0.9449394309541421f,0.10591129165945089f,-0.20007625136770882f,0.9315232184351525f,0.30370048922394f,2.088722912410891f,0f,0f,0f,1f],start_interpolation:0}
execute if entity @s[tag=aj.cutscenes.bone.leftarm2] run data modify entity @s {} merge value {transformation:[0.9778280085189031f,0.17028476468185358f,0.12188307787876777f,-0.3125000000000004f,0.061821350637149684f,0.32135275389120416f,-0.9449394309541421f,0.19011331454707378f,-0.20007625136770882f,0.9315232184351525f,0.30370048922394f,2.3090989513091973f,0f,0f,0f,1f],start_interpolation:0}
execute if entity @s[tag=aj.cutscenes.locator_origin.mount2] at @s on origin run tp @s ^0 ^0.2375 ^2.68105 ~-180 ~-82.1
execute if entity @s[tag=aj.cutscenes.bone.head2] run data modify entity @s {} merge value {transformation:[1f,-2.426048487359916e-16f,-3.3664204672930425e-17f,-4.0466463220325617e-16f,0f,0.13744454603714618f,-0.9905094632383089f,0.20313597745648854f,2.4492935982947064e-16f,0.9905094632383089f,0.13744454603714618f,2.4334187415710367f,0f,0f,0f,1f],start_interpolation:0}
execute if entity @s[tag=aj.cutscenes.bone.upper2] run data modify entity @s {} merge value {transformation:[1f,-2.435965331437312e-16f,-2.5517059917423583e-17f,-2.2196723234545778e-16f,0f,0.10418130327531805f,-0.9945583220947157f,0.125f,2.4492935982947064e-16f,0.9945583220947157f,0.10418130327531805f,1.6875f,0f,0f,0f,1f],start_interpolation:0}
execute if entity @s[tag=aj.cutscenes.bone.bottom7] run data modify entity @s {} merge value {transformation:[0.9622501286096565f,-0.2684364356410104f,-0.04490623577020194f,0.14282031926616248f,0.14415265413281164f,0.6426210708692535f,-0.7525012767971361f,0.33548988790417217f,0.23085645387808687f,0.7176210973035865f,0.6570580327548178f,1.405051895092289f,0f,0f,0f,1f],start_interpolation:0}
execute if entity @s[tag=aj.cutscenes.bone.rightleg2] run data modify entity @s {} merge value {transformation:[0.9622501286096565f,-0.05778001907952749f,0.26596270299774877f,0.11874999999999979f,0.14415265413281164f,-0.7206845882106947f,-0.678110416246534f,0.109375f,0.23085645387808687f,0.6908510647822373f,-0.6851496945865799f,1.6195000000000002f,0f,0f,0f,1f],start_interpolation:0}
execute if entity @s[tag=aj.cutscenes.bone.bottom8] run data modify entity @s {} merge value {transformation:[0.9622501286096568f,0.2628719355582643f,0.07051975245667545f,-0.1428203192661628f,-0.14415265413281164f,0.7120265420791599f,-0.6871959077884997f,0.33548988790417217f,-0.23085645387808643f,0.6510887411640951f,0.723041318896914f,1.4050518950922888f,0f,0f,0f,1f],start_interpolation:0}
execute if entity @s[tag=aj.cutscenes.bone.leftleg2] run data modify entity @s {} merge value {transformation:[0.9622501286096568f,0.05778001907952716f,-0.26596270299774843f,-0.1187500000000002f,-0.14415265413281164f,-0.7206845882106947f,-0.678110416246534f,0.109375f,-0.23085645387808643f,0.6908510647822373f,-0.6851496945865801f,1.6195f,0f,0f,0f,1f],start_interpolation:0}
execute if entity @s[tag=aj.cutscenes.camera_origin.camera] at @s on origin run tp @s ^-1.90625 ^-0.12 ^1.6875 ~-90 ~0