execute if entity @s[tag=aj.cutscenes.locator_origin.head] at @s on origin run tp @s ^0 ^1.47444 ^0.69651 ~0 ~-15
execute if entity @s[tag=aj.cutscenes.bone.blade2] run data modify entity @s {} merge value {transformation:[-1.2408988842870399f,-0.7885070515094067f,0.2973660853142506f,-1.1379899921321588f,0.4252289321888248f,-0.12889713165771055f,1.4326778719167712f,1.2412282291161862f,-0.7275646460657167f,1.2695046904877343f,0.33016287893237095f,1.4331747089352254f,0f,0f,0f,1f],start_interpolation:0}
execute if entity @s[tag=aj.cutscenes.bone.heart] run data modify entity @s {} merge value {transformation:[-0.0000028221083347699953f,0.000008205057720947278f,0.000004971190234012896f,-0.8660995989721187f,-0.000008104736498417866f,7.334933606653743e-7f,-0.000005811646391606523f,1.3132414446186764f,-0.000005133122912811949f,-0.000005669128265067149f,0.000006442983305595452f,1.0466344751566867f,0f,0f,0f,1f],start_interpolation:0}
execute if entity @s[tag=aj.cutscenes.bone.bottom2] run data modify entity @s {} merge value {transformation:[-0.4971190234012896f,0.8205057720947277f,-0.2822108334769994f,-0.5680134687492916f,0.5811646391606521f,0.07334933606653743f,-0.8104736498417867f,1.327417012688323f,-0.6442983305595452f,-0.5669128265067149f,-0.5133122912811947f,0.708171783728691f,0f,0f,0f,1f],start_interpolation:0}
execute if entity @s[tag=aj.cutscenes.bone.rightarm] run data modify entity @s {} merge value {transformation:[-0.2580854181739793f,0.9575325204536708f,0.12854333588172762f,-0.3125000000000002f,0.6750602969448046f,0.27391158920558006f,-0.6850299532047235f,1.3537036414306676f,-0.6911479670915297f,-0.09002173944394765f,-0.7170847746345836f,0.7288630968109248f,0f,0f,0f,1f],start_interpolation:0}
execute if entity @s[tag=aj.cutscenes.bone.blade] run data modify entity @s {} merge value {transformation:[-1.2408989489581395f,0.7885066783790761f,-0.29736680484913025f,1.1379902626653948f,-0.42522943052645285f,-0.12889674715500316f,1.4326777585999608f,1.2412289984457505f,0.7275642445095374f,1.2695049612839073f,0.33016272258813684f,1.433174514714133f,0f,0f,0f,1f],start_interpolation:0}
execute if entity @s[tag=aj.cutscenes.bone.bottom] run data modify entity @s {} merge value {transformation:[-0.4971184662157643f,-0.8205059787241638f,0.2822112142087698f,0.5680134799629641f,-0.581164746286491f,0.07334861576731888f,-0.8104736382133457f,1.3274171712473692f,0.6442986638361475f,-0.566912620641771f,-0.5133121003210763f,0.708171720768757f,0f,0f,0f,1f],start_interpolation:0}
execute if entity @s[tag=aj.cutscenes.bone.leftarm] run data modify entity @s {} merge value {transformation:[-0.25808478703607546f,-0.9575327230928387f,-0.1285430935793783f,0.3124999999999998f,-0.6750602336678049f,0.27391093915014436f,-0.6850302754873356f,1.3537036414306676f,0.6911482645720184f,-0.09002156197433554f,-0.7170845101930374f,0.7288630968109243f,0f,0f,0f,1f],start_interpolation:0}
execute if entity @s[tag=aj.cutscenes.locator_origin.mount] at @s on origin run tp @s ^0 ^1.71593 ^0.63181 ~0 ~-15
execute if entity @s[tag=aj.cutscenes.bone.head] run data modify entity @s {} merge value {transformation:[-1f,-1.584809575715882e-16f,-5.914589856893348e-16f,-2.279308237277523e-16f,0f,0.9659258262890683f,-0.25881904510252074f,1.4744443697168013f,6.123233995736765e-16f,-0.25881904510252074f,-0.9659258262890683f,0.6965107161731094f,0f,0f,0f,1f],start_interpolation:0}
execute if entity @s[tag=aj.cutscenes.bone.upper] run data modify entity @s {} merge value {transformation:[-1f,-1.584809575715882e-16f,-5.914589856893348e-16f,-1.0907010554906114e-16f,0f,0.9659258262890683f,-0.25881904510252074f,0.75f,6.123233995736765e-16f,-0.25881904510252074f,-0.9659258262890683f,0.890625f,0f,0f,0f,1f],start_interpolation:0}
execute if entity @s[tag=aj.cutscenes.bone.bottom3] run data modify entity @s {} merge value {transformation:[-1f,0f,-6.123233995736765e-16f,-0.1250000000000001f,0f,1f,0f,0.4375f,6.123233995736765e-16f,0f,-1f,0.8906250000000001f,0f,0f,0f,1f],start_interpolation:0}
execute if entity @s[tag=aj.cutscenes.bone.rightleg] run data modify entity @s {} merge value {transformation:[-1f,0f,-6.123233995736765e-16f,-0.1187500000000001f,0f,1f,0f,0.75f,6.123233995736765e-16f,0f,-1f,0.8906250000000001f,0f,0f,0f,1f],start_interpolation:0}
execute if entity @s[tag=aj.cutscenes.bone.bottom4] run data modify entity @s {} merge value {transformation:[-1f,0f,-6.123233995736765e-16f,0.12499999999999989f,0f,1f,0f,0.4375f,6.123233995736765e-16f,0f,-1f,0.8906249999999999f,0f,0f,0f,1f],start_interpolation:0}
execute if entity @s[tag=aj.cutscenes.bone.leftleg] run data modify entity @s {} merge value {transformation:[-1f,0f,-6.123233995736765e-16f,0.11874999999999988f,0f,1f,0f,0.75f,6.123233995736765e-16f,0f,-1f,0.8906249999999999f,0f,0f,0f,1f],start_interpolation:0}
execute if entity @s[tag=aj.cutscenes.locator_origin.head2] at @s on origin run tp @s ^0 ^0.45566 ^2.36067 ~-180 ~-63.84
execute if entity @s[tag=aj.cutscenes.bone.bottom5] run data modify entity @s {} merge value {transformation:[0.9774769347550679f,-0.06323263330716572f,-0.20134665655748615f,0.3894004667489829f,0.013113818524860724f,0.9704133323219646f,-0.24109332677508344f,0.15876586853897484f,0.21063444586660987f,0.23302274253132815f,0.9493858708015643f,2.203387954874329f,0f,0f,0f,1f],start_interpolation:0}
execute if entity @s[tag=aj.cutscenes.bone.rightarm2] run data modify entity @s {} merge value {transformation:[0.9774769347550679f,-0.06323263330716572f,-0.20134665655748615f,0.31249999999999967f,0.013113818524860724f,0.9704133323219646f,-0.24109332677508344f,0.4005495879616622f,0.21063444586660987f,0.23302274253132815f,0.9493858708015643f,2.2484789876404983f,0f,0f,0f,1f],start_interpolation:0}
execute if entity @s[tag=aj.cutscenes.bone.bottom6] run data modify entity @s {} merge value {transformation:[0.9774769347550679f,0.06323263330716561f,0.2013466565574857f,-0.3894004667489835f,-0.013113818524860724f,0.9704133323219646f,-0.24109332677508344f,0.15876586853897484f,-0.21063444586660937f,0.23302274253132815f,0.9493858708015643f,2.2033879548743287f,0f,0f,0f,1f],start_interpolation:0}
execute if entity @s[tag=aj.cutscenes.bone.leftarm2] run data modify entity @s {} merge value {transformation:[0.9774769347550679f,0.06323263330716561f,0.2013466565574857f,-0.31250000000000033f,-0.013113818524860724f,0.9704133323219646f,-0.24109332677508344f,0.4005495879616622f,-0.21063444586660937f,0.23302274253132815f,0.9493858708015643f,2.248478987640498f,0f,0f,0f,1f],start_interpolation:0}
execute if entity @s[tag=aj.cutscenes.locator_origin.mount2] at @s on origin run tp @s ^0 ^0.60889 ^2.55821 ~-180 ~-52.2
execute if entity @s[tag=aj.cutscenes.bone.head2] run data modify entity @s {} merge value {transformation:[1f,-1.9353216134722505e-16f,-1.501189322861909e-16f,-3.8684750153014386e-16f,0f,0.6129070536529779f,-0.7901550123756893f,0.45565950555399465f,2.4492935982947064e-16f,0.7901550123756893f,0.6129070536529779f,2.360674785168598f,0f,0f,0f,1f],start_interpolation:0}
execute if entity @s[tag=aj.cutscenes.bone.upper2] run data modify entity @s {} merge value {transformation:[1f,-2.198403589129148e-16f,-1.0798429468915893e-16f,-2.2196723234545778e-16f,0f,0.44087934073865953f,-0.8975663802247971f,0.125f,2.4492935982947064e-16f,0.8975663802247971f,0.44087934073865953f,1.6875f,0f,0f,0f,1f],start_interpolation:0}
execute if entity @s[tag=aj.cutscenes.bone.bottom7] run data modify entity @s {} merge value {transformation:[0.9622501286096566f,-0.265065507731351f,-0.061765415904212445f,0.1340041825217204f,0.14415265413281164f,0.6888509783266863f,-0.7104254654535082f,0.3564720500332319f,0.23085645387808687f,0.6747033468640042f,0.7010568389462773f,1.3981973001226957f,0f,0f,0f,1f],start_interpolation:0}
execute if entity @s[tag=aj.cutscenes.bone.rightleg2] run data modify entity @s {} merge value {transformation:[0.9622501286096566f,-0.029568381497312706f,0.2705557258797689f,0.1187499999999998f,0.14415265413281164f,-0.7878275070236858f,-0.5987886367352933f,0.109375f,0.23085645387808687f,0.6151857686849351f,-0.7538247592845176f,1.589f,0f,0f,0f,1f],start_interpolation:0}
execute if entity @s[tag=aj.cutscenes.bone.bottom8] run data modify entity @s {} merge value {transformation:[0.9622501286096569f,0.26167965719723624f,0.07482277059716524f,-0.13400418252172067f,-0.14415265413281164f,0.7232044152850334f,-0.6754223760127434f,0.3564720500332319f,-0.23085645387808643f,0.6391393672129505f,0.733625358736641f,1.3981973001226955f,0f,0f,0f,1f],start_interpolation:0}
execute if entity @s[tag=aj.cutscenes.bone.leftleg2] run data modify entity @s {} merge value {transformation:[0.9622501286096569f,0.029568381497312408f,-0.27055572587976856f,-0.11875000000000019f,-0.14415265413281164f,-0.7878275070236858f,-0.5987886367352933f,0.109375f,-0.23085645387808643f,0.6151857686849351f,-0.7538247592845179f,1.5889999999999997f,0f,0f,0f,1f],start_interpolation:0}
execute if entity @s[tag=aj.cutscenes.camera_origin.camera] at @s on origin run tp @s ^-1.90625 ^-0.12 ^1.6875 ~-90 ~0