execute if entity @s[tag=aj.cutscenes.locator_origin.head] at @s on origin run tp @s ^-0.58501 ^1.31401 ^1.83164 ~-89.74757 ~21.54708
execute if entity @s[tag=aj.cutscenes.bone.blade2] run data modify entity @s {} merge value {transformation:[-0.000001036373177783638f,0.000005201303478068136f,0.000008477757531647562f,-0.08390839196877192f,-3.753004561717753e-7f,-0.00000853803614851619f,0.000005192406792059735f,0.4121059708442638f,0.000009939068377064718f,2.1995648584912782e-7f,0.0000010800643223276105f,2.1611699714501063f,0f,0f,0f,1f],start_interpolation:0}
execute if entity @s[tag=aj.cutscenes.bone.heart] run data modify entity @s {} merge value {transformation:[0.000008477757531647562f,-0.000004278044153077874f,0.0000031346396059051627f,-0.36259061884415134f,0.000005192406792059736f,0.000005491513093376114f,-0.000006548449866269926f,0.6953925421222715f,0.000001080064322327609f,0.000007179249415474774f,0.000006876906200468354f,1.9664639575332874f,0f,0f,0f,1f],start_interpolation:0}
execute if entity @s[tag=aj.cutscenes.bone.bottom2] run data modify entity @s {} merge value {transformation:[0.31346396059051607f,-0.42780441530778734f,-0.8477757531647562f,-0.503114067362219f,-0.6548449866269926f,0.5491513093376114f,-0.5192406792059734f,1.0171397296846303f,0.6876906200468353f,0.7179249415474773f,-0.10800643223276105f,2.246013458225566f,0f,0f,0f,1f],start_interpolation:0}
execute if entity @s[tag=aj.cutscenes.bone.rightarm] run data modify entity @s {} merge value {transformation:[-0.15301247671970297f,-0.5078025741506563f,-0.8477757531647562f,-0.6205014311049016f,0.044476185238053134f,0.8534699678397534f,-0.5192406792059734f,1.2277274600671904f,0.9872228982933755f,-0.11715613377701246f,-0.10800643223276105f,2.155022993637977f,0f,0f,0f,1f],start_interpolation:0}
execute if entity @s[tag=aj.cutscenes.bone.blade] run data modify entity @s {} merge value {transformation:[-0.7300616598073678f,0.000005464156379765871f,-0.000006815757434625702f,-0.15254527859224598f,-1.2259744968136146f,-9.387995880373347e-8f,0.000005761127322601758f,0.8891210317620786f,0.46259756380888445f,0.000008374615311212741f,0.000004511636351160844f,2.1292040279082975f,0f,0f,0f,1f],start_interpolation:0}
execute if entity @s[tag=aj.cutscenes.bone.bottom] run data modify entity @s {} merge value {transformation:[-0.6815757434625701f,-0.16843337678076864f,-0.7120988017892408f,-0.4665760981334219f,0.5761127322601759f,0.476483584643598f,-0.6641216103191508f,0.9793896005921086f,0.4511636351160847f,-0.8628983666408313f,-0.22772304055019454f,1.5406647143253203f,0f,0f,0f,1f],start_interpolation:0}
execute if entity @s[tag=aj.cutscenes.bone.leftarm] run data modify entity @s {} merge value {transformation:[-0.3454961519483837f,-0.6111854918755737f,-0.7120988017892408f,-0.6409659805990893f,0.049118158678378696f,0.7460093117348762f,-0.6641216103191508f,1.1689618134432262f,0.9371338300781297f,-0.26442844273199784f,-0.22772304055019454f,1.533128468022204f,0f,0f,0f,1f],start_interpolation:0}
execute if entity @s[tag=aj.cutscenes.locator_origin.mount] at @s on origin run tp @s ^-0.4369 ^1.51455 ^1.81293 ~-77.73098 ~35.06374
execute if entity @s[tag=aj.cutscenes.bone.head] run data modify entity @s {} merge value {transformation:[-0.09651440583368982f,0.5924309060923008f,-0.799819098905012f,-0.5850054470223945f,0.16291878399619286f,0.8021357208922737f,0.5744873846220071f,1.3140135641062498f,0.9819075512937925f,-0.0748592464247918f,-0.17393577532221663f,1.8316408769961083f,0f,0f,0f,1f],start_interpolation:0}
execute if entity @s[tag=aj.cutscenes.bone.upper] run data modify entity @s {} merge value {transformation:[0.032743279190700254f,0.3658260706368076f,-0.9301070711000284f,-0.8593750000000002f,0.09402503459834242f,0.9253514188083324f,0.3672656321767485f,0.6200000000000006f,0.9950312409852368f,-0.09947883067185542f,-0.004097769093049683f,1.90625f,0f,0f,0f,1f],start_interpolation:0}
execute if entity @s[tag=aj.cutscenes.bone.bottom3] run data modify entity @s {} merge value {transformation:[-0.11077512421077866f,0.8732428421398661f,-0.4745269333847925f,-0.9058662825840755f,-1.734723475976807e-18f,0.4774654962259843f,0.8786504992963211f,0.3109164380236348f,0.9938454969742966f,0.09733261819741264f,-0.05289129965079446f,2.0261067337935112f,0f,0f,0f,1f],start_interpolation:0}
execute if entity @s[tag=aj.cutscenes.bone.rightleg] run data modify entity @s {} merge value {transformation:[-0.11077512421077866f,0.14655660178482535f,-0.9829801800287586f,-0.8593750000000002f,-1.734723475976807e-18f,0.9890673983243705f,0.14746417046815444f,0.6200000000000006f,0.9938454969742966f,0.016335361800249245f,-0.10956406390221382f,2.025f,0f,0f,0f,1f],start_interpolation:0}
execute if entity @s[tag=aj.cutscenes.bone.bottom4] run data modify entity @s {} merge value {transformation:[0.14746417046815413f,0.4576189695360474f,-0.8768347604588365f,-0.5599812541268901f,0f,0.8865268048914837f,0.46267723545566564f,0.4420940634300856f,0.9890673983243705f,-0.06822831472096855f,0.13073093988110573f,1.7365430576683487f,0f,0f,0f,1f],start_interpolation:0}
execute if entity @s[tag=aj.cutscenes.bone.leftleg] run data modify entity @s {} merge value {transformation:[0.14746417046815413f,-0.9610092702033153f,-0.2339134476925826f,-0.8593750000000002f,0f,0.2364989970237289f,-0.9716317329146731f,0.5160000000000009f,0.9890673983243705f,0.14328086749479732f,0.034875128412654624f,1.7875f,0f,0f,0f,1f],start_interpolation:0}
execute if entity @s[tag=aj.cutscenes.locator_origin.head2] at @s on origin run tp @s ^0 ^0.125 ^2.4375 ~-180 ~-90
execute if entity @s[tag=aj.cutscenes.locator_origin.mount2] at @s on origin run tp @s ^0 ^0.125 ^2.6875 ~-180 ~-90
execute if entity @s[tag=aj.cutscenes.camera_origin.camera] at @s on origin run tp @s ^3.375 ^-0.44813 ^1.90625 ~90 ~0