execute if entity @s[tag=aj.cutscenes.locator_origin.head] at @s on origin run tp @s ^0 ^12.69097 ^-3.53472 ~0 ~0
execute if entity @s[tag=aj.cutscenes.bone.blade2] run data modify entity @s {} merge value {transformation:[-0.000006650406875746687f,-0.000007468071262851018f,7.037808952522248e-21f,-0.8523545144298241f,0.000007468071262851018f,-0.000006650406875746685f,8.14439949341073e-22f,11.750196818521802f,4.072199746705365e-21f,5.7975215830747676e-21f,0.00001f,-3.502651597222222f,0f,0f,0f,1f],start_interpolation:0}
execute if entity @s[tag=aj.cutscenes.bone.heart] run data modify entity @s {} merge value {transformation:[-8.343455658632546e-21f,1.421615449038104e-7f,0.000009998989453697337f,-0.30310246248253075f,3.156620407369868e-23f,0.000009998989453697337f,-1.421615449038104e-7f,11.877405796553402f,-0.00001f,-8.704884046414704e-23f,-8.343061263839605e-21f,-3.4565972222222223f,0f,0f,0f,1f],start_interpolation:0}
execute if entity @s[tag=aj.cutscenes.bone.bottom2] run data modify entity @s {} merge value {transformation:[-0.9998989453697337f,0.01421615449038104f,-6.123233995736765e-16f,-0.37499999999999956f,0.01421615449038104f,0.9998989453697337f,0f,12.315972222222221f,6.122615214589292e-16f,-8.704884046414704e-18f,-1f,-3.5347222222222223f,0f,0f,0f,1f],start_interpolation:0}
execute if entity @s[tag=aj.cutscenes.bone.rightarm] run data modify entity @s {} merge value {transformation:[-1f,0f,-6.123233995736765e-16f,-0.31249999999999956f,0f,1f,0f,12.565972222222221f,6.123233995736765e-16f,0f,-1f,-3.5347222222222223f,0f,0f,0f,1f],start_interpolation:0}
execute if entity @s[tag=aj.cutscenes.bone.blade] run data modify entity @s {} merge value {transformation:[0.0008917942247273812f,8.490760963135771e-9f,-0.000009999994628020938f,0.37613893456201314f,-0.8603641923404781f,-0.000008191516042422285f,-1.0365305223039978e-8f,11.712218703427531f,-1.2287280664334874f,0.000005735764363510461f,3.902784657097971e-21f,-3.237026597222222f,0f,0f,0f,1f],start_interpolation:0}
execute if entity @s[tag=aj.cutscenes.bone.bottom] run data modify entity @s {} merge value {transformation:[-0.9999994628020938f,-0.0010365305223041645f,-6.123233995736765e-16f,0.37500000000000044f,-0.0010365305223041645f,0.9999994628020938f,0f,12.315972222222221f,6.123230706348284e-16f,6.346918931791646e-19f,-1f,-3.5347222222222223f,0f,0f,0f,1f],start_interpolation:0}
execute if entity @s[tag=aj.cutscenes.bone.leftarm] run data modify entity @s {} merge value {transformation:[-1f,0f,-6.123233995736765e-16f,0.31250000000000044f,0f,1f,0f,12.565972222222221f,6.123233995736765e-16f,0f,-1f,-3.5347222222222223f,0f,0f,0f,1f],start_interpolation:0}
execute if entity @s[tag=aj.cutscenes.locator_origin.mount] at @s on origin run tp @s ^0.00095 ^12.94073 ^-3.54559 ~5 ~-2.5
execute if entity @s[tag=aj.cutscenes.bone.head] run data modify entity @s {} merge value {transformation:[-0.9961946980917455f,0.0038016801040236495f,0.0870727897926932f,4.328786255319464e-16f,-2.168404344971009e-19f,0.9990482215818578f,-0.043619387365336f,12.690972222222221f,-0.08715574274765758f,-0.0434534024273578f,-0.9952465414778341f,-3.5347222222222223f,0f,0f,0f,1f],start_interpolation:0}
execute if entity @s[tag=aj.cutscenes.bone.upper] run data modify entity @s {} merge value {transformation:[-1f,0f,-6.123233995736765e-16f,4.328786255319464e-16f,0f,1f,0f,11.940972222222221f,6.123233995736765e-16f,0f,-1f,-3.5347222222222223f,0f,0f,0f,1f],start_interpolation:0}
execute if entity @s[tag=aj.cutscenes.bone.bottom3] run data modify entity @s {} merge value {transformation:[-0.9914448613738105f,-0.03924998298777886f,0.12448504203688393f,-0.11268091069990499f,3.469446951953614e-18f,0.9537169507482269f,0.30070579950427306f,11.642935675113401f,-0.13052619222005094f,0.29813321970381484f,-0.9455577700244291f,-3.62870464208104f,0f,0f,0f,1f],start_interpolation:0}
execute if entity @s[tag=aj.cutscenes.bone.rightleg] run data modify entity @s {} merge value {transformation:[-0.9914448613738105f,-0.03924998298777886f,0.12448504203688393f,-0.11874999999999956f,3.469446951953614e-18f,0.9537169507482269f,0.30070579950427306f,11.940972222222221f,-0.13052619222005094f,0.29813321970381484f,-0.9455577700244291f,-3.5347222222222223f,0f,0f,0f,1f],start_interpolation:0}
execute if entity @s[tag=aj.cutscenes.bone.bottom4] run data modify entity @s {} merge value {transformation:[-0.9848077530122079f,-0.05221701409779454f,-0.16561121050749172f,0.1540616415346335f,-6.938893903907228e-18f,0.9537169507482269f,-0.3007057995042731f,11.677412395405694f,0.17364817766693094f,-0.29613740272754274f,-0.9392278472760159f,-3.3704522670856485f,0f,0f,0f,1f],start_interpolation:0}
execute if entity @s[tag=aj.cutscenes.bone.leftleg] run data modify entity @s {} merge value {transformation:[-0.9848077530122079f,-0.09330109785058167f,-0.14645338762528573f,0.11875000000000042f,-6.938893903907228e-18f,0.8433914458128857f,-0.5372996083468239f,11.940972222222221f,0.17364817766693094f,-0.529136819990375f,-0.8305784346607052f,-3.5347222222222223f,0f,0f,0f,1f],start_interpolation:0}
execute if entity @s[tag=aj.cutscenes.locator_origin.head2] at @s on origin run tp @s ^0 ^0.125 ^2.4375 ~-180 ~-90
execute if entity @s[tag=aj.cutscenes.locator_origin.mount2] at @s on origin run tp @s ^0 ^0.125 ^2.6875 ~-180 ~-90
execute if entity @s[tag=aj.cutscenes.bone.projectile2] run data modify entity @s {} merge value {transformation:[5.167639272596499e-16f,-1.8369701987210297e-16f,-1.5f,0.006763124999999678f,-3.697785493223493e-32f,-1.5f,1.8369701987210297e-16f,0.677495625f,-1.5f,-2.2496396739927864e-32f,-5.167639272596499e-16f,2.6258206250000002f,0f,0f,0f,1f],start_interpolation:0}
execute if entity @s[tag=aj.cutscenes.camera_origin.camera] at @s on origin run tp @s ^-7.71875 ^10.22375 ^-1.46875 ~-67.5 ~30