execute if entity @s[tag=aj.cutscenes.locator_origin.head] at @s on origin run tp @s ^0 ^1.35709 ^1.33101 ~0 ~35.95703
execute if entity @s[tag=aj.cutscenes.bone.blade2] run data modify entity @s {} merge value {transformation:[1.2790327389870695f,0.3545452641084377f,0.6988368252299766f,-0.6530719345628461f,0.22648988744903042f,-1.4478565746151153f,0.32002135901703493f,0.7313308308969346f,0.7501850328302747f,-0.16735888097756496f,-1.2881045848359431f,1.025524101458179f,0f,0f,0f,1f],start_interpolation:0}
execute if entity @s[tag=aj.cutscenes.bone.heart] run data modify entity @s {} merge value {transformation:[-0.000002363635094056251f,0.000008526884926580465f,0.000004658912168199842f,-0.8723193419957527f,0.00000965237716410077f,0.0000015099325829935368f,0.0000021334757267802328f,1.078493965821217f,0.0000011157258731837665f,0.0000050012335522018296f,-0.000008587363898906289f,0.8905322283740602f,0f,0f,0f,1f],start_interpolation:0}
execute if entity @s[tag=aj.cutscenes.bone.bottom2] run data modify entity @s {} merge value {transformation:[-0.46589121681998424f,0.8526884926580465f,-0.236363509405625f,-0.554131776944233f,-0.21334757267802304f,0.15099325829935367f,0.9652377164100769f,1.2032949338062509f,0.8587363898906288f,0.5001233552201829f,0.11157258731837645f,1.1851415851273437f,0f,0f,0f,1f],start_interpolation:0}
execute if entity @s[tag=aj.cutscenes.bone.rightarm] run data modify entity @s {} merge value {transformation:[-0.4690621299808488f,0.849261575281719f,-0.2423540694270318f,-0.31250000000000017f,-0.2139345806662304f,0.15698055492063664f,0.9641520111330854f,1.2559109838280493f,0.8568621320918514f,0.5040951121830307f,0.10805278552718739f,1.2576114799173606f,0f,0f,0f,1f],start_interpolation:0}
execute if entity @s[tag=aj.cutscenes.bone.blade] run data modify entity @s {} merge value {transformation:[1.2790389138603036f,-0.35452105807276785f,-0.6988378039388109f,0.6530800922439727f,-0.22646245623148512f,-1.4478609086277803f,0.32002116365193944f,0.7313337299747203f,-0.7501827862252356f,-0.16737266398819145f,-1.2881041023926751f,1.0255201297801055f,0f,0f,0f,1f],start_interpolation:0}
execute if entity @s[tag=aj.cutscenes.bone.bottom] run data modify entity @s {} merge value {transformation:[-0.46589186929254045f,-0.8526926092402025f,0.2363473720485118f,0.5541316975080613f,0.21334744243462603f,0.15097497082099012f,0.9652406057518536f,1.2032948258520395f,-0.8587360682617835f,0.5001218574834901f,0.11158177599212744f,1.1851413986478037f,0f,0f,0f,1f],start_interpolation:0}
execute if entity @s[tag=aj.cutscenes.bone.leftarm] run data modify entity @s {} merge value {transformation:[-0.4690627806660335f,-0.8492610948657378f,0.24235449354467686f,0.31249999999999983f,0.2139344521524033f,0.15698101886593824f,0.9641519641104627f,1.2559109838280493f,-0.856861807980785f,0.504095777073425f,0.10805225384340789f,1.2576114799173608f,0f,0f,0f,1f],start_interpolation:0}
execute if entity @s[tag=aj.cutscenes.locator_origin.mount] at @s on origin run tp @s ^0 ^1.52643 ^1.51492 ~0 ~47.36328
execute if entity @s[tag=aj.cutscenes.bone.head] run data modify entity @s {} merge value {transformation:[-1f,-9.009275233285129e-17f,8.295115311862818e-17f,-1.6300156370439916e-16f,0f,0.6773475681019376f,0.7356631511679724f,1.357093180593659f,-1.2246467991473532e-16f,0.7356631511679724f,-0.6773475681019376f,1.3310087759008327f,0f,0f,0f,1f],start_interpolation:0}
execute if entity @s[tag=aj.cutscenes.bone.upper] run data modify entity @s {} merge value {transformation:[-1f,-7.190861087378402e-17f,9.912996271976142e-17f,-1.0907010554906114e-16f,0f,0.8094575741248787f,0.587178367867777f,0.75f,-1.2246467991473532e-16f,0.587178367867777f,-0.8094575741248787f,0.890625f,0f,0f,0f,1f],start_interpolation:0}
execute if entity @s[tag=aj.cutscenes.locator_origin.head2] at @s on origin run tp @s ^0 ^0.63169 ^2.24046 ~-180 ~-47.5
execute if entity @s[tag=aj.cutscenes.bone.bottom5] run data modify entity @s {} merge value {transformation:[0.9763824522960998f,0.03874931499508455f,-0.2125459889898332f,0.3638365745197348f,0.07922011635704344f,0.8510510653060979f,0.5190724972542202f,0.33943237070557836f,0.20100119405772465f,-0.5236511957675333f,0.8278816009301097f,2.2917737090768187f,0f,0f,0f,1f],start_interpolation:0}
execute if entity @s[tag=aj.cutscenes.bone.rightarm2] run data modify entity @s {} merge value {transformation:[0.9763824522960998f,0.03874931499508455f,-0.2125459889898332f,0.31249999999999967f,0.07922011635704344f,0.8510510653060979f,0.5190724972542202f,0.5472438797597876f,0.20100119405772465f,-0.5236511957675333f,0.8278816009301097f,2.1482983355063276f,0f,0f,0f,1f],start_interpolation:0}
execute if entity @s[tag=aj.cutscenes.bone.bottom6] run data modify entity @s {} merge value {transformation:[0.9763824522960998f,-0.0387493149950843f,0.21254598898983282f,-0.3638365745197355f,-0.07922011635704344f,0.8510510653060979f,0.5190724972542202f,0.33943237070557836f,-0.20100119405772415f,-0.5236511957675333f,0.8278816009301097f,2.291773709076818f,0f,0f,0f,1f],start_interpolation:0}
execute if entity @s[tag=aj.cutscenes.bone.leftarm2] run data modify entity @s {} merge value {transformation:[0.9763824522960998f,-0.0387493149950843f,0.21254598898983282f,-0.31250000000000033f,-0.07922011635704344f,0.8510510653060979f,0.5190724972542202f,0.5472438797597876f,-0.20100119405772415f,-0.5236511957675333f,0.8278816009301097f,2.148298335506327f,0f,0f,0f,1f],start_interpolation:0}
execute if entity @s[tag=aj.cutscenes.locator_origin.mount2] at @s on origin run tp @s ^0 ^0.85579 ^2.35127 ~-180 ~-26.31222
execute if entity @s[tag=aj.cutscenes.bone.head2] run data modify entity @s {} merge value {transformation:[1f,-1.0856798428063862e-16f,-2.1955269093252603e-16f,-3.574028819367183e-16f,0f,0.8963918865643024f,-0.4432624343452656f,0.6316926557117452f,2.4492935982947064e-16f,0.4432624343452656f,0.8963918865643024f,2.240458002607593f,0f,0f,0f,1f],start_interpolation:0}
execute if entity @s[tag=aj.cutscenes.bone.upper2] run data modify entity @s {} merge value {transformation:[1f,-1.8058086612168067e-16f,-1.6547187705836282e-16f,-2.2196723234545778e-16f,0f,0.6755902076156602f,-0.737277336810124f,0.125f,2.4492935982947064e-16f,0.737277336810124f,0.6755902076156602f,1.6875f,0f,0f,0f,1f],start_interpolation:0}
execute if entity @s[tag=aj.cutscenes.bone.bottom7] run data modify entity @s {} merge value {transformation:[0.9622501286096566f,-0.2613904300562415f,-0.07582699430751813f,0.1265110728742515f,0.1441526541328116f,0.7257925133895056f,-0.6726404981966293f,0.37201650229898636f,0.23085645387808684f,0.6363177434134277f,0.736074063610502f,1.3895117389771505f,0f,0f,0f,1f],start_interpolation:0}
execute if entity @s[tag=aj.cutscenes.bone.rightleg2] run data modify entity @s {} merge value {transformation:[0.9622501286096566f,-0.005590430625412266f,0.27210923739579607f,0.1187499999999998f,0.1441526541328116f,-0.8375697542741001f,-0.5269695617696424f,0.109375f,0.23085645387808684f,0.5463017973708721f,-0.8051457283574127f,1.55878819781881f,0f,0f,0f,1f],start_interpolation:0}
execute if entity @s[tag=aj.cutscenes.bone.bottom8] run data modify entity @s {} merge value {transformation:[0.9622501286096569f,0.26139043005624113f,0.07582699430751774f,-0.1265110728742518f,-0.1441526541328116f,0.7257925133895056f,-0.6726404981966293f,0.37201650229898636f,-0.2308564538780864f,0.636317743413428f,0.7360740636105021f,1.3895117389771505f,0f,0f,0f,1f],start_interpolation:0}
execute if entity @s[tag=aj.cutscenes.bone.leftleg2] run data modify entity @s {} merge value {transformation:[0.9622501286096569f,0.005590430625411999f,-0.2721092373957956f,-0.11875000000000019f,-0.1441526541328116f,-0.8375697542741001f,-0.5269695617696424f,0.109375f,-0.2308564538780864f,0.5463017973708721f,-0.8051457283574129f,1.55878819781881f,0f,0f,0f,1f],start_interpolation:0}
execute if entity @s[tag=aj.cutscenes.camera_origin.camera] at @s on origin run tp @s ^-2.53125 ^-0.12 ^1.6875 ~-90 ~0