execute if entity @s[tag=aj.cutscenes.locator_origin.head] at @s on origin run tp @s ^-1.18321 ^1.24859 ^1.84369 ~-95.23165 ~-25.18718
execute if entity @s[tag=aj.cutscenes.bone.blade2] run data modify entity @s {} merge value {transformation:[0.0000012540332940786011f,4.7500335898457025e-7f,-0.000009909680736849986f,-1.136196734739821f,-0.000008192788731561394f,0.000005682776326590582f,-7.643729599758273e-7f,1.9129913839506665f,0.000005595141937193638f,0.000008214646981513873f,0.0000011017992883288878f,2.7992174255797804f,0f,0f,0f,1f],start_interpolation:0}
execute if entity @s[tag=aj.cutscenes.bone.heart] run data modify entity @s {} merge value {transformation:[-0.9909680736849985f,0.060366270941497546f,0.11974218249915182f,-1.0675533821731942f,-0.07643729599758262f,-0.9879585495368269f,-0.13451856443504787f,1.842752904690418f,0.11017992883288866f,-0.1424563713201551f,0.983649615235361f,2.3677314546865564f,0f,0f,0f,1f],start_interpolation:0}
execute if entity @s[tag=aj.cutscenes.bone.bottom2] run data modify entity @s {} merge value {transformation:[0.11974218249915204f,0.060366270941497546f,0.9909680736849985f,-1.1260464057991266f,-0.13451856443504784f,-0.9879585495368269f,0.07643729599758264f,1.4129567857954357f,0.983649615235361f,-0.1424563713201551f,-0.11017992883288888f,2.252536498221848f,0f,0f,0f,1f],start_interpolation:0}
execute if entity @s[tag=aj.cutscenes.bone.rightarm] run data modify entity @s {} merge value {transformation:[0.11737778257565396f,0.06484391332010297f,0.9909680736849985f,-1.1171715388800794f,-0.09712383779636116f,-0.9923327566458153f,0.07643729599758264f,1.1709438364962543f,0.9883265737039193f,-0.10521866276022952f,-0.11017992883288888f,2.1644614216752958f,0f,0f,0f,1f],start_interpolation:0}
execute if entity @s[tag=aj.cutscenes.bone.blade] run data modify entity @s {} merge value {transformation:[-0.48003713659684255f,0.000008998008545281166f,0.000002965511366181884f,-0.4517568395365472f,-1.391038491009343f,-0.000002334551241024694f,-0.0000029241067228481228f,0.6847048412297108f,-0.290819985589631f,-0.000003685880182816195f,0.000009091498347931457f,1.1257654352290678f,0f,0f,0f,1f],start_interpolation:0}
execute if entity @s[tag=aj.cutscenes.bone.bottom] run data modify entity @s {} merge value {transformation:[0.29655113661818866f,-0.5535150493561035f,-0.7782535020844884f,-1.017474467123139f,-0.2924106722848123f,0.723146509158462f,-0.6257436575993995f,0.9348765174350544f,0.9091498347931458f,0.41313462264525935f,0.05259621153043797f,1.3913214406882815f,0f,0f,0f,1f],start_interpolation:0}
execute if entity @s[tag=aj.cutscenes.bone.leftarm] run data modify entity @s {} merge value {transformation:[0.2756365378049007f,-0.5642215748446321f,-0.7782535020844884f,-1.1413025772214909f,-0.26515305428798835f,0.7335793977313407f,-0.6257436575993995f,1.1016993009748903f,0.9239688072812191f,0.37883410842209914f,0.05259621153043797f,1.5437780182488825f,0f,0f,0f,1f],start_interpolation:0}
execute if entity @s[tag=aj.cutscenes.locator_origin.mount] at @s on origin run tp @s ^-1.30055 ^1.46923 ^1.83664 ~-98.71321 ~-27.51202
execute if entity @s[tag=aj.cutscenes.bone.head] run data modify entity @s {} merge value {transformation:[0.105547557467744f,-0.46935622321914616f,-0.8766780759423908f,-1.183209469660942f,0.0877918128264073f,0.882558203910258f,-0.46193464290021874f,1.2485858824826868f,0.9905313274769488f,-0.028209084284296606f,0.1343574964436116f,1.8436936639545072f,0f,0f,0f,1f],start_interpolation:0}
execute if entity @s[tag=aj.cutscenes.bone.upper] run data modify entity @s {} merge value {transformation:[0.03860966134625835f,-0.4317792928812558f,-0.9011525599418169f,-0.8593750000000002f,0.11079125683418255f,0.8981145099769157f,-0.4255768137223019f,0.575f,0.9930934454822614f,-0.08340844806065717f,0.08251326761365843f,1.90625f,0f,0f,0f,1f],start_interpolation:0}
execute if entity @s[tag=aj.cutscenes.locator_origin.head2] at @s on origin run tp @s ^0 ^0.125 ^2.4375 ~-180 ~-90
execute if entity @s[tag=aj.cutscenes.locator_origin.mount2] at @s on origin run tp @s ^0 ^0.125 ^2.6875 ~-180 ~-90
execute if entity @s[tag=aj.cutscenes.camera_origin.camera] at @s on origin run tp @s ^3.375 ^-0.44813 ^1.90625 ~90 ~-20