execute if entity @s[tag=aj.cutscenes.locator_origin.head] at @s on origin run tp @s ^-0.00027 ^1.49868 ^0.84617 ~-0.35156 ~-3.39844
execute if entity @s[tag=aj.cutscenes.bone.blade2] run data modify entity @s {} merge value {transformation:[-0.21651121151810032f,-0.5734098531687047f,1.3690595442039797f,-0.5363179731146068f,1.461968023562136f,0.15667002977515304f,0.29682317943865977f,0.7727020655209412f,-0.25646129019559f,1.3771912147771264f,0.5362573678486068f,1.246960268348577f,0f,0f,0f,1f],start_interpolation:0}
execute if entity @s[tag=aj.cutscenes.bone.heart] run data modify entity @s {} merge value {transformation:[5.03384651619581e-7f,0.00000338575318349139f,0.000009395918224047704f,-0.5102820495679805f,-0.0000010135987403889082f,0.000009376588908265782f,-0.0000033244846275579524f,0.7171306146648366f,-0.000009935754701380055f,-7.850196340634027e-7f,8.151826103022005e-7f,0.9661224661915865f,0f,0f,0f,1f],start_interpolation:0}
execute if entity @s[tag=aj.cutscenes.bone.bottom2] run data modify entity @s {} merge value {transformation:[-0.9395918224047703f,0.33857531834913895f,0.05033846516195831f,-0.43162826632482687f,0.33244846275579515f,0.9376588908265782f,-0.10135987403889087f,1.1454101753949728f,-0.08151826103022027f,-0.07850196340634026f,-0.9935754701380054f,0.847786159453795f,0f,0f,0f,1f],start_interpolation:0}
execute if entity @s[tag=aj.cutscenes.bone.rightarm] run data modify entity @s {} merge value {transformation:[-0.9688219613115229f,0.23342178078987408f,0.0830558819914532f,-0.31272144854538814f,0.23344168721209255f,0.9723233324306817f,-0.009608115448175823f,1.3739009030518874f,-0.08299991537384711f,0.01008015197196404f,-0.9964985722940883f,0.8554936921576515f,0f,0f,0f,1f],start_interpolation:0}
execute if entity @s[tag=aj.cutscenes.bone.blade] run data modify entity @s {} merge value {transformation:[-0.4152710914976499f,0.6270055568073528f,-1.2978497418033614f,0.49601544277668475f,-1.391740967299585f,0.17694690419189202f,0.5307983355634426f,0.794973447443827f,0.3749759999071491f,1.3511305728276621f,0.5327655907282551f,1.2881649130302724f,0f,0f,0f,1f],start_interpolation:0}
execute if entity @s[tag=aj.cutscenes.bone.bottom] run data modify entity @s {} merge value {transformation:[-0.9747720580154721f,-0.20373110653563334f,-0.09117604478177269f,0.4346294798595836f,-0.18653831629768255f,0.9678985811401247f,-0.16845115962723203f,1.1473663453305132f,0.12256790552631285f,-0.14719365766465575f,-0.9814841494788354f,0.8624158693891734f,0f,0f,0f,1f],start_interpolation:0}
execute if entity @s[tag=aj.cutscenes.bone.leftarm] run data modify entity @s {} merge value {transformation:[-0.9629129130352577f,-0.24872254715456996f,-0.10457445408366738f,0.31226678600623753f,-0.2382042716888998f,0.9656892988077215f,-0.10345483612384763f,1.3739009030518874f,0.12671798159343903f,-0.07470791594733504f,-0.9891214689994807f,0.8516587642519295f,0f,0f,0f,1f],start_interpolation:0}
execute if entity @s[tag=aj.cutscenes.locator_origin.mount] at @s on origin run tp @s ^-0.00036 ^1.74824 ^0.83135 ~-0.35156 ~-3.39844
execute if entity @s[tag=aj.cutscenes.bone.head] run data modify entity @s {} merge value {transformation:[-0.9999811752826011f,-0.0003637300313202905f,-0.006125094357808105f,-0.0002727975234903269f,0f,0.9982414448830196f,-0.05927915078559644f,1.4986810836622646f,0.006135884649155079f,-0.05927803487233525f,-0.9982226532699238f,0.8461664738457486f,0f,0f,0f,1f],start_interpolation:0}
execute if entity @s[tag=aj.cutscenes.bone.upper] run data modify entity @s {} merge value {transformation:[-0.9999811752826011f,-0.0003637300313202905f,-0.006125094357808105f,-1.0907010554906114e-16f,0f,0.9982414448830196f,-0.05927915078559644f,0.75f,0.006135884649155079f,-0.05927803487233525f,-0.9982226532699238f,0.890625f,0f,0f,0f,1f],start_interpolation:0}
execute if entity @s[tag=aj.cutscenes.locator_origin.head2] at @s on origin run tp @s ^0 ^0.23505 ^2.42938 ~-180 ~-81.5625
execute if entity @s[tag=aj.cutscenes.bone.bottom5] run data modify entity @s {} merge value {transformation:[0.9286663096302167f,-0.3536382951111295f,0.11188762929246583f,0.45895121812967055f,0.059209207133457314f,-0.15644670590443432f,-0.9859100861652035f,0.2595187984565508f,0.366160013038592f,0.9222062591646976f,-0.12434814196051724f,2.098068754751726f,0f,0f,0f,1f],start_interpolation:0}
execute if entity @s[tag=aj.cutscenes.bone.rightarm2] run data modify entity @s {} merge value {transformation:[0.9286663096302167f,-0.3536382951111295f,0.11188762929246583f,0.3124999999999996f,0.059209207133457314f,-0.15644670590443432f,-0.9859100861652035f,0.21670654653460114f,0.366160013038592f,0.9222062591646976f,-0.12434814196051724f,2.3057353187279883f,0f,0f,0f,1f],start_interpolation:0}
execute if entity @s[tag=aj.cutscenes.bone.bottom6] run data modify entity @s {} merge value {transformation:[0.9286663096302169f,0.35363829511112904f,-0.11188762929246575f,-0.4589512181296712f,-0.059209207133457314f,-0.15644670590443432f,-0.9859100861652035f,0.2595187984565508f,-0.3661600130385916f,0.9222062591646978f,-0.12434814196051724f,2.0980687547517256f,0f,0f,0f,1f],start_interpolation:0}
execute if entity @s[tag=aj.cutscenes.bone.leftarm2] run data modify entity @s {} merge value {transformation:[0.9286663096302169f,0.35363829511112904f,-0.11188762929246575f,-0.3125000000000004f,-0.059209207133457314f,-0.15644670590443432f,-0.9859100861652035f,0.21670654653460114f,-0.3661600130385916f,0.9222062591646978f,-0.12434814196051724f,2.305735318727988f,0f,0f,0f,1f],start_interpolation:0}
execute if entity @s[tag=aj.cutscenes.locator_origin.mount2] at @s on origin run tp @s ^0 ^0.3529 ^2.64986 ~-180 ~-61.875
execute if entity @s[tag=aj.cutscenes.bone.head2] run data modify entity @s {} merge value {transformation:[1f,-2.1600841069683996e-16f,-1.1545890097649308e-16f,-4.0367600935347565e-16f,0f,0.4713967368259977f,-0.881921264348355f,0.23504785584152135f,2.4492935982947064e-16f,0.881921264348355f,0.4713967368259977f,2.4293823824735856f,0f,0f,0f,1f],start_interpolation:0}
execute if entity @s[tag=aj.cutscenes.bone.upper2] run data modify entity @s {} merge value {transformation:[1f,-2.422783693440238e-16f,-3.593860117582626e-17f,-2.2196723234545778e-16f,0f,0.1467304744553618f,-0.989176509964781f,0.125f,2.4492935982947064e-16f,0.989176509964781f,0.1467304744553618f,1.6875f,0f,0f,0f,1f],start_interpolation:0}
execute if entity @s[tag=aj.cutscenes.bone.bottom7] run data modify entity @s {} merge value {transformation:[0.9622501286096565f,-0.26373146805330533f,-0.06723394045530645f,0.13253089315162106f,0.14415265413281167f,0.7033957348185008f,-0.6960276234070082f,0.35969229652822965f,0.2308564538780869f,0.6600607191748273f,0.7148602273908131f,1.4383274242349937f,0f,0f,0f,1f],start_interpolation:0}
execute if entity @s[tag=aj.cutscenes.bone.rightleg2] run data modify entity @s {} merge value {transformation:[0.9622501286096565f,-0.024853855512994932f,0.2710294741478101f,0.11874999999999979f,0.14415265413281167f,-0.7981322958076786f,-0.5849827781184935f,0.109375f,0.2308564538780869f,0.6019693715255818f,-0.7644201550508275f,1.625f,0f,0f,0f,1f],start_interpolation:0}
execute if entity @s[tag=aj.cutscenes.bone.bottom8] run data modify entity @s {} merge value {transformation:[0.9622501286096568f,0.271742807346587f,-0.015183433277582373f,-0.1325308931516214f,-0.14415265413281167f,0.4615408924067454f,-0.8753285194387599f,0.35969229652822965f,-0.23085645387808645f,0.8444737126114592f,0.4832902299975185f,1.4383274242349937f,0f,0f,0f,1f],start_interpolation:0}
execute if entity @s[tag=aj.cutscenes.bone.leftleg2] run data modify entity @s {} merge value {transformation:[0.9622501286096568f,0.02485385551299464f,-0.27102947414780976f,-0.1187500000000002f,-0.14415265413281167f,-0.7981322958076786f,-0.5849827781184935f,0.109375f,-0.23085645387808645f,0.6019693715255818f,-0.7644201550508277f,1.625f,0f,0f,0f,1f],start_interpolation:0}
execute if entity @s[tag=aj.cutscenes.camera_origin.camera] at @s on origin run tp @s ^-5.39375 ^6.08625 ^-0.20625 ~-76.5 ~18