execute if entity @s[tag=aj.cutscenes.locator_origin.head] at @s on origin run tp @s ^0 ^13.32986 ^-3.54861 ~0 ~0
execute if entity @s[tag=aj.cutscenes.bone.blade2] run data modify entity @s {} merge value {transformation:[-0.000006586885182927988f,-0.000007524157334009153f,7.044677515274305e-21f,-0.8571316418874387f,0.000007524157334009153f,-0.000006586885182927987f,8.066607855623888e-22f,12.393151025951669f,4.033303927811944e-21f,5.8318643968350494e-21f,0.00001f,-3.516540486111111f,0f,0f,0f,1f],start_interpolation:0}
execute if entity @s[tag=aj.cutscenes.bone.heart] run data modify entity @s {} merge value {transformation:[-8.343108459815321e-21f,2.2688584987292327e-7f,0.000009997425809233467f,-0.30682136679730343f,5.037877889811321e-23f,0.000009997425809233467f,-2.2688584987292327e-7f,12.515701186255015f,-0.00001f,-1.389275149093512e-22f,-8.342103807745765e-21f,-3.470486111111111f,0f,0f,0f,1f],start_interpolation:0}
execute if entity @s[tag=aj.cutscenes.bone.bottom2] run data modify entity @s {} merge value {transformation:[-0.9997425809233467f,0.022688584987292326f,-6.123233995736765e-16f,-0.37499999999999956f,0.022688584987292326f,0.9997425809233467f,0f,12.95486111111111f,6.12165775849545e-16f,-1.3892751490935118e-17f,-1f,-3.548611111111111f,0f,0f,0f,1f],start_interpolation:0}
execute if entity @s[tag=aj.cutscenes.bone.rightarm] run data modify entity @s {} merge value {transformation:[-1f,0f,-6.123233995736765e-16f,-0.31249999999999956f,0f,1f,0f,13.20486111111111f,6.123233995736765e-16f,0f,-1f,-3.548611111111111f,0f,0f,0f,1f],start_interpolation:0}
execute if entity @s[tag=aj.cutscenes.bone.blade] run data modify entity @s {} merge value {transformation:[0.004531615696611543f,4.3145452829592524e-8f,-0.000009999861287997794f,0.37869314484910904f,-0.8603527202361836f,-0.000008191406816669742f,-5.2670872434968704e-8f,12.351117813583071f,-1.2287280664334874f,0.000005735764363510461f,3.9027030098816994e-21f,-3.2509154861111114f,0f,0f,0f,1f],start_interpolation:0}
execute if entity @s[tag=aj.cutscenes.bone.bottom] run data modify entity @s {} merge value {transformation:[-0.9999861287997796f,-0.005267087243497038f,-6.123233995736765e-16f,0.37500000000000044f,-0.005267087243497038f,0.9999861287997796f,0f,12.95486111111111f,6.123149059132013e-16f,3.225160766789251e-18f,-1f,-3.548611111111111f,0f,0f,0f,1f],start_interpolation:0}
execute if entity @s[tag=aj.cutscenes.bone.leftarm] run data modify entity @s {} merge value {transformation:[-1f,0f,-6.123233995736765e-16f,0.31250000000000044f,0f,1f,0f,13.20486111111111f,6.123233995736765e-16f,0f,-1f,-3.548611111111111f,0f,0f,0f,1f],start_interpolation:0}
execute if entity @s[tag=aj.cutscenes.locator_origin.mount] at @s on origin run tp @s ^0.00095 ^13.57962 ^-3.55947 ~5 ~-2.5
execute if entity @s[tag=aj.cutscenes.bone.head] run data modify entity @s {} merge value {transformation:[-0.9961946980917455f,0.0038016801040236495f,0.0870727897926932f,4.345795238640955e-16f,-2.168404344971009e-19f,0.9990482215818578f,-0.043619387365336f,13.32986111111111f,-0.08715574274765758f,-0.0434534024273578f,-0.9952465414778341f,-3.548611111111111f,0f,0f,0f,1f],start_interpolation:0}
execute if entity @s[tag=aj.cutscenes.bone.upper] run data modify entity @s {} merge value {transformation:[-1f,0f,-6.123233995736765e-16f,4.345795238640955e-16f,0f,1f,0f,12.57986111111111f,6.123233995736765e-16f,0f,-1f,-3.548611111111111f,0f,0f,0f,1f],start_interpolation:0}
execute if entity @s[tag=aj.cutscenes.bone.bottom3] run data modify entity @s {} merge value {transformation:[-0.9914448613738105f,-0.03924998298777886f,0.12448504203688393f,-0.11268091069990499f,3.469446951953614e-18f,0.9537169507482269f,0.30070579950427306f,12.28182456400229f,-0.13052619222005094f,0.29813321970381484f,-0.9455577700244291f,-3.6425935309699287f,0f,0f,0f,1f],start_interpolation:0}
execute if entity @s[tag=aj.cutscenes.bone.rightleg] run data modify entity @s {} merge value {transformation:[-0.9914448613738105f,-0.03924998298777886f,0.12448504203688393f,-0.11874999999999956f,3.469446951953614e-18f,0.9537169507482269f,0.30070579950427306f,12.57986111111111f,-0.13052619222005094f,0.29813321970381484f,-0.9455577700244291f,-3.548611111111111f,0f,0f,0f,1f],start_interpolation:0}
execute if entity @s[tag=aj.cutscenes.bone.bottom4] run data modify entity @s {} merge value {transformation:[-0.9848077530122079f,-0.05221701409779454f,-0.16561121050749172f,0.1540616415346335f,-6.938893903907228e-18f,0.9537169507482269f,-0.3007057995042731f,12.316301284294584f,0.17364817766693094f,-0.29613740272754274f,-0.9392278472760159f,-3.3843411559745373f,0f,0f,0f,1f],start_interpolation:0}
execute if entity @s[tag=aj.cutscenes.bone.leftleg] run data modify entity @s {} merge value {transformation:[-0.9848077530122079f,-0.09330109785058167f,-0.14645338762528573f,0.11875000000000042f,-6.938893903907228e-18f,0.8433914458128857f,-0.5372996083468239f,12.57986111111111f,0.17364817766693094f,-0.529136819990375f,-0.8305784346607052f,-3.548611111111111f,0f,0f,0f,1f],start_interpolation:0}
execute if entity @s[tag=aj.cutscenes.locator_origin.head2] at @s on origin run tp @s ^0 ^0.125 ^2.4375 ~-180 ~-90
execute if entity @s[tag=aj.cutscenes.locator_origin.mount2] at @s on origin run tp @s ^0 ^0.18243 ^2.68081 ~-180 ~-76.72
execute if entity @s[tag=aj.cutscenes.bone.head2] run data modify entity @s {} merge value {transformation:[1f,-2.3837973222840026e-16f,-5.626272806388351e-17f,-4.0566425221756077e-16f,0f,0.229710019668756f,-0.9732591159931562f,0.12500000000000017f,2.4492935982947064e-16f,0.9732591159931562f,0.229710019668756f,2.4375f,0f,0f,0f,1f],start_interpolation:0}
execute if entity @s[tag=aj.cutscenes.camera_origin.camera] at @s on origin run tp @s ^-7.71875 ^10.22375 ^-1.46875 ~-67.5 ~30