execute if entity @s[tag=aj.cutscenes.locator_origin.head] at @s on origin run tp @s ^-1.17087 ^1.25553 ^1.84258 ~-95.09191 ~-24.15347
execute if entity @s[tag=aj.cutscenes.bone.blade2] run data modify entity @s {} merge value {transformation:[8.261164443353579e-7f,7.348863773925611e-7f,-0.000009938685709525252f,-1.0899334201489017f,-0.000008082950739551217f,0.0000058830096789605404f,-2.3686379893299433e-7f,1.9347641637561956f,0.0000058295316246150605f,0.000008052958408534059f,0.0000010800101425604688f,2.782721129755675f,0f,0f,0f,1f],start_interpolation:0}
execute if entity @s[tag=aj.cutscenes.bone.heart] run data modify entity @s {} merge value {transformation:[-0.9938685709525251f,0.011259489169806005f,0.10999312513252613f,-1.023634518814165f,-0.023686379893299334f,-0.9933880125237635f,-0.11233526597483506f,1.8489564152648925f,0.10800101425604675f,-0.11425182920952145f,0.9875638209462432f,2.3536908477490237f,0f,0f,0f,1f],start_interpolation:0}
execute if entity @s[tag=aj.cutscenes.bone.bottom2] run data modify entity @s {} merge value {transformation:[0.10999312513252635f,0.011259489169806005f,0.9938685709525251f,-1.1032290447288238f,-0.11233526597483506f,-0.9933880125237635f,0.02368637989329936f,1.4195196154800092f,0.9875638209462432f,-0.11425182920952145f,-0.10800101425604697f,2.2504205128994714f,0f,0f,0f,1f],start_interpolation:0}
execute if entity @s[tag=aj.cutscenes.bone.rightarm] run data modify entity @s {} merge value {transformation:[0.10982298547946487f,0.012813100060556137f,0.9938685709525251f,-1.1068897063061514f,-0.09828265824358287f,-0.9948766126993462f,0.02368637989329936f,1.1769431284453966f,0.9890800932932339f,-0.10028135405304808f,-0.10800101425604697f,2.163532668555382f,0f,0f,0f,1f],start_interpolation:0}
execute if entity @s[tag=aj.cutscenes.bone.blade] run data modify entity @s {} merge value {transformation:[-0.4700480499365976f,0.000009113520346935098f,0.0000026690750431630015f,-0.4304565748046689f,-1.3951841780625092f,-0.0000023787519945427564f,-0.0000027979813010602647f,0.6880631765204646f,-0.28725587902572514f,-0.0000033593579497366474f,0.000009222111420541473f,1.1483249962751039f,0f,0f,0f,1f],start_interpolation:0}
execute if entity @s[tag=aj.cutscenes.bone.bottom] run data modify entity @s {} merge value {transformation:[0.26690750431630045f,-0.5667968920218591f,-0.7794239330005238f,-1.0045568160606657f,-0.2797981301060265f,0.7283524685229266f,-0.6254723718804296f,0.9414652058505437f,0.9222111420541474f,0.3850246288108339f,0.03581402909844755f,1.3919201897708928f,0f,0f,0f,1f],start_interpolation:0}
execute if entity @s[tag=aj.cutscenes.bone.leftarm] run data modify entity @s {} merge value {transformation:[0.25878389445645245f,-0.5705516879617013f,-0.7794239330005238f,-1.1310207446475629f,-0.2693654736302564f,0.7322749167015195f,-0.6254723718804296f,1.1076985929240326f,0.9276169131629173f,0.3718120731415754f,0.03581402909844755f,1.542849265128969f,0f,0f,0f,1f],start_interpolation:0}
execute if entity @s[tag=aj.cutscenes.locator_origin.mount] at @s on origin run tp @s ^-1.28717 ^1.47671 ^1.83516 ~-98.33506 ~-27.26536
execute if entity @s[tag=aj.cutscenes.bone.head] run data modify entity @s {} merge value {transformation:[0.10040232840356508f,-0.4651773152324779f,-0.8795052233183419f,-1.1708712705722286f,0.08604838403166415f,0.8847196716883394f,-0.4581121894615076f,1.2555335535317167f,0.9912189707913593f,-0.029684472721960717f,0.12885567128588965f,1.8425791602106107f,0f,0f,0f,1f],start_interpolation:0}
execute if entity @s[tag=aj.cutscenes.bone.upper] run data modify entity @s {} merge value {transformation:[0.038609661346258366f,-0.4153283607629711f,-0.9088518288459734f,-0.8593750000000002f,0.11079125683418256f,0.9057015427760168f,-0.4091821267140651f,0.5762573964497042f,0.9930934454822614f,-0.08489445305251894f,0.08098358093517609f,1.90625f,0f,0f,0f,1f],start_interpolation:0}
execute if entity @s[tag=aj.cutscenes.locator_origin.head2] at @s on origin run tp @s ^0 ^0.125 ^2.4375 ~-180 ~-90
execute if entity @s[tag=aj.cutscenes.locator_origin.mount2] at @s on origin run tp @s ^0 ^0.125 ^2.6875 ~-180 ~-90
execute if entity @s[tag=aj.cutscenes.camera_origin.camera] at @s on origin run tp @s ^3.375 ^-0.44813 ^1.90625 ~90 ~-20