execute if entity @s[tag=aj.cutscenes.locator_origin.head] at @s on origin run tp @s ^-0.49856 ^1.23908 ^1.81315 ~-88.6111 ~28.84241
execute if entity @s[tag=aj.cutscenes.bone.blade2] run data modify entity @s {} merge value {transformation:[1.6055623023392428e-7f,0.000005868623475135761f,0.000008095275177782317f,0.03371384000957994f,-0.0000021575717610006597f,-0.000007885242001279831f,0.000005759152947906919f,0.4337147639733403f,0.000009763150403075104f,-0.0000018390805007769237f,0.000001139595155569078f,2.0135232298007026f,0f,0f,0f,1f],start_interpolation:0}
execute if entity @s[tag=aj.cutscenes.bone.heart] run data modify entity @s {} merge value {transformation:[0.000008095275177782316f,-0.0000038464100821499656f,0.000004435273303407195f,-0.28783133259242466f,0.00000575915294790692f,0.0000037364635188170706f,-0.0000072712445767670475f,0.7164627269921474f,0.0000011395951555690767f,0.000008440614305397697f,0.000005239976434004186f,1.9017744567286496f,0f,0f,0f,1f],start_interpolation:0}
execute if entity @s[tag=aj.cutscenes.bone.bottom2] run data modify entity @s {} merge value {transformation:[0.4435273303407193f,-0.3846410082149965f,-0.8095275177782317f,-0.42058789450635625f,-0.7271244576767049f,0.37364635188170703f,-0.5759152947906918f,0.9703716669507111f,0.5239976434004185f,0.8440614305397696f,-0.11395951555690777f,2.247204567030156f,0f,0f,0f,1f],start_interpolation:0}
execute if entity @s[tag=aj.cutscenes.bone.rightarm] run data modify entity @s {} merge value {transformation:[-0.20220604989373087f,-0.5511605132320244f,-0.8095275177782317f,-0.5457401446960042f,0.09128387172157255f,0.8123969645374545f,-0.5759152947906918f,1.1677656661024765f,0.9750794676075859f,-0.19035036292096047f,-0.11395951555690777f,2.1386745095744417f,0f,0f,0f,1f],start_interpolation:0}
execute if entity @s[tag=aj.cutscenes.bone.blade] run data modify entity @s {} merge value {transformation:[-0.7479432350823225f,0.000002884311788033916f,-0.000008174207922365138f,-0.23032963891063976f,-1.1267598503310416f,0.0000032680287934433684f,0.000005735317351674939f,1.0799778240633089f,0.648839854491505f,0.000009000040739609659f,5.370844603219624e-7f,2.2143155144753073f,0f,0f,0f,1f],start_interpolation:0}
execute if entity @s[tag=aj.cutscenes.bone.bottom] run data modify entity @s {} merge value {transformation:[-0.8174207922365136f,0.04973275382744541f,-0.5738901476904518f,-0.3715672964485893f,0.5735317351674941f,0.16315401968976928f,-0.8027715208045398f,0.939795501103343f,0.05370844603219643f,-0.9853463447213923f,-0.16188880062869543f,1.5712423194222191f,0f,0f,0f,1f],start_interpolation:0}
execute if entity @s[tag=aj.cutscenes.bone.leftarm] run data modify entity @s {} merge value {transformation:[-0.44089695038839616f,-0.6901159160040023f,-0.5738901476904518f,-0.5716523348488647f,0.13628621398745056f,0.5805031897088362f,-0.8027715208045398f,1.0934391869047677f,0.8871504646987335f,-0.43215283085480705f,-0.16188880062869543f,1.5186510157521882f,0f,0f,0f,1f],start_interpolation:0}
execute if entity @s[tag=aj.cutscenes.locator_origin.mount] at @s on origin run tp @s ^-0.31236 ^1.405 ^1.79574 ~-69.37803 ~45.38078
execute if entity @s[tag=aj.cutscenes.bone.head] run data modify entity @s {} merge value {transformation:[-0.11462717698498084f,0.7447849126135728f,-0.6573857651635351f,-0.4985604877269213f,0.2300112507164463f,0.6636633967006175f,0.7117905031845079f,1.2390823792599677f,0.9664136975645109f,-0.06961558606369361f,-0.24738277089704225f,1.813145315195978f,0f,0f,0f,1f],start_interpolation:0}
execute if entity @s[tag=aj.cutscenes.bone.upper] run data modify entity @s {} merge value {transformation:[0.04145950424457662f,0.48108601636410525f,-0.875692499891777f,-0.8593750000000002f,0.11892236671633426f,0.8678396220507657f,0.4824021777452605f,0.5882026627218935f,0.9920375901156062f,-0.12413957973869603f,-0.021231687166127017f,1.90625f,0f,0f,0f,1f],start_interpolation:0}
execute if entity @s[tag=aj.cutscenes.locator_origin.head2] at @s on origin run tp @s ^0 ^0.125 ^2.4375 ~-180 ~-90
execute if entity @s[tag=aj.cutscenes.locator_origin.mount2] at @s on origin run tp @s ^0 ^0.125 ^2.6875 ~-180 ~-90
execute if entity @s[tag=aj.cutscenes.camera_origin.camera] at @s on origin run tp @s ^3.375 ^-0.44813 ^1.90625 ~90 ~0