execute if entity @s[tag=aj.cutscenes.locator_origin.head] at @s on origin run tp @s ^0 ^13.01042 ^-3.54167 ~0 ~0
execute if entity @s[tag=aj.cutscenes.bone.blade2] run data modify entity @s {} merge value {transformation:[-0.00000661988246595637f,-0.000007495142169226907f,7.041124182406573e-21f,-0.8546588542521594f,0.000007495142169226907f,-0.000006619882465956368f,8.107017872665155e-22f,12.0715935353423f,4.0535089363325774e-21f,5.8140977324963934e-21f,0.00001f,-3.5095960416666663f,0f,0f,0f,1f],start_interpolation:0}
execute if entity @s[tag=aj.cutscenes.bone.heart] run data modify entity @s {} merge value {transformation:[-8.343308392746452e-21f,1.8295533972054806e-7f,0.000009998326227107604f,-0.3048923724634953f,4.062424612717398e-23f,0.000009998326227107604f,-1.8295533972054806e-7f,12.19656055563914f,-0.00001f,-1.1202783558784288e-22f,-8.342655154679492e-21f,-3.4635416666666665f,0f,0f,0f,1f],start_interpolation:0}
execute if entity @s[tag=aj.cutscenes.bone.bottom2] run data modify entity @s {} merge value {transformation:[-0.9998326227107602f,0.018295533972054804f,-6.123233995736765e-16f,-0.37499999999999956f,0.018295533972054804f,0.9998326227107602f,0f,12.635416666666664f,6.122209105429178e-16f,-1.1202783558784287e-17f,-1f,-3.5416666666666665f,0f,0f,0f,1f],start_interpolation:0}
execute if entity @s[tag=aj.cutscenes.bone.rightarm] run data modify entity @s {} merge value {transformation:[-1f,0f,-6.123233995736765e-16f,-0.31249999999999956f,0f,1f,0f,12.885416666666664f,6.123233995736765e-16f,0f,-1f,-3.5416666666666665f,0f,0f,0f,1f],start_interpolation:0}
execute if entity @s[tag=aj.cutscenes.bone.blade] run data modify entity @s {} merge value {transformation:[0.002394629977549144f,2.2799240195490342e-8f,-0.000009999961266873469f,0.3771935364486537f,-0.8603613220652665f,-0.000008191488714570137f,-2.783273307371947e-8f,12.03166605836324f,-1.2287280664334874f,0.000005735764363510461f,3.9027642292867375e-21f,-3.2439710416666667f,0f,0f,0f,1f],start_interpolation:0}
execute if entity @s[tag=aj.cutscenes.bone.bottom] run data modify entity @s {} merge value {transformation:[-0.9999961266873469f,-0.0027832733073721136f,-6.123233995736765e-16f,0.37500000000000044f,-0.0027832733073721136f,0.9999961266873469f,0f,12.635416666666664f,6.123210278537052e-16f,1.704263373512763e-18f,-1f,-3.5416666666666665f,0f,0f,0f,1f],start_interpolation:0}
execute if entity @s[tag=aj.cutscenes.bone.leftarm] run data modify entity @s {} merge value {transformation:[-1f,0f,-6.123233995736765e-16f,0.31250000000000044f,0f,1f,0f,12.885416666666664f,6.123233995736765e-16f,0f,-1f,-3.5416666666666665f,0f,0f,0f,1f],start_interpolation:0}
execute if entity @s[tag=aj.cutscenes.locator_origin.mount] at @s on origin run tp @s ^0.00095 ^13.26018 ^-3.55253 ~5 ~-2.5
execute if entity @s[tag=aj.cutscenes.bone.head] run data modify entity @s {} merge value {transformation:[-0.9961946980917455f,0.0038016801040236495f,0.0870727897926932f,4.337290746980209e-16f,-2.168404344971009e-19f,0.9990482215818578f,-0.043619387365336f,13.010416666666664f,-0.08715574274765758f,-0.0434534024273578f,-0.9952465414778341f,-3.5416666666666665f,0f,0f,0f,1f],start_interpolation:0}
execute if entity @s[tag=aj.cutscenes.bone.upper] run data modify entity @s {} merge value {transformation:[-1f,0f,-6.123233995736765e-16f,4.337290746980209e-16f,0f,1f,0f,12.260416666666664f,6.123233995736765e-16f,0f,-1f,-3.5416666666666665f,0f,0f,0f,1f],start_interpolation:0}
execute if entity @s[tag=aj.cutscenes.bone.bottom3] run data modify entity @s {} merge value {transformation:[-0.9914448613738105f,-0.03924998298777886f,0.12448504203688393f,-0.11268091069990499f,3.469446951953614e-18f,0.9537169507482269f,0.30070579950427306f,11.962380119557844f,-0.13052619222005094f,0.29813321970381484f,-0.9455577700244291f,-3.635649086525484f,0f,0f,0f,1f],start_interpolation:0}
execute if entity @s[tag=aj.cutscenes.bone.rightleg] run data modify entity @s {} merge value {transformation:[-0.9914448613738105f,-0.03924998298777886f,0.12448504203688393f,-0.11874999999999956f,3.469446951953614e-18f,0.9537169507482269f,0.30070579950427306f,12.260416666666664f,-0.13052619222005094f,0.29813321970381484f,-0.9455577700244291f,-3.5416666666666665f,0f,0f,0f,1f],start_interpolation:0}
execute if entity @s[tag=aj.cutscenes.bone.bottom4] run data modify entity @s {} merge value {transformation:[-0.9848077530122079f,-0.05221701409779454f,-0.16561121050749172f,0.1540616415346335f,-6.938893903907228e-18f,0.9537169507482269f,-0.3007057995042731f,11.996856839850137f,0.17364817766693094f,-0.29613740272754274f,-0.9392278472760159f,-3.3773967115300927f,0f,0f,0f,1f],start_interpolation:0}
execute if entity @s[tag=aj.cutscenes.bone.leftleg] run data modify entity @s {} merge value {transformation:[-0.9848077530122079f,-0.09330109785058167f,-0.14645338762528573f,0.11875000000000042f,-6.938893903907228e-18f,0.8433914458128857f,-0.5372996083468239f,12.260416666666664f,0.17364817766693094f,-0.529136819990375f,-0.8305784346607052f,-3.5416666666666665f,0f,0f,0f,1f],start_interpolation:0}
execute if entity @s[tag=aj.cutscenes.locator_origin.head2] at @s on origin run tp @s ^0 ^0.125 ^2.4375 ~-180 ~-90
execute if entity @s[tag=aj.cutscenes.locator_origin.mount2] at @s on origin run tp @s ^0 ^0.17555 ^2.68234 ~-180 ~-78.33333
execute if entity @s[tag=aj.cutscenes.bone.head2] run data modify entity @s {} merge value {transformation:[1f,-2.398692715440323e-16f,-4.952902053755548e-17f,-4.0566425221756077e-16f,0f,0.20221757233203694f,-0.9793406217655517f,0.12500000000000017f,2.4492935982947064e-16f,0.9793406217655517f,0.20221757233203694f,2.4375f,0f,0f,0f,1f],start_interpolation:0}
execute if entity @s[tag=aj.cutscenes.camera_origin.camera] at @s on origin run tp @s ^-7.71875 ^10.22375 ^-1.46875 ~-67.5 ~30