execute if entity @s[tag=aj.cutscenes.locator_origin.head] at @s on origin run tp @s ^0.13567 ^1.46774 ^1.06075 ~141.42857 ~-16.86543
execute if entity @s[tag=aj.cutscenes.bone.blade2] run data modify entity @s {} merge value {transformation:[1.4148578784191461f,-0.11026710677465548f,-0.48581719714190913f,0.6139792557678698f,0.4920511563160176f,0.08068561271060926f,1.4146997884602888f,1.3939424242041962f,-0.07786426294099169f,-1.4937640366085478f,0.11227715480718164f,-0.2165420428105821f,0f,0f,0f,1f],start_interpolation:0}
execute if entity @s[tag=aj.cutscenes.bone.heart] run data modify entity @s {} merge value {transformation:[0.000005596787995250216f,-0.0000032878303038865987f,-0.000007606979428726495f,0.6207553430702756f,-0.000008181558026348222f,-7.318988782043384e-7f,-0.000005703194919830487f,1.3982032678616068f,0.0000013183597375982372f,0.000009415651646324233f,-0.000003099585726730545f,0.2614324034535401f,0f,0f,0f,1f],start_interpolation:0}
execute if entity @s[tag=aj.cutscenes.bone.bottom2] run data modify entity @s {} merge value {transformation:[0.7606979428726495f,-0.32878303038865986f,0.5596787995250214f,0.580067200275055f,0.5703194919830484f,-0.07318988782043384f,-0.8181558026348222f,1.346820480170497f,0.30995857267305454f,0.9415651646324232f,0.13183597375982364f,0.7078823619202939f,0f,0f,0f,1f],start_interpolation:0}
execute if entity @s[tag=aj.cutscenes.bone.rightarm] run data modify entity @s {} merge value {transformation:[0.5787825637006999f,-0.7460590180421686f,0.3292517054686286f,0.35737853553321913f,0.6398463670877421f,0.16515164472533028f,-0.7505475073365688f,1.3481179934088456f,0.5055762756307538f,0.6450743180769746f,0.5729500446608436f,0.8375524242126153f,0f,0f,0f,1f],start_interpolation:0}
execute if entity @s[tag=aj.cutscenes.bone.blade] run data modify entity @s {} merge value {transformation:[0.39074774005482965f,-1.4317753411819067f,0.21756740570562705f,-1.216031249084893f,-0.4920517674556158f,0.08068611804124959f,1.414699547076777f,1.39394330987181f,-1.3620577307096233f,-0.4398967182633524f,-0.44865311263300595f,1.2428429758729114f,0f,0f,0f,1f],start_interpolation:0}
execute if entity @s[tag=aj.cutscenes.bone.bottom] run data modify entity @s {} merge value {transformation:[-0.13291674597789627f,0.9911191754596633f,0.003989821400099958f,-0.30723794044183333f,-0.5703195086243796f,-0.07319071193520221f,-0.8181557173111147f,1.3468206524533735f,-0.8105978020702338f,-0.11102206862860903f,0.5749828724025882f,1.4154846930293452f,0f,0f,0f,1f],start_interpolation:0}
execute if entity @s[tag=aj.cutscenes.bone.leftarm] run data modify entity @s {} merge value {transformation:[-0.3641099027313901f,0.7949146734129773f,0.48531911226086866f,-0.1312661410093009f,-0.6398461748665394f,0.16515090753852363f,-0.7505478334176043f,1.3481179934088456f,-0.6767723777176458f,-0.583811476190681f,0.4484900322487252f,1.2272335503743221f,0f,0f,0f,1f],start_interpolation:0}
execute if entity @s[tag=aj.cutscenes.locator_origin.mount] at @s on origin run tp @s ^0.18089 ^1.70699 ^1.11745 ~141.42857 ~-16.86543
execute if entity @s[tag=aj.cutscenes.bone.head] run data modify entity @s {} merge value {transformation:[0.781831482468032f,0.18088991561913478f,0.5966727507177966f,0.13566743671435097f,0f,0.956988789454153f,-0.2901248987230756f,1.4677415920906147f,-0.6234898018587309f,0.22682877966954987f,0.7482039639642278f,1.0607465847521624f,0f,0f,0f,1f],start_interpolation:0}
execute if entity @s[tag=aj.cutscenes.bone.upper] run data modify entity @s {} merge value {transformation:[0.781831482468032f,0.18088991561913478f,0.5966727507177966f,-1.0907010554906114e-16f,0f,0.956988789454153f,-0.2901248987230756f,0.75f,-0.6234898018587309f,0.22682877966954987f,0.7482039639642278f,0.890625f,0f,0f,0f,1f],start_interpolation:0}
execute if entity @s[tag=aj.cutscenes.bone.bottom3] run data modify entity @s {} merge value {transformation:[0.781831482468032f,0f,0.6234898018587309f,0.09772893530850389f,0f,1f,0f,0.4375f,-0.6234898018587309f,0f,0.781831482468032f,0.8126887747676586f,0f,0f,0f,1f],start_interpolation:0}
execute if entity @s[tag=aj.cutscenes.bone.rightleg] run data modify entity @s {} merge value {transformation:[0.781831482468032f,0f,0.6234898018587309f,0.0928424885430787f,0f,1f,0f,0.75f,-0.6234898018587309f,0f,0.781831482468032f,0.8165855860292757f,0f,0f,0f,1f],start_interpolation:0}
execute if entity @s[tag=aj.cutscenes.bone.bottom4] run data modify entity @s {} merge value {transformation:[0.781831482468032f,0f,0.6234898018587309f,-0.09772893530850411f,0f,1f,0f,0.4375f,-0.6234898018587309f,0f,0.781831482468032f,0.9685612252323414f,0f,0f,0f,1f],start_interpolation:0}
execute if entity @s[tag=aj.cutscenes.bone.leftleg] run data modify entity @s {} merge value {transformation:[0.781831482468032f,0f,0.6234898018587309f,-0.09284248854307892f,0f,1f,0f,0.75f,-0.6234898018587309f,0f,0.781831482468032f,0.9646644139707243f,0f,0f,0f,1f],start_interpolation:0}
execute if entity @s[tag=aj.cutscenes.locator_origin.head2] at @s on origin run tp @s ^0 ^0.66299 ^2.21006 ~-180 ~-44.16667
execute if entity @s[tag=aj.cutscenes.bone.bottom5] run data modify entity @s {} merge value {transformation:[0.9763824522960998f,-0.014448349141651157f,-0.21556565602000594f,0.37713599055391867f,0.09077326849772342f,0.9328569532368437f,0.34862317554045846f,0.34578164129645284f,0.19605489173824459f,-0.35995715023423835f,0.9121366835188415f,2.2252101577988594f,0f,0f,0f,1f],start_interpolation:0}
execute if entity @s[tag=aj.cutscenes.bone.rightarm2] run data modify entity @s {} merge value {transformation:[0.9763824522960998f,-0.014448349141651157f,-0.21556565602000594f,0.31249999999999967f,0.09077326849772342f,0.9328569532368437f,0.34862317554045846f,0.573322550324556f,0.19605489173824459f,-0.35995715023423835f,0.9121366835188415f,2.1229674395066596f,0f,0f,0f,1f],start_interpolation:0}
execute if entity @s[tag=aj.cutscenes.bone.bottom6] run data modify entity @s {} merge value {transformation:[0.9763824522960998f,0.014448349141651334f,0.2155656560200055f,-0.3771359905539194f,-0.09077326849772342f,0.9328569532368437f,0.34862317554045846f,0.34578164129645284f,-0.19605489173824409f,-0.35995715023423835f,0.9121366835188415f,2.225210157798859f,0f,0f,0f,1f],start_interpolation:0}
execute if entity @s[tag=aj.cutscenes.bone.leftarm2] run data modify entity @s {} merge value {transformation:[0.9763824522960998f,0.014448349141651334f,0.2155656560200055f,-0.31250000000000033f,-0.09077326849772342f,0.9328569532368437f,0.34862317554045846f,0.573322550324556f,-0.19605489173824409f,-0.35995715023423835f,0.9121366835188415f,2.122967439506659f,0f,0f,0f,1f],start_interpolation:0}
execute if entity @s[tag=aj.cutscenes.locator_origin.mount2] at @s on origin run tp @s ^0 ^0.89334 ^2.30721 ~-180 ~-22.86691
execute if entity @s[tag=aj.cutscenes.bone.head2] run data modify entity @s {} merge value {transformation:[1f,-9.517756285026283e-17f,-2.2568035545070945e-16f,-3.4995774576739155e-16f,0f,0.9214099755449364f,-0.38859188999035954f,0.6629870603894672f,2.4492935982947064e-16f,0.38859188999035954f,0.9214099755449364f,2.210060927407991f,0f,0f,0f,1f],start_interpolation:0}
execute if entity @s[tag=aj.cutscenes.bone.upper2] run data modify entity @s {} merge value {transformation:[1f,-1.7065401789591165e-16f,-1.7569176839697462e-16f,-2.2196723234545778e-16f,0f,0.7173160805192896f,-0.6967479032106548f,0.125f,2.4492935982947064e-16f,0.6967479032106548f,0.7173160805192896f,1.6875f,0f,0f,0f,1f],start_interpolation:0}
execute if entity @s[tag=aj.cutscenes.bone.bottom7] run data modify entity @s {} merge value {transformation:[0.9622501286096566f,-0.2644491713236538f,-0.06435313338860857f,0.13268486319619935f,0.14415265413281164f,0.6957615532907608f,-0.7036589182756756f,0.35935953179261354f,0.23085645387808684f,0.6678192096283699f,0.7076176940652164f,1.3713317005143606f,0f,0f,0f,1f],start_interpolation:0}
execute if entity @s[tag=aj.cutscenes.bone.rightleg2] run data modify entity @s {} merge value {transformation:[0.9622501286096566f,-0.02534655965564538f,0.2709838406701072f,0.1187499999999998f,0.14415265413281164f,-0.797067448653707f,-0.5864328560058145f,0.109375f,0.23085645387808684f,0.6033581309722222f,-0.7633244811301035f,1.558438263606442f,0f,0f,0f,1f],start_interpolation:0}
execute if entity @s[tag=aj.cutscenes.bone.bottom8] run data modify entity @s {} merge value {transformation:[0.9622501286096569f,0.2644491713236535f,0.06435313338860822f,-0.13268486319619963f,-0.14415265413281164f,0.6957615532907608f,-0.7036589182756756f,0.35935953179261354f,-0.2308564538780864f,0.6678192096283702f,0.7076176940652165f,1.3713317005143606f,0f,0f,0f,1f],start_interpolation:0}
execute if entity @s[tag=aj.cutscenes.bone.leftleg2] run data modify entity @s {} merge value {transformation:[0.9622501286096569f,0.02534655965564508f,-0.2709838406701069f,-0.11875000000000019f,-0.14415265413281164f,-0.797067448653707f,-0.5864328560058145f,0.109375f,-0.2308564538780864f,0.6033581309722222f,-0.7633244811301038f,1.558438263606442f,0f,0f,0f,1f],start_interpolation:0}
execute if entity @s[tag=aj.cutscenes.camera_origin.camera] at @s on origin run tp @s ^-2.25 ^-0.12 ^1.6875 ~-90 ~0