execute if entity @s[tag=aj.cutscenes.locator_origin.head] at @s on origin run tp @s ^0 ^1.49981 ^0.90764 ~0 ~1.3
execute if entity @s[tag=aj.cutscenes.bone.blade2] run data modify entity @s {} merge value {transformation:[-0.2640417863192215f,0.3158551833509565f,1.4423998884593996f,-0.20323908176224717f,-0.6098163031597207f,1.3111542029115109f,-0.39874645150532967f,1.9968138437765353f,-1.344769873055597f,-0.656589795334815f,-0.10239057175452941f,1.121013449769625f,0f,0f,0f,1f],start_interpolation:0}
execute if entity @s[tag=aj.cutscenes.bone.heart] run data modify entity @s {} merge value {transformation:[-0.0000021057012223397106f,-0.0000017602785754614744f,0.000009615999256395999f,-0.1526062294747341f,-0.000008741028019410073f,-0.0000040654420210648064f,-0.0000026583096767021975f,1.728353448544288f,0.000004377265302232101f,-0.000008965132487037315f,-6.826038116968609e-7f,1.480911896447369f,0f,0f,0f,1f],start_interpolation:0}
execute if entity @s[tag=aj.cutscenes.bone.bottom2] run data modify entity @s {} merge value {transformation:[-0.9615999256395997f,-0.17602785754614741f,-0.2105701222339708f,-0.3211942021412963f,0.2658309676702195f,-0.40654420210648057f,-0.8741028019410072f,1.5029691230702975f,0.06826038116968618f,-0.8965132487037314f,0.43772653022321f,1.1282175775920567f,0f,0f,0f,1f],start_interpolation:0}
execute if entity @s[tag=aj.cutscenes.bone.rightarm] run data modify entity @s {} merge value {transformation:[-0.9578340270348001f,-0.20468169819351525f,-0.2016417096706839f,-0.3125000000000001f,0.2744349768732911f,-0.4439112247561208f,-0.8530112941831877f,1.3748391308266865f,0.08508478196983166f,-0.8723807809438144f,0.4813650931642288f,0.9048045834829885f,0f,0f,0f,1f],start_interpolation:0}
execute if entity @s[tag=aj.cutscenes.bone.blade] run data modify entity @s {} merge value {transformation:[-0.2636010620064337f,-0.3162236908127047f,-1.4423997564745605f,0.20318924737054167f,0.6079847866200597f,1.3120043753368686f,-0.39874680981228267f,1.9968117511037549f,1.3456853195853928f,-0.6547114604661377f,-0.10239103567527744f,1.1217203278488408f,0f,0f,0f,1f],start_interpolation:0}
execute if entity @s[tag=aj.cutscenes.bone.bottom] run data modify entity @s {} merge value {transformation:[-0.961599837649707f,0.17573404133762224f,0.21081579387513624f,0.3211941028989743f,-0.26583120654152154f,-0.4053231910800399f,-0.8746695835579125f,1.5029691064343589f,-0.06826069045018485f,-0.8971235463902618f,0.4364743069774252f,1.1282175909949939f,0f,0f,0f,1f],start_interpolation:0}
execute if entity @s[tag=aj.cutscenes.bone.leftarm] run data modify entity @s {} merge value {transformation:[-0.9578339318371807f,0.20468207136339756f,0.20164178308008515f,0.3124999999999999f,-0.2744352133672001f,-0.44391109908888954f,-0.8530112834950034f,1.3748391308266865f,-0.08508509085278358f,-0.8723807573348251f,0.4813650813535298f,0.9048045834829885f,0f,0f,0f,1f],start_interpolation:0}
execute if entity @s[tag=aj.cutscenes.locator_origin.mount] at @s on origin run tp @s ^0 ^1.7493 ^0.89168 ~0 ~-3.66
execute if entity @s[tag=aj.cutscenes.bone.head] run data modify entity @s {} merge value {transformation:[-1f,7.817608287406638e-18f,1.2221490427637397e-16f,-1.111539033321433e-16f,0f,0.9979604271326616f,-0.06383561605558076f,1.4998069569920238f,-1.2246467991473532e-16f,-0.06383561605558076f,-0.9979604271326616f,0.9076405001795863f,0f,0f,0f,1f],start_interpolation:0}
execute if entity @s[tag=aj.cutscenes.bone.upper] run data modify entity @s {} merge value {transformation:[-1f,-2.7783970441095366e-18f,1.2243315864782654e-16f,-1.0907010554906114e-16f,0f,0.9997426093226983f,0.022687333572781677f,0.75f,-1.2246467991473532e-16f,0.022687333572781677f,-0.9997426093226983f,0.890625f,0f,0f,0f,1f],start_interpolation:0}
execute if entity @s[tag=aj.cutscenes.locator_origin.head2] at @s on origin run tp @s ^0 ^0.72923 ^2.13181 ~-180 ~-36.32812
execute if entity @s[tag=aj.cutscenes.bone.bottom5] run data modify entity @s {} merge value {transformation:[0.9763824522960998f,-0.13046798765485262f,-0.1722074651272348f,0.40614090018221904f,0.11666347006752154f,0.9892627706794439f,-0.08802729860352781f,0.3884992625678072f,0.1818431785909471f,0.06585798922623859f,0.9811196581737711f,2.0526561492171713f,0f,0f,0f,1f],start_interpolation:0}
execute if entity @s[tag=aj.cutscenes.bone.rightarm2] run data modify entity @s {} merge value {transformation:[0.9763824522960998f,-0.13046798765485262f,-0.1722074651272348f,0.31249999999999967f,0.11666347006752154f,0.9892627706794439f,-0.08802729860352781f,0.6285234883584481f,0.1818431785909471f,0.06585798922623859f,0.9811196581737711f,2.0577554478617968f,0f,0f,0f,1f],start_interpolation:0}
execute if entity @s[tag=aj.cutscenes.bone.bottom6] run data modify entity @s {} merge value {transformation:[0.9763824522960998f,0.13046798765485262f,0.1722074651272343f,-0.4061409001822197f,-0.11666347006752154f,0.9892627706794439f,-0.08802729860352781f,0.3884992625678072f,-0.18184317859094662f,0.0658579892262387f,0.9811196581737712f,2.0526561492171713f,0f,0f,0f,1f],start_interpolation:0}
execute if entity @s[tag=aj.cutscenes.bone.leftarm2] run data modify entity @s {} merge value {transformation:[0.9763824522960998f,0.13046798765485262f,0.1722074651272343f,-0.31250000000000033f,-0.11666347006752154f,0.9892627706794439f,-0.08802729860352781f,0.6285234883584481f,-0.18184317859094662f,0.0658579892262387f,0.9811196581737712f,2.0577554478617968f,0f,0f,0f,1f],start_interpolation:0}
execute if entity @s[tag=aj.cutscenes.locator_origin.mount2] at @s on origin run tp @s ^0 ^0.97003 ^2.19898 ~-180 ~-15.58738
execute if entity @s[tag=aj.cutscenes.bone.head2] run data modify entity @s {} merge value {transformation:[1f,-6.581441448947984e-17f,-2.359212880430277e-16f,-3.307909481272544e-16f,0f,0.9632217558862086f,-0.2687077389795261f,0.7292281860301377f,2.4492935982947064e-16f,0.2687077389795261f,0.9632217558862086f,2.1318065374341564f,0f,0f,0f,1f],start_interpolation:0}
execute if entity @s[tag=aj.cutscenes.bone.upper2] run data modify entity @s {} merge value {transformation:[1f,-1.4509828770906219e-16f,-1.9732429706037855e-16f,-2.2196723234545778e-16f,0f,0.8056375813735169f,-0.5924087165788751f,0.125f,2.4492935982947064e-16f,0.5924087165788751f,0.8056375813735169f,1.6875f,0f,0f,0f,1f],start_interpolation:0}
execute if entity @s[tag=aj.cutscenes.bone.bottom7] run data modify entity @s {} merge value {transformation:[0.9622501286096565f,-0.26964978051998195f,-0.03692811742053497f,0.14698042746773465f,0.14415265413281164f,0.6200290635486185f,-0.7712223885893674f,0.3245393348723279f,0.23085645387808687f,0.7367855564684672f,0.6354937776896687f,1.3352348251856117f,0f,0f,0f,1f],start_interpolation:0}
execute if entity @s[tag=aj.cutscenes.bone.rightleg2] run data modify entity @s {} merge value {transformation:[0.9622501286096565f,-0.07109236532455837f,0.2627176537335449f,0.1187499999999998f,0.14415265413281164f,-0.685642818508793f,-0.7135222054945343f,0.109375f,0.23085645387808687f,0.724458281076197f,-0.6495117371402591f,1.5601851851851851f,0f,0f,0f,1f],start_interpolation:0}
execute if entity @s[tag=aj.cutscenes.bone.bottom8] run data modify entity @s {} merge value {transformation:[0.9622501286096568f,0.26964978051998156f,0.03692811742053465f,-0.14698042746773493f,-0.14415265413281164f,0.6200290635486185f,-0.7712223885893674f,0.3245393348723279f,-0.23085645387808643f,0.7367855564684674f,0.6354937776896687f,1.3352348251856117f,0f,0f,0f,1f],start_interpolation:0}
execute if entity @s[tag=aj.cutscenes.bone.leftleg2] run data modify entity @s {} merge value {transformation:[0.9622501286096568f,0.07109236532455801f,-0.26271765373354455f,-0.11875000000000019f,-0.14415265413281164f,-0.685642818508793f,-0.7135222054945343f,0.109375f,-0.23085645387808643f,0.724458281076197f,-0.6495117371402593f,1.5601851851851851f,0f,0f,0f,1f],start_interpolation:0}
execute if entity @s[tag=aj.cutscenes.camera_origin.camera] at @s on origin run tp @s ^-2.28125 ^-0.12 ^1.6875 ~-90 ~0