execute if entity @s[tag=aj.cutscenes.locator_origin.head] at @s on origin run tp @s ^0.16684 ^1.469 ^0.75757 ~51.42857 ~-16.53061
execute if entity @s[tag=aj.cutscenes.bone.blade2] run data modify entity @s {} merge value {transformation:[-0.11427936872804012f,-1.4908876518176875f,0.11913956328887942f,-1.1144594185493566f,0.4963281361055671f,0.0749126957349989f,1.413522716240419f,1.3914670957420125f,-1.4108857527075307f,0.14711253405220018f,0.48760567586077797f,0.3039349388159217f,0f,0f,0f,1f],start_interpolation:0}
execute if entity @s[tag=aj.cutscenes.bone.heart] run data modify entity @s {} merge value {transformation:[0.000001209722836105895f,0.000009495978612122883f,-0.0000028918784306932263f,-0.6368129695927084f,-0.000008158623183449408f,-7.083587149475435e-7f,-0.000005738910670278791f,1.3974828227989589f,-0.000005654506027080155f,0.0000030536237700579073f,0.00000766171935407788f,0.2854600299832034f,0f,0f,0f,1f],start_interpolation:0}
execute if entity @s[tag=aj.cutscenes.bone.bottom2] run data modify entity @s {} merge value {transformation:[0.28918784306932266f,0.9495978612122882f,0.12097228361058943f,-0.18932014541546413f,0.5738910670278788f,-0.07083587149475434f,-0.8158623183449409f,1.3475881250108583f,-0.766171935407788f,0.3053623770057907f,-0.5654506027080153f,0.3150230591329397f,0f,0f,0f,1f],start_interpolation:0}
execute if entity @s[tag=aj.cutscenes.bone.rightarm] run data modify entity @s {} merge value {transformation:[0.4904343605047542f,0.6566584816116118f,0.5729518099838988f,-0.05580767254410832f,0.6456927141910712f,0.16774031109598606f,-0.7449457073330846f,1.3491674081479128f,-0.5852820319101388f,0.7352977808758533f,-0.3417339850851606f,0.5354276313462867f,0f,0f,0f,1f],start_interpolation:0}
execute if entity @s[tag=aj.cutscenes.bone.blade] run data modify entity @s {} merge value {transformation:[-1.3500820553925843f,-0.4751782970436053f,-0.44886972467039266f,0.3239902683078279f,-0.4963287592032528f,0.07491316083716909f,1.4135224728037201f,1.3914679581530205f,-0.4253659677203794f,1.420772185944011f,-0.2246557124873119f,2.107693383589569f,0f,0f,0f,1f],start_interpolation:0}
execute if entity @s[tag=aj.cutscenes.bone.bottom] run data modify entity @s {} merge value {transformation:[-0.8113126354286754f,-0.08640117428864902f,0.5781925671221655f,0.5190427542167266f,-0.5738911012879228f,-0.07083667685827949f,-0.8158622243211235f,1.347588295982999f,0.11144869427818607f,-0.9937389004629027f,0.00788582592181769f,1.2032819240381647f,0f,0f,0f,1f],start_interpolation:0}
execute if entity @s[tag=aj.cutscenes.bone.leftarm] run data modify entity @s {} merge value {transformation:[-0.6797395041818141f,-0.5707423263510619f,0.46065974793337394f,0.3338734536175978f,-0.6456925399751986f,0.16773958365345498f,-0.744946022135928f,1.3491674081479128f,0.3479013513555795f,-0.8038138024363253f,-0.48254328379723427f,1.0240723078888072f,0f,0f,0f,1f],start_interpolation:0}
execute if entity @s[tag=aj.cutscenes.locator_origin.mount] at @s on origin run tp @s ^0.22245 ^1.70867 ^0.71322 ~51.42857 ~-16.53061
execute if entity @s[tag=aj.cutscenes.bone.head] run data modify entity @s {} merge value {transformation:[-0.6234898018587297f,0.22245262485879172f,0.7495167087340987f,0.16683946864409369f,0f,0.9586678530366607f,-0.2845275866310324f,1.4690008897774955f,-0.7818314824680329f,-0.17740004861192493f,-0.5977196297381614f,0.7575749635410562f,0f,0f,0f,1f],start_interpolation:0}
execute if entity @s[tag=aj.cutscenes.bone.upper] run data modify entity @s {} merge value {transformation:[-0.6234898018587297f,0.22245262485879172f,0.7495167087340987f,-1.0907010554906114e-16f,0f,0.9586678530366607f,-0.2845275866310324f,0.75f,-0.7818314824680329f,-0.17740004861192493f,-0.5977196297381614f,0.890625f,0f,0f,0f,1f],start_interpolation:0}
execute if entity @s[tag=aj.cutscenes.bone.bottom3] run data modify entity @s {} merge value {transformation:[-0.6234898018587297f,0f,0.7818314824680329f,-0.07793622523234132f,0f,1f,0f,0.4375f,-0.7818314824680329f,0f,-0.6234898018587297f,0.792896064691496f,0f,0f,0f,1f],start_interpolation:0}
execute if entity @s[tag=aj.cutscenes.bone.rightleg] run data modify entity @s {} merge value {transformation:[-0.6234898018587297f,0f,0.7818314824680329f,-0.07403941397072426f,0f,1f,0f,0.75f,-0.7818314824680329f,0f,-0.6234898018587297f,0.7977825114569211f,0f,0f,0f,1f],start_interpolation:0}
execute if entity @s[tag=aj.cutscenes.bone.bottom4] run data modify entity @s {} merge value {transformation:[-0.6234898018587297f,0f,0.7818314824680329f,0.0779362252323411f,0f,1f,0f,0.4375f,-0.7818314824680329f,0f,-0.6234898018587297f,0.988353935308504f,0f,0f,0f,1f],start_interpolation:0}
execute if entity @s[tag=aj.cutscenes.bone.leftleg] run data modify entity @s {} merge value {transformation:[-0.6234898018587297f,0f,0.7818314824680329f,0.07403941397072404f,0f,1f,0f,0.75f,-0.7818314824680329f,0f,-0.6234898018587297f,0.9834674885430789f,0f,0f,0f,1f],start_interpolation:0}
execute if entity @s[tag=aj.cutscenes.locator_origin.head2] at @s on origin run tp @s ^0 ^0.66299 ^2.21006 ~-180 ~-44.16667
execute if entity @s[tag=aj.cutscenes.bone.bottom5] run data modify entity @s {} merge value {transformation:[0.9763824522960998f,-0.014448349141651393f,-0.21556565602000594f,0.3771359905539188f,0.09077326849772345f,0.9328569532368443f,0.3486231755404575f,0.3457816412964527f,0.1960548917382446f,-0.3599571502342374f,0.9121366835188419f,2.225210157798859f,0f,0f,0f,1f],start_interpolation:0}
execute if entity @s[tag=aj.cutscenes.bone.rightarm2] run data modify entity @s {} merge value {transformation:[0.9763824522960998f,-0.014448349141651393f,-0.21556565602000594f,0.31249999999999967f,0.09077326849772345f,0.9328569532368443f,0.3486231755404575f,0.573322550324556f,0.1960548917382446f,-0.3599571502342374f,0.9121366835188419f,2.1229674395066596f,0f,0f,0f,1f],start_interpolation:0}
execute if entity @s[tag=aj.cutscenes.bone.bottom6] run data modify entity @s {} merge value {transformation:[0.9763824522960998f,0.01444834914165157f,0.2155656560200055f,-0.37713599055391944f,-0.09077326849772345f,0.9328569532368443f,0.3486231755404575f,0.3457816412964527f,-0.1960548917382441f,-0.3599571502342374f,0.9121366835188419f,2.2252101577988586f,0f,0f,0f,1f],start_interpolation:0}
execute if entity @s[tag=aj.cutscenes.bone.leftarm2] run data modify entity @s {} merge value {transformation:[0.9763824522960998f,0.01444834914165157f,0.2155656560200055f,-0.31250000000000033f,-0.09077326849772345f,0.9328569532368443f,0.3486231755404575f,0.573322550324556f,-0.1960548917382441f,-0.3599571502342374f,0.9121366835188419f,2.122967439506659f,0f,0f,0f,1f],start_interpolation:0}
execute if entity @s[tag=aj.cutscenes.locator_origin.mount2] at @s on origin run tp @s ^0 ^0.89245 ^2.3093 ~-180 ~-23.38705
execute if entity @s[tag=aj.cutscenes.bone.head2] run data modify entity @s {} merge value {transformation:[1f,-9.722238286687584e-17f,-2.248070274172071e-16f,-3.4995774576739155e-16f,0f,0.9178443432576908f,-0.3969405012717375f,0.6629870603894672f,2.4492935982947064e-16f,0.3969405012717375f,0.9178443432576908f,2.210060927407991f,0f,0f,0f,1f],start_interpolation:0}
execute if entity @s[tag=aj.cutscenes.bone.upper2] run data modify entity @s {} merge value {transformation:[1f,-1.7065401789591165e-16f,-1.7569176839697462e-16f,-2.2196723234545778e-16f,0f,0.7173160805192896f,-0.6967479032106548f,0.125f,2.4492935982947064e-16f,0.6967479032106548f,0.7173160805192896f,1.6875f,0f,0f,0f,1f],start_interpolation:0}
execute if entity @s[tag=aj.cutscenes.bone.bottom7] run data modify entity @s {} merge value {transformation:[0.9622501286096566f,-0.26444917132365386f,-0.06435313338860857f,0.13268486319619935f,0.14415265413281164f,0.695761553290761f,-0.7036589182756758f,0.35935953179261354f,0.23085645387808684f,0.66781920962837f,0.7076176940652166f,1.3729571449308102f,0f,0f,0f,1f],start_interpolation:0}
execute if entity @s[tag=aj.cutscenes.bone.rightleg2] run data modify entity @s {} merge value {transformation:[0.9622501286096566f,-0.02534655965564538f,0.2709838406701072f,0.1187499999999998f,0.14415265413281164f,-0.797067448653707f,-0.5864328560058145f,0.109375f,0.23085645387808684f,0.6033581309722222f,-0.7633244811301035f,1.5600637080228916f,0f,0f,0f,1f],start_interpolation:0}
execute if entity @s[tag=aj.cutscenes.bone.bottom8] run data modify entity @s {} merge value {transformation:[0.9622501286096569f,0.26444917132365353f,0.06435313338860822f,-0.13268486319619963f,-0.14415265413281164f,0.695761553290761f,-0.7036589182756758f,0.35935953179261354f,-0.2308564538780864f,0.6678192096283703f,0.7076176940652166f,1.3729571449308102f,0f,0f,0f,1f],start_interpolation:0}
execute if entity @s[tag=aj.cutscenes.bone.leftleg2] run data modify entity @s {} merge value {transformation:[0.9622501286096569f,0.02534655965564508f,-0.2709838406701069f,-0.11875000000000019f,-0.14415265413281164f,-0.797067448653707f,-0.5864328560058145f,0.109375f,-0.2308564538780864f,0.6033581309722222f,-0.7633244811301038f,1.5600637080228916f,0f,0f,0f,1f],start_interpolation:0}
execute if entity @s[tag=aj.cutscenes.camera_origin.camera] at @s on origin run tp @s ^-2.0649 ^-0.12 ^1.6875 ~-90 ~0