execute if entity @s[tag=aj.cutscenes.locator_origin.head] at @s on origin run tp @s ^-1.22036 ^1.22964 ^1.84602 ~-94.6925 ~-28.46003
execute if entity @s[tag=aj.cutscenes.bone.blade2] run data modify entity @s {} merge value {transformation:[0.000001486821900474356f,2.0443605846768034e-7f,-0.00000988673690022487f,-1.204276774151793f,-0.000008463877447952345f,0.0000051965992994898515f,-0.0000011653901778311578f,1.8589885627023823f,0.000005113916227541626f,0.000008541285712264857f,9.456739391284078e-7f,2.834575415401702f,0f,0f,0f,1f],start_interpolation:0}
execute if entity @s[tag=aj.cutscenes.bone.heart] run data modify entity @s {} merge value {transformation:[-0.9886736900224868f,0.09580850919083922f,0.11552083891639893f,-1.129384308495974f,-0.11653901778311566f,-0.9750996623551318f,-0.18867778302983948f,1.8169350967682028f,0.09456739391284065f,-0.20000344507417211f,0.9752208108766938f,2.400469297627532f,0f,0f,0f,1f],start_interpolation:0}
execute if entity @s[tag=aj.cutscenes.bone.bottom2] run data modify entity @s {} merge value {transformation:[0.11552083891639915f,0.09580850919083922f,0.9886736900224868f,-1.1719282701902636f,-0.18867778302983945f,-0.9750996623551318f,0.1165390177831157f,1.3930167451628916f,0.9752208108766938f,-0.20000344507417211f,-0.09456739391284087f,2.259404567377229f,0f,0f,0f,1f],start_interpolation:0}
execute if entity @s[tag=aj.cutscenes.bone.rightarm] run data modify entity @s {} merge value {transformation:[0.1077377283548229f,0.10448404924323212f,0.9886736900224868f,-1.152540865901632f,-0.11244086290626307f,-0.9868007446708997f,0.1165390177831157f,1.153344112926808f,0.9878004020235248f,-0.12372297187950282f,-0.09456739391284087f,2.166736299280883f,0f,0f,0f,1f],start_interpolation:0}
execute if entity @s[tag=aj.cutscenes.bone.blade] run data modify entity @s {} merge value {transformation:[-0.2945662038332698f,0.00000932101737550043f,0.0000030433902220727854f,-0.41640487911445767f,-1.4163832535745724f,-9.613186979073866e-7f,-0.0000031486538366399307f,0.7838427110494033f,-0.39634483792874653f,-0.0000034920626349870523f,0.000008990203277635293f,1.134264398792111f,0f,0f,0f,1f],start_interpolation:0}
execute if entity @s[tag=aj.cutscenes.bone.bottom] run data modify entity @s {} merge value {transformation:[0.3043390222072789f,-0.6508955548233437f,-0.6954945983062191f,-1.0162754531732274f,-0.314865383663993f,0.6203493237221424f,-0.7183498498138683f,0.9443701564659498f,0.8990203277635295f,0.43760906442702063f,-0.016147971986096188f,1.3941269151723819f,0f,0f,0f,1f],start_interpolation:0}
execute if entity @s[tag=aj.cutscenes.bone.leftarm] run data modify entity @s {} merge value {transformation:[0.2576611560319371f,-0.6707443569640796f,-0.6954945983062191f,-1.1678577201622513f,-0.2703162738397032f,0.6410168526410296f,-0.7183498498138683f,1.0877296025112257f,0.927652866523736f,0.37309436102818794f,-0.016147971986096188f,1.5453788095871623f,0f,0f,0f,1f],start_interpolation:0}
execute if entity @s[tag=aj.cutscenes.locator_origin.mount] at @s on origin run tp @s ^-1.41993 ^1.38019 ^1.84899 ~-100.68704 ~-52.56587
execute if entity @s[tag=aj.cutscenes.bone.head] run data modify entity @s {} merge value {transformation:[0.07730262819998848f,-0.7982795348931568f,-0.5973056904501576f,-1.2203641516383301f,0.08289427050206458f,0.6021701650912785f,-0.7940526633617402f,1.2296442292628202f,0.9935556570174139f,0.011869138330465413f,0.1127221360868724f,1.8460190653208273f,0f,0f,0f,1f],start_interpolation:0}
execute if entity @s[tag=aj.cutscenes.bone.upper] run data modify entity @s {} merge value {transformation:[0.024506966816991f,-0.4813188688511065f,-0.8762029188865569f,-0.8593750000000002f,0.10498321666493163f,0.8728589723504272f,-0.4765456311897532f,0.575f,0.9941719835099533f,-0.0803079129055636f,0.0719215289648203f,1.90625f,0f,0f,0f,1f],start_interpolation:0}
execute if entity @s[tag=aj.cutscenes.locator_origin.head2] at @s on origin run tp @s ^0 ^0.125 ^2.4375 ~-180 ~-90
execute if entity @s[tag=aj.cutscenes.locator_origin.mount2] at @s on origin run tp @s ^0 ^0.125 ^2.6875 ~-180 ~-90
execute if entity @s[tag=aj.cutscenes.camera_origin.camera] at @s on origin run tp @s ^3.375 ^-0.44813 ^1.90625 ~90 ~-20