execute if entity @s[tag=aj.cutscenes.locator_origin.head] at @s on origin run tp @s ^-0.00525 ^1.49993 ^-0.00875 ~6.00254 ~-0.62249
execute if entity @s[tag=aj.cutscenes.bone.blade2] run data modify entity @s {} merge value {transformation:[0.12028093226688566f,0.15779660271270768f,1.4868196694641005f,-0.3609084858037184f,1.4874062993627972f,-0.16443494800632136f,-0.10287686080954869f,0.8435186703688017f,0.15216766393974032f,1.4825860447361854f,-0.16965736649092492f,0.2653736532109843f,0f,0f,0f,1f],start_interpolation:0}
execute if entity @s[tag=aj.cutscenes.bone.heart] run data modify entity @s {} merge value {transformation:[-0.0000010519773514180512f,8.0187288177924e-7f,0.00000991213112976067f,-0.3344552151514502f,0.0000010962329867088092f,0.000009916041995751982f,-6.858457387303269e-7f,0.6990850476450343f,-0.000009883906964907904f,0.000001014451092931602f,-0.0000011310491099394995f,-0.11914247831750188f,0f,0f,0f,1f],start_interpolation:0}
execute if entity @s[tag=aj.cutscenes.bone.bottom2] run data modify entity @s {} merge value {transformation:[-0.991213112976067f,0.08018728817792399f,-0.1051977351418049f,-0.3850303740828172f,0.06858457387303271f,0.9916041995751981f,0.10962329867088089f,1.1468343750016767f,0.11310491099394973f,0.1014451092931602f,-0.9883906964907903f,-0.14314194499368496f,0f,0f,0f,1f],start_interpolation:0}
execute if entity @s[tag=aj.cutscenes.bone.rightarm] run data modify entity @s {} merge value {transformation:[-0.9969087555030196f,0.030267219814635135f,-0.0725039902771782f,-0.3151567719102197f,-0.004165509063364567f,0.901158998295458f,0.4334686935931703f,1.3723844688920015f,0.07845751548235275f,0.43243075190811686f,-0.898247217122612f,-0.039937851734302796f,0f,0f,0f,1f],start_interpolation:0}
execute if entity @s[tag=aj.cutscenes.bone.blade] run data modify entity @s {} merge value {transformation:[0.2692883599826092f,-0.704649338632733f,-1.2965157495157276f,0.2718519692573675f,-1.2768466744374307f,0.549372475266845f,-0.5637840485480714f,1.1016335129700574f,0.7396934156499914f,1.2048482032951833f,-0.5011930345290299f,0.5629447917626506f,0f,0f,0f,1f],start_interpolation:0}
execute if entity @s[tag=aj.cutscenes.bone.bottom] run data modify entity @s {} merge value {transformation:[-0.8643438330104852f,-0.17952557332173963f,0.46976622575515514f,0.4308443339699665f,-0.37585603236538107f,0.8512311162916203f,-0.3662483168445634f,1.1591849725548993f,-0.33412868968601966f,-0.493128943766661f,-0.8032321355301223f,0.08244865898908106f,0f,0f,0f,1f],start_interpolation:0}
execute if entity @s[tag=aj.cutscenes.bone.leftarm] run data modify entity @s {} merge value {transformation:[-0.8862075621888593f,-0.27621940103115167f,0.3719395101535612f,0.3064015110753749f,-0.30910525521694887f,0.9505359729411758f,-0.03058276217147915f,1.377499887339134f,-0.3450943319101955f,-0.1420711323202717f,-0.9277530358046217f,0.025362480164625913f,0f,0f,0f,1f],start_interpolation:0}
execute if entity @s[tag=aj.cutscenes.locator_origin.mount] at @s on origin run tp @s ^-0.00661 ^1.74949 ^0.00599 ~-2.53934 ~3.36133
execute if entity @s[tag=aj.cutscenes.bone.head] run data modify entity @s {} merge value {transformation:[-0.9990065614535973f,-0.005447005679123974f,-0.0442291793027115f,-0.005253156500906847f,-0.008038715206275969f,0.9982472639981004f,0.05863257608309036f,1.4999306137386812f,0.04383228525290693f,0.05892987399815635f,-0.997299353614585f,-0.00874522294180613f,0f,0f,0f,1f],start_interpolation:0}
execute if entity @s[tag=aj.cutscenes.bone.upper] run data modify entity @s {} merge value {transformation:[-0.9944932527769513f,-0.007004208667875796f,0.10456630069986984f,0f,-0.008184669515412198f,0.9999074849849083f,-0.010864283505085903f,0.75f,-0.10448053103828593f,-0.011660297255741508f,-0.9944585743518256f,0f,0f,0f,0f,1f],start_interpolation:0}
execute if entity @s[tag=aj.cutscenes.bone.bottom3] run data modify entity @s {} merge value {transformation:[-0.9821780704706307f,0.015473219755069073f,0.18731475477655296f,-0.14577784428031776f,0f,0.9966055319295779f,-0.08232504920959988f,0.4579315858284411f,-0.18795275440011197f,-0.08085785798408451f,-0.9788440983709494f,0.10798541372273218f,0f,0f,0f,1f],start_interpolation:0}
execute if entity @s[tag=aj.cutscenes.bone.rightleg] run data modify entity @s {} merge value {transformation:[-0.9821780704706307f,0.06684554028760421f,0.17566420133381502f,-0.11875f,0f,0.9346189253489884f,-0.3556507618148765f,0.75f,-0.18795275440011197f,-0.34931237900074524f,-0.9179622127246039f,-1.4542680739874818e-17f,0f,0f,0f,1f],start_interpolation:0}
execute if entity @s[tag=aj.cutscenes.bone.bottom4] run data modify entity @s {} merge value {transformation:[-0.9988250086459504f,0.0018008857731472577f,-0.04842890576762142f,0.1244543375117385f,-1.0842021724855044e-19f,0.9993093104258186f,0.037160491066115665f,0.4376974817036284f,0.04846237822700285f,0.03711682781040074f,-0.9981351306260471f,-0.011397811162527862f,0f,0f,0f,1f],start_interpolation:0}
execute if entity @s[tag=aj.cutscenes.bone.leftleg] run data modify entity @s {} merge value {transformation:[-0.9988250086459504f,0.0017226201353558322f,-0.04843175284135756f,0.11875f,-1.0842021724855044e-19f,0.9993680585483892f,0.03554551382697109f,0.75f,0.04846237822700285f,0.035503748155549145f,-0.9981938097200815f,1.4542680739874818e-17f,0f,0f,0f,1f],start_interpolation:0}
execute if entity @s[tag=aj.cutscenes.locator_origin.head2] at @s on origin run tp @s ^0 ^0.71814 ^1.99309 ~-180 ~-37.73437
execute if entity @s[tag=aj.cutscenes.bone.bottom5] run data modify entity @s {} merge value {transformation:[0.9763824390939498f,-0.11352499940503231f,-0.1838189520670728f,0.40190515229462964f,0.11216572874932643f,0.9935298937889321f,-0.017810093820239403f,0.3779131975395026f,0.18465151481393788f,-0.0032287238718433087f,0.9827987552999227f,1.9289398285724721f,0f,0f,0f,1f],start_interpolation:0}
execute if entity @s[tag=aj.cutscenes.bone.rightarm2] run data modify entity @s {} merge value {transformation:[0.9763824390939498f,-0.11352499940503231f,-0.1838189520670728f,0.31249999999999967f,0.11216572874932643f,0.9935298937889321f,-0.017810093820239403f,0.6192853129399027f,0.18465151481393788f,-0.0032287238718433087f,0.9827987552999227f,1.9165919279286403f,0f,0f,0f,1f],start_interpolation:0}
execute if entity @s[tag=aj.cutscenes.bone.bottom6] run data modify entity @s {} merge value {transformation:[0.9763824522960998f,0.11352494810782505f,0.18381891362253788f,-0.4019051402954628f,-0.11216567821036807f,0.9935298996651478f,-0.017810084305507234f,0.3779131929117638f,-0.18465147570453527f,-0.0032287193245535417f,0.982798762662866f,1.9289398249913121f,0f,0f,0f,1f],start_interpolation:0}
execute if entity @s[tag=aj.cutscenes.bone.leftarm2] run data modify entity @s {} merge value {transformation:[0.9763824522960998f,0.11352494810782505f,0.18381891362253788f,-0.31250000000000033f,-0.11216567821036807f,0.9935298996651478f,-0.017810084305507234f,0.6192853129399027f,-0.18465147570453527f,-0.0032287193245535417f,0.982798762662866f,1.9165919279286403f,0f,0f,0f,1f],start_interpolation:0}
execute if entity @s[tag=aj.cutscenes.locator_origin.mount2] at @s on origin run tp @s ^0 ^0.96244 ^2.0462 ~-180 ~-12.26562
execute if entity @s[tag=aj.cutscenes.bone.head2] run data modify entity @s {} merge value {transformation:[1f,-5.203381277121252e-17f,-2.39338408190087e-16f,-3.1560291274492037e-16f,0f,0.9771732076412716f,-0.2124441627065064f,0.7181423755278834f,2.4492935982947064e-16f,0.2124441627065064f,0.9771732076412716f,1.9930921316961865f,0f,0f,0f,1f],start_interpolation:0}
execute if entity @s[tag=aj.cutscenes.bone.upper2] run data modify entity @s {} merge value {transformation:[1f,-1.4989716748487324e-16f,-1.9370397643436793e-16f,-2.0318003713126543e-16f,0f,0.7908565007038445f,-0.6120016301403698f,0.125f,2.4492935982947064e-16f,0.6120016301403698f,0.7908565007038445f,1.5340909090909092f,0f,0f,0f,1f],start_interpolation:0}
execute if entity @s[tag=aj.cutscenes.bone.bottom7] run data modify entity @s {} merge value {transformation:[0.9622501286096566f,-0.2690516075260029f,-0.04105998634160723f,0.14419765210149363f,0.14415265413281164f,0.6317860548610038f,-0.7616208986035213f,0.3319407953279297f,0.23085645387808684f,0.7269509016232408f,0.6467207158673615f,1.1911179835873789f,0f,0f,0f,1f],start_interpolation:0}
execute if entity @s[tag=aj.cutscenes.bone.rightleg2] run data modify entity @s {} merge value {transformation:[0.9622501286096566f,-0.062187484152587014f,0.26496680321404603f,0.11874999999999983f,0.14415265413281164f,-0.7093274919667187f,-0.6899815370331812f,0.109375f,0.23085645387808684f,0.7021304906888584f,-0.6735859794769027f,1.4090909090909092f,0f,0f,0f,1f],start_interpolation:0}
execute if entity @s[tag=aj.cutscenes.bone.bottom8] run data modify entity @s {} merge value {transformation:[0.9622501244786508f,0.26905161180359316f,0.04106005512307383f,-0.14419767360830782f,-0.14415260521956008f,0.631786062781277f,-0.7616209012912825f,0.33194079566398327f,-0.230856501639514f,0.7269508931566289f,0.6467207083351701f,1.1911179864413675f,0f,0f,0f,1f],start_interpolation:0}
execute if entity @s[tag=aj.cutscenes.bone.leftleg2] run data modify entity @s {} merge value {transformation:[0.9622501244786508f,0.062187553057011444f,-0.2649668020443366f,-0.11875000000000016f,-0.14415260521956008f,-0.7093274940203551f,-0.6899815451410394f,0.109375f,-0.230856501639514f,0.7021304825113235f,-0.6735859716318183f,1.4090909090909092f,0f,0f,0f,1f],start_interpolation:0}
execute if entity @s[tag=aj.cutscenes.camera_origin.camera] at @s on origin run tp @s ^-2.29687 ^-0.12 ^0.75 ~-90 ~0