execute if entity @s[tag=aj.cutscenes.locator_origin.head] at @s on origin run tp @s ^-0.00096 ^1.49982 ^-0.01655 ~1.29765 ~-1.2628
execute if entity @s[tag=aj.cutscenes.bone.blade2] run data modify entity @s {} merge value {transformation:[0.008779679428261761f,0.028928762071550998f,1.4996953170408132f,-0.3713429850924311f,1.4968547610657161f,-0.09684153680223552f,-0.006894999976683735f,0.8505415425015062f,0.09668889028235952f,1.496591074233302f,-0.02943492859133485f,0.3733575192225804f,0f,0f,0f,1f],start_interpolation:0}
execute if entity @s[tag=aj.cutscenes.bone.heart] run data modify entity @s {} merge value {transformation:[-1.9285841381034e-7f,5.8531196188413975e-8f,0.000009997968780272088f,-0.2960990078865747f,6.456102453482369e-7f,0.000009979031740438108f,-4.596666651122712e-8f,0.6839070271437437f,-0.000009977273828222014f,6.445926018823969e-7f,-1.9623285727556583e-7f,-0.005990191437965642f,0f,0f,0f,1f],start_interpolation:0}
execute if entity @s[tag=aj.cutscenes.bone.bottom2] run data modify entity @s {} merge value {transformation:[-0.9997968780272087f,0.005853119618841397f,-0.019285841381033775f,-0.37315410550710054f,0.004596666651122726f,0.9979031740438108f,0.06456102453482368f,1.125892610411813f,0.01962328572755636f,0.06445926018823968f,-0.9977273828222013f,-0.054203647691129925f,0f,0f,0f,1f],start_interpolation:0}
execute if entity @s[tag=aj.cutscenes.bone.rightarm] run data modify entity @s {} merge value {transformation:[-0.9997711316440858f,-0.010200104473398721f,-0.018805376886303207f,-0.3132184358976949f,-0.012690553872741383f,0.990424315016791f,0.13747227380793323f,1.374291848783057f,0.017223070966212856f,0.13767946140311585f,-0.9903270832074829f,-0.020860224275739265f,0f,0f,0f,1f],start_interpolation:0}
execute if entity @s[tag=aj.cutscenes.bone.blade] run data modify entity @s {} merge value {transformation:[0.10311073178782666f,-0.12223088255271984f,-1.4914515709001626f,0.37484288170027913f,-1.4931048940011005f,0.09152860141782096f,-0.11072619668561122f,0.9109762348108961f,0.10002975807299477f,1.492207132563332f,-0.11537729857722123f,0.4533397684073361f,0f,0f,0f,1f],start_interpolation:0}
execute if entity @s[tag=aj.cutscenes.bone.bottom] run data modify entity @s {} merge value {transformation:[-0.994301047266775f,-0.06874048785855133f,0.08148725503514634f,0.3887796629289937f,-0.07381746445707436f,0.9954032626674003f,-0.061019067611880654f,1.129533534887258f,-0.07691819905148058f,-0.06668650538199654f,-0.9948047550422212f,-0.005646631087715027f,0f,0f,0f,1f],start_interpolation:0}
execute if entity @s[tag=aj.cutscenes.bone.leftarm] run data modify entity @s {} merge value {transformation:[-0.9953368850186028f,-0.0598010576270467f,0.07568565800831271f,0.31162084320856936f,-0.0584952505203953f,0.9981000243386119f,0.019355802277838115f,1.3754025878143863f,-0.07669935454761548f,0.014838292420262158f,-0.9969438470094643f,-0.006730767641875455f,0f,0f,0f,1f],start_interpolation:0}
execute if entity @s[tag=aj.cutscenes.locator_origin.mount] at @s on origin run tp @s ^-0.00136 ^1.74977 ^-0.0213 ~-0.54098 ~-1.08912
execute if entity @s[tag=aj.cutscenes.bone.head] run data modify entity @s {} merge value {transformation:[-0.9999541805959025f,-0.001587769489388251f,-0.0094401110600409f,-0.000958555613475296f,-0.0014081111010914378f,0.9998183464189744f,-0.019007666536287583f,1.499816661958466f,0.009468576023052358f,-0.01899350289115442f,-0.9997747710939796f,-0.01655459515056883f,0f,0f,0f,1f],start_interpolation:0}
execute if entity @s[tag=aj.cutscenes.bone.upper] run data modify entity @s {} merge value {transformation:[-0.9997428465700229f,-0.0012780741513003947f,0.02264083166607415f,0f,-0.001777182450126849f,0.9997555492779548f,-0.02203822385025225f,0.75f,-0.022607130614182094f,-0.022072793534091775f,-0.999500730080271f,0f,0f,0f,0f,1f],start_interpolation:0}
execute if entity @s[tag=aj.cutscenes.bone.bottom3] run data modify entity @s {} merge value {transformation:[-0.9994385817114643f,0.003455599281661685f,0.03332536901793164f,-0.12599635971081566f,0f,0.9946668751528741f,-0.10313974730246737f,0.43892825181168554f,-0.03350405030107164f,-0.10308184276205681f,-0.9941084509781626f,0.029617060117563168f,0f,0f,0f,1f],start_interpolation:0}
execute if entity @s[tag=aj.cutscenes.bone.rightleg] run data modify entity @s {} merge value {transformation:[-0.9994385817114643f,0.003199579440380826f,0.03335092319533945f,-0.11875f,0f,0.9954295942026062f,-0.0954982878675563f,0.75f,-0.03350405030107164f,-0.09544467338222361f,-0.9948707418234712f,-1.4542680739874818e-17f,0f,0f,0f,1f],start_interpolation:0}
execute if entity @s[tag=aj.cutscenes.bone.bottom4] run data modify entity @s {} merge value {transformation:[-0.9999997563060741f,0.000017544114847932366f,-0.0006979111666326025f,0.12499139526681209f,0f,0.9996841892833f,0.025130095443337552f,0.4377430722215181f,0.0006981316440874726f,0.025130089319285932f,-0.9996839456663352f,-0.012327552046832745f,0f,0f,0f,1f],start_interpolation:0}
execute if entity @s[tag=aj.cutscenes.bone.leftleg] run data modify entity @s {} merge value {transformation:[-0.9999997563060741f,0.00002753027232280421f,-0.0006975886155766233f,0.11875f,0f,0.999222168891142f,0.03943421352686139f,0.75f,0.0006981316440874726f,0.03943420391698308f,-0.9992219253867688f,1.4542680739874818e-17f,0f,0f,0f,1f],start_interpolation:0}
execute if entity @s[tag=aj.cutscenes.locator_origin.head2] at @s on origin run tp @s ^0 ^0.72587 ^2.10225 ~-180 ~-36.75926
execute if entity @s[tag=aj.cutscenes.bone.bottom5] run data modify entity @s {} merge value {transformation:[0.9763824940213854f,-0.11971463708979388f,-0.17984891168711073f,0.4034525651487847f,0.11529170075853526f,0.9927188930468028f,-0.03488585851222392f,0.3847492019386215f,0.18271576041705756f,0.013326854632263574f,0.9830754527709595f,2.035530911669158f,0f,0f,0f,1f],start_interpolation:0}
execute if entity @s[tag=aj.cutscenes.bone.rightarm2] run data modify entity @s {} merge value {transformation:[0.9763824940213854f,-0.11971463708979388f,-0.17984891168711073f,0.31249999999999967f,0.11529170075853526f,0.9927188930468028f,-0.03488585851222392f,0.6257231939029138f,0.18271576041705756f,0.013326854632263574f,0.9830754527709595f,2.027442890301158f,0f,0f,0f,1f],start_interpolation:0}
execute if entity @s[tag=aj.cutscenes.bone.bottom6] run data modify entity @s {} merge value {transformation:[0.9763824522960998f,0.11971480325533604f,0.1798490276031277f,-0.40345260408234057f,-0.115291862567004f,0.9927188732073893f,-0.03488588831723055f,0.3847492170115042f,-0.1827158812859065f,0.013326839812476454f,0.9830754305070019f,2.035530922928408f,0f,0f,0f,1f],start_interpolation:0}
execute if entity @s[tag=aj.cutscenes.bone.leftarm2] run data modify entity @s {} merge value {transformation:[0.9763824522960998f,0.11971480325533604f,0.1798490276031277f,-0.31250000000000033f,-0.115291862567004f,0.9927188732073893f,-0.03488588831723055f,0.6257231939029138f,-0.1827158812859065f,0.013326839812476454f,0.9830754305070019f,2.027442890301158f,0f,0f,0f,1f],start_interpolation:0}
execute if entity @s[tag=aj.cutscenes.locator_origin.mount2] at @s on origin run tp @s ^0 ^0.96922 ^2.15951 ~-180 ~-13.24074
execute if entity @s[tag=aj.cutscenes.bone.head2] run data modify entity @s {} merge value {transformation:[1f,-5.609937628113818e-17f,-2.3841822767427324e-16f,-3.277265309232576e-16f,0f,0.9734162855782961f,-0.22904308540305957f,0.7258678326834964f,2.4492935982947064e-16f,0.22904308540305957f,0.9734162855782961f,2.102249650179571f,0f,0f,0f,1f],start_interpolation:0}
execute if entity @s[tag=aj.cutscenes.bone.upper2] run data modify entity @s {} merge value {transformation:[1f,-1.4657897446349382e-16f,-1.962268981350537e-16f,-2.1779230007563723e-16f,0f,0.801157110244662f,-0.5984540790273073f,0.125f,2.4492935982947064e-16f,0.5984540790273073f,0.801157110244662f,1.6534090909090908f,0f,0f,0f,1f],start_interpolation:0}
execute if entity @s[tag=aj.cutscenes.bone.bottom7] run data modify entity @s {} merge value {transformation:[0.9622501286096565f,-0.26905160752600304f,-0.041059986341607055f,0.14700426677808115f,0.14415265413281167f,0.6317860548610035f,-0.7616208986035213f,0.3244745774467251f,0.2308564538780869f,0.7269509016232412f,0.6467207158673611f,1.30339980067628f,0f,0f,0f,1f],start_interpolation:0}
execute if entity @s[tag=aj.cutscenes.bone.rightleg2] run data modify entity @s {} merge value {transformation:[0.9622501286096565f,-0.07116865111766708f,0.26269699862920226f,0.11874999999999981f,0.14415265413281167f,-0.685435594746864f,-0.7137212745606503f,0.109375f,0.2308564538780869f,0.7246468578225569f,-0.6493013392491426f,1.5284090909090908f,0f,0f,0f,1f],start_interpolation:0}
execute if entity @s[tag=aj.cutscenes.bone.bottom8] run data modify entity @s {} merge value {transformation:[0.9622501416656445f,0.2690515940066999f,0.04105976895820486f,-0.14700419888466276f,-0.14415280872284383f,0.6317860298290414f,-0.7616208901088342f,0.3244745766583088f,-0.23085630292838544f,0.7269509283819037f,0.6467207396727942f,1.3033997913972657f,0f,0f,0f,1f],start_interpolation:0}
execute if entity @s[tag=aj.cutscenes.bone.leftleg2] run data modify entity @s {} merge value {transformation:[0.9622501416656445f,0.07116843359760737f,-0.2626970097349991f,-0.11875000000000017f,-0.14415280872284383f,-0.6854355891321313f,-0.7137212487297848f,0.109375f,-0.23085630292838544f,0.7246468844964085f,-0.6493013631495675f,1.5284090909090908f,0f,0f,0f,1f],start_interpolation:0}
execute if entity @s[tag=aj.cutscenes.camera_origin.camera] at @s on origin run tp @s ^-2.39531 ^-0.12 ^0.925 ~-90 ~0