execute if entity @s[tag=aj.cutscenes.locator_origin.head] at @s on origin run tp @s ^0 ^1.5 ^0 ~0 ~0
execute if entity @s[tag=aj.cutscenes.bone.blade2] run data modify entity @s {} merge value {transformation:[0.006955923764792989f,-0.0002591208936009522f,1.4999838492400313f,-0.3887488847577345f,1.4989441682332374f,-0.05583841420123685f,-0.006960748455382684f,0.8805976639643236f,0.055839015429593575f,1.4989603077986602f,-1.3676258403927106e-16f,0.4448570866804619f,0f,0f,0f,1f],start_interpolation:0}
execute if entity @s[tag=aj.cutscenes.bone.heart] run data modify entity @s {} merge value {transformation:[1.727472624006348e-9f,4.6372825098622145e-8f,0.000009999892328266875f,-0.2989181481633548f,3.7225609467491235e-7f,0.000009992961121554917f,-4.640498970255345e-8f,0.6845371612102735f,-0.000009993068718657735f,3.722601028639572e-7f,-9.94408907731586e-22f,0.06178446986421538f,0f,0f,0f,1f],start_interpolation:0}
execute if entity @s[tag=aj.cutscenes.bone.bottom2] run data modify entity @s {} merge value {transformation:[-0.9999892328266875f,0.0046372825098622145f,0.00017274726240085683f,-0.375f,0.0046404989702553525f,0.9992961121554916f,0.03722560946749123f,1.125f,-1.2244980878914595e-16f,0.037226010286395717f,-0.9993068718657734f,-4.592425496802575e-17f,0f,0f,0f,1f],start_interpolation:0}
execute if entity @s[tag=aj.cutscenes.bone.blade] run data modify entity @s {} merge value {transformation:[0.006955150687652879f,0.0002791020801679706f,-1.4999838492400313f,0.38875481035266524f,-1.4987775764892843f,-0.060144195013722895f,-0.006960748455382683f,0.8793207471571125f,-0.060144842603667065f,1.4987937142609653f,-5.031392623074399e-16f,0.44415298172626066f,0f,0f,0f,1f],start_interpolation:0}
execute if entity @s[tag=aj.cutscenes.bone.bottom] run data modify entity @s {} merge value {transformation:[-0.9999892328266875f,-0.004636767125102141f,-0.00018606805344553577f,0.375f,-0.0046404989702553525f,0.9991850509928561f,0.0400961300091486f,1.125f,-1.2246336131630202e-16f,0.040096561735778045f,-0.9991958095073102f,4.592425496802575e-17f,0f,0f,0f,1f],start_interpolation:0}
execute if entity @s[tag=aj.cutscenes.locator_origin.mount] at @s on origin run tp @s ^0 ^1.75 ^0 ~0 ~0
execute if entity @s[tag=aj.cutscenes.locator_origin.head2] at @s on origin run tp @s ^0 ^0.73525 ^2.1235 ~-180 ~-35.5447
execute if entity @s[tag=aj.cutscenes.bone.bottom5] run data modify entity @s {} merge value {transformation:[0.9763825306955574f,-0.131061893718769f,-0.17175544756248398f,0.40628938159816425f,0.11913857274375331f,0.9898071225678708f,-0.07802474350161731f,0.3935332522701233f,0.1802308359774223f,0.05571929763342187f,0.9820449101920532f,2.0481708321752485f,0f,0f,0f,1f],start_interpolation:0}
execute if entity @s[tag=aj.cutscenes.bone.rightarm2] run data modify entity @s {} merge value {transformation:[0.9763825306955574f,-0.131061893718769f,-0.17175544756248398f,0.31249999999999967f,0.11913857274375331f,0.9898071225678708f,-0.07802474350161731f,0.6335388721156064f,0.1802308359774223f,0.05571929763342187f,0.9820449101920532f,2.0508362293350153f,0f,0f,0f,1f],start_interpolation:0}
execute if entity @s[tag=aj.cutscenes.bone.bottom6] run data modify entity @s {} merge value {transformation:[0.9763824522960998f,0.13106221932845497f,0.17175564477755706f,-0.40628945810062034f,-0.11913888151839933f,0.9898070811203434f,-0.0780247978181976f,0.39353328193042053f,-0.18023105658792327f,0.05571926802036953f,0.9820448713844369f,2.0481708533666683f,0f,0f,0f,1f],start_interpolation:0}
execute if entity @s[tag=aj.cutscenes.bone.leftarm2] run data modify entity @s {} merge value {transformation:[0.9763824522960998f,0.13106221932845497f,0.17175564477755706f,-0.31250000000000033f,-0.11913888151839933f,0.9898070811203434f,-0.0780247978181976f,0.6335388721156064f,-0.18023105658792327f,0.05571926802036953f,0.9820448713844369f,2.0508362293350153f,0f,0f,0f,1f],start_interpolation:0}
execute if entity @s[tag=aj.cutscenes.locator_origin.mount2] at @s on origin run tp @s ^0 ^0.97617 ^2.19026 ~-180 ~-15.48671
execute if entity @s[tag=aj.cutscenes.bone.head2] run data modify entity @s {} merge value {transformation:[1f,-6.539979347282996e-17f,-2.3603656140561254e-16f,-3.2875728441011263e-16f,0f,0.9636923951050635f,-0.26701492021358264f,0.7352466465387277f,2.4492935982947064e-16f,0.26701492021358264f,0.9636923951050635f,2.1235034752020185f,0f,0f,0f,1f],start_interpolation:0}
execute if entity @s[tag=aj.cutscenes.bone.upper2] run data modify entity @s {} merge value {transformation:[1f,-1.4238673608620647e-16f,-1.9928976063308245e-16f,-2.2196723234545778e-16f,0f,0.8136621953849703f,-0.5813379669360246f,0.125f,2.4492935982947064e-16f,0.5813379669360246f,0.8136621953849703f,1.6875f,0f,0f,0f,1f],start_interpolation:0}
execute if entity @s[tag=aj.cutscenes.bone.bottom7] run data modify entity @s {} merge value {transformation:[0.9622501286096565f,-0.26934714496307177f,-0.03907435848406597f,0.14986493214488014f,0.14415265413281164f,0.6261511917365368f,-0.7662602021463605f,0.3165340563427904f,0.2308564538780869f,0.7317013055797819f,0.6413411706070944f,1.3303440033859006f,0f,0f,0f,1f],start_interpolation:0}
execute if entity @s[tag=aj.cutscenes.bone.rightleg2] run data modify entity @s {} merge value {transformation:[0.9622501286096565f,-0.08032278029142396f,0.26004411348260686f,0.1187499999999998f,0.14415265413281164f,-0.660025927214273f,-0.7372827054199804f,0.109375f,0.2308564538780869f,0.7469364272621837f,-0.6235312913813066f,1.562318784068595f,0f,0f,0f,1f],start_interpolation:0}
execute if entity @s[tag=aj.cutscenes.bone.bottom8] run data modify entity @s {} merge value {transformation:[0.9622501531410921f,0.2693471165490239f,0.03907395023121457f,-0.14986480488355014f,-0.1441529445988907f,0.6261511448218964f,-0.7662601858387905f,0.31653405539445145f,-0.23085617025198618f,0.7317013561863578f,0.6413412149641022f,1.3303439854693997f,0f,0f,0f,1f],start_interpolation:0}
execute if entity @s[tag=aj.cutscenes.bone.leftleg2] run data modify entity @s {} merge value {transformation:[0.9622501531410921f,0.08032237256453802f,-0.26004414864701036f,-0.11875000000000019f,-0.1441529445988907f,-0.6600259183702668f,-0.7372826565456121f,0.109375f,-0.23085617025198618f,0.7469364789224646f,-0.623531334506532f,1.562318784068595f,0f,0f,0f,1f],start_interpolation:0}
execute if entity @s[tag=aj.cutscenes.camera_origin.camera] at @s on origin run tp @s ^-2.27083 ^-0.12 ^1.22917 ~-90 ~0