execute if entity @s[tag=aj.cutscenes.locator_origin.head] at @s on origin run tp @s ^-0.78437 ^1.31456 ^1.7977 ~-94.80207 ~6.4775
execute if entity @s[tag=aj.cutscenes.bone.blade2] run data modify entity @s {} merge value {transformation:[-0.000006271060016900222f,0.000005666665224539115f,-0.000005344409368436738f,-0.08759192919438225f,-0.000004315423826848223f,0.0000031844768413121426f,0.000008440155474978956f,1.6726296766911566f,0.000006484668338404515f,0.000007599211306454484f,4.484016734451036e-7f,2.665120288577632f,0f,0f,0f,1f],start_interpolation:0}
execute if entity @s[tag=aj.cutscenes.bone.heart] run data modify entity @s {} merge value {transformation:[-0.5344409368436737f,-0.8451853963771471f,-0.005876289344514522f,-0.14041234451315315f,0.8440155474978955f,-0.5333065556634944f,-0.05676154744338236f,1.5307126421120623f,0.044840167344510226f,-0.03529537416070447f,0.9983704702941549f,2.249313775978472f,0f,0f,0f,1f],start_interpolation:0}
execute if entity @s[tag=aj.cutscenes.bone.bottom2] run data modify entity @s {} merge value {transformation:[-0.005876289344514403f,-0.8451853963771471f,0.5344409368436737f,-0.5515668855350349f,-0.05676154744338255f,-0.5333065556634944f,-0.8440155474978955f,1.366877335372768f,0.9983704702941549f,-0.03529537416070447f,-0.04484016734451045f,2.174977033463569f,0f,0f,0f,1f],start_interpolation:0}
execute if entity @s[tag=aj.cutscenes.bone.rightarm] run data modify entity @s {} merge value {transformation:[0.06220532983558951f,-0.8429136266342485f,0.5344409368436737f,-0.7661831253083213f,-0.013630175933666095f,-0.5361454782853665f,-0.8440155474978955f,1.2336928517972803f,0.9979702977764733f,0.04521774152313961f,-0.04484016734451045f,2.1239083252333244f,0f,0f,0f,1f],start_interpolation:0}
execute if entity @s[tag=aj.cutscenes.bone.blade] run data modify entity @s {} merge value {transformation:[-1.1165029799251731f,0.000006625772733561518f,8.340436623274595e-7f,-0.43736809300865703f,-0.97917918379384f,-0.000006955577795279809f,-0.0000030011606683308657f,0.393633593298208f,-0.2112562942092773f,-0.0000027783220146345757f,0.000009502494715189018f,1.1871804654389997f,0f,0f,0f,1f],start_interpolation:0}
execute if entity @s[tag=aj.cutscenes.bone.bottom] run data modify entity @s {} merge value {transformation:[0.0834043662327462f,-0.11581832770191489f,-0.9897625102324525f,-0.8018990872836675f,-0.3001160668330867f,0.9441903148811888f,-0.13577553429539424f,0.9231188471417832f,0.9502494715189018f,0.30836790405762626f,0.043990653838678374f,1.386942358572109f,0f,0f,0f,1f],start_interpolation:0}
execute if entity @s[tag=aj.cutscenes.bone.leftarm] run data modify entity @s {} merge value {transformation:[0.07502203984832292f,-0.12141608985365511f,-0.9897625102324525f,-0.8275642322565612f,-0.23272770451008054f,0.963017559466217f,-0.13577553429539424f,1.1493277554764574f,0.9696440115271509f,0.24053131456087015f,0.043990653838678374f,1.5076779379327734f,0f,0f,0f,1f],start_interpolation:0}
execute if entity @s[tag=aj.cutscenes.locator_origin.mount] at @s on origin run tp @s ^-0.83156 ^1.55959 ^1.78234 ~-98.34626 ~-10.28492
execute if entity @s[tag=aj.cutscenes.bone.head] run data modify entity @s {} merge value {transformation:[0.12900903538109304f,-0.18876620205804123f,-0.9735111657041343f,-0.7843734145389294f,0.08678051928266843f,0.9800976739285323f,-0.17854324695409504f,1.3145608850743018f,0.9878389596807114f,-0.06144811242392461f,0.14282268453038693f,1.7977017578996586f,0f,0f,0f,1f],start_interpolation:0}
execute if entity @s[tag=aj.cutscenes.bone.upper] run data modify entity @s {} merge value {transformation:[0.09820977111718378f,0.1000021139480944f,-0.990128485633568f,-0.8593750000000002f,0.13498415411331677f,0.9844046514994635f,0.11281294360370243f,0.5762573964497042f,0.9859686196808815f,-0.1447309894671219f,0.08317945474962632f,1.90625f,0f,0f,0f,1f],start_interpolation:0}
execute if entity @s[tag=aj.cutscenes.locator_origin.head2] at @s on origin run tp @s ^0 ^0.125 ^2.4375 ~-180 ~-90
execute if entity @s[tag=aj.cutscenes.locator_origin.mount2] at @s on origin run tp @s ^0 ^0.125 ^2.6875 ~-180 ~-90
execute if entity @s[tag=aj.cutscenes.camera_origin.camera] at @s on origin run tp @s ^3.375 ^-0.44813 ^1.90625 ~90 ~-10