execute if entity @s[tag=aj.cutscenes.locator_origin.head] at @s on origin run tp @s ^0.21179 ^1.46785 ^0.93896 ~102.85714 ~-16.83673
execute if entity @s[tag=aj.cutscenes.bone.blade2] run data modify entity @s {} merge value {transformation:[1.058767210830089f,-1.0151723491607645f,-0.3137468641604083f,-0.20897771131755677f,0.48861088088861615f,0.07185417782183429f,1.4163673196620996f,1.3872890101715445f,-0.9435419441383226f,-1.1019356054819922f,0.3814007354774131f,-0.35941418842992573f,0f,0f,0f,1f],start_interpolation:0}
execute if entity @s[tag=aj.cutscenes.bone.heart] run data modify entity @s {} merge value {transformation:[0.00000522086453288902f,0.0000032797295558779703f,-0.000007873115493216267f,0.09346390205870814f,-0.000008185093771432773f,-6.679005326068889e-7f,-0.000005705974836204227f,1.3944347127837384f,-0.0000023972512346589656f,0.000009423231023319123f,0.0000023357875757615767f,0.010723152109821499f,0f,0f,0f,1f],start_interpolation:0}
execute if entity @s[tag=aj.cutscenes.bone.bottom2] run data modify entity @s {} merge value {transformation:[0.7873115493216268f,0.327972955587797f,0.5220864532889018f,0.33924878908231687f,0.5705974836204225f,-0.06679005326068888f,-0.8185093771432774f,1.345845947800714f,-0.2335787575761577f,0.9423231023319122f,-0.2397251234658965f,0.3860126436736226f,0f,0f,0f,1f],start_interpolation:0}
execute if entity @s[tag=aj.cutscenes.bone.rightarm] run data modify entity @s {} merge value {transformation:[0.7669587184491362f,-0.18114556716841745f,0.6155977645265542f,0.2460274773871415f,0.6409400731963684f,0.16968620346388255f,-0.7486003038504914f,1.3482087440919117f,0.03114717910008269f,0.9687068059269773f,0.24624576622728195f,0.6262426464616118f,0f,0f,0f,1f],start_interpolation:0}
execute if entity @s[tag=aj.cutscenes.bone.blade] run data modify entity @s {} merge value {transformation:[-0.5445284574489165f,-1.3927507834419408f,-0.11719221070601804f,-0.7306538682078685f,-0.48861148507503127f,0.07185468464715183f,1.4163670855209218f,1.3872898948696024f,-1.3094837057715063f,0.5523424295816124f,-0.47976063281891446f,1.9261995794968416f,0f,0f,0f,1f],start_interpolation:0}
execute if entity @s[tag=aj.cutscenes.bone.bottom] run data modify entity @s {} merge value {transformation:[-0.6079976380453153f,0.7043518531044267f,0.3663704943901436f,0.0867095745183282f,-0.5705975017411292f,-0.06679087616272378f,-0.8185092973620995f,1.345846119749312f,-0.5520483340597091f,-0.7067018083249654f,0.44251010267803387f,1.4924595638447744f,0f,0f,0f,1f],start_interpolation:0}
execute if entity @s[tag=aj.cutscenes.bone.leftarm] run data modify entity @s {} merge value {transformation:[-0.7045206166805895f,0.25709943075461944f,0.6614760641003214f,0.10695189366444621f,-0.6409398842094662f,0.16968546842276572f,-0.7486006322704402f,1.3482087440919117f,-0.30470767220658884f,-0.9513709710264433f,0.04523836852324373f,1.2355725915752518f,0f,0f,0f,1f],start_interpolation:0}
execute if entity @s[tag=aj.cutscenes.locator_origin.mount] at @s on origin run tp @s ^0.28238 ^1.70713 ^0.95508 ~102.85714 ~-16.83673
execute if entity @s[tag=aj.cutscenes.bone.head] run data modify entity @s {} merge value {transformation:[0.22252093395631245f,0.28238349684127034f,0.9331366430823016f,0.21178762263095263f,0f,0.9571339905470586f,-0.2896455146199628f,1.467850492910294f,-0.9749279121818241f,0.06445219042949088f,0.21298234949786382f,0.9389641428221182f,0f,0f,0f,1f],start_interpolation:0}
execute if entity @s[tag=aj.cutscenes.bone.upper] run data modify entity @s {} merge value {transformation:[0.22252093395631245f,0.28238349684127034f,0.9331366430823016f,-1.0907010554906114e-16f,0f,0.9571339905470586f,-0.2896455146199628f,0.75f,-0.9749279121818241f,0.06445219042949088f,0.21298234949786382f,0.890625f,0f,0f,0f,1f],start_interpolation:0}
execute if entity @s[tag=aj.cutscenes.bone.bottom3] run data modify entity @s {} merge value {transformation:[0.22252093395631245f,0f,0.9749279121818241f,0.02781511674453895f,0f,1f,0f,0.4375f,-0.9749279121818241f,0f,0.22252093395631245f,0.768759010977272f,0f,0f,0f,1f],start_interpolation:0}
execute if entity @s[tag=aj.cutscenes.bone.rightleg] run data modify entity @s {} merge value {transformation:[0.22252093395631245f,0f,0.9749279121818241f,0.026424360907311994f,0f,1f,0f,0.75f,-0.9749279121818241f,0f,0.22252093395631245f,0.7748523104284084f,0f,0f,0f,1f],start_interpolation:0}
execute if entity @s[tag=aj.cutscenes.bone.bottom4] run data modify entity @s {} merge value {transformation:[0.22252093395631245f,0f,0.9749279121818241f,-0.027815116744539164f,0f,1f,0f,0.4375f,-0.9749279121818241f,0f,0.22252093395631245f,1.012490989022728f,0f,0f,0f,1f],start_interpolation:0}
execute if entity @s[tag=aj.cutscenes.bone.leftleg] run data modify entity @s {} merge value {transformation:[0.22252093395631245f,0f,0.9749279121818241f,-0.02642436090731221f,0f,1f,0f,0.75f,-0.9749279121818241f,0f,0.22252093395631245f,1.0063976895715916f,0f,0f,0f,1f],start_interpolation:0}
execute if entity @s[tag=aj.cutscenes.locator_origin.head2] at @s on origin run tp @s ^0 ^0.63169 ^2.24046 ~-180 ~-47.5
execute if entity @s[tag=aj.cutscenes.bone.bottom5] run data modify entity @s {} merge value {transformation:[0.9763824522960998f,0.03874931499508455f,-0.2125459889898332f,0.3638365745197348f,0.07922011635704344f,0.8510510653060979f,0.5190724972542202f,0.33943237070557836f,0.20100119405772465f,-0.5236511957675333f,0.8278816009301097f,2.2917737090768187f,0f,0f,0f,1f],start_interpolation:0}
execute if entity @s[tag=aj.cutscenes.bone.rightarm2] run data modify entity @s {} merge value {transformation:[0.9763824522960998f,0.03874931499508455f,-0.2125459889898332f,0.31249999999999967f,0.07922011635704344f,0.8510510653060979f,0.5190724972542202f,0.5472438797597876f,0.20100119405772465f,-0.5236511957675333f,0.8278816009301097f,2.1482983355063276f,0f,0f,0f,1f],start_interpolation:0}
execute if entity @s[tag=aj.cutscenes.bone.bottom6] run data modify entity @s {} merge value {transformation:[0.9763824522960998f,-0.0387493149950843f,0.21254598898983282f,-0.3638365745197355f,-0.07922011635704344f,0.8510510653060979f,0.5190724972542202f,0.33943237070557836f,-0.20100119405772415f,-0.5236511957675333f,0.8278816009301097f,2.291773709076818f,0f,0f,0f,1f],start_interpolation:0}
execute if entity @s[tag=aj.cutscenes.bone.leftarm2] run data modify entity @s {} merge value {transformation:[0.9763824522960998f,-0.0387493149950843f,0.21254598898983282f,-0.31250000000000033f,-0.07922011635704344f,0.8510510653060979f,0.5190724972542202f,0.5472438797597876f,-0.20100119405772415f,-0.5236511957675333f,0.8278816009301097f,2.148298335506327f,0f,0f,0f,1f],start_interpolation:0}
execute if entity @s[tag=aj.cutscenes.locator_origin.mount2] at @s on origin run tp @s ^0 ^0.85609 ^2.35066 ~-180 ~-26.15569
execute if entity @s[tag=aj.cutscenes.bone.head2] run data modify entity @s {} merge value {transformation:[1f,-1.0796776765481156e-16f,-2.1984847612414995e-16f,-3.574028819367183e-16f,0f,0.8975995212546877f,-0.4408118640002282f,0.6316926557117452f,2.4492935982947064e-16f,0.4408118640002282f,0.8975995212546877f,2.240458002607593f,0f,0f,0f,1f],start_interpolation:0}
execute if entity @s[tag=aj.cutscenes.bone.upper2] run data modify entity @s {} merge value {transformation:[1f,-1.8058086612168067e-16f,-1.6547187705836282e-16f,-2.2196723234545778e-16f,0f,0.6755902076156602f,-0.737277336810124f,0.125f,2.4492935982947064e-16f,0.737277336810124f,0.6755902076156602f,1.6875f,0f,0f,0f,1f],start_interpolation:0}
execute if entity @s[tag=aj.cutscenes.bone.bottom7] run data modify entity @s {} merge value {transformation:[0.9622501286096566f,-0.2613904300562415f,-0.07582699430751813f,0.1265110728742515f,0.1441526541328116f,0.7257925133895056f,-0.6726404981966293f,0.37201650229898636f,0.23085645387808684f,0.6363177434134277f,0.736074063610502f,1.3890225809388617f,0f,0f,0f,1f],start_interpolation:0}
execute if entity @s[tag=aj.cutscenes.bone.rightleg2] run data modify entity @s {} merge value {transformation:[0.9622501286096566f,-0.005590430625412266f,0.27210923739579607f,0.1187499999999998f,0.1441526541328116f,-0.8375697542741001f,-0.5269695617696424f,0.109375f,0.23085645387808684f,0.5463017973708721f,-0.8051457283574127f,1.5582990397805212f,0f,0f,0f,1f],start_interpolation:0}
execute if entity @s[tag=aj.cutscenes.bone.bottom8] run data modify entity @s {} merge value {transformation:[0.9622501286096569f,0.26139043005624113f,0.07582699430751774f,-0.1265110728742518f,-0.1441526541328116f,0.7257925133895056f,-0.6726404981966293f,0.37201650229898636f,-0.2308564538780864f,0.636317743413428f,0.7360740636105021f,1.3890225809388617f,0f,0f,0f,1f],start_interpolation:0}
execute if entity @s[tag=aj.cutscenes.bone.leftleg2] run data modify entity @s {} merge value {transformation:[0.9622501286096569f,0.005590430625411999f,-0.2721092373957956f,-0.11875000000000019f,-0.1441526541328116f,-0.8375697542741001f,-0.5269695617696424f,0.109375f,-0.2308564538780864f,0.5463017973708721f,-0.8051457283574129f,1.5582990397805212f,0f,0f,0f,1f],start_interpolation:0}
execute if entity @s[tag=aj.cutscenes.camera_origin.camera] at @s on origin run tp @s ^-2.27644 ^-0.12 ^1.6875 ~-90 ~0