execute if entity @s[tag=aj.cutscenes.locator_origin.head] at @s on origin run tp @s ^0 ^1.5 ^0 ~0 ~0
execute if entity @s[tag=aj.cutscenes.bone.blade2] run data modify entity @s {} merge value {transformation:[0.01452593520848701f,-0.0007283211892796578f,1.4999294872608393f,-0.3925222759991617f,1.4980476562265193f,-0.07511116048096039f,-0.014544182528967251f,0.8816150797396036f,0.0751146915093934f,1.4981180804994807f,-1.3232249834468104e-16f,0.4452381236053123f,0f,0f,0f,1f],start_interpolation:0}
execute if entity @s[tag=aj.cutscenes.bone.heart] run data modify entity @s {} merge value {transformation:[4.85547459519772e-9f,9.683956805658228e-8f,0.000009999529915072262f,-0.3011533370362484f,5.007410698730693e-7f,0.000009986984374843462f,-9.696121685978391e-8f,0.6833998844854982f,-0.00000998745386999654f,5.007646100626227e-7f,-9.933420689663328e-22f,0.05611853166910818f,0f,0f,0f,1f],start_interpolation:0}
execute if entity @s[tag=aj.cutscenes.bone.bottom2] run data modify entity @s {} merge value {transformation:[-0.9999529915072262f,0.009683956805658228f,0.0004855474595199939f,-0.375f,0.009696121685978401f,0.9986984374843462f,0.050074106987306924f,1.125f,-1.2243181798040236e-16f,0.05007646100626227f,-0.9987453869996539f,-4.592425496802575e-17f,0f,0f,0f,1f],start_interpolation:0}
execute if entity @s[tag=aj.cutscenes.bone.blade] run data modify entity @s {} merge value {transformation:[0.014523505340176164f,0.0007752664508353341f,-1.4999294872608393f,0.3925362168467504f,-1.4977970659219508f,-0.07995258638818051f,-0.014544182528967255f,0.8801773716845646f,-0.07995634501544738f,1.497867478414486f,-4.985279019864647e-16f,0.444448644998897f,0f,0f,0f,1f],start_interpolation:0}
execute if entity @s[tag=aj.cutscenes.bone.bottom] run data modify entity @s {} merge value {transformation:[-0.9999529915072262f,-0.009682336893450999f,-0.0005168443005571115f,0.375f,-0.009696121685978403f,0.9985313772813005f,0.053301724258787f,1.125f,-1.224589230347145e-16f,0.053304230010298256f,-0.9985783189429907f,4.592425496802575e-17f,0f,0f,0f,1f],start_interpolation:0}
execute if entity @s[tag=aj.cutscenes.locator_origin.mount] at @s on origin run tp @s ^0 ^1.75 ^0 ~0 ~0
execute if entity @s[tag=aj.cutscenes.locator_origin.head2] at @s on origin run tp @s ^0 ^0.72746 ^2.1342 ~-180 ~-36.55522
execute if entity @s[tag=aj.cutscenes.bone.bottom5] run data modify entity @s {} merge value {transformation:[0.9763824712347137f,-0.1252352522578392f,-0.17604942901784423f,0.4048327175166291f,0.11594173120414096f,0.9913090129440776f,-0.06216072571346937f,0.38647110340580454f,0.1823040998743043f,0.04028116740803106f,0.9824167357701443f,2.0610720063416648f,0f,0f,0f,1f],start_interpolation:0}
execute if entity @s[tag=aj.cutscenes.bone.rightarm2] run data modify entity @s {} merge value {transformation:[0.9763824712347137f,-0.1252352522578392f,-0.17604942901784423f,0.31249999999999967f,0.11594173120414096f,0.9913090129440776f,-0.06216072571346937f,0.6270519984415651f,0.1823040998743043f,0.04028116740803106f,0.9824167357701443f,2.0597482919515286f,0f,0f,0f,1f],start_interpolation:0}
execute if entity @s[tag=aj.cutscenes.bone.bottom6] run data modify entity @s {} merge value {transformation:[0.9763824522960998f,0.12523532927392753f,0.1760494792662147f,-0.40483273558698846f,-0.11594180484197181f,0.9913090034989518f,-0.06216073899095076f,0.3864711103694504f,-0.18230415447334308f,0.04028116040490798f,0.9824167259255072f,2.0610720115048857f,0f,0f,0f,1f],start_interpolation:0}
execute if entity @s[tag=aj.cutscenes.bone.leftarm2] run data modify entity @s {} merge value {transformation:[0.9763824522960998f,0.12523532927392753f,0.1760494792662147f,-0.31250000000000033f,-0.11594180484197181f,0.9913090034989518f,-0.06216073899095076f,0.6270519984415651f,-0.18230415447334308f,0.04028116040490798f,0.9824167259255072f,2.0597482919515286f,0f,0f,0f,1f],start_interpolation:0}
execute if entity @s[tag=aj.cutscenes.locator_origin.mount2] at @s on origin run tp @s ^0 ^0.96732 ^2.2047 ~-180 ~-16.38029
execute if entity @s[tag=aj.cutscenes.bone.head2] run data modify entity @s {} merge value {transformation:[1f,-6.907289803962442e-17f,-2.3498792748326873e-16f,-3.3137667535981995e-16f,0f,0.9594110222101444f,-0.2820115076759914f,0.7274623981298782f,2.4492935982947064e-16f,0.2820115076759914f,0.9594110222101444f,2.1341979503418345f,0f,0f,0f,1f],start_interpolation:0}
execute if entity @s[tag=aj.cutscenes.bone.upper2] run data modify entity @s {} merge value {transformation:[1f,-1.4587925735248294e-16f,-1.9674763932703832e-16f,-2.2196723234545778e-16f,0f,0.8032831975065042f,-0.5955972671224461f,0.125f,2.4492935982947064e-16f,0.5955972671224461f,0.8032831975065042f,1.6875f,0f,0f,0f,1f],start_interpolation:0}
execute if entity @s[tag=aj.cutscenes.bone.bottom7] run data modify entity @s {} merge value {transformation:[0.9622501286096566f,-0.26937015511582346f,-0.038915414986564145f,0.14693498562913698f,0.14415265413281164f,0.6256989269619219f,-0.7666295488077446f,0.3246627095723211f,0.23085645387808687f,0.7320796215792224f,0.6409092957441467f,1.3371153640040143f,0f,0f,0f,1f],start_interpolation:0}
execute if entity @s[tag=aj.cutscenes.bone.rightleg2] run data modify entity @s {} merge value {transformation:[0.9622501286096566f,-0.07094695144104583f,0.26275696008273725f,0.1187499999999998f,0.14415265413281164f,-0.6860376175487712f,-0.7131426222113445f,0.109375f,0.23085645387808687f,0.7240986931276899f,-0.6499125943645091f,1.5619533527696794f,0f,0f,0f,1f],start_interpolation:0}
execute if entity @s[tag=aj.cutscenes.bone.bottom8] run data modify entity @s {} merge value {transformation:[0.9622501345356196f,0.26937014819378f,0.03891531637084677f,-0.1469349548118074f,-0.14415272429937998f,0.6256989156312854f,-0.7666295448617282f,0.32466270921137885f,-0.2308563853638211f,0.732079633810349f,0.6409093064520569f,1.3371153597952417f,0f,0f,0f,1f],start_interpolation:0}
execute if entity @s[tag=aj.cutscenes.bone.leftleg2] run data modify entity @s {} merge value {transformation:[0.9622501345356196f,0.07094685270707073f,-0.26275696504021223f,-0.11875000000000019f,-0.14415272429937998f,-0.6860376149904246f,-0.7131426104891762f,0.109375f,-0.2308563853638211f,0.7240987052254763f,-0.6499126052228407f,1.5619533527696792f,0f,0f,0f,1f],start_interpolation:0}
execute if entity @s[tag=aj.cutscenes.camera_origin.camera] at @s on origin run tp @s ^-1.9375 ^-0.12 ^1.6875 ~-90 ~0