execute if entity @s[tag=aj.cutscenes.locator_origin.head] at @s on origin run tp @s ^-0.17951 ^0.83727 ^1.7132 ~-75.96087 ~67.72141
execute if entity @s[tag=aj.cutscenes.bone.blade2] run data modify entity @s {} merge value {transformation:[0.0000010757333717675416f,0.0000017961841095217415f,0.000009778370025600752f,-0.056226864391025644f,0.000008787415616342697f,-0.000004772127816028434f,-9.012709439577214e-8f,0.17390722933089175f,0.000004650174673979696f,0.000008602355418848334f,-0.0000020917353439879888f,2.724857302037656f,0f,0f,0f,1f],start_interpolation:0}
execute if entity @s[tag=aj.cutscenes.bone.heart] run data modify entity @s {} merge value {transformation:[-0.000009778370025600752f,-4.203705600131943e-7f,-0.000002051040768660383f,-0.1291399149241026f,9.012709439577327e-8f,0.000009702765205059955f,-0.0000024183102535310994f,0.17210829832381563f,0.00000209173534398799f,-0.0000023831986840698093f,-0.000009483934166945668f,2.163910426633229f,0f,0f,0f,1f],start_interpolation:0}
execute if entity @s[tag=aj.cutscenes.bone.bottom2] run data modify entity @s {} merge value {transformation:[0.20510407686603804f,-0.04203705600131943f,-0.9778370025600751f,-0.20790088674452648f,0.24183102535310994f,0.9702765205059954f,0.009012709439577271f,0.6162014428258673f,0.9483934166945667f,-0.2383198684069809f,0.20917353439879877f,2.150080402259344f,0f,0f,0f,1f],start_interpolation:0}
execute if entity @s[tag=aj.cutscenes.bone.rightarm] run data modify entity @s {} merge value {transformation:[0.20740900265632473f,-0.02857100000763685f,-0.9778370025600751f,-0.228006699412456f,0.1780362884289885f,0.9839826477489264f,0.009012709439577271f,0.8510698367362871f,0.9619171407244694f,-0.1759597877004171f,0.20917353439879877f,2.0459706340389605f,0f,0f,0f,1f],start_interpolation:0}
execute if entity @s[tag=aj.cutscenes.bone.blade] run data modify entity @s {} merge value {transformation:[-1.3592940698579308f,-0.0000042144402116876545f,-3.454941676008115e-7f,-0.9475711885064864f,0.6269423323115895f,-0.000009051060729425366f,7.804572614511795e-7f,0.04968654278012352f,-0.09624418738170996f,5.628440053549624e-7f,0.000009963509434090076f,1.4266294311203935f,0f,0f,0f,1f],start_interpolation:0}
execute if entity @s[tag=aj.cutscenes.bone.bottom] run data modify entity @s {} merge value {transformation:[-0.034549416760081185f,0.8649994305219155f,-0.5005819842925832f,-0.5743627928035671f,0.07804572614511768f,0.5016865907726638f,0.8615215779476351f,0.6090932686492895f,0.9963509434090076f,-0.009303216414962887f,-0.08484248777774528f,1.3962665886605738f,0f,0f,0f,1f],start_interpolation:0}
execute if entity @s[tag=aj.cutscenes.bone.leftarm] run data modify entity @s {} merge value {transformation:[0.004906550162783907f,0.8656752293829366f,-0.5005819842925832f,-0.35763732607265897f,0.1008276851636565f,0.4976086299846049f,0.8615215779476351f,0.7397971564681692f,0.9948918050069759f,-0.05469962154937179f,-0.08484248777774528f,1.444772421086167f,0f,0f,0f,1f],start_interpolation:0}
execute if entity @s[tag=aj.cutscenes.locator_origin.mount] at @s on origin run tp @s ^0.06532 ^0.80809 ^1.67192 ~32.17792 ~79.98907
execute if entity @s[tag=aj.cutscenes.bone.head] run data modify entity @s {} merge value {transformation:[0.17978482183931838f,0.9793400950368827f,0.09257643376882824f,-0.17951141529106895f,0.12880833715353374f,-0.11673646865779186f,0.9847745981518055f,0.8372716752126146f,0.975236294503002f,-0.16512290918724165f,-0.14713461436927686f,1.7131958330750763f,0f,0f,0f,1f],start_interpolation:0}
execute if entity @s[tag=aj.cutscenes.bone.upper] run data modify entity @s {} merge value {transformation:[0.20740900265632473f,0.9064847796119083f,-0.3677864189295991f,-0.8593750000000002f,0.1780362884289885f,0.3347054288830916f,0.9253514769419324f,0.5862426035502959f,0.9619171407244694f,-0.25740555589989816f,-0.09196626649117436f,1.90625f,0f,0f,0f,1f],start_interpolation:0}
execute if entity @s[tag=aj.cutscenes.bone.bottom3] run data modify entity @s {} merge value {transformation:[-0.1305261922200519f,0.9463294963711101f,-0.29567447884884346f,-0.9088747755476063f,-1.734723475976807e-18f,0.2982258422713873f,0.9544953362911321f,0.2851320494192059f,0.9914448613738104f,0.12458664173787941f,-0.03892628361330198f,2.024787161922768f,0f,0f,0f,1f],start_interpolation:0}
execute if entity @s[tag=aj.cutscenes.bone.rightleg] run data modify entity @s {} merge value {transformation:[-0.1305261922200519f,0.15578875790793842f,-0.9791285799393438f,-0.8593750000000002f,-1.734723475976807e-18f,0.9875774418585412f,0.15713305295875699f,0.59375f,0.9914448613738104f,0.020509979074618313f,-0.1289047230082151f,2.025f,0f,0f,0f,1f],start_interpolation:0}
execute if entity @s[tag=aj.cutscenes.bone.bottom4] run data modify entity @s {} merge value {transformation:[0.17364817766692997f,0.520900287685188f,-0.8357686286780825f,-0.5527080529110142f,0f,0.8486617069389805f,0.5289360142544803f,0.468417104926701f,0.9848077530122081f,-0.0918487749776998f,0.1473685588656602f,1.7270799268124308f,0f,0f,0f,1f],start_interpolation:0}
execute if entity @s[tag=aj.cutscenes.bone.leftleg] run data modify entity @s {} merge value {transformation:[0.17364817766692997f,-0.9848071942380938f,-0.0010490804771980944f,-0.8593750000000002f,0f,0.001065264234556773f,-0.9999994326058942f,0.46875f,0.9848077530122081f,0.1736480791399775f,0.00018498119306452308f,1.7875f,0f,0f,0f,1f],start_interpolation:0}
execute if entity @s[tag=aj.cutscenes.locator_origin.head2] at @s on origin run tp @s ^0 ^0.125 ^2.4375 ~-180 ~-90
execute if entity @s[tag=aj.cutscenes.locator_origin.mount2] at @s on origin run tp @s ^0 ^0.125 ^2.6875 ~-180 ~-90
execute if entity @s[tag=aj.cutscenes.camera_origin.camera] at @s on origin run tp @s ^3.375 ^-0.44813 ^1.90625 ~90 ~8.75