execute if entity @s[tag=aj.cutscenes.locator_origin.head] at @s on origin run tp @s ^0 ^1.46529 ^0.6651 ~0 ~-17.5
execute if entity @s[tag=aj.cutscenes.bone.blade2] run data modify entity @s {} merge value {transformation:[0.5956632787808988f,-0.020922255285237803f,1.3764982809817703f,-0.57393054220759f,-1.157067542346505f,-0.8202540561141617f,0.4882396807680459f,1.4311751771094967f,0.7459088153120375f,-1.2556852880646665f,-0.34186912200101954f,0.09507608134521328f,0f,0f,0f,1f],start_interpolation:0}
execute if entity @s[tag=aj.cutscenes.bone.heart] run data modify entity @s {} merge value {transformation:[1.3948170190158537e-7f,0.000003971088525205995f,0.000009176655206545134f,-0.5690455490285252f,0.000005468360374094412f,-0.000007713783615643367f,0.0000032549312051203083f,1.8358659115598628f,0.000008371235253764445f,0.000004972725435413583f,-0.0000022791274800067984f,0.28316094233757577f,0f,0f,0f,1f],start_interpolation:0}
execute if entity @s[tag=aj.cutscenes.bone.bottom2] run data modify entity @s {} merge value {transformation:[-0.9176655206545133f,0.3971088525205994f,0.013948170190158739f,-0.46591334405579066f,-0.32549312051203066f,-0.7713783615643367f,0.5468360374094412f,1.5156802937580758f,0.22791274800067998f,0.49727254354135825f,0.8371235253764444f,0.5839236389945078f,0f,0f,0f,1f],start_interpolation:0}
execute if entity @s[tag=aj.cutscenes.bone.rightarm] run data modify entity @s {} merge value {transformation:[-0.923879504450166f,0.38268350011062074f,1.2021405021036884e-8f,-0.3125000000000001f,-0.3134759660041328f,-0.7567977896627693f,0.5735764328311637f,1.3460730942176418f,0.21949824599456685f,0.5299155067599279f,0.81915204675364f,0.7026838753098293f,0f,0f,0f,1f],start_interpolation:0}
execute if entity @s[tag=aj.cutscenes.bone.blade] run data modify entity @s {} merge value {transformation:[0.5956503693153622f,0.02127489073043763f,-1.3764984622435583f,0.5740360036445062f,1.1575515800364358f,-0.819571456891809f,0.488238636942415f,1.4314544532631257f,-0.7451677509726403f,-1.2561249961976888f,-0.3418698829053708f,0.0950512532299681f,0f,0f,0f,1f],start_interpolation:0}
execute if entity @s[tag=aj.cutscenes.bone.bottom] run data modify entity @s {} merge value {transformation:[-0.9176656414957054f,-0.3971002462102417f,-0.014183260486958626f,0.46591328108791874f,0.3254924246282767f,-0.7717010533576238f,0.5463809712612061f,1.5156803698588917f,-0.2279132552702475f,0.49677850064842677f,0.8374166641317925f,0.5839236663364855f,0f,0f,0f,1f],start_interpolation:0}
execute if entity @s[tag=aj.cutscenes.bone.leftarm] run data modify entity @s {} merge value {transformation:[-0.9238796208299062f,-0.3826832191441987f,-7.887219988543333e-7f,0.3124999999999999f,0.3134752679623969f,-0.7567979195555985f,0.5735766429451438f,1.3460730942176418f,-0.21949875305133815f,0.5299155241562099f,0.8191518996298284f,0.7026838753098293f,0f,0f,0f,1f],start_interpolation:0}
execute if entity @s[tag=aj.cutscenes.locator_origin.mount] at @s on origin run tp @s ^0 ^1.66363 ^0.51291 ~0 ~-37.5
execute if entity @s[tag=aj.cutscenes.bone.head] run data modify entity @s {} merge value {transformation:[-1f,7.455177354798983e-17f,9.715776287805221e-17f,-8.14507259354646e-17f,0f,0.7933533402912353f,-0.6087614290087205f,1.4652877130611701f,-1.2246467991473532e-16f,-0.6087614290087205f,-0.7933533402912353f,0.6650956503717952f,0f,0f,0f,1f],start_interpolation:0}
execute if entity @s[tag=aj.cutscenes.bone.upper] run data modify entity @s {} merge value {transformation:[-1f,3.6825839484795376e-17f,1.16796641102639e-16f,-1.0907010554906114e-16f,0f,0.9537169507482269f,-0.30070579950427306f,0.75f,-1.2246467991473532e-16f,-0.30070579950427306f,-0.9537169507482269f,0.890625f,0f,0f,0f,1f],start_interpolation:0}
execute if entity @s[tag=aj.cutscenes.locator_origin.head2] at @s on origin run tp @s ^0 ^0.72435 ^2.13837 ~-180 ~-36.95313
execute if entity @s[tag=aj.cutscenes.bone.bottom5] run data modify entity @s {} merge value {transformation:[0.9763824522960998f,-0.12234707511700167f,-0.1780688070903193f,0.4041106720477563f,0.11467296714472436f,0.991998699798851f,-0.052808050556841235f,0.38362213642392007f,0.18310493563658944f,0.0311411754386966f,0.9826000253092898f,2.066884664412078f,0f,0f,0f,1f],start_interpolation:0}
execute if entity @s[tag=aj.cutscenes.bone.rightarm2] run data modify entity @s {} merge value {transformation:[0.9763824522960998f,-0.12234707511700167f,-0.1780688070903193f,0.31249999999999967f,0.11467296714472436f,0.991998699798851f,-0.052808050556841235f,0.6244547509270876f,0.18310493563658944f,0.0311411754386966f,0.9826000253092898f,2.0632258997944657f,0f,0f,0f,1f],start_interpolation:0}
execute if entity @s[tag=aj.cutscenes.bone.bottom6] run data modify entity @s {} merge value {transformation:[0.9763824522960998f,0.12234707511700164f,0.1780688070903188f,-0.40411067204775697f,-0.11467296714472436f,0.991998699798851f,-0.052808050556841235f,0.38362213642392007f,-0.18310493563658897f,0.03114117543869671f,0.9826000253092899f,2.066884664412078f,0f,0f,0f,1f],start_interpolation:0}
execute if entity @s[tag=aj.cutscenes.bone.leftarm2] run data modify entity @s {} merge value {transformation:[0.9763824522960998f,0.12234707511700164f,0.1780688070903188f,-0.31250000000000033f,-0.11467296714472436f,0.991998699798851f,-0.052808050556841235f,0.6244547509270876f,-0.18310493563658897f,0.03114117543869671f,0.9826000253092899f,2.0632258997944657f,0f,0f,0f,1f],start_interpolation:0}
execute if entity @s[tag=aj.cutscenes.locator_origin.mount2] at @s on origin run tp @s ^0 ^0.96466 ^2.20729 ~-180 ~-16.0033
execute if entity @s[tag=aj.cutscenes.bone.head2] run data modify entity @s {} merge value {transformation:[1f,-6.752525608870268e-17f,-2.354373188273886e-16f,-3.3239879727507017e-16f,0f,0.9612458016111636f,-0.27569277989260416f,0.7243457011125052f,2.4492935982947064e-16f,0.27569277989260416f,0.9612458016111636f,2.138371079753359f,0f,0f,0f,1f],start_interpolation:0}
execute if entity @s[tag=aj.cutscenes.bone.upper2] run data modify entity @s {} merge value {transformation:[1f,-1.4724208657281652e-16f,-1.9572981185337484e-16f,-2.2196723234545778e-16f,0f,0.7991276014833402f,-0.6011614396711452f,0.125f,2.4492935982947064e-16f,0.6011614396711452f,0.7991276014833402f,1.6875f,0f,0f,0f,1f],start_interpolation:0}
execute if entity @s[tag=aj.cutscenes.bone.bottom7] run data modify entity @s {} merge value {transformation:[0.9622501286096565f,-0.26933864231422644f,-0.039132924079712195f,0.14585894182081163f,0.14415265413281164f,0.6263177916314959f,-0.7661240344698196f,0.32755968196644597f,0.23085645387808693f,0.7315618358294643f,0.6415002556980468f,1.3373700148859964f,0f,0f,0f,1f],start_interpolation:0}
execute if entity @s[tag=aj.cutscenes.bone.rightleg2] run data modify entity @s {} merge value {transformation:[0.9622501286096565f,-0.06750361125440474f,0.26366257310872454f,0.1187499999999998f,0.14415265413281164f,-0.6953079292099709f,-0.7041071622162419f,0.109375f,0.23085645387808693f,0.7155348671066682f,-0.6593293195797364f,1.5595318080200922f,0f,0f,0f,1f],start_interpolation:0}
execute if entity @s[tag=aj.cutscenes.bone.bottom8] run data modify entity @s {} merge value {transformation:[0.9622501286096568f,0.26933864231422605f,0.03913292407971186f,-0.1458589418208119f,-0.14415265413281164f,0.6263177916314959f,-0.7661240344698196f,0.32755968196644597f,-0.23085645387808648f,0.7315618358294645f,0.6415002556980467f,1.3373700148859964f,0f,0f,0f,1f],start_interpolation:0}
execute if entity @s[tag=aj.cutscenes.bone.leftleg2] run data modify entity @s {} merge value {transformation:[0.9622501286096568f,0.06750361125440438f,-0.2636625731087242f,-0.11875000000000019f,-0.14415265413281164f,-0.6953079292099709f,-0.7041071622162419f,0.109375f,-0.23085645387808648f,0.7155348671066682f,-0.6593293195797366f,1.5595318080200922f,0f,0f,0f,1f],start_interpolation:0}
execute if entity @s[tag=aj.cutscenes.camera_origin.camera] at @s on origin run tp @s ^-2.28125 ^-0.12 ^1.6875 ~-90 ~0