execute if entity @s[tag=aj.cutscenes.locator_origin.head] at @s on origin run tp @s ^0.09363 ^1.46828 ^0.6962 ~25.71429 ~-16.72194
execute if entity @s[tag=aj.cutscenes.bone.blade2] run data modify entity @s {} merge value {transformation:[-0.6887535168722262f,-1.3032751398672375f,0.2776553669572638f,-1.267630136958522f,0.48048260659610686f,0.04862588120224842f,1.4201309758032588f,1.370049842527404f,-1.242881755339079f,0.7410191856364705f,0.395139859750838f,0.815536330446182f,0f,0f,0f,1f],start_interpolation:0}
execute if entity @s[tag=aj.cutscenes.bone.heart] run data modify entity @s {} merge value {transformation:[-0.0000010252927376231333f,0.000009929426732922247f,5.960365405797216e-7f,-0.8390586510530511f,-0.000008188931112561899f,-5.02370703362241e-7f,-0.000005717432195498172f,1.3847572124669518f,-0.000005647139278952928f,-0.0000010742943879274012f,0.000008182646853688278f,0.6042691626999017f,0f,0f,0f,1f],start_interpolation:0}
execute if entity @s[tag=aj.cutscenes.bone.bottom2] run data modify entity @s {} merge value {transformation:[-0.05960365405797218f,0.9929426732922246f,-0.1025292737623133f,-0.4173128664736627f,0.571743219549817f,-0.0502370703362241f,-0.8188931112561899f,1.3434699089052935f,-0.8182646853688278f,-0.10742943879274011f,-0.5647139278952926f,0.4492235790668186f,0f,0f,0f,1f],start_interpolation:0}
execute if entity @s[tag=aj.cutscenes.bone.rightarm] run data modify entity @s {} merge value {transformation:[0.19041761034311544f,0.9027452242338688f,0.3857359119840396f,-0.20352766106164022f,0.6443794510013259f,0.18149621007446107f,-0.7428554696950387f,1.348570245736326f,-0.7406188336779229f,0.39001305856541324f,-0.5471503973771785f,0.5930155208130421f,0f,0f,0f,1f],start_interpolation:0}
execute if entity @s[tag=aj.cutscenes.bone.blade] run data modify entity @s {} merge value {transformation:[-1.4011547297781461f,0.23322614376229162f,-0.4820487414008066f,0.8490614196799793f,-0.4804831945746639f,0.04862638653191284f,1.4201307595655315f,1.3700507216859976f,0.23643460607884062f,1.4809594999184208f,0.02928543408801726f,1.8348809734257117f,0f,0f,0f,1f],start_interpolation:0}
execute if entity @s[tag=aj.cutscenes.bone.bottom] run data modify entity @s {} merge value {transformation:[-0.6769069493472175f,-0.5350981332095182f,0.5054374043945822f,0.6052918686730627f,-0.571743243653841f,-0.0502378876701155f,-0.8188930442851674f,1.3434700798295878f,0.46358024684150206f,-0.8432948135012652f,-0.27193236706989904f,0.9416839847050352f,0f,0f,0f,1f],start_interpolation:0}
execute if entity @s[tag=aj.cutscenes.bone.leftarm] run data modify entity @s {} merge value {transformation:[-0.460315191366229f,-0.8677771513412096f,0.18727717481745432f,0.359577881377371f,-0.6443792724704513f,0.18149548174456612f,-0.7428558025059502f,1.348570245736326f,0.6106433310926466f,-0.4626253405472328f,-0.6427227368590854f,0.8641928577615174f,0f,0f,0f,1f],start_interpolation:0}
execute if entity @s[tag=aj.cutscenes.locator_origin.mount] at @s on origin run tp @s ^0.12484 ^1.70771 ^0.63139 ~25.71429 ~-16.72194
execute if entity @s[tag=aj.cutscenes.bone.head] run data modify entity @s {} merge value {transformation:[-0.900968867902418f,0.1248401762525848f,0.4155358341513506f,0.09363013218943848f,0f,0.9577123931781217f,-0.28772725271172117f,1.4682842948835912f,-0.4338837391175604f,-0.25923329714035237f,-0.8628690506578078f,0.6962000271447357f,0f,0f,0f,1f],start_interpolation:0}
execute if entity @s[tag=aj.cutscenes.bone.upper] run data modify entity @s {} merge value {transformation:[-0.900968867902418f,0.1248401762525848f,0.4155358341513506f,-1.0907010554906114e-16f,0f,0.9577123931781217f,-0.28772725271172117f,0.75f,-0.4338837391175604f,-0.25923329714035237f,-0.8628690506578078f,0.890625f,0f,0f,0f,1f],start_interpolation:0}
execute if entity @s[tag=aj.cutscenes.bone.bottom3] run data modify entity @s {} merge value {transformation:[-0.900968867902418f,0f,0.4338837391175604f,-0.11262110848780237f,0f,1f,0f,0.4375f,-0.4338837391175604f,0f,-0.900968867902418f,0.8363895326103049f,0f,0f,0f,1f],start_interpolation:0}
execute if entity @s[tag=aj.cutscenes.bone.rightleg] run data modify entity @s {} merge value {transformation:[-0.900968867902418f,0f,0.4338837391175604f,-0.10699005306341225f,0f,1f,0f,0.75f,-0.4338837391175604f,0f,-0.900968867902418f,0.8391013059797897f,0f,0f,0f,1f],start_interpolation:0}
execute if entity @s[tag=aj.cutscenes.bone.bottom4] run data modify entity @s {} merge value {transformation:[-0.900968867902418f,0f,0.4338837391175604f,0.11262110848780214f,0f,1f,0f,0.4375f,-0.4338837391175604f,0f,-0.900968867902418f,0.9448604673896951f,0f,0f,0f,1f],start_interpolation:0}
execute if entity @s[tag=aj.cutscenes.bone.leftleg] run data modify entity @s {} merge value {transformation:[-0.900968867902418f,0f,0.4338837391175604f,0.10699005306341203f,0f,1f,0f,0.75f,-0.4338837391175604f,0f,-0.900968867902418f,0.9421486940202103f,0f,0f,0f,1f],start_interpolation:0}
execute if entity @s[tag=aj.cutscenes.locator_origin.head2] at @s on origin run tp @s ^0 ^0.63169 ^2.24046 ~-180 ~-47.5
execute if entity @s[tag=aj.cutscenes.bone.bottom5] run data modify entity @s {} merge value {transformation:[0.9763824522960998f,0.03874931499508455f,-0.2125459889898332f,0.3638365745197348f,0.07922011635704344f,0.8510510653060979f,0.5190724972542202f,0.33943237070557836f,0.20100119405772465f,-0.5236511957675333f,0.8278816009301097f,2.2917737090768187f,0f,0f,0f,1f],start_interpolation:0}
execute if entity @s[tag=aj.cutscenes.bone.rightarm2] run data modify entity @s {} merge value {transformation:[0.9763824522960998f,0.03874931499508455f,-0.2125459889898332f,0.31249999999999967f,0.07922011635704344f,0.8510510653060979f,0.5190724972542202f,0.5472438797597876f,0.20100119405772465f,-0.5236511957675333f,0.8278816009301097f,2.1482983355063276f,0f,0f,0f,1f],start_interpolation:0}
execute if entity @s[tag=aj.cutscenes.bone.bottom6] run data modify entity @s {} merge value {transformation:[0.9763824522960998f,-0.0387493149950843f,0.21254598898983282f,-0.3638365745197355f,-0.07922011635704344f,0.8510510653060979f,0.5190724972542202f,0.33943237070557836f,-0.20100119405772415f,-0.5236511957675333f,0.8278816009301097f,2.291773709076818f,0f,0f,0f,1f],start_interpolation:0}
execute if entity @s[tag=aj.cutscenes.bone.leftarm2] run data modify entity @s {} merge value {transformation:[0.9763824522960998f,-0.0387493149950843f,0.21254598898983282f,-0.31250000000000033f,-0.07922011635704344f,0.8510510653060979f,0.5190724972542202f,0.5472438797597876f,-0.20100119405772415f,-0.5236511957675333f,0.8278816009301097f,2.148298335506327f,0f,0f,0f,1f],start_interpolation:0}
execute if entity @s[tag=aj.cutscenes.locator_origin.mount2] at @s on origin run tp @s ^0 ^0.85623 ^2.35039 ~-180 ~-26.08651
execute if entity @s[tag=aj.cutscenes.bone.head2] run data modify entity @s {} merge value {transformation:[1f,-1.0770221299230788e-16f,-2.1997869129312014e-16f,-3.574028819367183e-16f,0f,0.8981311650276549f,-0.43972765481155207f,0.6316926557117452f,2.4492935982947064e-16f,0.43972765481155207f,0.8981311650276549f,2.240458002607593f,0f,0f,0f,1f],start_interpolation:0}
execute if entity @s[tag=aj.cutscenes.bone.upper2] run data modify entity @s {} merge value {transformation:[1f,-1.8058086612168067e-16f,-1.6547187705836282e-16f,-2.2196723234545778e-16f,0f,0.6755902076156602f,-0.737277336810124f,0.125f,2.4492935982947064e-16f,0.737277336810124f,0.6755902076156602f,1.6875f,0f,0f,0f,1f],start_interpolation:0}
execute if entity @s[tag=aj.cutscenes.bone.bottom7] run data modify entity @s {} merge value {transformation:[0.9622501286096566f,-0.2613904300562415f,-0.07582699430751813f,0.1265110728742515f,0.1441526541328116f,0.7257925133895056f,-0.6726404981966293f,0.37201650229898636f,0.23085645387808684f,0.6363177434134277f,0.736074063610502f,1.38880637158622f,0f,0f,0f,1f],start_interpolation:0}
execute if entity @s[tag=aj.cutscenes.bone.rightleg2] run data modify entity @s {} merge value {transformation:[0.9622501286096566f,-0.005590430625412266f,0.27210923739579607f,0.1187499999999998f,0.1441526541328116f,-0.8375697542741001f,-0.5269695617696424f,0.109375f,0.23085645387808684f,0.5463017973708721f,-0.8051457283574127f,1.5580828304278795f,0f,0f,0f,1f],start_interpolation:0}
execute if entity @s[tag=aj.cutscenes.bone.bottom8] run data modify entity @s {} merge value {transformation:[0.9622501286096569f,0.26139043005624113f,0.07582699430751774f,-0.1265110728742518f,-0.1441526541328116f,0.7257925133895056f,-0.6726404981966293f,0.37201650229898636f,-0.2308564538780864f,0.636317743413428f,0.7360740636105021f,1.38880637158622f,0f,0f,0f,1f],start_interpolation:0}
execute if entity @s[tag=aj.cutscenes.bone.leftleg2] run data modify entity @s {} merge value {transformation:[0.9622501286096569f,0.005590430625411999f,-0.2721092373957956f,-0.11875000000000019f,-0.1441526541328116f,-0.8375697542741001f,-0.5269695617696424f,0.109375f,-0.2308564538780864f,0.5463017973708721f,-0.8051457283574129f,1.5580828304278795f,0f,0f,0f,1f],start_interpolation:0}
execute if entity @s[tag=aj.cutscenes.camera_origin.camera] at @s on origin run tp @s ^-2.32933 ^-0.12 ^1.6875 ~-90 ~0