execute if entity @s[tag=aj.cutscenes.locator_origin.head] at @s on origin run tp @s ^-0.00718 ^10.29279 ^-3.24688 ~15.93886 ~3.81551
execute if entity @s[tag=aj.cutscenes.bone.blade2] run data modify entity @s {} merge value {transformation:[-0.000001851530934200605f,-0.000008076376224241692f,-0.000005598569485520541f,-1.0440655662950948f,0.000009699593528773804f,-0.000002416681592271941f,2.7845189556418313e-7f,9.702949274065093f,-0.000001577884208764251f,-0.000005378828605382165f,0.0000082812127286802f,-3.7849880029886003f,0f,0f,0f,1f],start_interpolation:0}
execute if entity @s[tag=aj.cutscenes.bone.heart] run data modify entity @s {} merge value {transformation:[0.00000559856948552054f,0.000004091228893928645f,0.000007205405321928926f,-0.6202007172658196f,-2.7845189556418175e-7f,0.000008783976903699008f,-0.0000047711858376235005f,9.561650151088374f,-0.000008281212728680202f,0.0000024705456670067336f,0.000005031691549526788f,-3.4380671276867574f,0f,0f,0f,1f],start_interpolation:0}
execute if entity @s[tag=aj.cutscenes.bone.bottom2] run data modify entity @s {} merge value {transformation:[-0.7205405321928924f,0.40912288939286445f,0.5598569485520541f,-0.4537628581283819f,0.47711858376235f,0.8783976903699008f,-0.02784518955641828f,9.981048624547544f,-0.5031691549526789f,0.24705456670067333f,-0.8281212728680201f,-3.433987819428705f,0f,0f,0f,1f],start_interpolation:0}
execute if entity @s[tag=aj.cutscenes.bone.rightarm] run data modify entity @s {} merge value {transformation:[-0.7207033787611877f,0.40883595365401826f,0.5598569485520541f,-0.3065099085423031f,0.4767687874036213f,0.8785875988063157f,-0.02784518955641828f,10.170897475036396f,-0.5032674867303557f,0.24685419628509808f,-0.8281212728680201f,-3.3408200524367833f,0f,0f,0f,1f],start_interpolation:0}
execute if entity @s[tag=aj.cutscenes.bone.blade] run data modify entity @s {} merge value {transformation:[-0.8898893140609158f,-1.1961331112080646f,0.1654164108905387f,-0.22254848156604745f,-0.6956792181016302f,0.675807483655981f,1.1442528874930031f,10.23440838594007f,-0.9869789431501044f,0.6021211051825751f,-0.9556792037457013f,-2.803704124576719f,0f,0f,0f,1f],start_interpolation:0}
execute if entity @s[tag=aj.cutscenes.bone.bottom] run data modify entity @s {} merge value {transformation:[0.11027760726035898f,0.9934896165291837f,-0.028587255650477483f,0.3688215061898412f,0.762835258328669f,-0.10304258334692046f,-0.638329534541389f,9.982559495533737f,-0.6371194691638008f,0.048586087163803346f,-0.7692321978093144f,-3.0036940437120236f,0f,0f,0f,1f],start_interpolation:0}
execute if entity @s[tag=aj.cutscenes.bone.leftarm] run data modify entity @s {} merge value {transformation:[-0.9938230836933304f,-0.04866675321630823f,0.09973577818246743f,0.294540875154931f,-0.1018920965452769f,0.7562612747406304f,-0.6462869989325833f,10.165256558184815f,-0.04397361686156109f,-0.6524572257696745f,-0.7565486696578435f,-3.1695567012082897f,0f,0f,0f,1f],start_interpolation:0}
execute if entity @s[tag=aj.cutscenes.locator_origin.mount] at @s on origin run tp @s ^-0.00568 ^10.54271 ^-3.24044 ~20.91239 ~1.25607
execute if entity @s[tag=aj.cutscenes.bone.head] run data modify entity @s {} merge value {transformation:[-0.9341408573658275f,0.005996240965508049f,0.35685417707254075f,-0.0071814200324232915f,0.014790813710069316f,0.9996502921681478f,0.021920884971430486f,10.292794850488283f,-0.3565979394635234f,0.025755357936169773f,-0.9339028702750352f,-3.246879987372229f,0f,0f,0f,1f],start_interpolation:0}
execute if entity @s[tag=aj.cutscenes.bone.upper] run data modify entity @s {} merge value {transformation:[-0.9616812539155745f,-0.00957522670989826f,0.27400270236043744f,4.0373302390293316e-16f,0.009025466962529462f,0.9977426710214128f,0.06654399574090128f,9.544487847222223f,-0.2740213619655897f,0.06646711560246049f,-0.959424002060618f,-3.2967303240740744f,0f,0f,0f,1f],start_interpolation:0}
execute if entity @s[tag=aj.cutscenes.bone.bottom3] run data modify entity @s {} merge value {transformation:[-0.9914448613738105f,-0.03924998298777886f,0.12448504203688393f,-0.11268091069990502f,3.469446951953614e-18f,0.9537169507482269f,0.30070579950427306f,9.246451300113403f,-0.13052619222005094f,0.29813321970381484f,-0.9455577700244291f,-3.390712743932892f,0f,0f,0f,1f],start_interpolation:0}
execute if entity @s[tag=aj.cutscenes.bone.rightleg] run data modify entity @s {} merge value {transformation:[-0.9914448613738105f,-0.03924998298777886f,0.12448504203688393f,-0.11874999999999959f,3.469446951953614e-18f,0.9537169507482269f,0.30070579950427306f,9.544487847222223f,-0.13052619222005094f,0.29813321970381484f,-0.9455577700244291f,-3.2967303240740744f,0f,0f,0f,1f],start_interpolation:0}
execute if entity @s[tag=aj.cutscenes.bone.bottom4] run data modify entity @s {} merge value {transformation:[-0.9848077530122079f,-0.05221701409779454f,-0.16561121050749172f,0.15406164153463348f,-6.938893903907228e-18f,0.9537169507482269f,-0.3007057995042731f,9.280928020405696f,0.17364817766693094f,-0.29613740272754274f,-0.9392278472760159f,-3.1324603689375006f,0f,0f,0f,1f],start_interpolation:0}
execute if entity @s[tag=aj.cutscenes.bone.leftleg] run data modify entity @s {} merge value {transformation:[-0.9848077530122079f,-0.09330109785058167f,-0.14645338762528573f,0.1187500000000004f,-6.938893903907228e-18f,0.8433914458128857f,-0.5372996083468239f,9.544487847222223f,0.17364817766693094f,-0.529136819990375f,-0.8305784346607052f,-3.2967303240740744f,0f,0f,0f,1f],start_interpolation:0}
execute if entity @s[tag=aj.cutscenes.locator_origin.head2] at @s on origin run tp @s ^0 ^0.125 ^2.4375 ~-180 ~-90
execute if entity @s[tag=aj.cutscenes.locator_origin.mount2] at @s on origin run tp @s ^0 ^0.125 ^2.6875 ~-180 ~-90
execute if entity @s[tag=aj.cutscenes.bone.bottom8] run data modify entity @s {} merge value {transformation:[0.9622501286096568f,0.2233727049637967f,-0.15549702462701878f,-0.20005273250540953f,-0.14415265413281167f,-0.06632846556181675f,-0.9873300091472359f,0.0926008131039011f,-0.2308564538780864f,0.9724737370918413f,-0.0316248062359826f,1.3236633031953648f,0f,0f,0f,1f],start_interpolation:0}
execute if entity @s[tag=aj.cutscenes.bone.leftleg2] run data modify entity @s {} merge value {transformation:[0.9622501286096568f,0.2409237414451167f,-0.1266113770511387f,-0.1187500000000002f,-0.14415265413281167f,0.05656045115017272f,-0.9879377144699736f,0.109375f,-0.2308564538780864f,0.9688945588523943f,0.08915509816639475f,1.625f,0f,0f,0f,1f],start_interpolation:0}
execute if entity @s[tag=aj.cutscenes.camera_origin.camera] at @s on origin run tp @s ^-7.71875 ^10.22375 ^-1.46875 ~-67.5 ~30