execute if entity @s[tag=aj.cutscenes.locator_origin.head] at @s on origin run tp @s ^-0.48891 ^1.23177 ^1.81379 ~-88.4857 ~29.67916
execute if entity @s[tag=aj.cutscenes.bone.blade2] run data modify entity @s {} merge value {transformation:[8.146657744374296e-8f,0.000005471849902722706f,0.000008369720535288685f,0.003456340716384787f,-0.000002342386301389309f,-0.000008126679577422388f,0.00000533575725281516f,0.40347650862596374f,0.000009721449974763195f,-0.0000020039804609774477f,0.0000012155133484241528f,2.00256707085611f,0f,0f,0f,1f],start_interpolation:0}
execute if entity @s[tag=aj.cutscenes.bone.heart] run data modify entity @s {} merge value {transformation:[0.000008369720535288683f,-0.0000036366647505654047f,0.00000408930894567309f,-0.30420889158646774f,0.000005335757252815161f,0.000003763316808867912f,-0.000007574109923622885f,0.703572083627195f,0.0000012155133484241515f,0.000008521274323015738f,0.000005090227029486544f,1.897161911614453f,0f,0f,0f,1f],start_interpolation:0}
execute if entity @s[tag=aj.cutscenes.bone.bottom2] run data modify entity @s {} merge value {transformation:[0.4089308945673088f,-0.36366647505654043f,-0.8369720535288685f,-0.4234827136522181f,-0.7574109923622885f,0.37633168088679114f,-0.5335757252815159f,0.9572409845754276f,0.5090227029486544f,0.8521274323015737f,-0.12155133484241525f,2.2476499423466643f,0f,0f,0f,1f],start_interpolation:0}
execute if entity @s[tag=aj.cutscenes.bone.rightarm] run data modify entity @s {} merge value {transformation:[-0.20356154565195017f,-0.5079768486294014f,-0.8369720535288685f,-0.5377543292063216f,0.0973790889196181f,0.8401275251004989f,-0.5335757252815159f,1.1611866727930762f,0.9742073753431424f,-0.1901190753844888f,-0.12155133484241525f,2.1392322125415957f,0f,0f,0f,1f],start_interpolation:0}
execute if entity @s[tag=aj.cutscenes.bone.blade] run data modify entity @s {} merge value {transformation:[-0.7636663305737849f,0.0000027643134342492286f,-0.00000815102335329914f,-0.23188726281344438f,-1.1077679107028804f,0.0000034608282061303355f,0.000005786421995169799f,1.0880702920700547f,0.6630716338111176f,0.000008965558508251555f,2.79533160442911e-7f,2.216383605948684f,0f,0f,0f,1f],start_interpolation:0}
execute if entity @s[tag=aj.cutscenes.bone.bottom] run data modify entity @s {} merge value {transformation:[-0.8151023353299138f,0.06557470822911621f,-0.5755937287535253f,-0.36406623004394434f,0.5786421995169801f,0.14009859701820143f,-0.8034585166962155f,0.9337662634403301f,0.0279533160442913f,-0.9879637345339138f,-0.15213898700836043f,1.5746194116034697f,0f,0f,0f,1f],start_interpolation:0}
execute if entity @s[tag=aj.cutscenes.bone.leftarm] run data modify entity @s {} merge value {transformation:[-0.4433573360452092f,-0.6871143514688864f,-0.5755937287535253f,-0.5635546514139915f,0.15029444527013064f,0.5760781124719639f,-0.8034585166962155f,1.0871791943877043f,0.8836548264429042f,-0.44272776774924655f,-0.15213898700836043f,1.5191658963188397f,0f,0f,0f,1f],start_interpolation:0}
execute if entity @s[tag=aj.cutscenes.locator_origin.mount] at @s on origin run tp @s ^-0.29939 ^1.39396 ^1.79708 ~-68.51993 ~46.3876
execute if entity @s[tag=aj.cutscenes.bone.head] run data modify entity @s {} merge value {transformation:[-0.11546661302384612f,0.7580719810741176f,-0.6418678468245347f,-0.48891038837218787f,0.23437501457299892f,0.6487369576392564f,0.7240225910404096f,1.2317709995984092f,0.9652646340878277f,-0.06683734961325437f,-0.2525805908536277f,1.8137888653162613f,0f,0f,0f,1f],start_interpolation:0}
execute if entity @s[tag=aj.cutscenes.bone.upper] run data modify entity @s {} merge value {transformation:[0.041280515532271925f,0.4939528155037498f,-0.8685082239641191f,-0.8593750000000002f,0.11841196544859509f,0.860704528064151f,0.49514272872422144f,0.5862426035502959f,0.9921061059564096f,-0.12328151291165168f,-0.022959597083217334f,1.90625f,0f,0f,0f,1f],start_interpolation:0}
execute if entity @s[tag=aj.cutscenes.locator_origin.head2] at @s on origin run tp @s ^0 ^0.125 ^2.4375 ~-180 ~-90
execute if entity @s[tag=aj.cutscenes.locator_origin.mount2] at @s on origin run tp @s ^0 ^0.125 ^2.6875 ~-180 ~-90
execute if entity @s[tag=aj.cutscenes.camera_origin.camera] at @s on origin run tp @s ^3.375 ^-0.44813 ^1.90625 ~90 ~0