execute if entity @s[tag=aj.cutscenes.locator_origin.head] at @s on origin run tp @s ^-0.48569 ^1.22757 ^1.81604 ~-88.47856 ~29.95646
execute if entity @s[tag=aj.cutscenes.bone.blade2] run data modify entity @s {} merge value {transformation:[-1.3021744478801487e-7f,0.000004969229331136126f,0.000008676969705585545f,-0.040925565254803786f,-0.0000023930997943400828f,-0.000008441003769428555f,0.0000047981797318173024f,0.36665509790768414f,0.000009708558945147439f,-0.0000020140047713620987f,0.0000012991027632671552f,2.002342809886038f,0f,0f,0f,1f],start_interpolation:0}
execute if entity @s[tag=aj.cutscenes.bone.heart] run data modify entity @s {} merge value {transformation:[0.000008676969705585545f,-0.000003453169046411611f,0.0000035757265366992833f,-0.3286086381454475f,0.000004798179731817303f,0.0000039382812459808986f,-0.000007840115566031714f,0.6858567670854978f,0.000001299102763267154f,0.000008518542384965863f,0.000005074127279248302f,1.8966345279761463f,0f,0f,0f,1f],start_interpolation:0}
execute if entity @s[tag=aj.cutscenes.bone.bottom2] run data modify entity @s {} merge value {transformation:[0.3575726536699281f,-0.34531690464116105f,-0.8676969705585544f,-0.4342442489554389f,-0.7840115566031715f,0.3938281245980898f,-0.4798179731817301f,0.944643073039683f,0.5074127279248302f,0.8518542384965861f,-0.12991027632671548f,2.2477567021611256f,0f,0f,0f,1f],start_interpolation:0}
execute if entity @s[tag=aj.cutscenes.bone.rightarm] run data modify entity @s {} merge value {transformation:[-0.20080054403734f,-0.45473190870865365f,-0.8676969705585544f,-0.5353771921302686f,0.09925565744633573f,0.8717356405910407f,-0.4798179731817301f,1.1563735045970471f,0.9745909172464127f,-0.18247154333076834f,-0.12991027632671548f,2.141226884000533f,0f,0f,0f,1f],start_interpolation:0}
execute if entity @s[tag=aj.cutscenes.bone.blade] run data modify entity @s {} merge value {transformation:[-0.7764228704625431f,0.000002883970175633001f,-0.00000805544298198165f,-0.22426719562118122f,-1.0983588665420407f,0.000003377130387650285f,0.000005914182889167308f,1.0766763401590878f,0.6639091251904798f,0.000008959782718954089f,3.637019624957313e-7f,2.217104549870145f,0f,0f,0f,1f],start_interpolation:0}
execute if entity @s[tag=aj.cutscenes.bone.bottom] run data modify entity @s {} merge value {transformation:[-0.8055442981981648f,0.06065090225707792f,-0.5894233213029739f,-0.36353103697865063f,0.591418288916731f,0.14335685024975153f,-0.7935195152113629f,0.9273048491625517f,0.03637019624957333f,-0.9878108531201065f,-0.1513503461604723f,1.5756717521891408f,0f,0f,0f,1f],start_interpolation:0}
execute if entity @s[tag=aj.cutscenes.bone.leftarm] run data modify entity @s {} merge value {transformation:[-0.43832144648058824f,-0.6785679463836589f,-0.5894233213029739f,-0.5605681139796022f,0.15677727105967754f,0.5880031175578952f,-0.7935195152113629f,1.0841042079932555f,0.8850396583398086f,-0.4402248015308315f,-0.1513503461604723f,1.520930530452671f,0f,0f,0f,1f],start_interpolation:0}
execute if entity @s[tag=aj.cutscenes.locator_origin.mount] at @s on origin run tp @s ^-0.29553 ^1.38904 ^1.79979 ~-68.50661 ~46.63921
execute if entity @s[tag=aj.cutscenes.bone.head] run data modify entity @s {} merge value {transformation:[-0.11521165175858251f,0.7606601962242732f,-0.6388445360016076f,-0.4856921836659224f,0.23288819879487888f,0.6458862690975844f,0.7270447126919222f,1.2275706512228206f,0.9656548877115136f,-0.06501533104778418f,-0.2515624069045511f,1.8160444486719223f,0f,0f,0f,1f],start_interpolation:0}
execute if entity @s[tag=aj.cutscenes.bone.upper] run data modify entity @s {} merge value {transformation:[0.04030547495893369f,0.49824375511210384f,-0.8660996646923059f,-0.8593750000000002f,0.11563087456606658f,0.8586543594213545f,0.49934175861206515f,0.5835798816568047f,0.9924741656765789f,-0.12027406843743685f,-0.023003889368657007f,1.90625f,0f,0f,0f,1f],start_interpolation:0}
execute if entity @s[tag=aj.cutscenes.locator_origin.head2] at @s on origin run tp @s ^0 ^0.125 ^2.4375 ~-180 ~-90
execute if entity @s[tag=aj.cutscenes.locator_origin.mount2] at @s on origin run tp @s ^0 ^0.125 ^2.6875 ~-180 ~-90
execute if entity @s[tag=aj.cutscenes.camera_origin.camera] at @s on origin run tp @s ^3.375 ^-0.44813 ^1.90625 ~90 ~0