execute if entity @s[tag=aj.cutscenes.locator_origin.head] at @s on origin run tp @s ^-0.16601 ^0.77794 ^1.69497 ~-69.19366 ~71.4225
execute if entity @s[tag=aj.cutscenes.bone.blade2] run data modify entity @s {} merge value {transformation:[0.0000014391065321011746f,0.0000018961658435773872f,0.000009712544851011718f,-0.03585318308281177f,0.000008840898058417613f,-0.000004655935339880994f,-4.0098333071959784e-7f,0.13587588136288897f,0.000004446064991645024f,0.00000864446766461057f,-0.000002346419588558456f,2.714832666266557f,0f,0f,0f,1f],start_interpolation:0}
execute if entity @s[tag=aj.cutscenes.bone.heart] run data modify entity @s {} merge value {transformation:[-0.000009712544851011718f,-2.2001044456256254e-7f,-0.000002370246384106345f,-0.12383737446009467f,4.00983330719599e-7f,0.000009663698098435225f,-0.000002540108547047642f,0.12545080440502332f,0.0000023464195885584573f,-0.0000025621347479363466f,-0.000009377088068683494f,2.1561457718839296f,0f,0f,0f,1f],start_interpolation:0}
execute if entity @s[tag=aj.cutscenes.bone.bottom2] run data modify entity @s {} merge value {transformation:[0.23702463841063426f,-0.022001044456256252f,-0.9712544851011717f,-0.19082453818240502f,0.2540108547047642f,0.9663698098435224f,0.04009833307195984f,0.571214876506621f,0.9377088068683493f,-0.25621347479363465f,0.2346419588558455f,2.1356422802339172f,0f,0f,0f,1f],start_interpolation:0}
execute if entity @s[tag=aj.cutscenes.bone.rightarm] run data modify entity @s {} merge value {transformation:[0.2379671980053087f,-0.006028087952269057f,-0.9712544851011717f,-0.2072045100458041f,0.18851654300090048f,0.9812510569165468f,0.04009833307195984f,0.8047453567982014f,0.9528027737619638f,-0.1926396258712103f,0.2346419588558455f,2.027932200405992f,0f,0f,0f,1f],start_interpolation:0}
execute if entity @s[tag=aj.cutscenes.bone.blade] run data modify entity @s {} merge value {transformation:[-1.2966367678673782f,-0.0000050263477386920155f,-1.1337870341185069e-7f,-1.0076687878925188f,0.7479532063133629f,-0.000008599940527608053f,0.0000010850297876435641f,0.05455682452992405f,-0.09643180688962338f,8.813917014302887e-7f,0.000009940314664513334f,1.4427733999267274f,0f,0f,0f,1f],start_interpolation:0}
execute if entity @s[tag=aj.cutscenes.bone.bottom] run data modify entity @s {} merge value {transformation:[-0.011337870341185129f,0.9075478335824314f,-0.41979564368387867f,-0.5847099571088223f,0.10850297876435616f,0.41846032997235033f,0.9017305893883679f,0.5757010064952411f,0.9940314664513334f,-0.03532537330683549f,-0.10321609227898798f,1.3912286345393892f,0f,0f,0f,1f],start_interpolation:0}
execute if entity @s[tag=aj.cutscenes.bone.leftarm] run data modify entity @s {} merge value {transformation:[0.03223034296318658f,0.9070462074980048f,-0.41979564368387867f,-0.35593400879912196f,0.12846075266634452f,0.4127708555430033f,0.9017305893883679f,0.6869225174226385f,0.99119071828628f,-0.08299035051006723f,-0.10321609227898798f,1.432430466804765f,0f,0f,0f,1f],start_interpolation:0}
execute if entity @s[tag=aj.cutscenes.locator_origin.mount] at @s on origin run tp @s ^0.07475 ^0.7269 ^1.65102 ~43.81195 ~75.57187
execute if entity @s[tag=aj.cutscenes.bone.head] run data modify entity @s {} merge value {transformation:[0.20696083206710797f,0.9630225769369254f,0.17249559501579803f,-0.16600811130695559f,0.1428290281474738f,-0.20416474972356058f,0.9684609562025535f,0.7779371150650484f,0.9678672856897989f,-0.17579610712436083f,-0.17980168522953777f,1.6949676003264544f,0f,0f,0f,1f],start_interpolation:0}
execute if entity @s[tag=aj.cutscenes.bone.upper] run data modify entity @s {} merge value {transformation:[0.2379671980053087f,0.9244891849240595f,-0.2978109461251392f,-0.8593750000000002f,0.18851654300090048f,0.256825423637027f,0.9478935672261161f,0.5853180473372781f,0.9528027737619638f,-0.2817098662313942f,-0.11316547874417414f,1.90625f,0f,0f,0f,1f],start_interpolation:0}
execute if entity @s[tag=aj.cutscenes.bone.bottom3] run data modify entity @s {} merge value {transformation:[-0.1305261922200519f,0.9455577700244291f,-0.2981332197038149f,-0.9139915991497519f,1.734723475976807e-18f,0.3007057995042731f,0.9537169507482268f,0.285997577183685f,0.9914448613738104f,0.12448504203688487f,-0.03924998298777915f,2.0241135193158315f,0f,0f,0f,1f],start_interpolation:0}
execute if entity @s[tag=aj.cutscenes.bone.rightleg] run data modify entity @s {} merge value {transformation:[-0.1305261922200519f,0.17216259343480453f,-0.9763825861650424f,-0.8593750000000002f,1.734723475976807e-18f,0.984807753012208f,0.17364817766693033f,0.59375f,0.9914448613738104f,0.022665635416815478f,-0.1285432060694689f,2.025f,0f,0f,0f,1f],start_interpolation:0}
execute if entity @s[tag=aj.cutscenes.bone.bottom4] run data modify entity @s {} merge value {transformation:[0.17364817766693f,0.5291368199903753f,-0.8305784346607052f,-0.5527078782941035f,0f,0.8433914458128854f,0.537299608346824f,0.4687499999999999f,0.9848077530122081f,-0.09330109785058119f,0.14645338762528493f,1.7270798960227582f,0f,0f,0f,1f],start_interpolation:0}
execute if entity @s[tag=aj.cutscenes.bone.leftleg] run data modify entity @s {} merge value {transformation:[0.17364817766693f,-0.984807753012208f,-3.3306690738754696e-16f,-0.8593750000000002f,0f,3.3306690738754696e-16f,-0.9999999999999998f,0.46875f,0.9848077530122081f,0.17364817766693f,2.77555756156288e-17f,1.7875f,0f,0f,0f,1f],start_interpolation:0}
execute if entity @s[tag=aj.cutscenes.locator_origin.head2] at @s on origin run tp @s ^0 ^0.125 ^2.4375 ~-180 ~-90
execute if entity @s[tag=aj.cutscenes.locator_origin.mount2] at @s on origin run tp @s ^0 ^0.125 ^2.6875 ~-180 ~-90
execute if entity @s[tag=aj.cutscenes.camera_origin.camera] at @s on origin run tp @s ^3.375 ^-0.44813 ^1.90625 ~90 ~10