execute if entity @s[tag=aj.cutscenes.locator_origin.head] at @s on origin run tp @s ^0 ^1.5 ^0 ~0 ~0
execute if entity @s[tag=aj.cutscenes.bone.blade2] run data modify entity @s {} merge value {transformation:[0.0014749587641652122f,-0.000026838615443854926f,1.4999992745919355f,-0.38493387048030087f,1.4997510106305547f,-0.027289739627970058f,-0.001475202924097804f,0.8813412007874076f,0.027289752825441244f,1.4997517359185575f,-1.4325784936664436e-16f,0.4455906791064486f,0f,0f,0f,1f],start_interpolation:0}
execute if entity @s[tag=aj.cutscenes.bone.heart] run data modify entity @s {} merge value {transformation:[1.7892410295903288e-10f,9.833058427770301e-9f,0.000009999995163946238f,-0.29730663193243934f,1.819315975198004e-7f,0.000009998340070870366f,-9.83468616065425e-9f,0.686074447808168f,-0.000009998344906123716f,1.8193168550294165e-7f,-9.95449278341808e-22f,0.0701525583383378f,0f,0f,0f,1f],start_interpolation:0}
execute if entity @s[tag=aj.cutscenes.bone.bottom2] run data modify entity @s {} merge value {transformation:[-0.9999995163946237f,0.00098330584277703f,0.00001789241029612533f,-0.375f,0.0009834686160654289f,0.9998340070870365f,0.018193159751980038f,1.125f,-1.2246292662426319e-16f,0.018193168550294164f,-0.9998344906123716f,-4.592425496802575e-17f,0f,0f,0f,1f],start_interpolation:0}
execute if entity @s[tag=aj.cutscenes.bone.blade] run data modify entity @s {} merge value {transformation:[0.0014749127912348295f,0.000029256204787951983f,-1.4999992745919355f,0.38493458845816114f,-1.4997042649516328f,-0.02974796568197191f,-0.001475202924097804f,0.8806111546004638f,-0.029747980068255006f,1.499704990217029f,-5.100929546105013e-16f,0.4451906801803432f,0f,0f,0f,1f],start_interpolation:0}
execute if entity @s[tag=aj.cutscenes.bone.bottom] run data modify entity @s {} merge value {transformation:[-0.9999995163946237f,-0.0009832751941567751f,-0.000019504136525523368f,0.375f,-0.000983468616065429f,0.9998028433010885f,0.01983197712131461f,1.125f,-1.224646206901577e-16f,0.019831986712170003f,-0.9998033268113526f,4.592425496802575e-17f,0f,0f,0f,1f],start_interpolation:0}
execute if entity @s[tag=aj.cutscenes.locator_origin.mount] at @s on origin run tp @s ^0 ^1.75 ^0 ~0 ~0
execute if entity @s[tag=aj.cutscenes.locator_origin.head2] at @s on origin run tp @s ^0 ^0.73857 ^2.11881 ~-180 ~-35.10518
execute if entity @s[tag=aj.cutscenes.bone.bottom5] run data modify entity @s {} merge value {transformation:[0.9763825850778205f,-0.13014767760724333f,-0.1724489187272384f,0.4060608309691743f,0.12051739940446764f,0.9905658341153377f,-0.06522947741757018f,0.39620193399821824f,0.17931147201876585f,0.04290583056912334f,0.9828562894470569f,2.04740505633511f,0f,0f,0f,1f],start_interpolation:0}
execute if entity @s[tag=aj.cutscenes.bone.rightarm2] run data modify entity @s {} merge value {transformation:[0.9763825850778205f,-0.13014767760724333f,-0.1724489187272384f,0.31249999999999967f,0.12051739940446764f,0.9905658341153377f,-0.06522947741757018f,0.6363110550642734f,0.17931147201876585f,0.04290583056912334f,0.9828562894470569f,2.046924546976218f,0f,0f,0f,1f],start_interpolation:0}
execute if entity @s[tag=aj.cutscenes.bone.bottom6] run data modify entity @s {} merge value {transformation:[0.9763824522960998f,0.13014822729681952f,0.17244925566597788f,-0.4060609600927114f,-0.12051792521367868f,0.9905657640270363f,-0.06522957028621185f,0.3962019843833693f,-0.1793118416347469f,0.0429057813007655f,0.9828562241653285f,2.0474050917531983f,0f,0f,0f,1f],start_interpolation:0}
execute if entity @s[tag=aj.cutscenes.bone.leftarm2] run data modify entity @s {} merge value {transformation:[0.9763824522960998f,0.13014822729681952f,0.17244925566597788f,-0.31250000000000033f,-0.12051792521367868f,0.9905657640270363f,-0.06522957028621185f,0.6363110550642734f,-0.1793118416347469f,0.0429057813007655f,0.9828562241653285f,2.046924546976218f,0f,0f,0f,1f],start_interpolation:0}
execute if entity @s[tag=aj.cutscenes.locator_origin.mount2] at @s on origin run tp @s ^0 ^0.97994 ^2.18395 ~-180 ~-15.1027
execute if entity @s[tag=aj.cutscenes.bone.head2] run data modify entity @s {} merge value {transformation:[1f,-6.381636470237937e-17f,-2.364695813474689e-16f,-3.2760758138291685e-16f,0f,0.9654603331838545f,-0.2605500816513415f,0.7385732660771281f,2.4492935982947064e-16f,0.2605500816513415f,0.9654603331838545f,2.1188094563714617f,0f,0f,0f,1f],start_interpolation:0}
execute if entity @s[tag=aj.cutscenes.bone.upper2] run data modify entity @s {} merge value {transformation:[1f,-1.408537987166121e-16f,-2.0037614302499795e-16f,-2.2196723234545778e-16f,0f,0.8180976881028376f,-0.5750792751619487f,0.125f,2.4492935982947064e-16f,0.5750792751619487f,0.8180976881028376f,1.6875f,0f,0f,0f,1f],start_interpolation:0}
execute if entity @s[tag=aj.cutscenes.bone.bottom7] run data modify entity @s {} merge value {transformation:[0.9622501286096566f,-0.2690717656037126f,-0.04092767945535192f,0.15166478455517335f,0.14415265413281164f,0.6314114633063784f,-0.7619314774385977f,0.3113625529774779f,0.23085645387808687f,0.7272688285360503f,0.6463631709361509f,1.326244589246373f,0f,0f,0f,1f],start_interpolation:0}
execute if entity @s[tag=aj.cutscenes.bone.rightleg2] run data modify entity @s {} merge value {transformation:[0.9622501286096566f,-0.08608230800436222f,0.2581947447941987f,0.1187499999999998f,0.14415265413281164f,-0.6434771164452731f,-0.751769388122277f,0.109375f,0.23085645387808687f,0.7606096481506915f,-0.6067769448841279f,1.562492251456726f,0f,0f,0f,1f],start_interpolation:0}
execute if entity @s[tag=aj.cutscenes.bone.bottom8] run data modify entity @s {} merge value {transformation:[0.9622501701573999f,0.2690717222412173f,0.04092698770005323f,-0.1516645694850325f,-0.14415314608279206f,0.6314113836608449f,-0.7619314503667179f,0.311362551947336f,-0.23085597351268244f,0.7272689137269945f,0.6463632466499538f,1.326244558401456f,0f,0f,0f,1f],start_interpolation:0}
execute if entity @s[tag=aj.cutscenes.bone.leftleg2] run data modify entity @s {} merge value {transformation:[0.9622501701573999f,0.08608161894895543f,-0.2581948196830873f,-0.11875000000000019f,-0.14415314608279206f,-0.6434771033098194f,-0.7517693050334238f,0.109375f,-0.23085597351268244f,0.7606097372471183f,-0.6067770159608726f,1.562492251456726f,0f,0f,0f,1f],start_interpolation:0}
execute if entity @s[tag=aj.cutscenes.camera_origin.camera] at @s on origin run tp @s ^-2.4375 ^-0.12 ^1 ~-90 ~0