execute if entity @s[tag=aj.cutscenes.locator_origin.head] at @s on origin run tp @s ^-0.00346 ^1.49973 ^-0.01967 ~4.01145 ~-1.48084
execute if entity @s[tag=aj.cutscenes.bone.blade2] run data modify entity @s {} merge value {transformation:[0.08650220663558938f,0.10264065520946794f,1.4939820160046589f,-0.3663842808525479f,1.4892962692425693f,-0.1623580868431858f,-0.07507645474304227f,0.8363849975261602f,0.1565694435940082f,1.4876507478352543f,-0.11127111843542785f,0.29468510228948225f,0f,0f,0f,1f],start_interpolation:0}
execute if entity @s[tag=aj.cutscenes.bone.heart] run data modify entity @s {} merge value {transformation:[-6.842710347297863e-7f,5.766813775705982e-7f,0.000009959880106697726f,-0.32117144055693003f,0.000001082387245621239f,0.000009928641794950464f,-5.005096982869508e-7f,0.6891975808316955f,-0.00000991767165223503f,0.0000010437962906267213f,-7.41807456236186e-7f,-0.09068114513320111f,0f,0f,0f,1f],start_interpolation:0}
execute if entity @s[tag=aj.cutscenes.bone.bottom2] run data modify entity @s {} merge value {transformation:[-0.9959880106697725f,0.05766813775705981f,-0.06842710347297841f,-0.3790990610806188f,0.0500509698286951f,0.9928641794950462f,0.10823872456212386f,1.135942041735061f,0.07418074562361837f,0.10437962906267212f,-0.9917671652235028f,-0.11670149644952305f,0f,0f,0f,1f],start_interpolation:0}
execute if entity @s[tag=aj.cutscenes.bone.rightarm] run data modify entity @s {} merge value {transformation:[-0.9985165714747183f,0.008303399627680133f,-0.05381180209764985f,-0.3146159254565289f,-0.009784146218371549f,0.9448535602544397f,0.32734694157313793f,1.372766940937319f,0.053562365268452414f,0.32738784832234213f,-0.9433706958548775f,-0.03820218219821579f,0f,0f,0f,1f],start_interpolation:0}
execute if entity @s[tag=aj.cutscenes.bone.blade] run data modify entity @s {} merge value {transformation:[0.27745411569893597f,-0.43204145131291416f,-1.409382630100553f,0.34017901653822086f,-1.4031515687925615f,0.3622078867993997f,-0.38726105114674997f,1.0147290519802752f,0.4518682204766054f,1.3900164139634268f,-0.3371490475080154f,0.5187008632228133f,0f,0f,0f,1f],start_interpolation:0}
execute if entity @s[tag=aj.cutscenes.bone.bottom] run data modify entity @s {} merge value {transformation:[-0.9395884200670354f,-0.18496941046595755f,0.2880276342086092f,0.41766120656955025f,-0.2581740340978335f,0.935434379195041f,-0.2414719245329332f,1.1447932641457799f,-0.22476603167200995f,-0.30124548031773696f,-0.9266776093089513f,0.03268148816129944f,0f,0f,0f,1f],start_interpolation:0}
execute if entity @s[tag=aj.cutscenes.bone.leftarm] run data modify entity @s {} merge value {transformation:[-0.9520573627926051f,-0.19724155933929746f,0.23384299267198966f,0.30884723156018806f,-0.2039442729011899f,0.9789717510175889f,-0.004587402354344804f,1.3767896848438528f,-0.22802085760560328f,-0.05205840930107333f,-0.9722635499276147f,0.005415582235680897f,0f,0f,0f,1f],start_interpolation:0}
execute if entity @s[tag=aj.cutscenes.locator_origin.mount] at @s on origin run tp @s ^-0.00466 ^1.74972 ^-0.01746 ~-1.73828 ~0.49883
execute if entity @s[tag=aj.cutscenes.bone.head] run data modify entity @s {} merge value {transformation:[-0.9995284322785783f,-0.0047778726729887375f,-0.030332902918252858f,-0.0034612163378045027f,-0.0050440927575013846f,0.9999493786117145f,0.008706166912010156f,1.499733975468703f,0.030289770467621033f,0.008855063340641098f,-0.9995019347946518f,-0.01967195997752094f,0f,0f,0f,1f],start_interpolation:0}
execute if entity @s[tag=aj.cutscenes.bone.upper] run data modify entity @s {} merge value {transformation:[-0.9975410512267472f,-0.004614955117072671f,0.06993249106605208f,0f,-0.006436390250453869f,0.9996453006249373f,-0.025842713073951144f,0.75f,-0.0697884230942347f,-0.026229279970027917f,-0.9972169276913996f,0f,0f,0f,0f,1f],start_interpolation:0}
execute if entity @s[tag=aj.cutscenes.bone.bottom3] run data modify entity @s {} merge value {transformation:[-0.9929379273655637f,0.015352674800164178f,0.1176374420644159f,-0.13433433382919124f,1.734723475976807e-18f,0.9915910458535069f,-0.12941096469445035f,0.44766433923167376f,-0.11863503866471493f,-0.12849705506208564f,-0.9845883578640329f,0.07775338749456433f,0f,0f,0f,1f],start_interpolation:0}
execute if entity @s[tag=aj.cutscenes.bone.rightleg] run data modify entity @s {} merge value {transformation:[-0.9929379273655637f,0.030011109706100738f,0.11477632897591206f,-0.11875f,1.734723475976807e-18f,0.967474114458644f,-0.2529700335068614f,0.75f,-0.11863503866471493f,-0.2511835407559002f,-0.9606417419904002f,-1.4542680739874818e-17f,0f,0f,0f,1f],start_interpolation:0}
execute if entity @s[tag=aj.cutscenes.bone.bottom4] run data modify entity @s {} merge value {transformation:[-0.9997274331943677f,0.000756259025137272f,-0.023334253596116804f,0.12455158151736352f,-1.0842021724855044e-19f,0.999475215079822f,0.03239281465300093f,0.43808633360518034f,0.02334650549013688f,0.03238398544698552f,-0.999202791313139f,-0.01927482472134384f,0f,0f,0f,1f],start_interpolation:0}
execute if entity @s[tag=aj.cutscenes.bone.leftleg] run data modify entity @s {} merge value {transformation:[-0.9997274331943677f,0.0014294878083240816f,-0.02330270119979322f,0.11875f,-1.0842021724855044e-19f,0.9981237324634229f,0.06122919804542025f,0.75f,0.02334650549013688f,0.06121250899849759f,-0.9978516770660396f,1.4542680739874818e-17f,0f,0f,0f,1f],start_interpolation:0}
execute if entity @s[tag=aj.cutscenes.locator_origin.head2] at @s on origin run tp @s ^0 ^0.71767 ^2.04483 ~-180 ~-37.79297
execute if entity @s[tag=aj.cutscenes.bone.bottom5] run data modify entity @s {} merge value {transformation:[0.9763824357934117f,-0.11314880869699699f,-0.18405077061662822f,0.40181110441133716f,0.11197684817022861f,0.9935690792904337f,-0.016783031663594905f,0.3775001715863497f,0.18476613474331788f,-0.004222767861252974f,0.9827734447387171f,1.9808371496324244f,0f,0f,0f,1f],start_interpolation:0}
execute if entity @s[tag=aj.cutscenes.bone.rightarm2] run data modify entity @s {} merge value {transformation:[0.9763824357934117f,-0.11314880869699699f,-0.18405077061662822f,0.31249999999999967f,0.11197684817022861f,0.9935690792904337f,-0.016783031663594905f,0.6188938883983188f,0.18476613474331788f,-0.004222767861252974f,0.9827734447387171f,1.9682335742456538f,0f,0f,0f,1f],start_interpolation:0}
execute if entity @s[tag=aj.cutscenes.bone.bottom6] run data modify entity @s {} merge value {transformation:[0.9763824522960998f,0.1131487446739106f,0.18405072242991224f,-0.40181108943698424f,-0.11197678504655795f,0.9935690866055655f,-0.016783019764611273f,0.3775001658123373f,-0.18476608579198556f,-0.004222762188492879f,0.9827734539661763f,1.9808371451547762f,0f,0f,0f,1f],start_interpolation:0}
execute if entity @s[tag=aj.cutscenes.bone.leftarm2] run data modify entity @s {} merge value {transformation:[0.9763824522960998f,0.1131487446739106f,0.18405072242991224f,-0.31250000000000033f,-0.11197678504655795f,0.9935690866055655f,-0.016783019764611273f,0.6188938883983188f,-0.18476608579198556f,-0.004222762188492879f,0.9827734539661763f,1.9682335742456538f,0f,0f,0f,1f],start_interpolation:0}
execute if entity @s[tag=aj.cutscenes.locator_origin.mount2] at @s on origin run tp @s ^0 ^0.96202 ^2.0977 ~-180 ~-12.20703
execute if entity @s[tag=aj.cutscenes.bone.head2] run data modify entity @s {} merge value {transformation:[1f,-5.178902525820814e-17f,-2.3939149560767396e-16f,-3.2201382142585655e-16f,0f,0.9773899534720853f,-0.21144474184011947f,0.7176726660779825f,2.4492935982947064e-16f,0.21144474184011947f,0.9773899534720853f,2.04483483454933f,0f,0f,0f,1f],start_interpolation:0}
execute if entity @s[tag=aj.cutscenes.bone.upper2] run data modify entity @s {} merge value {transformation:[1f,-1.5009518118648044e-16f,-1.9355058225454117e-16f,-2.0944243553599621e-16f,0f,0.79023022143731f,-0.6128100824294097f,0.125f,2.4492935982947064e-16f,0.6128100824294097f,0.79023022143731f,1.5852272727272727f,0f,0f,0f,1f],start_interpolation:0}
execute if entity @s[tag=aj.cutscenes.bone.bottom7] run data modify entity @s {} merge value {transformation:[0.9622501286096565f,-0.26905160752600293f,-0.04105998634160711f,0.144028255744162f,0.14415265413281164f,0.6317860548610036f,-0.7616208986035214f,0.3323813390529127f,0.2308564538780869f,0.7269509016232412f,0.6467207158673612f,1.24268533417576f,0f,0f,0f,1f],start_interpolation:0}
execute if entity @s[tag=aj.cutscenes.bone.rightleg2] run data modify entity @s {} merge value {transformation:[0.9622501286096565f,-0.06164541580912588f,0.2650934414511594f,0.11874999999999981f,0.14415265413281164f,-0.7107372318866645f,-0.688529301857625f,0.109375f,0.2308564538780869f,0.7007513324424025f,-0.675020642486608f,1.4602272727272727f,0f,0f,0f,1f],start_interpolation:0}
execute if entity @s[tag=aj.cutscenes.bone.bottom8] run data modify entity @s {} merge value {transformation:[0.9622501234458984f,0.26905161287299073f,0.041060072318440485f,-0.14402828262855796f,-0.14415259299124727f,0.6317860647613455f,-0.7616209019632225f,0.3323813394794556f,-0.23085651357987086f,0.726950891039976f,0.6467207064521219f,1.2426853377369713f,0f,0f,0f,1f],start_interpolation:0}
execute if entity @s[tag=aj.cutscenes.bone.leftleg2] run data modify entity @s {} merge value {transformation:[0.9622501234458984f,0.06164550194246691f,-0.2650934401651889f,-0.11875000000000017f,-0.14415259299124727f,-0.7107372344744329f,-0.6885293119871765f,0.109375f,-0.23085651357987086f,0.7007513222405621f,-0.6750206326593661f,1.4602272727272727f,0f,0f,0f,1f],start_interpolation:0}
execute if entity @s[tag=aj.cutscenes.camera_origin.camera] at @s on origin run tp @s ^-2.33906 ^-0.12 ^0.825 ~-90 ~0