execute if entity @s[tag=aj.cutscenes.locator_origin.head] at @s on origin run tp @s ^0.02082 ^9.05006 ^-3.05367 ~34.62427 ~-0.93082
execute if entity @s[tag=aj.cutscenes.bone.blade2] run data modify entity @s {} merge value {transformation:[0.000009965255326868513f,1.0758946614524163e-7f,-8.258999800782492e-7f,-0.4957196151931953f,7.27796255245365e-7f,0.00000369665253143987f,0.000009263102756239401f,9.28835779152947f,4.049677532464711e-7f,-0.00000929102709976533f,0.0000036759783119948807f,-4.0991184837141414f,0f,0f,0f,1f],start_interpolation:0}
execute if entity @s[tag=aj.cutscenes.bone.heart] run data modify entity @s {} merge value {transformation:[8.258999800782506e-7f,0.000007274470518256198f,-0.000006811752190290549f,-0.7741819372961651f,-0.000009263102756239401f,-0.000001960834566390733f,-0.000003217150156675508f,9.128443328607405f,-0.0000036759783119948807f,0.000006575500473900723f,0.000006576471467852242f,-3.6334286235774127f,0f,0f,0f,1f],start_interpolation:0}
execute if entity @s[tag=aj.cutscenes.bone.bottom2] run data modify entity @s {} merge value {transformation:[0.6811752190290549f,0.7274470518256198f,0.0825899980078249f,-0.39625469454145035f,0.32171501566755056f,-0.1960834566390733f,-0.9263102756239401f,8.995422811643717f,-0.6576471467852242f,0.6575500473900723f,-0.3675978311994879f,-3.425847741749312f,0f,0f,0f,1f],start_interpolation:0}
execute if entity @s[tag=aj.cutscenes.bone.rightarm] run data modify entity @s {} merge value {transformation:[0.6189758771587754f,0.7810555394622021f,0.0825899980078249f,-0.23967680199832334f,0.3367655445360919f,-0.16893265311007563f,-0.9263102756239401f,8.932141801832692f,-0.7095476245530201f,0.6011771810278556f,-0.3675978311994879f,-3.2312067199577843f,0f,0f,0f,1f],start_interpolation:0}
execute if entity @s[tag=aj.cutscenes.bone.blade] run data modify entity @s {} merge value {transformation:[0.8416844526914254f,-0.5075884575756386f,-1.1331024842588238f,0.21683341848677853f,-1.0471314587156642f,-1.0257621865703825f,-0.31832003513814916f,8.158531402132441f,-0.667145404140312f,0.9696215211815022f,-0.9299199510689771f,-2.491909134480356f,0f,0f,0f,1f],start_interpolation:0}
execute if entity @s[tag=aj.cutscenes.bone.bottom] run data modify entity @s {} merge value {transformation:[-0.7554016561725494f,-0.044652164150832174f,0.6537388791317343f,0.38410206776259304f,-0.21221335675876624f,0.9605767483764523f,-0.17960457035303548f,8.684907429685207f,-0.6199466340459846f,-0.2744057118851008f,-0.7350970522454059f,-2.8767360700764235f,0f,0f,0f,1f],start_interpolation:0}
execute if entity @s[tag=aj.cutscenes.bone.leftarm] run data modify entity @s {} merge value {transformation:[-0.7889346002480969f,-0.24168362148980493f,0.5649524082920152f,0.2743727498746358f,-0.10128564327838357f,0.957974982193669f,0.2683750211117338f,8.918070822528726f,-0.6060721202935004f,0.15450877190183154f,-0.7802586906970844f,-2.8759883846193093f,0f,0f,0f,1f],start_interpolation:0}
execute if entity @s[tag=aj.cutscenes.locator_origin.mount] at @s on origin run tp @s ^0.04089 ^9.29883 ^-3.06813 ~40.03806 ~-5.50715
execute if entity @s[tag=aj.cutscenes.bone.head] run data modify entity @s {} merge value {transformation:[-0.7638949246098762f,0.08028595735857577f,0.6403270330122636f,0.0208175687257874f,0.024139095084425206f,0.9950914915391378f,-0.09596993047261869f,9.050058130172408f,-0.6448890200986342f,-0.057854027668185204f,-0.7620833702678416f,-3.053668914598108f,0f,0f,0f,1f],start_interpolation:0}
execute if entity @s[tag=aj.cutscenes.bone.upper] run data modify entity @s {} merge value {transformation:[-0.8224792829967346f,0.02775675830104937f,0.5681174098809105f,3.739141500174441e-16f,0.02251356688634763f,0.9996145439335837f,-0.01624508733455391f,8.30034722222222f,-0.56834933654156f,-0.0005708984764907842f,-0.8227871570021607f,-3.05324074074074f,0f,0f,0f,1f],start_interpolation:0}
execute if entity @s[tag=aj.cutscenes.bone.bottom3] run data modify entity @s {} merge value {transformation:[-0.9914448613738105f,-0.03924998298777886f,0.12448504203688393f,-0.11268091069990505f,3.469446951953614e-18f,0.9537169507482269f,0.30070579950427306f,8.0023106751134f,-0.13052619222005094f,0.29813321970381484f,-0.9455577700244291f,-3.1472231605995575f,0f,0f,0f,1f],start_interpolation:0}
execute if entity @s[tag=aj.cutscenes.bone.rightleg] run data modify entity @s {} merge value {transformation:[-0.9914448613738105f,-0.03924998298777886f,0.12448504203688393f,-0.11874999999999962f,3.469446951953614e-18f,0.9537169507482269f,0.30070579950427306f,8.30034722222222f,-0.13052619222005094f,0.29813321970381484f,-0.9455577700244291f,-3.05324074074074f,0f,0f,0f,1f],start_interpolation:0}
execute if entity @s[tag=aj.cutscenes.bone.bottom4] run data modify entity @s {} merge value {transformation:[-0.9848077530122079f,-0.05221701409779454f,-0.16561121050749172f,0.15406164153463345f,-6.938893903907228e-18f,0.9537169507482269f,-0.3007057995042731f,8.036787395405693f,0.17364817766693094f,-0.29613740272754274f,-0.9392278472760159f,-2.888970785604166f,0f,0f,0f,1f],start_interpolation:0}
execute if entity @s[tag=aj.cutscenes.bone.leftleg] run data modify entity @s {} merge value {transformation:[-0.9848077530122079f,-0.09330109785058167f,-0.14645338762528573f,0.11875000000000037f,-6.938893903907228e-18f,0.8433914458128857f,-0.5372996083468239f,8.30034722222222f,0.17364817766693094f,-0.529136819990375f,-0.8305784346607052f,-3.05324074074074f,0f,0f,0f,1f],start_interpolation:0}
execute if entity @s[tag=aj.cutscenes.locator_origin.head2] at @s on origin run tp @s ^0 ^0.125 ^2.4375 ~-180 ~-90
execute if entity @s[tag=aj.cutscenes.locator_origin.mount2] at @s on origin run tp @s ^0 ^0.125 ^2.6875 ~-180 ~-90
execute if entity @s[tag=aj.cutscenes.bone.projectile1] run data modify entity @s {} merge value {transformation:[-1.6044817335336945e-16f,-6.456951689933621e-16f,-1.4999999999999996f,-0.16823687500000015f,-0.5130302149885031f,-1.409538931178862f,5.828670879282072e-16f,0.864995625f,-1.4095389311788624f,0.5130302149885031f,-5.167639272596499e-16f,1.172695625f,0f,0f,0f,1f],start_interpolation:0}
execute if entity @s[tag=aj.cutscenes.camera_origin.camera] at @s on origin run tp @s ^-7.71875 ^10.22375 ^-1.46875 ~-67.5 ~30