execute if entity @s[tag=aj.cutscenes.locator_origin.head] at @s on origin run tp @s ^-0.83885 ^1.32311 ^1.82234 ~-92.02519 ~1.80461
execute if entity @s[tag=aj.cutscenes.bone.blade2] run data modify entity @s {} merge value {transformation:[-0.0000033836088296373333f,0.000009025089147687664f,-0.0000026643868270749557f,0.0938798033425986f,-0.0000013193543966689978f,0.0000023484385791853445f,0.000009630375912485663f,1.5121853139513313f,0.000009317214995050316f,0.000003610069544494148f,3.9610935349388935e-7f,2.398259168132883f,0f,0f,0f,1f],start_interpolation:0}
execute if entity @s[tag=aj.cutscenes.bone.heart] run data modify entity @s {} merge value {transformation:[-0.26643868270749554f,-0.8591919957758386f,0.4368060699576247f,-0.17043109992192412f,0.9630375912485662f,-0.2559312203169299f,0.08401076305596815f,1.3373384697290465f,0.039610935349388775f,0.4430443824966276f,0.8956241672369768f,2.089400261220605f,0f,0f,0f,1f],start_interpolation:0}
execute if entity @s[tag=aj.cutscenes.bone.bottom2] run data modify entity @s {} merge value {transformation:[0.4368060699576248f,-0.8591919957758386f,0.26643868270749543f,-0.5944434995327281f,0.08401076305596794f,-0.2559312203169299f,-0.9630375912485662f,1.2953551999656858f,0.8956241672369768f,0.4430443824966276f,-0.039610935349388976f,2.2303502724347397f,0f,0f,0f,1f],start_interpolation:0}
execute if entity @s[tag=aj.cutscenes.bone.rightarm] run data modify entity @s {} merge value {transformation:[-0.07229513664530174f,-0.9611367444721542f,0.26643868270749543f,-0.8302092396104354f,-0.0609484744279727f,-0.2623811755958526f,-0.9630375912485662f,1.233569185718471f,0.9955193100499556f,-0.0858619654934979f,-0.039610935349388976f,2.146664824183243f,0f,0f,0f,1f],start_interpolation:0}
execute if entity @s[tag=aj.cutscenes.bone.blade] run data modify entity @s {} merge value {transformation:[-0.4143914959479816f,0.000008453291578416412f,-0.000004572728685088311f,-0.13885259175498055f,-1.4411211151718017f,-0.0000023033737661824583f,0.0000015462569932206731f,0.74346417512764f,0.038073868886360995f,0.000004820407740382196f,0.0000087578103247037f,1.778168312632335f,0f,0f,0f,1f],start_interpolation:0}
execute if entity @s[tag=aj.cutscenes.bone.bottom] run data modify entity @s {} merge value {transformation:[-0.45727286850883087f,-0.5339963094097242f,-0.711160646592948f,-0.6731992510985005f,0.15462569932206735f,0.7397434086599914f,-0.6548821134015332f,0.995211296745097f,0.8757810324703701f,-0.40942353484001265f,-0.2556950376605729f,1.455307153341236f,0f,0f,0f,1f],start_interpolation:0}
execute if entity @s[tag=aj.cutscenes.bone.leftarm] run data modify entity @s {} merge value {transformation:[-0.15903393274324723f,-0.6848056242275736f,-0.711160646592948f,-0.8543402779518469f,-0.2044208227120759f,0.7275586194860587f,-0.6548821134015332f,1.164324650197107f,0.9658780127313876f,0.041227566479527286f,-0.2556950376605729f,1.5259814207568296f,0f,0f,0f,1f],start_interpolation:0}
execute if entity @s[tag=aj.cutscenes.locator_origin.mount] at @s on origin run tp @s ^-0.79908 ^1.56878 ^1.79858 ~-87.36133 ~8.93732
execute if entity @s[tag=aj.cutscenes.bone.head] run data modify entity @s {} merge value {transformation:[-0.02992478112838603f,0.1590835781598096f,-0.9868114929581484f,-0.8388547105373693f,0.10102729612429526f,0.9826793368633436f,0.15535381018704775f,1.3231149997741989f,0.994433503514555f,-0.09504596815063251f,-0.04547824783428664f,1.8223377469640436f,0f,0f,0f,1f],start_interpolation:0}
execute if entity @s[tag=aj.cutscenes.bone.upper] run data modify entity @s {} merge value {transformation:[0.03860966134625835f,0.027360385950174614f,-0.9988797241567098f,-0.8593750000000002f,0.11079125683418255f,0.9933446545312788f,0.03149118484967645f,0.5781065088757397f,0.9930934454822614f,-0.11188300404794188f,0.03532140916468052f,1.90625f,0f,0f,0f,1f],start_interpolation:0}
execute if entity @s[tag=aj.cutscenes.locator_origin.head2] at @s on origin run tp @s ^0 ^0.125 ^2.4375 ~-180 ~-90
execute if entity @s[tag=aj.cutscenes.locator_origin.mount2] at @s on origin run tp @s ^0 ^0.125 ^2.6875 ~-180 ~-90
execute if entity @s[tag=aj.cutscenes.camera_origin.camera] at @s on origin run tp @s ^3.375 ^-0.44813 ^1.90625 ~90 ~-10