execute if entity @s[tag=aj.cutscenes.locator_origin.head] at @s on origin run tp @s ^0 ^1.35753 ^1.3304 ~0 ~35.9
execute if entity @s[tag=aj.cutscenes.bone.blade2] run data modify entity @s {} merge value {transformation:[1.375235320597387f,-0.5938539015642058f,0.0778803991924258f,-0.930096727932812f,-0.30065159638083255f,-0.8531629566627902f,-1.1965456894628226f,1.139946106301527f,0.5180119984856123f,1.0814113523425657f,-0.9012286371668211f,1.4842524312241037f,0f,0f,0f,1f],start_interpolation:0}
execute if entity @s[tag=aj.cutscenes.bone.heart] run data modify entity @s {} merge value {transformation:[0.0000039590260104280395f,0.000009168235470649248f,5.192026612828366e-7f,-0.9789455833019709f,0.000005687753044418602f,-0.000002004343975872219f,-0.000007976971263085485f,1.3255928626664086f,-0.000007209409015617104f,0.000003453413323237414f,-0.000006008190914445476f,1.0738021732180605f,0f,0f,0f,1f],start_interpolation:0}
execute if entity @s[tag=aj.cutscenes.bone.bottom2] run data modify entity @s {} merge value {transformation:[-0.05192026612828357f,0.9168235470649247f,0.3959026010428039f,-0.5509616615458695f,0.7976971263085486f,-0.20043439758722187f,0.56877530444186f,1.3446584723743746f,0.6008190914445474f,0.34534133232374137f,-0.7209409015617105f,1.215504489694294f,0f,0f,0f,1f],start_interpolation:0}
execute if entity @s[tag=aj.cutscenes.bone.rightarm] run data modify entity @s {} merge value {transformation:[-0.06917210210126286f,0.9365536206581616f,0.34363139542681553f,-0.31250000000000017f,0.8006559548701984f,-0.15336579966545918f,0.5791623031792251f,1.2562760252786225f,0.5951178557410145f,0.31519239699755164f,-0.7392485986819014f,1.2571077229598684f,0f,0f,0f,1f],start_interpolation:0}
execute if entity @s[tag=aj.cutscenes.bone.blade] run data modify entity @s {} merge value {transformation:[1.3738892129449345f,0.5969614912668448f,-0.07788073252103284f,0.9308585010025967f,0.30257918402498135f,-0.8524807173782516f,-1.1965460559013337f,1.1404300975955668f,-0.5204558270865303f,1.0802377536647783f,-0.9012281218475983f,1.4835439629838816f,0f,0f,0f,1f],start_interpolation:0}
execute if entity @s[tag=aj.cutscenes.bone.bottom] run data modify entity @s {} merge value {transformation:[-0.05192048834735493f,-0.9159261419632897f,-0.39797432751122985f,0.5509616695294004f,-0.7976973706008892f,-0.20171945601665442f,0.5683204782521676f,1.3446584160687691f,-0.6008187478983987f,0.34697055139102f,-0.7201585024431856f,1.2155044158380934f,0f,0f,0f,1f],start_interpolation:0}
execute if entity @s[tag=aj.cutscenes.bone.leftarm] run data modify entity @s {} merge value {transformation:[-0.06917232392493049f,-0.9365535971363697f,-0.34363141488192095f,0.31249999999999983f,-0.8006561939568682f,-0.1533655146713699f,0.5791620481247779f,1.2562760252786225f,-0.5951175082967449f,0.3151926055612857f,-0.7392487894600581f,1.2571077229598684f,0f,0f,0f,1f],start_interpolation:0}
execute if entity @s[tag=aj.cutscenes.locator_origin.mount] at @s on origin run tp @s ^0 ^1.48786 ^1.54375 ~0 ~58.58
execute if entity @s[tag=aj.cutscenes.bone.head] run data modify entity @s {} merge value {transformation:[-1f,-1.045075465678676e-16f,6.384176170018775e-17f,-1.629275327829342e-16f,0f,0.5213075455277136f,0.8533688786075286f,1.357531230334347f,-1.2246467991473532e-16f,0.8533688786075286f,-0.5213075455277136f,1.3304042675518422f,0f,0f,0f,1f],start_interpolation:0}
execute if entity @s[tag=aj.cutscenes.bone.upper] run data modify entity @s {} merge value {transformation:[-1f,-7.180990297849743e-17f,9.920149021480152e-17f,-1.0907010554906114e-16f,0f,0.810041640445796f,0.5863723567357894f,0.75f,-1.2246467991473532e-16f,0.5863723567357894f,-0.810041640445796f,0.890625f,0f,0f,0f,1f],start_interpolation:0}
execute if entity @s[tag=aj.cutscenes.locator_origin.head2] at @s on origin run tp @s ^0 ^0.69562 ^2.17422 ~-180 ~-40.46296
execute if entity @s[tag=aj.cutscenes.bone.bottom5] run data modify entity @s {} merge value {transformation:[0.9763824522960998f,-0.07238623231207829f,-0.20356212864851947f,0.3916204613465255f,0.10324820511826197f,0.98398168877438f,0.14532668129623183f,0.3609736042299395f,0.1897817562046254f,-0.1629118458810807f,0.9682162028614822f,2.145687053976352f,0f,0f,0f,1f],start_interpolation:0}
execute if entity @s[tag=aj.cutscenes.bone.rightarm2] run data modify entity @s {} merge value {transformation:[0.9763824522960998f,-0.07238623231207829f,-0.20356212864851947f,0.31249999999999967f,0.10324820511826197f,0.98398168877438f,0.14532668129623183f,0.6005160136036432f,0.1897817562046254f,-0.1629118458810807f,0.9682162028614822f,2.093097732743293f,0f,0f,0f,1f],start_interpolation:0}
execute if entity @s[tag=aj.cutscenes.bone.bottom6] run data modify entity @s {} merge value {transformation:[0.9763824522960998f,0.07238623231207837f,0.20356212864851903f,-0.39162046134652617f,-0.10324820511826197f,0.98398168877438f,0.14532668129623183f,0.3609736042299395f,-0.1897817562046249f,-0.1629118458810807f,0.9682162028614825f,2.145687053976352f,0f,0f,0f,1f],start_interpolation:0}
execute if entity @s[tag=aj.cutscenes.bone.leftarm2] run data modify entity @s {} merge value {transformation:[0.9763824522960998f,0.07238623231207837f,0.20356212864851903f,-0.31250000000000033f,-0.10324820511826197f,0.98398168877438f,0.14532668129623183f,0.6005160136036432f,-0.1897817562046249f,-0.1629118458810807f,0.9682162028614825f,2.093097732743293f,0f,0f,0f,1f],start_interpolation:0}
execute if entity @s[tag=aj.cutscenes.locator_origin.mount2] at @s on origin run tp @s ^0 ^0.93064 ^2.25944 ~-180 ~-19.9313
execute if entity @s[tag=aj.cutscenes.bone.head2] run data modify entity @s {} merge value {transformation:[1f,-8.349475701821404e-17f,-2.3025858693421986e-16f,-3.411785839803772e-16f,0f,0.9401020240878222f,-0.3408932154003357f,0.6956192163243718f,2.4492935982947064e-16f,0.3408932154003357f,0.9401020240878222f,2.174217279291952f,0f,0f,0f,1f],start_interpolation:0}
execute if entity @s[tag=aj.cutscenes.bone.upper2] run data modify entity @s {} merge value {transformation:[1f,-1.589484688465592e-16f,-1.8634853248096348e-16f,-2.2196723234545778e-16f,0f,0.7608256217658291f,-0.648956372389269f,0.125f,2.4492935982947064e-16f,0.648956372389269f,0.7608256217658291f,1.6875f,0f,0f,0f,1f],start_interpolation:0}
execute if entity @s[tag=aj.cutscenes.bone.bottom7] run data modify entity @s {} merge value {transformation:[0.9622501286096566f,-0.2672571517241344f,-0.05146168325076658f,0.1394941114475685f,0.14415265413281164f,0.6608430548408847f,-0.7365503846818856f,0.3437551003999816f,0.23085645387808681f,0.7013273641608962f,0.6744221422684493f,1.3550936647786846f,0f,0f,0f,1f],start_interpolation:0}
execute if entity @s[tag=aj.cutscenes.bone.rightleg2] run data modify entity @s {} merge value {transformation:[0.9622501286096566f,-0.04713615406002666f,0.2680538620709067f,0.1187499999999998f,0.14415265413281164f,-0.7471332681972849f,-0.6488542917013882f,0.109375f,0.23085645387808681f,0.6630008013066604f,-0.7121342816980244f,1.560838562350278f,0f,0f,0f,1f],start_interpolation:0}
execute if entity @s[tag=aj.cutscenes.bone.bottom8] run data modify entity @s {} merge value {transformation:[0.9622501286096569f,0.26725715172413406f,0.051461683250766256f,-0.1394941114475688f,-0.14415265413281164f,0.6608430548408847f,-0.7365503846818856f,0.3437551003999816f,-0.23085645387808637f,0.7013273641608965f,0.6744221422684493f,1.3550936647786846f,0f,0f,0f,1f],start_interpolation:0}
execute if entity @s[tag=aj.cutscenes.bone.leftleg2] run data modify entity @s {} merge value {transformation:[0.9622501286096569f,0.04713615406002634f,-0.26805386207090637f,-0.11875000000000019f,-0.14415265413281164f,-0.7471332681972849f,-0.6488542917013882f,0.109375f,-0.23085645387808637f,0.6630008013066604f,-0.7121342816980246f,1.560838562350278f,0f,0f,0f,1f],start_interpolation:0}
execute if entity @s[tag=aj.cutscenes.camera_origin.camera] at @s on origin run tp @s ^-2.28125 ^-0.12 ^1.6875 ~-90 ~0