execute if entity @s[tag=aj.cutscenes.locator_origin.head] at @s on origin run tp @s ^-0.01666 ^12.16062 ^-3.50632 ~-32.43879 ~-0.44525
execute if entity @s[tag=aj.cutscenes.bone.blade2] run data modify entity @s {} merge value {transformation:[-0.0000058097770328959275f,-0.000006121758109540759f,0.000005363820324759857f,-0.695044206175649f,0.000007287170645731754f,-0.000006847708016203844f,7.771039057338899e-8f,11.199616688312856f,0.000003625415122164696f,0.000003953855406194004f,0.000008439395275663417f,-3.028314867813535f,0f,0f,0f,1f],start_interpolation:0}
execute if entity @s[tag=aj.cutscenes.bone.heart] run data modify entity @s {} merge value {transformation:[-0.000005363820324759858f,-1.4761710607663952e-7f,0.000008438461987452845f,-0.21042297390369763f,-7.771039057338818e-8f,0.000009998910246924598f,1.25518799959448e-7f,11.341834991572663f,-0.000008439395275663416f,1.7504113478303536e-9f,-0.000005364382939087229f,-3.2830640808955662f,0f,0f,0f,1f],start_interpolation:0}
execute if entity @s[tag=aj.cutscenes.bone.bottom2] run data modify entity @s {} merge value {transformation:[-0.8438461987452845f,-0.014761710607663951f,-0.5363820324759856f,-0.32471155285871234f,-0.0125518799959448f,0.9998910246924596f,-0.007771039057338815f,11.777699586824577f,0.5364382939087227f,0.00017504113478303534f,-0.8439395275663417f,-3.3070110342786f,0f,0f,0f,1f],start_interpolation:0}
execute if entity @s[tag=aj.cutscenes.bone.rightarm] run data modify entity @s {} merge value {transformation:[-0.8436828952363588f,-0.022214579053541923f,-0.5363820324759856f,-0.2775350166698254f,-0.02138313251308549f,0.9997411527970114f,-0.007771039057338815f,12.028971320805898f,0.5364158218486133f,0.004913235347181686f,-0.8439395275663417f,-3.339308714307343f,0f,0f,0f,1f],start_interpolation:0}
execute if entity @s[tag=aj.cutscenes.bone.blade] run data modify entity @s {} merge value {transformation:[0.42683193200873204f,1.2057569842169273f,0.7835589300300226f,0.9862281911570541f,-1.0585759948089202f,0.8166640088999322f,-0.6800564386738779f,12.371136536411369f,-0.9732581184002516f,-0.3594579135025303f,1.0833091171906608f,-4.088095557810995f,0f,0f,0f,1f],start_interpolation:0}
execute if entity @s[tag=aj.cutscenes.bone.bottom] run data modify entity @s {} merge value {transformation:[0.5223726200200154f,-0.8216793580129509f,-0.22796902962650484f,0.42253834360488557f,-0.45337095911591846f,-0.04119849711890598f,-0.8903692814026416f,12.080971087851047f,0.7222060781271072f,0.5684590719221297f,-0.3940465255089732f,-3.861821250826203f,0f,0f,0f,1f],start_interpolation:0}
execute if entity @s[tag=aj.cutscenes.bone.leftarm] run data modify entity @s {} merge value {transformation:[0.5223726200200154f,-0.8216793580129509f,-0.22796902962650484f,0.24976679285289882f,-0.45337095911591846f,-0.04119849711890598f,-0.8903692814026416f,12.042335778626576f,0.7222060781271072f,0.5684590719221297f,-0.3940465255089732f,-3.6745686029627262f,0f,0f,0f,1f],start_interpolation:0}
execute if entity @s[tag=aj.cutscenes.locator_origin.mount] at @s on origin run tp @s ^-0.02723 ^12.41025 ^-3.51478 ~-27.38485 ~-2.83617
execute if entity @s[tag=aj.cutscenes.bone.head] run data modify entity @s {} merge value {transformation:[-0.8872212015420973f,-0.04229364753168859f,-0.45940155301507485f,-0.016660934290156013f,-0.02197905391909241f,0.99853323448605f,-0.04948030735200482f,12.160621193815864f,0.4608204213389625f,-0.03380276623728486f,-0.886849430439964f,-3.5063245042166367f,0f,0f,0f,1f],start_interpolation:0}
execute if entity @s[tag=aj.cutscenes.bone.upper] run data modify entity @s {} merge value {transformation:[-0.8436828952363588f,-0.022214579053541923f,-0.5363820324759856f,4.298521814316872e-16f,-0.02138313251308549f,0.9997411527970114f,-0.007771039057338815f,11.410815329218105f,0.5364158218486133f,0.004913235347181686f,-0.8439395275663417f,-3.510009430727023f,0f,0f,0f,1f],start_interpolation:0}
execute if entity @s[tag=aj.cutscenes.bone.bottom3] run data modify entity @s {} merge value {transformation:[-0.9914448613738105f,-0.03924998298777886f,0.12448504203688393f,-0.11268091069990499f,3.469446951953614e-18f,0.9537169507482269f,0.30070579950427306f,11.112778782109284f,-0.13052619222005094f,0.29813321970381484f,-0.9455577700244291f,-3.6039918505858406f,0f,0f,0f,1f],start_interpolation:0}
execute if entity @s[tag=aj.cutscenes.bone.rightleg] run data modify entity @s {} merge value {transformation:[-0.9914448613738105f,-0.03924998298777886f,0.12448504203688393f,-0.11874999999999956f,3.469446951953614e-18f,0.9537169507482269f,0.30070579950427306f,11.410815329218105f,-0.13052619222005094f,0.29813321970381484f,-0.9455577700244291f,-3.510009430727023f,0f,0f,0f,1f],start_interpolation:0}
execute if entity @s[tag=aj.cutscenes.bone.bottom4] run data modify entity @s {} merge value {transformation:[-0.9848077530122079f,-0.05221701409779454f,-0.16561121050749172f,0.1540616415346335f,-6.938893903907228e-18f,0.9537169507482269f,-0.3007057995042731f,11.147255502401578f,0.17364817766693094f,-0.29613740272754274f,-0.9392278472760159f,-3.3457394755904493f,0f,0f,0f,1f],start_interpolation:0}
execute if entity @s[tag=aj.cutscenes.bone.leftleg] run data modify entity @s {} merge value {transformation:[-0.9848077530122079f,-0.09330109785058167f,-0.14645338762528573f,0.11875000000000042f,-6.938893903907228e-18f,0.8433914458128857f,-0.5372996083468239f,11.410815329218105f,0.17364817766693094f,-0.529136819990375f,-0.8305784346607052f,-3.510009430727023f,0f,0f,0f,1f],start_interpolation:0}
execute if entity @s[tag=aj.cutscenes.locator_origin.head2] at @s on origin run tp @s ^0 ^0.125 ^2.4375 ~-180 ~-90
execute if entity @s[tag=aj.cutscenes.locator_origin.mount2] at @s on origin run tp @s ^0 ^0.125 ^2.6875 ~-180 ~-90
execute if entity @s[tag=aj.cutscenes.bone.projectile2] run data modify entity @s {} merge value {transformation:[0.16279284366080102f,-0.005927938105899841f,-1.4911282136699855f,0.2294193750000003f,-0.10877470054028361f,-1.4960390783907291f,-0.005927938105900182f,4.509526875000005f,-1.4871672920607153f,0.10877470054028365f,-0.16279284366080152f,0.39339874999999697f,0f,0f,0f,1f],start_interpolation:0}
execute if entity @s[tag=aj.cutscenes.camera_origin.camera] at @s on origin run tp @s ^-7.71875 ^10.22375 ^-1.46875 ~-67.5 ~30