execute if entity @s[tag=aj.cutscenes.locator_origin.head] at @s on origin run tp @s ^0.21183 ^1.46946 ^0.89063 ~90 ~-16.40625
execute if entity @s[tag=aj.cutscenes.bone.blade2] run data modify entity @s {} merge value {transformation:[0.7833339235457141f,-1.2606528005249535f,-0.2171231925683424f,-0.5103684259591993f,0.4928662661450341f,0.062488608951107694f,1.4153367152192475f,1.3825289210427496f,-1.1804536449682088f,-0.8104626396570962f,0.44685512395106636f,-0.26074706378282037f,0f,0f,0f,1f],start_interpolation:0}
execute if entity @s[tag=aj.cutscenes.bone.heart] run data modify entity @s {} merge value {transformation:[0.000004503631914172604f,0.00000555392914299379f,-0.000006990791847584239f,-0.12443798059686711f,-0.000008157932181134234f,-6.222267371597462e-7f,-0.00000574986751287175f,1.392574105700817f,-0.000003628421434957694f,0.000008292569261825178f,0.00000425062970960442f,0.021175668604821563f,0f,0f,0f,1f],start_interpolation:0}
execute if entity @s[tag=aj.cutscenes.bone.bottom2] run data modify entity @s {} merge value {transformation:[0.6990791847584239f,0.555392914299379f,0.45036319141726017f,0.20834660504783653f,0.5749867512871748f,-0.06222267371597462f,-0.8157932181134235f,1.3465386807292774f,-0.4250629709604421f,0.8292569261825177f,-0.36284214349576926f,0.3224204867427815f,0f,0f,0f,1f],start_interpolation:0}
execute if entity @s[tag=aj.cutscenes.bone.rightarm] run data modify entity @s {} merge value {transformation:[0.7443793009737545f,0.05882365526262488f,0.665161058589097f,0.17652881255263309f,0.6484430909114249f,0.17416397520423077f,-0.7410725116952439f,1.349551981348371f,-0.15943968806750006f,0.9829581310119998f,0.09150026528013099f,0.5781250000000002f,0f,0f,0f,1f],start_interpolation:0}
execute if entity @s[tag=aj.cutscenes.bone.blade] run data modify entity @s {} merge value {transformation:[-0.7833335609804892f,-1.2606530544495178f,-0.21712302629782665f,-0.5103681748687031f,-0.4928668836186578f,0.06248906547332733f,1.4153364800386874f,1.3825297760566928f,-1.1804536277523394f,0.8104622094850386f,-0.446855949633627f,2.0419972357723535f,0f,0f,0f,1f],start_interpolation:0}
execute if entity @s[tag=aj.cutscenes.bone.bottom] run data modify entity @s {} merge value {transformation:[-0.6990795213262299f,0.5553926549788192f,0.45036298877446346f,0.20834667668594387f,-0.5749867918822577f,-0.06222347257148653f,-0.8157931285700406f,1.3465388509117595f,-0.42506236251077156f,-0.8292570399199055f,0.3628425963417715f,1.4588295063485708f,0f,0f,0f,1f],start_interpolation:0}
execute if entity @s[tag=aj.cutscenes.bone.leftarm] run data modify entity @s {} merge value {transformation:[-0.744379589494961f,0.05882344084049405f,0.6651607546683721f,0.1765288125526323f,-0.6484429253427421f,0.17416325308213132f,-0.741072826278765f,1.349551981348371f,-0.15943901441071576f,-0.9829582717916029f,-0.0914999267770482f,1.2031250000000002f,0f,0f,0f,1f],start_interpolation:0}
execute if entity @s[tag=aj.cutscenes.locator_origin.mount] at @s on origin run tp @s ^0.28245 ^1.70928 ^0.89063 ~90 ~-16.40625
execute if entity @s[tag=aj.cutscenes.bone.head] run data modify entity @s {} merge value {transformation:[1.2326877045398919e-15f,0.2824461000842125f,0.9592831701573936f,0.21183457506315928f,0f,0.9592831701573936f,-0.2824461000842125f,1.4694623776180453f,-1f,3.481678347690525e-16f,1.1824965690250681e-15f,0.8906250000000002f,0f,0f,0f,1f],start_interpolation:0}
execute if entity @s[tag=aj.cutscenes.bone.upper] run data modify entity @s {} merge value {transformation:[1.2326877045398919e-15f,0.2824461000842125f,0.9592831701573936f,-1.0907010554906114e-16f,0f,0.9592831701573936f,-0.2824461000842125f,0.75f,-1f,3.481678347690525e-16f,1.1824965690250681e-15f,0.890625f,0f,0f,0f,1f],start_interpolation:0}
execute if entity @s[tag=aj.cutscenes.bone.bottom3] run data modify entity @s {} merge value {transformation:[1.2326877045398919e-15f,0f,1f,4.501585751842534e-17f,0f,1f,0f,0.4375f,-1f,0f,1.2326877045398919e-15f,0.765625f,0f,0f,0f,1f],start_interpolation:0}
execute if entity @s[tag=aj.cutscenes.bone.rightleg] run data modify entity @s {} merge value {transformation:[1.2326877045398919e-15f,0f,1f,3.731155936505101e-17f,0f,1f,0f,0.75f,-1f,0f,1.2326877045398919e-15f,0.771875f,0f,0f,0f,1f],start_interpolation:0}
execute if entity @s[tag=aj.cutscenes.bone.bottom4] run data modify entity @s {} merge value {transformation:[1.2326877045398919e-15f,0f,1f,-2.631560686165476e-16f,0f,1f,0f,0.4375f,-1f,0f,1.2326877045398919e-15f,1.015625f,0f,0f,0f,1f],start_interpolation:0}
execute if entity @s[tag=aj.cutscenes.bone.leftleg] run data modify entity @s {} merge value {transformation:[1.2326877045398919e-15f,0f,1f,-2.554517704631733e-16f,0f,1f,0f,0.75f,-1f,0f,1.2326877045398919e-15f,1.009375f,0f,0f,0f,1f],start_interpolation:0}
execute if entity @s[tag=aj.cutscenes.locator_origin.head2] at @s on origin run tp @s ^0 ^0.70186 ^2.1668 ~-180 ~-39.72222
execute if entity @s[tag=aj.cutscenes.bone.bottom5] run data modify entity @s {} merge value {transformation:[0.9763824522960998f,-0.08345619850601518f,-0.199279627105179f,0.3943879528950097f,0.1056930760843289f,0.9889794647695378f,0.10367541623736398f,0.3650807951139894f,0.1884311028362538f,-0.12228933393834068f,0.9744429374205705f,2.1292656410419393f,0f,0f,0f,1f],start_interpolation:0}
execute if entity @s[tag=aj.cutscenes.bone.rightarm2] run data modify entity @s {} merge value {transformation:[0.9763824522960998f,-0.08345619850601518f,-0.199279627105179f,0.31249999999999967f,0.1056930760843289f,0.9889794647695378f,0.10367541623736398f,0.6057198440511032f,0.1884311028362538f,-0.12228933393834068f,0.9744429374205705f,2.0869163636300883f,0f,0f,0f,1f],start_interpolation:0}
execute if entity @s[tag=aj.cutscenes.bone.bottom6] run data modify entity @s {} merge value {transformation:[0.9763824522960998f,0.08345619850601524f,0.1992796271051785f,-0.3943879528950104f,-0.1056930760843289f,0.9889794647695378f,0.10367541623736398f,0.3650807951139894f,-0.1884311028362533f,-0.12228933393834068f,0.9744429374205708f,2.1292656410419393f,0f,0f,0f,1f],start_interpolation:0}
execute if entity @s[tag=aj.cutscenes.bone.leftarm2] run data modify entity @s {} merge value {transformation:[0.9763824522960998f,0.08345619850601524f,0.1992796271051785f,-0.31250000000000033f,-0.1056930760843289f,0.9889794647695378f,0.10367541623736398f,0.6057198440511032f,-0.1884311028362533f,-0.12228933393834068f,0.9744429374205708f,2.0869163636300883f,0f,0f,0f,1f],start_interpolation:0}
execute if entity @s[tag=aj.cutscenes.locator_origin.mount2] at @s on origin run tp @s ^0 ^0.93817 ^2.2484 ~-180 ~-19.04955
execute if entity @s[tag=aj.cutscenes.bone.head2] run data modify entity @s {} merge value {transformation:[1f,-7.994144189123796e-17f,-2.315162136327046e-16f,-3.3936178544465686e-16f,0f,0.945236674745303f,-0.32638570544134154f,0.7018638128613239f,2.4492935982947064e-16f,0.32638570544134154f,0.945236674745303f,2.166799636356106f,0f,0f,0f,1f],start_interpolation:0}
execute if entity @s[tag=aj.cutscenes.bone.upper2] run data modify entity @s {} merge value {transformation:[1f,-1.5652607079893216e-16f,-1.883878458572155e-16f,-2.2196723234545778e-16f,0f,0.7691517504817652f,-0.6390661818081413f,0.125f,2.4492935982947064e-16f,0.6390661818081413f,0.7691517504817652f,1.6875f,0f,0f,0f,1f],start_interpolation:0}
execute if entity @s[tag=aj.cutscenes.bone.bottom7] run data modify entity @s {} merge value {transformation:[0.9622501286096565f,-0.26774356711121367f,-0.04886790625003613f,0.14084583931967476f,0.14415265413281164f,0.6536703074471867f,-0.7429233752335207f,0.3404479493014192f,0.2308564538780869f,0.7078336749777193f,0.6675902832354372f,1.3510838285735507f,0f,0f,0f,1f],start_interpolation:0}
execute if entity @s[tag=aj.cutscenes.bone.rightleg2] run data modify entity @s {} merge value {transformation:[0.9622501286096565f,-0.051461683250766714f,0.2672571517241345f,0.1187499999999998f,0.14415265413281164f,-0.7365503846818853f,-0.660843054840885f,0.109375f,0.2308564538780869f,0.6744221422684495f,-0.701327364160896f,1.5603978951957032f,0f,0f,0f,1f],start_interpolation:0}
execute if entity @s[tag=aj.cutscenes.bone.bottom8] run data modify entity @s {} merge value {transformation:[0.9622501286096568f,0.26774356711121333f,0.0488679062500358f,-0.14084583931967504f,-0.14415265413281164f,0.6536703074471867f,-0.7429233752335207f,0.3404479493014192f,-0.23085645387808645f,0.7078336749777195f,0.6675902832354372f,1.3510838285735507f,0f,0f,0f,1f],start_interpolation:0}
execute if entity @s[tag=aj.cutscenes.bone.leftleg2] run data modify entity @s {} merge value {transformation:[0.9622501286096568f,0.05146168325076638f,-0.26725715172413417f,-0.11875000000000019f,-0.14415265413281164f,-0.7365503846818853f,-0.660843054840885f,0.109375f,-0.23085645387808645f,0.6744221422684495f,-0.7013273641608962f,1.5603978951957032f,0f,0f,0f,1f],start_interpolation:0}
execute if entity @s[tag=aj.cutscenes.camera_origin.camera] at @s on origin run tp @s ^-2.03846 ^-0.12 ^1.6875 ~-90 ~0