execute if entity @s[tag=aj.cutscenes.locator_origin.head] at @s on origin run tp @s ^-0.00008 ^1.49974 ^0.87101 ~-0.23926 ~-1.49902
execute if entity @s[tag=aj.cutscenes.bone.blade2] run data modify entity @s {} merge value {transformation:[-0.10064046404875394f,-0.27755525797758485f,1.4706578717584347f,-0.4368350760657046f,1.4945093483793155f,0.05961636664015262f,0.113523990572304f,0.8021147829814648f,-0.07945630624994565f,1.4728913631349816f,0.2725394059571785f,1.2761220625398466f,0f,0f,0f,1f],start_interpolation:0}
execute if entity @s[tag=aj.cutscenes.bone.heart] run data modify entity @s {} merge value {transformation:[1.6192179912362316e-7f,0.0000017853218461646915f,0.000009838008296224176f,-0.4008024974618408f,-2.001393703845608e-7f,0.000009837905649483474f,-0.0000017820091650390564f,0.6890960158365049f,-0.000009996685728949905f,-1.680426656186482e-7f,1.9502845725980232e-7f,0.9557750373379486f,0f,0f,0f,1f],start_interpolation:0}
execute if entity @s[tag=aj.cutscenes.bone.bottom2] run data modify entity @s {} merge value {transformation:[-0.9838008296224174f,0.17853218461646914f,0.016192179912362534f,-0.39828909245073363f,0.17820091650390563f,0.9837905649483474f,-0.02001393703845612f,1.131862745772145f,-0.019502845725980454f,-0.016804266561864817f,-0.9996685728949903f,0.8688004036373693f,0f,0f,0f,1f],start_interpolation:0}
execute if entity @s[tag=aj.cutscenes.bone.rightarm] run data modify entity @s {} merge value {transformation:[-0.9952910340376143f,0.09407141180593082f,0.023373639964188717f,-0.3125655498719f,0.09453627284178942f,0.9953275126126354f,0.019647792586614796f,1.374786106872692f,-0.02141613133876629f,0.02176492860504872f,-0.9995337098874144f,0.8755801439973044f,0f,0f,0f,1f],start_interpolation:0}
execute if entity @s[tag=aj.cutscenes.bone.blade] run data modify entity @s {} merge value {transformation:[-0.2467503127702933f,0.3228504621781457f,-1.443911999471963f,0.41658672559811655f,-1.4718817987870318f,0.09543101018974191f,0.27286790337747185f,0.8185295776261657f,0.1505930063024653f,1.4617320210508913f,0.30110005826512654f,1.3002180109900017f,0f,0f,0f,1f],start_interpolation:0}
execute if entity @s[tag=aj.cutscenes.bone.bottom] run data modify entity @s {} merge value {transformation:[-0.9957366354193927f,-0.08005635829253797f,-0.04582065451959924f,0.3997945915080109f,-0.07716183177542474f,0.9951018776974427f,-0.06179243254707539f,1.1324319413659412f,0.05054309646953516f,-0.05799338324292343f,-0.9970366908490933f,0.8791315876755031f,0f,0f,0f,1f],start_interpolation:0}
execute if entity @s[tag=aj.cutscenes.bone.leftarm] run data modify entity @s {} merge value {transformation:[-0.9937558031368234f,-0.10102341171778868f,-0.047367436248812775f,0.31242900088251224f,-0.09904304649347553f,0.9941774236503729f,-0.04244673421122534f,1.374786106872692f,0.05137974964106412f,-0.03749027325594361f,-0.9979752505638685f,0.8729702537140838f,0f,0f,0f,1f],start_interpolation:0}
execute if entity @s[tag=aj.cutscenes.locator_origin.mount] at @s on origin run tp @s ^-0.00011 ^1.74966 ^0.86447 ~-0.23926 ~-1.49902
execute if entity @s[tag=aj.cutscenes.bone.head] run data modify entity @s {} merge value {transformation:[-0.9999912812070596f,-0.00010923919151002056f,-0.00417439536491074f,-0.0000819293936326245f,-6.776263578034403e-21f,0.9996577709963074f,-0.026159909913727335f,1.4997433282472306f,0.004175824453152937f,-0.026159681830889455f,-0.9996490551871907f,0.8710052386268329f,0f,0f,0f,1f],start_interpolation:0}
execute if entity @s[tag=aj.cutscenes.bone.upper] run data modify entity @s {} merge value {transformation:[-0.9999912812070596f,-0.00010923919151002056f,-0.00417439536491074f,-1.0907010554906114e-16f,-6.776263578034403e-21f,0.9996577709963074f,-0.026159909913727335f,0.75f,0.004175824453152937f,-0.026159681830889455f,-0.9996490551871907f,0.890625f,0f,0f,0f,1f],start_interpolation:0}
execute if entity @s[tag=aj.cutscenes.locator_origin.head2] at @s on origin run tp @s ^0 ^0.22289 ^2.43108 ~-180 ~-82.5
execute if entity @s[tag=aj.cutscenes.bone.bottom5] run data modify entity @s {} merge value {transformation:[0.9396926207859083f,-0.33036608954935226f,0.08852132690137687f,0.45382231118645694f,0.04464258697085574f,-0.13812966337155458f,-0.9894075174190919f,0.24390144766609922f,0.33909411358656855f,0.933690764103796f,-0.11505102849696289f,2.0949237294318435f,0f,0f,0f,1f],start_interpolation:0}
execute if entity @s[tag=aj.cutscenes.bone.rightarm2] run data modify entity @s {} merge value {transformation:[0.9396926207859083f,-0.33036608954935226f,0.08852132690137687f,0.3124999999999996f,0.04464258697085574f,-0.13812966337155458f,-0.9894075174190919f,0.2065788701375321f,0.33909411358656855f,0.933690764103796f,-0.11505102849696289f,2.307153038358632f,0f,0f,0f,1f],start_interpolation:0}
execute if entity @s[tag=aj.cutscenes.bone.bottom6] run data modify entity @s {} merge value {transformation:[0.9396926207859085f,0.3303660895493518f,-0.08852132690137682f,-0.45382231118645766f,-0.04464258697085574f,-0.13812966337155458f,-0.9894075174190919f,0.24390144766609922f,-0.3390941135865681f,0.9336907641037963f,-0.11505102849696294f,2.094923729431843f,0f,0f,0f,1f],start_interpolation:0}
execute if entity @s[tag=aj.cutscenes.bone.leftarm2] run data modify entity @s {} merge value {transformation:[0.9396926207859085f,0.3303660895493518f,-0.08852132690137682f,-0.3125000000000004f,-0.04464258697085574f,-0.13812966337155458f,-0.9894075174190919f,0.2065788701375321f,-0.3390941135865681f,0.9336907641037963f,-0.11505102849696294f,2.3071530383586314f,0f,0f,0f,1f],start_interpolation:0}
execute if entity @s[tag=aj.cutscenes.locator_origin.mount2] at @s on origin run tp @s ^0 ^0.32855 ^2.65766 ~-180 ~-65
execute if entity @s[tag=aj.cutscenes.bone.head2] run data modify entity @s {} merge value {transformation:[1f,-2.219813860873509e-16f,-1.0351162030039311e-16f,-4.0409269874733703e-16f,0f,0.42261826174069916f,-0.9063077870366502f,0.2228946441650385f,2.4492935982947064e-16f,0.9063077870366502f,0.42261826174069916f,2.4310836460303578f,0f,0f,0f,1f],start_interpolation:0}
execute if entity @s[tag=aj.cutscenes.bone.upper2] run data modify entity @s {} merge value {transformation:[1f,-2.4283395520250564e-16f,-3.196969670143561e-17f,-2.2196723234545778e-16f,0f,0.13052619222005135f,-0.9914448613738105f,0.125f,2.4492935982947064e-16f,0.9914448613738105f,0.13052619222005135f,1.6875f,0f,0f,0f,1f],start_interpolation:0}
execute if entity @s[tag=aj.cutscenes.bone.bottom7] run data modify entity @s {} merge value {transformation:[0.9622501286096566f,-0.2644491713236538f,-0.06435313338860861f,0.1339156383171898f,0.14415265413281164f,0.6957615532907611f,-0.7036589182756755f,0.3566678681284625f,0.23085645387808684f,0.6678192096283699f,0.7076176940652166f,1.434444094063629f,0f,0f,0f,1f],start_interpolation:0}
execute if entity @s[tag=aj.cutscenes.bone.rightleg2] run data modify entity @s {} merge value {transformation:[0.9622501286096566f,-0.029285040042814927f,0.27058654146204314f,0.11874999999999979f,0.14415265413281164f,-0.7884541249284238f,-0.5979632975273816f,0.109375f,0.23085645387808684f,0.6143960280739489f,-0.7544685668666328f,1.625f,0f,0f,0f,1f],start_interpolation:0}
execute if entity @s[tag=aj.cutscenes.bone.bottom8] run data modify entity @s {} merge value {transformation:[0.9622501286096569f,0.2720941008552542f,-0.006284128457458654f,-0.13391563831719014f,-0.14415265413281164f,0.4899337239565617f,-0.859758662902865f,0.3566678681284625f,-0.2308564538780864f,0.8282087577476027f,0.5106618756995752f,1.434444094063629f,0f,0f,0f,1f],start_interpolation:0}
execute if entity @s[tag=aj.cutscenes.bone.leftleg2] run data modify entity @s {} merge value {transformation:[0.9622501286096569f,0.02928504004281463f,-0.2705865414620428f,-0.1187500000000002f,-0.14415265413281164f,-0.7884541249284238f,-0.5979632975273816f,0.109375f,-0.2308564538780864f,0.6143960280739489f,-0.754468566866633f,1.625f,0f,0f,0f,1f],start_interpolation:0}
execute if entity @s[tag=aj.cutscenes.camera_origin.camera] at @s on origin run tp @s ^-6.55625 ^8.155 ^-0.8375 ~-72 ~24