execute if entity @s[tag=aj.cutscenes.locator_origin.head] at @s on origin run tp @s ^0 ^1.48965 ^0.76644 ~0 ~-9.53125
execute if entity @s[tag=aj.cutscenes.bone.blade2] run data modify entity @s {} merge value {transformation:[-0.6762213647859081f,-0.6325542262495945f,1.1800846650392764f,-0.6664187992907372f,0.5562046143292276f,1.0698696018122855f,0.8921969861621915f,1.3108201996260598f,-1.2179331232896f,0.8397941330896517f,-0.24775940188465417f,1.4895062392048897f,0f,0f,0f,1f],start_interpolation:0}
execute if entity @s[tag=aj.cutscenes.bone.heart] run data modify entity @s {} merge value {transformation:[-0.0000021640167992928015f,0.000004990560952315561f,0.00000839114608820522f,-0.677216200776136f,-0.000008736804019999354f,0.000002845928319285282f,-0.000003945750564545758f,1.1794431750702106f,-0.0000043572108978682295f,-0.00000818504693833293f,0.0000037442916297725943f,1.2723030333685998f,0f,0f,0f,1f],start_interpolation:0}
execute if entity @s[tag=aj.cutscenes.bone.bottom2] run data modify entity @s {} merge value {transformation:[-0.8391146088205218f,0.4990560952315561f,-0.21640167992927994f,-0.5413413691709085f,0.39457505645457563f,0.2845928319285282f,-0.8736804019999356f,1.2665224339182104f,-0.3744291629772595f,-0.8185046938332929f,-0.43572108978682283f,0.8509142413193403f,0f,0f,0f,1f],start_interpolation:0}
execute if entity @s[tag=aj.cutscenes.bone.rightarm] run data modify entity @s {} merge value {transformation:[-0.6582551556988728f,0.7508016877589152f,0.05474464041544959f,-0.3125000000000001f,0.5647185197267527f,0.5405784826040073f,-0.6235927337799683f,1.3663721470862902f,-0.4977882516426819f,-0.37956781976863263f,-0.7798301909535235f,0.7871340521048498f,0f,0f,0f,1f],start_interpolation:0}
execute if entity @s[tag=aj.cutscenes.bone.blade] run data modify entity @s {} merge value {transformation:[-0.6762213924207152f,0.6325538292380672f,-1.180084862011562f,0.6664189360024623f,-0.5562048551784714f,1.0698697214930588f,0.8921966925001805f,1.3108204001254307f,1.217932997955341f,0.8397942796593844f,-0.2477595211952348f,1.4895061861749568f,0f,0f,0f,1f],start_interpolation:0}
execute if entity @s[tag=aj.cutscenes.bone.bottom] run data modify entity @s {} merge value {transformation:[-0.8391144007465708f,-0.49905633598970234f,0.21640193152616877f,0.5413414167043357f,-0.3945753302968501f,0.28459256619121437f,-0.873680364887429f,1.2665225249904721f,0.3744293407050986f,-0.8185046394353748f,-0.43572103924634226f,0.8509142133470016f,0f,0f,0f,1f],start_interpolation:0}
execute if entity @s[tag=aj.cutscenes.bone.leftarm] run data modify entity @s {} merge value {transformation:[-0.6582548642012414f,-0.7508019507670328f,-0.05474453835610689f,0.3124999999999999f,-0.564718714384383f,0.5405781669793681f,-0.6235928311079884f,1.3663721470862902f,0.4977884162768904f,-0.3795677490378293f,-0.7798301202896055f,0.7871340521048499f,0f,0f,0f,1f],start_interpolation:0}
execute if entity @s[tag=aj.cutscenes.locator_origin.mount] at @s on origin run tp @s ^0 ^1.7362 ^0.72504 ~0 ~-9.53125
execute if entity @s[tag=aj.cutscenes.bone.head] run data modify entity @s {} merge value {transformation:[-1f,2.027837729288339e-17f,1.207741083220491e-16f,-9.38613225793986e-17f,0f,0.9861954353380643f,-0.1655855166322403f,1.4896465765035483f,-1.2246467991473532e-16f,-0.1655855166322403f,-0.9861954353380643f,0.7664358625258197f,0f,0f,0f,1f],start_interpolation:0}
execute if entity @s[tag=aj.cutscenes.bone.upper] run data modify entity @s {} merge value {transformation:[-1f,2.027837729288339e-17f,1.207741083220491e-16f,-1.0907010554906114e-16f,0f,0.9861954353380643f,-0.1655855166322403f,0.75f,-1.2246467991473532e-16f,-0.1655855166322403f,-0.9861954353380643f,0.890625f,0f,0f,0f,1f],start_interpolation:0}
execute if entity @s[tag=aj.cutscenes.locator_origin.head2] at @s on origin run tp @s ^0 ^0.72945 ^2.13151 ~-180 ~-36.3
execute if entity @s[tag=aj.cutscenes.locator_origin.mount2] at @s on origin run tp @s ^0 ^0.97104 ^2.1958 ~-180 ~-14.90058
execute if entity @s[tag=aj.cutscenes.bone.head2] run data modify entity @s {} merge value {transformation:[1f,-6.298177921261656e-17f,-2.3669323351901617e-16f,-3.3071828901588487e-16f,0f,0.9663734624702046f,-0.25714262780283637f,0.7294462116863869f,2.4492935982947064e-16f,0.25714262780283637f,0.9663734624702046f,2.1315098840994144f,0f,0f,0f,1f],start_interpolation:0}
execute if entity @s[tag=aj.cutscenes.bone.bottom7] run data modify entity @s {} merge value {transformation:[0.9622501286096566f,-0.2696633575311639f,-0.036828841900322776f,0.1470307987615761f,0.14415265413281164f,0.6197450918576145f,-0.7714506033602303f,0.3244024783769419f,0.23085645387808684f,0.7370194669908097f,0.6352224830556757f,1.3330519624679058f,0f,0f,0f,1f],start_interpolation:0}
execute if entity @s[tag=aj.cutscenes.bone.rightleg2] run data modify entity @s {} merge value {transformation:[0.9622501286096566f,-0.071253553464851f,0.26267398255124336f,0.1187499999999998f,0.14415265413281164f,-0.685204877723558f,-0.7139427763135573f,0.109375f,0.23085645387808684f,0.7248566800840535f,-0.6490670928651053f,1.5581268221574345f,0f,0f,0f,1f],start_interpolation:0}
execute if entity @s[tag=aj.cutscenes.bone.bottom8] run data modify entity @s {} merge value {transformation:[0.9622501286096569f,0.2696633575311635f,0.03682884190032246f,-0.14703079876157638f,-0.14415265413281164f,0.6197450918576145f,-0.7714506033602303f,0.3244024783769419f,-0.2308564538780864f,0.7370194669908099f,0.6352224830556756f,1.3330519624679058f,0f,0f,0f,1f],start_interpolation:0}
execute if entity @s[tag=aj.cutscenes.bone.leftleg2] run data modify entity @s {} merge value {transformation:[0.9622501286096569f,0.07125355346485064f,-0.262673982551243f,-0.11875000000000019f,-0.14415265413281164f,-0.685204877723558f,-0.7139427763135573f,0.109375f,-0.2308564538780864f,0.7248566800840535f,-0.6490670928651056f,1.5581268221574345f,0f,0f,0f,1f],start_interpolation:0}
execute if entity @s[tag=aj.cutscenes.camera_origin.camera] at @s on origin run tp @s ^-2.59375 ^-0.12 ^1.6875 ~-90 ~0