execute if entity @s[tag=aj.cutscenes.locator_origin.head] at @s on origin run tp @s ^0 ^1.5 ^0 ~0 ~0
execute if entity @s[tag=aj.cutscenes.bone.blade2] run data modify entity @s {} merge value {transformation:[0.010610881548248052f,-0.0004719942102003953f,1.499962395000033f,-0.390683371197336f,1.498480638369442f,-0.06665555375318911f,-0.010621374005533072f,0.8809315671566013f,0.06665722484981462f,1.498518206220839f,-1.3424459132827795e-16f,0.44493560579963176f,0f,0f,0f,1f],start_interpolation:0}
execute if entity @s[tag=aj.cutscenes.bone.heart] run data modify entity @s {} merge value {transformation:[3.1466280680026353e-9f,7.073921032165591e-8f,0.00000999974930000022f,-0.299996382077102f,4.443703583545941e-7f,0.000009989870922462948f,-7.080916003688938e-8f,0.6839183071548126f,-0.000009990121374805595f,4.4438149899876423e-7f,-9.936364565696935e-22f,0.058606132659472725f,0f,0f,0f,1f],start_interpolation:0}
execute if entity @s[tag=aj.cutscenes.bone.bottom2] run data modify entity @s {} merge value {transformation:[-0.9999749300000219f,0.00707392103216559f,0.0003146628068004856f,-0.375f,0.007080916003688946f,0.9989870922462947f,0.04443703583545941f,1.125f,-1.2246160972521253e-16f,0.04443814989987642f,-0.9990121374805594f,-4.592425496802575e-17f,0f,0f,0f,1f],start_interpolation:0}
execute if entity @s[tag=aj.cutscenes.bone.blade] run data modify entity @s {} merge value {transformation:[0.01060934359137441f,0.000505385323863259f,-1.499962395000033f,0.39069327772025575f,-1.498263446368255f,-0.07137108441767046f,-0.010621374005533072f,0.8795325568367215f,-0.07137287373561343f,1.4983010087745119f,-5.005341085889427e-16f,0.444164965674139f,0f,0f,0f,1f],start_interpolation:0}
execute if entity @s[tag=aj.cutscenes.bone.bottom] run data modify entity @s {} merge value {transformation:[-0.9999749300000219f,-0.007072895727583162f,-0.0003369235492423947f,0.375f,-0.007080916003688946f,0.9988422975788366f,0.04758072294511364f,1.125f,-1.2246160972521253e-16f,0.04758191582374229f,-0.998867339183008f,4.592425496802575e-17f,0f,0f,0f,1f],start_interpolation:0}
execute if entity @s[tag=aj.cutscenes.locator_origin.mount] at @s on origin run tp @s ^0 ^1.75 ^0 ~0 ~0
execute if entity @s[tag=aj.cutscenes.locator_origin.head2] at @s on origin run tp @s ^0 ^0.73227 ^2.12763 ~-180 ~-35.93351
execute if entity @s[tag=aj.cutscenes.bone.bottom5] run data modify entity @s {} merge value {transformation:[0.9763824990607063f,-0.12989349466544203f,-0.17264094407633673f,0.4059972798576543f,0.11791292837071521f,0.9899581072863377f,-0.0779710660507742f,0.3909416375851414f,0.18103523649006187f,0.055772985052356394f,0.9818938930899493f,2.0516502047810072f,0f,0f,0f,1f],start_interpolation:0}
execute if entity @s[tag=aj.cutscenes.bone.rightarm2] run data modify entity @s {} merge value {transformation:[0.9763824990607063f,-0.12989349466544203f,-0.17264094407633673f,0.31249999999999967f,0.11791292837071521f,0.9899581072863377f,-0.0779710660507742f,0.6310616063835561f,0.18103523649006187f,0.055772985052356394f,0.9818938930899493f,2.0542787487634673f,0f,0f,0f,1f],start_interpolation:0}
execute if entity @s[tag=aj.cutscenes.bone.bottom6] run data modify entity @s {} merge value {transformation:[0.9763824522960998f,0.129893688086018f,0.17264106302866264f,-0.4059973252900111f,-0.11791311165487f,0.9899580829030272f,-0.07797109845852546f,0.3909416551362287f,-0.18103536932909148f,0.05577296738004156f,0.981893869601753f,2.051650217501525f,0f,0f,0f,1f],start_interpolation:0}
execute if entity @s[tag=aj.cutscenes.bone.leftarm2] run data modify entity @s {} merge value {transformation:[0.9763824522960998f,0.129893688086018f,0.17264106302866264f,-0.31250000000000033f,-0.11791311165487f,0.9899580829030272f,-0.07797109845852546f,0.6310616063835561f,-0.18103536932909148f,0.05577296738004156f,0.981893869601753f,2.0542787487634673f,0f,0f,0f,1f],start_interpolation:0}
execute if entity @s[tag=aj.cutscenes.locator_origin.mount2] at @s on origin run tp @s ^0 ^0.9728 ^2.1958 ~-180 ~-15.82377
execute if entity @s[tag=aj.cutscenes.bone.head2] run data modify entity @s {} merge value {transformation:[1f,-6.678719129668392e-17f,-2.356477506473899e-16f,-3.297690933058861e-16f,0f,0.9621049547161558f,-0.27267940169844795f,0.7322739276602674f,2.4492935982947064e-16f,0.27267940169844795f,0.9621049547161558f,2.127634498516161f,0f,0f,0f,1f],start_interpolation:0}
execute if entity @s[tag=aj.cutscenes.bone.upper2] run data modify entity @s {} merge value {transformation:[1f,-1.4373581461390444e-16f,-1.9831895245727675e-16f,-2.2196723234545778e-16f,0f,0.8096985702136898f,-0.5868459980215476f,0.125f,2.4492935982947064e-16f,0.5868459980215476f,0.8096985702136898f,1.6875f,0f,0f,0f,1f],start_interpolation:0}
execute if entity @s[tag=aj.cutscenes.bone.bottom7] run data modify entity @s {} merge value {transformation:[0.9622501286096566f,-0.2694348411709112f,-0.03846500167561583f,0.14857512107948606f,0.14415265413281164f,0.624416327491134f,-0.7676745809709684f,0.3201561806865496f,0.23085645387808684f,0.7331501321869156f,0.6396844389049526f,1.333296695423461f,0f,0f,0f,1f],start_interpolation:0}
execute if entity @s[tag=aj.cutscenes.bone.rightleg2] run data modify entity @s {} merge value {transformation:[0.9622501286096566f,-0.07619538488216292f,0.26128328173336757f,0.1187499999999998f,0.14415265413281164f,-0.6716167251143026f,-0.7267399719660438f,0.109375f,0.23085645387808684f,0.7369703100325001f,-0.6352795131541992f,1.5621570644718794f,0f,0f,0f,1f],start_interpolation:0}
execute if entity @s[tag=aj.cutscenes.bone.bottom8] run data modify entity @s {} merge value {transformation:[0.9622501432424632f,0.2694348236713916f,0.03846475819533159f,-0.14857504507496355f,-0.14415282739327812f,0.6244162995290281f,-0.767674571180392f,0.3201561799768413f,-0.23085628469760788f,0.7331501624330727f,0.6396844652951766f,1.3332966848649082f,0f,0f,0f,1f],start_interpolation:0}
execute if entity @s[tag=aj.cutscenes.bone.leftleg2] run data modify entity @s {} merge value {transformation:[0.9622501432424632f,0.07619514137503347f,-0.26128329885528057f,-0.11875000000000019f,-0.14415282739327812f,-0.6716167193780265f,-0.7267399429000863f,0.109375f,-0.23085628469760788f,0.7369703404362591f,-0.6352795393626974f,1.5621570644718792f,0f,0f,0f,1f],start_interpolation:0}
execute if entity @s[tag=aj.cutscenes.camera_origin.camera] at @s on origin run tp @s ^-2.10417 ^-0.12 ^1.45833 ~-90 ~0