execute if entity @s[tag=aj.cutscenes.locator_origin.head] at @s on origin run tp @s ^-0.51025 ^1.23853 ^1.81867 ~-88.84548 ~27.82515
execute if entity @s[tag=aj.cutscenes.bone.blade2] run data modify entity @s {} merge value {transformation:[-2.652608361742987e-7f,0.000005245700048172761f,0.00000850953980503014f,-0.031435552632181285f,-0.0000019069884022357786f,-0.000008382761148764377f,0.000005108102461433675f,0.37724037239607455f,0.000009812901299948471f,-0.0000014872614186372283f,0.000001222710738524378f,2.0387794888159543f,0f,0f,0f,1f],start_interpolation:0}
execute if entity @s[tag=aj.cutscenes.bone.heart] run data modify entity @s {} merge value {transformation:[0.00000850953980503014f,-0.0000037395143874891282f,0.000003688328137838256f,-0.3257196265658483f,0.0000051081024614336756f,0.000004257332014358029f,-0.000007468762505463502f,0.6822288805030083f,0.0000012227107385243764f,0.0000082396089874025f,0.000005532975888670866f,1.9114830212696883f,0f,0f,0f,1f],start_interpolation:0}
execute if entity @s[tag=aj.cutscenes.bone.bottom2] run data modify entity @s {} merge value {transformation:[0.3688328137838254f,-0.3739514387489128f,-0.850953980503014f,-0.4458946521531888f,-0.7468762505463502f,0.42573320143580284f,-0.5108102461433673f,0.9550739722702696f,0.5532975888670866f,0.82396089874025f,-0.12227107385243775f,2.2469372428090764f,0f,0f,0f,1f],start_interpolation:0}
execute if entity @s[tag=aj.cutscenes.bone.rightarm] run data modify entity @s {} merge value {transformation:[-0.19090344789650315f,-0.48931911535040495f,-0.850953980503014f,-0.5562929654972586f,0.08391982170300623f,0.8555877254614443f,-0.5108102461433673f,1.1637259147791927f,0.9780149984057314f,-0.1689273435309067f,-0.12227107385243775f,2.1435794695259913f,0f,0f,0f,1f],start_interpolation:0}
execute if entity @s[tag=aj.cutscenes.bone.blade] run data modify entity @s {} merge value {transformation:[-0.7543090775514374f,0.0000035013800784915247f,-0.000007902672994506242f,-0.2051455756163165f,-1.1393748722825507f,0.0000025730570279813673f,0.0000059735003505412645f,1.0227781625300134f,0.6187428512190023f,0.000009006648381984186f,0.0000013656694709867213f,2.2082995929375233f,0f,0f,0f,1f],start_interpolation:0}
execute if entity @s[tag=aj.cutscenes.bone.bottom] run data modify entity @s {} merge value {transformation:[-0.7902672994506241f,0.0016196768265571149f,-0.6127601260411739f,-0.3869892032511332f,0.5973500350541266f,0.2249065601535266f,-0.7697986586249304f,0.9297073046221327f,0.13656694709867234f,-0.9743789898427027f,-0.17870381393037704f,1.5668847472487537f,0f,0f,0f,1f],start_interpolation:0}
execute if entity @s[tag=aj.cutscenes.bone.leftarm] run data modify entity @s {} merge value {transformation:[-0.4200601605885993f,-0.6693836638433037f,-0.6127601260411739f,-0.5805888792487466f,0.12573038443222861f,0.6257810284834322f,-0.7697986586249304f,1.094010710770005f,0.8987443084196997f,-0.4004043143747741f,-0.17870381393037704f,1.5229551879312915f,0f,0f,0f,1f],start_interpolation:0}
execute if entity @s[tag=aj.cutscenes.locator_origin.mount] at @s on origin run tp @s ^-0.32962 ^1.41048 ^1.80123 ~-71.14855 ~43.87284
execute if entity @s[tag=aj.cutscenes.bone.head] run data modify entity @s {} merge value {transformation:[-0.1118592834118615f,0.7225477360588088f,-0.6822113087826049f,-0.5102541068476031f,0.2158910193656839f,0.6877925415845592f,0.6930602336722967f,1.2385325078738973f,0.9699889527576233f,-0.06975807377603352f,-0.2329275481157751f,1.8186707944743699f,0f,0f,0f,1f],start_interpolation:0}
execute if entity @s[tag=aj.cutscenes.bone.upper] run data modify entity @s {} merge value {transformation:[0.038873462002380704f,0.46549452420319615f,-0.884196642093143f,-0.8593750000000002f,0.11154432641470036f,0.8773135607943878f,0.4667748700293996f,0.5805473372781065f,0.9929988505515202f,-0.11677227403417356f,-0.01781905778226299f,1.90625f,0f,0f,0f,1f],start_interpolation:0}
execute if entity @s[tag=aj.cutscenes.locator_origin.head2] at @s on origin run tp @s ^0 ^0.125 ^2.4375 ~-180 ~-90
execute if entity @s[tag=aj.cutscenes.locator_origin.mount2] at @s on origin run tp @s ^0 ^0.125 ^2.6875 ~-180 ~-90
execute if entity @s[tag=aj.cutscenes.camera_origin.camera] at @s on origin run tp @s ^3.375 ^-0.44813 ^1.90625 ~90 ~0