execute if entity @s[tag=aj.cutscenes.locator_origin.head] at @s on origin run tp @s ^-0.08925 ^1.47124 ^1.07595 ~-154.28571 ~-15.91837
execute if entity @s[tag=aj.cutscenes.bone.blade2] run data modify entity @s {} merge value {transformation:[0.7541393823231566f,1.2713358375433514f,-0.25490974914113207f,1.2602575896836699f,0.4739483773579739f,0.004209438234948848f,1.423149751863623f,1.3399068339893747f,1.2069162057197644f,-0.7960448912013026f,-0.39958203608685344f,0.9142435120518613f,0f,0f,0f,1f],start_interpolation:0}
execute if entity @s[tag=aj.cutscenes.bone.heart] run data modify entity @s {} merge value {transformation:[0.0000010385267989480148f,-0.000009884669444554525f,-0.0000011021669836086442f,0.8416551282713753f,-0.000008154827202688922f,-2.11857754676022e-7f,-0.000005783935475614198f,1.3688664348731079f,0.000005693878764265322f,0.0000014994753294648851f,-0.000008082779123183723f,1.1432783614646096f,0f,0f,0f,1f],start_interpolation:0}
execute if entity @s[tag=aj.cutscenes.bone.bottom2] run data modify entity @s {} merge value {transformation:[0.11021669836086442f,-0.9884669444554524f,0.10385267989480146f,0.42592501024833884f,0.5783935475614196f,-0.021185775467602197f,-0.8154827202688922f,1.3410750664882607f,0.8082779123183724f,0.1499475329464885f,0.569387876426532f,1.316510546874394f,0f,0f,0f,1f],start_interpolation:0}
execute if entity @s[tag=aj.cutscenes.bone.rightarm] run data modify entity @s {} merge value {transformation:[-0.1429525634929778f,-0.9107276296138386f,-0.38747870812309837f,0.2071776380631903f,0.6589012101263706f,0.204558628681141f,-0.7238818706985938f,1.3510333980256477f,0.7385213333985625f,-0.35879095876296846f,0.570837356893502f,1.1806552238462418f,0f,0f,0f,1f],start_interpolation:0}
execute if entity @s[tag=aj.cutscenes.bone.blade] run data modify entity @s {} merge value {transformation:[1.4138031438191212f,-0.17029148908058114f,0.4713400887617014f,-0.804223736406813f,-0.47394896268626024f,0.004209866488835257f,1.4231495556661513f,1.3399076602427318f,-0.16288969057551944f,-1.490296308044432f,-0.04983836808471048f,-0.07995803829187587f,0f,0f,0f,1f],start_interpolation:0}
execute if entity @s[tag=aj.cutscenes.bone.bottom] run data modify entity @s {} merge value {transformation:[0.7006557187925398f,0.49906559272960926f,-0.5099167558305506f,-0.5985306577818614f,-0.5783936122861798f,-0.021186548420702223f,-0.8154826542806178f,1.341075233145149f,-0.4177827102572029f,0.8663051796679166f,0.273811874634182f,0.823158775502776f,0f,0f,0f,1f],start_interpolation:0}
execute if entity @s[tag=aj.cutscenes.bone.leftarm] run data modify entity @s {} merge value {transformation:[0.4882692952422433f,0.8483436898136013f,-0.20470974397201433f,-0.3559279043758209f,-0.6589010796936311f,0.20455792944540255f,-0.7238821870163522f,1.3510333980256477f,-0.5722258841595779f,0.4883329166198551f,0.6588539292159798f,0.9094778868977662f,0f,0f,0f,1f],start_interpolation:0}
execute if entity @s[tag=aj.cutscenes.locator_origin.mount] at @s on origin run tp @s ^-0.119 ^1.71165 ^1.13773 ~-154.28571 ~-15.91837
execute if entity @s[tag=aj.cutscenes.bone.head] run data modify entity @s {} merge value {transformation:[0.9009688679024179f,-0.11900021305010432f,-0.41724578891184205f,-0.08925015978757835f,0f,0.9616534368410363f,-0.2742675106749303f,1.4712400776307772f,0.4338837391175609f,0.2471064885952063f,0.8664198083051379f,1.0759548664464047f,0f,0f,0f,1f],start_interpolation:0}
execute if entity @s[tag=aj.cutscenes.bone.upper] run data modify entity @s {} merge value {transformation:[0.9009688679024179f,-0.11900021305010432f,-0.41724578891184205f,-1.0907010554906114e-16f,0f,0.9616534368410363f,-0.2742675106749303f,0.75f,0.4338837391175609f,0.2471064885952063f,0.8664198083051379f,0.890625f,0f,0f,0f,1f],start_interpolation:0}
execute if entity @s[tag=aj.cutscenes.bone.bottom3] run data modify entity @s {} merge value {transformation:[0.9009688679024179f,0f,-0.4338837391175609f,0.11262110848780213f,0f,1f,0f,0.4375f,0.4338837391175609f,0f,0.9009688679024179f,0.9448604673896952f,0f,0f,0f,1f],start_interpolation:0}
execute if entity @s[tag=aj.cutscenes.bone.rightleg] run data modify entity @s {} merge value {transformation:[0.9009688679024179f,0f,-0.4338837391175609f,0.10699005306341201f,0f,1f,0f,0.75f,0.4338837391175609f,0f,0.9009688679024179f,0.9421486940202104f,0f,0f,0f,1f],start_interpolation:0}
execute if entity @s[tag=aj.cutscenes.bone.bottom4] run data modify entity @s {} merge value {transformation:[0.9009688679024179f,0f,-0.4338837391175609f,-0.11262110848780235f,0f,1f,0f,0.4375f,0.4338837391175609f,0f,0.9009688679024179f,0.8363895326103048f,0f,0f,0f,1f],start_interpolation:0}
execute if entity @s[tag=aj.cutscenes.bone.leftleg] run data modify entity @s {} merge value {transformation:[0.9009688679024179f,0f,-0.4338837391175609f,-0.10699005306341224f,0f,1f,0f,0.75f,0.4338837391175609f,0f,0.9009688679024179f,0.8391013059797896f,0f,0f,0f,1f],start_interpolation:0}
execute if entity @s[tag=aj.cutscenes.locator_origin.head2] at @s on origin run tp @s ^0 ^0.63169 ^2.24046 ~-180 ~-47.5
execute if entity @s[tag=aj.cutscenes.bone.bottom5] run data modify entity @s {} merge value {transformation:[0.9763824522960998f,0.03874931499508455f,-0.2125459889898332f,0.3638365745197348f,0.07922011635704344f,0.8510510653060979f,0.5190724972542202f,0.33943237070557836f,0.20100119405772465f,-0.5236511957675333f,0.8278816009301097f,2.2917737090768187f,0f,0f,0f,1f],start_interpolation:0}
execute if entity @s[tag=aj.cutscenes.bone.rightarm2] run data modify entity @s {} merge value {transformation:[0.9763824522960998f,0.03874931499508455f,-0.2125459889898332f,0.31249999999999967f,0.07922011635704344f,0.8510510653060979f,0.5190724972542202f,0.5472438797597876f,0.20100119405772465f,-0.5236511957675333f,0.8278816009301097f,2.1482983355063276f,0f,0f,0f,1f],start_interpolation:0}
execute if entity @s[tag=aj.cutscenes.bone.bottom6] run data modify entity @s {} merge value {transformation:[0.9763824522960998f,-0.0387493149950843f,0.21254598898983282f,-0.3638365745197355f,-0.07922011635704344f,0.8510510653060979f,0.5190724972542202f,0.33943237070557836f,-0.20100119405772415f,-0.5236511957675333f,0.8278816009301097f,2.291773709076818f,0f,0f,0f,1f],start_interpolation:0}
execute if entity @s[tag=aj.cutscenes.bone.leftarm2] run data modify entity @s {} merge value {transformation:[0.9763824522960998f,-0.0387493149950843f,0.21254598898983282f,-0.31250000000000033f,-0.07922011635704344f,0.8510510653060979f,0.5190724972542202f,0.5472438797597876f,-0.20100119405772415f,-0.5236511957675333f,0.8278816009301097f,2.148298335506327f,0f,0f,0f,1f],start_interpolation:0}
execute if entity @s[tag=aj.cutscenes.locator_origin.mount2] at @s on origin run tp @s ^0 ^0.85404 ^2.35474 ~-180 ~-27.20238
execute if entity @s[tag=aj.cutscenes.bone.head2] run data modify entity @s {} merge value {transformation:[1f,-1.1196573616555974e-16f,-2.178395401009159e-16f,-3.574028819367183e-16f,0f,0.8893974174945147f,-0.45713480916911986f,0.6316926557117452f,2.4492935982947064e-16f,0.45713480916911986f,0.8893974174945147f,2.240458002607593f,0f,0f,0f,1f],start_interpolation:0}
execute if entity @s[tag=aj.cutscenes.bone.upper2] run data modify entity @s {} merge value {transformation:[1f,-1.8058086612168067e-16f,-1.6547187705836282e-16f,-2.2196723234545778e-16f,0f,0.6755902076156602f,-0.737277336810124f,0.125f,2.4492935982947064e-16f,0.737277336810124f,0.6755902076156602f,1.6875f,0f,0f,0f,1f],start_interpolation:0}
execute if entity @s[tag=aj.cutscenes.bone.bottom7] run data modify entity @s {} merge value {transformation:[0.9622501286096566f,-0.2613904300562415f,-0.07582699430751813f,0.1265110728742515f,0.1441526541328116f,0.7257925133895056f,-0.6726404981966293f,0.37201650229898636f,0.23085645387808684f,0.6363177434134277f,0.736074063610502f,1.392293466012468f,0f,0f,0f,1f],start_interpolation:0}
execute if entity @s[tag=aj.cutscenes.bone.rightleg2] run data modify entity @s {} merge value {transformation:[0.9622501286096566f,-0.005590430625412266f,0.27210923739579607f,0.1187499999999998f,0.1441526541328116f,-0.8375697542741001f,-0.5269695617696424f,0.109375f,0.23085645387808684f,0.5463017973708721f,-0.8051457283574127f,1.5615699248541275f,0f,0f,0f,1f],start_interpolation:0}
execute if entity @s[tag=aj.cutscenes.bone.bottom8] run data modify entity @s {} merge value {transformation:[0.9622501286096569f,0.26139043005624113f,0.07582699430751774f,-0.1265110728742518f,-0.1441526541328116f,0.7257925133895056f,-0.6726404981966293f,0.37201650229898636f,-0.2308564538780864f,0.636317743413428f,0.7360740636105021f,1.392293466012468f,0f,0f,0f,1f],start_interpolation:0}
execute if entity @s[tag=aj.cutscenes.bone.leftleg2] run data modify entity @s {} merge value {transformation:[0.9622501286096569f,0.005590430625411999f,-0.2721092373957956f,-0.11875000000000019f,-0.1441526541328116f,-0.8375697542741001f,-0.5269695617696424f,0.109375f,-0.2308564538780864f,0.5463017973708721f,-0.8051457283574129f,1.5615699248541275f,0f,0f,0f,1f],start_interpolation:0}
execute if entity @s[tag=aj.cutscenes.camera_origin.camera] at @s on origin run tp @s ^-1.95913 ^-0.12 ^1.6875 ~-90 ~0