execute if entity @s[tag=aj.cutscenes.locator_origin.head] at @s on origin run tp @s ^-0.14507 ^0.65291 ^1.68981 ~-42.63713 ~77.21639
execute if entity @s[tag=aj.cutscenes.bone.blade2] run data modify entity @s {} merge value {transformation:[0.000003443965586833781f,8.755102992193957e-7f,0.00000934733024733081f,-0.16004599764743094f,0.000008625267653625676f,-0.000004226705406421463f,-0.0000027820351023389676f,0.07071372314477498f,0.000003707271090711237f,0.000009020445838387832f,-0.0000022108138629673f,2.7601305418405473f,0f,0f,0f,1f],start_interpolation:0}
execute if entity @s[tag=aj.cutscenes.bone.heart] run data modify entity @s {} merge value {transformation:[-0.00000934733024733081f,0.0000019476715911072466f,-0.0000029722033275885354f,-0.2533979144759652f,0.0000027820351023389685f,0.000009214735147994156f,-0.000002710892259326239f,0.03391316721173471f,0.000002210813862967301f,-0.000003360837920149509f,-0.000009155166330427687f,2.203433061314315f,0f,0f,0f,1f],start_interpolation:0}
execute if entity @s[tag=aj.cutscenes.bone.bottom2] run data modify entity @s {} merge value {transformation:[0.2972203327588533f,0.19476715911072465f,-0.9347330247330808f,-0.21799296142550972f,0.2710892259326239f,0.9214735147994156f,0.2782035102338968f,0.47997132494948846f,0.9155166330427686f,-0.33608379201495087f,0.22108138629672985f,2.1451931225686725f,0f,0f,0f,1f],start_interpolation:0}
execute if entity @s[tag=aj.cutscenes.bone.rightarm] run data modify entity @s {} merge value {transformation:[0.2809845583742253f,0.2175358600980247f,-0.9347330247330808f,-0.18117053129939265f,0.1977901171552219f,0.939937166224031f,0.2782035102338968f,0.7025937341832948f,0.9391095503246495f,-0.2630518449320417f,0.22108138629672985f,2.0207358144403713f,0f,0f,0f,1f],start_interpolation:0}
execute if entity @s[tag=aj.cutscenes.bone.blade] run data modify entity @s {} merge value {transformation:[-1.1492897873772225f,-0.000006425782417060853f,6.418446462360907e-8f,-1.0982230418392183f,0.9525711458154448f,-0.000007556102466131711f,0.0000016052388038269012f,0.06891730327624812f,-0.14744896334077318f,0.000001270683221699965f,0.00000987011087765428f,1.4714027321250716f,0f,0f,0f,1f],start_interpolation:0}
execute if entity @s[tag=aj.cutscenes.bone.bottom] run data modify entity @s {} merge value {transformation:[0.006418446462360804f,0.9658396406948184f,-0.2590609812525107f,-0.5922111604830322f,0.1605238803826899f,0.2547114360737847f,0.9536006334730038f,0.5066655525665916f,0.9870110877654281f,-0.0477061085788201f,-0.15340547523596462f,1.397438281592001f,0f,0f,0f,1f],start_interpolation:0}
execute if entity @s[tag=aj.cutscenes.bone.leftarm] run data modify entity @s {} merge value {transformation:[0.06851344266021415f,0.9634278987902166f,-0.2590609812525107f,-0.3470720956192147f,0.17657085214898743f,0.24386177644572815f,0.9536006334730038f,0.5786666749373354f,0.9819005256879263f,-0.11107708054050519f,-0.15340547523596462f,1.4310377943123702f,0f,0f,0f,1f],start_interpolation:0}
execute if entity @s[tag=aj.cutscenes.locator_origin.mount] at @s on origin run tp @s ^0.07768 ^0.54495 ^1.65481 ~58.58766 ~62.60839
execute if entity @s[tag=aj.cutscenes.bone.head] run data modify entity @s {} merge value {transformation:[0.2278521536123258f,0.8910197470882193f,0.392641320282355f,-0.14507057615116437f,0.1586836584351127f,-0.43183763764396427f,0.8878827350837095f,0.6529056537564017f,0.9606783502504226f,-0.1400002321888284f,-0.23978540895392395f,1.689814165251645f,0f,0f,0f,1f],start_interpolation:0}
execute if entity @s[tag=aj.cutscenes.bone.upper] run data modify entity @s {} merge value {transformation:[0.26544250291171523f,0.9524058984651145f,-0.1498775574154521f,-0.8593750000000002f,0.1982832947935352f,0.09820359356869346f,0.9752126892201592f,0.5792529585798817f,0.9435168322048018f,-0.2885811129978068f,-0.16277877185666126f,1.90625f,0f,0f,0f,1f],start_interpolation:0}
execute if entity @s[tag=aj.cutscenes.bone.bottom3] run data modify entity @s {} merge value {transformation:[-0.13052619222005188f,0.9460383319830656f,-0.29660476658886115f,-0.9159628098490578f,-1.734723475976807e-18f,0.2991641574276418f,0.9542016594570609f,0.28635478375418716f,0.9914448613738104f,0.12454830921898485f,-0.039048758317750246f,2.0238540045039968f,0f,0f,0f,1f],start_interpolation:0}
execute if entity @s[tag=aj.cutscenes.bone.rightleg] run data modify entity @s {} merge value {transformation:[-0.13052619222005188f,0.17847046767258318f,-0.9752493041849677f,-0.8593750000000002f,-1.734723475976807e-18f,0.9836646919866011f,0.18001048230285133f,0.59375f,0.9914448613738104f,0.02349608281468623f,-0.12839400666632125f,2.025f,0f,0f,0f,1f],start_interpolation:0}
execute if entity @s[tag=aj.cutscenes.bone.bottom4] run data modify entity @s {} merge value {transformation:[0.17364817766693003f,0.5344947379850032f,-0.8271406684834796f,-0.5527094857472474f,0f,0.8399006465510898f,0.5427401808628709f,0.46976002674378325f,0.9848077530122081f,-0.09424584335345751f,0.145847216694873f,1.7270801794601176f,0f,0f,0f,1f],start_interpolation:0}
execute if entity @s[tag=aj.cutscenes.bone.leftleg] run data modify entity @s {} merge value {transformation:[0.17364817766693003f,-0.9848026091621473f,0.003182982937687928f,-0.8593750000000002f,0f,-0.0032320855801064585f,-0.9999947767977607f,0.46875f,0.9848077530122081f,0.17364727066737956f,-0.0005612457710490449f,1.7875f,0f,0f,0f,1f],start_interpolation:0}
execute if entity @s[tag=aj.cutscenes.locator_origin.head2] at @s on origin run tp @s ^0 ^0.125 ^2.4375 ~-180 ~-90
execute if entity @s[tag=aj.cutscenes.locator_origin.mount2] at @s on origin run tp @s ^0 ^0.125 ^2.6875 ~-180 ~-90
execute if entity @s[tag=aj.cutscenes.camera_origin.camera] at @s on origin run tp @s ^3.375 ^-0.44813 ^1.90625 ~90 ~10