execute if entity @s[tag=aj.cutscenes.locator_origin.head] at @s on origin run tp @s ^-0.146 ^0.64959 ^1.68528 ~-41.32551 ~77.24962
execute if entity @s[tag=aj.cutscenes.bone.blade2] run data modify entity @s {} merge value {transformation:[0.0000032574115730964947f,0.0000010697065535835922f,0.000009393880866429877f,-0.13532613844897812f,0.000008683827921362857f,-0.000004267842428609861f,-0.0000025252036822237298f,0.06454125024286156f,0.000003739037640304767f,0.000008980047265676154f,-0.000002319126695678006f,2.7510870454015453f,0f,0f,0f,1f],start_interpolation:0}
execute if entity @s[tag=aj.cutscenes.bone.heart] run data modify entity @s {} merge value {transformation:[-0.000009393880866429877f,0.00000167893245688369f,-0.000002989345759952364f,-0.23303012158701217f,0.0000025252036822237306f,0.000009285702075595263f,-0.0000027201256086014685f,0.029376177359120237f,0.000002319126695678007f,-0.0000033101242829398865f,-0.000009146842548163017f,2.195031027140039f,0f,0f,0f,1f],start_interpolation:0}
execute if entity @s[tag=aj.cutscenes.bone.bottom2] run data modify entity @s {} merge value {transformation:[0.29893457599523615f,0.16789324568836897f,-0.9393880866429876f,-0.2096122571177063f,0.27201256086014686f,0.9285702075595262f,0.252520368222373f,0.47660477825098485f,0.9146842548163017f,-0.33101242829398864f,0.2319126695678005f,2.139790974478927f,0f,0f,0f,1f],start_interpolation:0}
execute if entity @s[tag=aj.cutscenes.bone.rightarm] run data modify entity @s {} merge value {transformation:[0.2851968411330649f,0.1902965698086752f,-0.9393880866429876f,-0.17986291723635406f,0.20009078540825076f,0.9466768937855967f,0.252520368222373f,0.7007683276093684f,0.93735075580192f,-0.2599809113983285f,0.2319126695678005f,2.016211324391725f,0f,0f,0f,1f],start_interpolation:0}
execute if entity @s[tag=aj.cutscenes.bone.blade] run data modify entity @s {} merge value {transformation:[-1.1427490191483065f,-0.000006476228773936695f,1.3984892759398918e-7f,-1.1046132671070032f,0.96089428417047f,-0.000007500106152696135f,0.0000016468332960231409f,0.07161778692813892f,-0.14424581062929612f,0.0000013441981126024339f,0.000009862473440905195f,1.4744902550565289f,0f,0f,0f,1f],start_interpolation:0}
execute if entity @s[tag=aj.cutscenes.bone.bottom] run data modify entity @s {} merge value {transformation:[0.013984892759398813f,0.9674708773098364f,-0.2525955746481789f,-0.595687913715128f,0.16468332960231385f,0.24694184925349014f,0.9549340940810325f,0.5050742138902881f,0.9862473440905196f,-0.054952931173888886f,-0.15587287008903786f,1.395415579127956f,0f,0f,0f,1f],start_interpolation:0}
execute if entity @s[tag=aj.cutscenes.bone.leftarm] run data modify entity @s {} merge value {transformation:[0.07287303158310914f,0.964823816526128f,-0.2525955746481789f,-0.34992739510965165f,0.1794152190133469f,0.2364551863420013f,0.9549340940810325f,0.5754014616641225f,0.9810706908547824f,-0.11490843274506009f,-0.15587287008903786f,1.428005389120115f,0f,0f,0f,1f],start_interpolation:0}
execute if entity @s[tag=aj.cutscenes.locator_origin.mount] at @s on origin run tp @s ^0.07684 ^0.54227 ^1.64885 ~57.79983 ~62.70583
execute if entity @s[tag=aj.cutscenes.bone.head] run data modify entity @s {} merge value {transformation:[0.23440910300608597f,0.8913393992620069f,0.3880289264360673f,-0.14599918740760331f,0.1612532520987611f,-0.4292714013479231f,0.8886638580882895f,0.6495924061084732f,0.9586708304290141f,-0.1457399715521968f,-0.24435650099088685f,1.6852800281071039f,0f,0f,0f,1f],start_interpolation:0}
execute if entity @s[tag=aj.cutscenes.bone.upper] run data modify entity @s {} merge value {transformation:[0.27210316459727624f,0.9511677501231959f,-0.14573873521382402f,-0.8593750000000002f,0.2005869855123933f,0.09206009177382235f,0.9753408638756228f,0.5805473372781065f,0.941129496434576f,-0.29462662919052807f,-0.1657420294090445f,1.90625f,0f,0f,0f,1f],start_interpolation:0}
execute if entity @s[tag=aj.cutscenes.bone.bottom3] run data modify entity @s {} merge value {transformation:[-0.1305261922200519f,0.94636728521988f,-0.2955535054945019f,-0.917316670327797f,-1.734723475976807e-18f,0.2981038250427399f,0.9545334512183885f,0.2866078151045934f,0.9914448613738104f,0.12459161673420091f,-0.038910357169061396f,2.023675765390586f,0f,0f,0f,1f],start_interpolation:0}
execute if entity @s[tag=aj.cutscenes.bone.rightleg] run data modify entity @s {} merge value {transformation:[-0.1305261922200519f,0.18280282120454858f,-0.9744465309621622f,-0.8593750000000002f,-1.734723475976807e-18f,0.9828549916653012f,0.18438021954266334f,0.59375f,0.9914448613738104f,0.024066447977601046f,-0.12828831956654263f,2.025f,0f,0f,0f,1f],start_interpolation:0}
execute if entity @s[tag=aj.cutscenes.bone.bottom4] run data modify entity @s {} merge value {transformation:[0.17364817766693f,0.5381653645537225f,-0.8247571465514641f,-0.5527124557607331f,1.3877787807814457e-17f,0.837480354951308f,0.5464674327630432f,0.47045441464719184f,0.9848077530122081f,-0.09489307385362807f,0.1454269374691483f,1.7270807031536282f,0f,0f,0f,1f],start_interpolation:0}
execute if entity @s[tag=aj.cutscenes.bone.leftleg] run data modify entity @s {} merge value {transformation:[0.17364817766693f,-0.9847931051189933f,0.005371266428486843f,-0.8593750000000002f,1.3877787807814457e-17f,-0.005454126871013987f,-0.9999851261394216f,0.46875f,0.9848077530122081f,0.17364559484814568f,-0.0009470991919157938f,1.7875f,0f,0f,0f,1f],start_interpolation:0}
execute if entity @s[tag=aj.cutscenes.locator_origin.head2] at @s on origin run tp @s ^0 ^0.125 ^2.4375 ~-180 ~-90
execute if entity @s[tag=aj.cutscenes.locator_origin.mount2] at @s on origin run tp @s ^0 ^0.125 ^2.6875 ~-180 ~-90
execute if entity @s[tag=aj.cutscenes.camera_origin.camera] at @s on origin run tp @s ^3.375 ^-0.44813 ^1.90625 ~90 ~10