execute if entity @s[tag=aj.cutscenes.locator_origin.head] at @s on origin run tp @s ^-0.00472 ^1.49986 ^-0.01359 ~5.38745 ~-0.99997
execute if entity @s[tag=aj.cutscenes.bone.blade2] run data modify entity @s {} merge value {transformation:[0.11531372361606759f,0.1419562385329536f,1.4888086416619744f,-0.36319206707027696f,1.4872065692710377f,-0.16849664144972507f,-0.09912367092290711f,0.8398724496703409f,0.1578586882717172f,1.483730874573195f,-0.1536988170917228f,0.2715734294320774f,0f,0f,0f,1f],start_interpolation:0}
execute if entity @s[tag=aj.cutscenes.bone.heart] run data modify entity @s {} merge value {transformation:[-9.463749235530241e-7f,7.687581574404529e-7f,0.000009925390944413163f,-0.33195229935526527f,0.0000011233109429981671f,0.000009914710461806919f,-6.608244728193831e-7f,0.6956113647375074f,-0.000009891539163821302f,0.0000010523912551447812f,-0.0000010246587806114857f,-0.11371068949142546f,0f,0f,0f,1f],start_interpolation:0}
execute if entity @s[tag=aj.cutscenes.bone.bottom2] run data modify entity @s {} merge value {transformation:[-0.9925390944413162f,0.07687581574404528f,-0.09463749235530218f,-0.38325480081073127f,0.06608244728193832f,0.9914710461806918f,0.11233109429981669f,1.1433185053776347f,0.10246587806114835f,0.10523912551447812f,-0.98915391638213f,-0.13694107507266798f,0f,0f,0f,1f],start_interpolation:0}
execute if entity @s[tag=aj.cutscenes.bone.rightarm] run data modify entity @s {} merge value {transformation:[-0.9974554596278147f,0.023471375387557475f,-0.06731790694964795f,-0.3150459907371035f,-0.005715978363493597f,0.9148818824109105f,0.4036811474760952f,1.3723962246280808f,0.0710628851793478f,0.403038752198452f,-0.9124197666514583f,-0.04062281734676422f,0f,0f,0f,1f],start_interpolation:0}
execute if entity @s[tag=aj.cutscenes.bone.blade] run data modify entity @s {} merge value {transformation:[0.2899412892218281f,-0.6180818132575421f,-1.335630533090889f,0.2978359849729794f,-1.319972712804286f,0.4928101718231135f,-0.5145970967657776f,1.0742533940656331f,0.6508502794471843f,1.2747992024895303f,-0.4486434074803505f,0.5505438683457482f,0f,0f,0f,1f],start_interpolation:0}
execute if entity @s[tag=aj.cutscenes.bone.bottom] run data modify entity @s {} merge value {transformation:[-0.8904203553939263f,-0.19329419281455223f,0.4120545421716945f,0.4279365950927656f,-0.3430647311771852f,0.8799818085361905f,-0.3285401145487424f,1.1545840020654967f,-0.2990956049869f,-0.43390018629812294f,-0.8498661349930202f,0.06475899099256865f,0f,0f,0f,1f],start_interpolation:0}
execute if entity @s[tag=aj.cutscenes.bone.leftarm] run data modify entity @s {} merge value {transformation:[-0.9102357059983622f,-0.2554613680501281f,0.3258994460867035f,0.30718152145533595f,-0.2773943282266262f,0.9605076085396732f,-0.021852244852567017f,1.377373758686251f,-0.3074464932201406f,-0.1102933514376761f,-0.9451518557540282f,0.017970247306890837f,0f,0f,0f,1f],start_interpolation:0}
execute if entity @s[tag=aj.cutscenes.locator_origin.mount] at @s on origin run tp @s ^-0.00609 ^1.74966 ^-0.00357 ~-2.30794 ~2.28243
execute if entity @s[tag=aj.cutscenes.bone.head] run data modify entity @s {} merge value {transformation:[-0.9991751321039095f,-0.005470669309476698f,-0.04023837922234498f,-0.00471868156906051f,-0.007074538134785263f,0.9991816084716082f,0.039825421557961836f,1.499861989988599f,0.03998757676221906f,0.04007723879456084f,-0.9983961180990686f,-0.013591542023924028f,0f,0f,0f,1f],start_interpolation:0}
execute if entity @s[tag=aj.cutscenes.bone.upper] run data modify entity @s {} merge value {transformation:[-0.9955640195079031f,-0.006291575425414014f,0.09387597743796812f,0f,-0.007964054493072225f,0.9998159866514653f,-0.017451838647785108f,0.75f,-0.09374890344584809f,-0.018122056031898703f,-0.995430928888528f,0f,0f,0f,0f,1f],start_interpolation:0}
execute if entity @s[tag=aj.cutscenes.bone.bottom3] run data modify entity @s {} merge value {transformation:[-0.9861701362289889f,0.017151525069130945f,0.1648462544248446f,-0.14174137230843856f,3.469446951953614e-18f,0.9946308119914323f,-0.10348694525042243f,0.45445448918340103f,-0.1657361228281198f,-0.10205573489553099f,-0.9808752033591407f,0.09909369473145263f,0f,0f,0f,1f],start_interpolation:0}
execute if entity @s[tag=aj.cutscenes.bone.rightleg] run data modify entity @s {} merge value {transformation:[-0.9861701362289889f,0.05384898866242359f,0.15674421466239766f,-0.11875f,3.469446951953614e-18f,0.9457456346131168f,-0.3249079786804764f,0.75f,-0.1657361228281198f,-0.32041454559721083f,-0.9326661013243889f,-1.4542680739874818e-17f,0f,0f,0f,1f],start_interpolation:0}
execute if entity @s[tag=aj.cutscenes.bone.bottom4] run data modify entity @s {} merge value {transformation:[-0.9992083428780468f,0.0013745283542201257f,-0.0397592529445796f,0.12438340812764713f,0f,0.9994029483549729f,0.03455064137447232f,0.43787842977981384f,0.03978300545342969f,0.03452328911316016f,-0.9986117638932067f,-0.015610977424644165f,0f,0f,0f,1f],start_interpolation:0}
execute if entity @s[tag=aj.cutscenes.bone.leftleg] run data modify entity @s {} merge value {transformation:[-0.9992083428780468f,0.0019572608490901087f,-0.03973482921664866f,0.11875f,0f,0.9987890247045957f,0.04919841592614953f,0.75f,0.03978300545342969f,0.049159467649792774f,-0.9979983262598597f,1.4542680739874818e-17f,0f,0f,0f,1f],start_interpolation:0}
execute if entity @s[tag=aj.cutscenes.locator_origin.head2] at @s on origin run tp @s ^0 ^0.71767 ^2.01074 ~-180 ~-37.79297
execute if entity @s[tag=aj.cutscenes.bone.bottom5] run data modify entity @s {} merge value {transformation:[0.9763824357934117f,-0.11314880869699699f,-0.18405077061662822f,0.40181110441133716f,0.11197684817022861f,0.9935690792904337f,-0.016783031663594905f,0.3775001715863497f,0.18476613474331788f,-0.004222767861252974f,0.9827734447387171f,1.9467462405415155f,0f,0f,0f,1f],start_interpolation:0}
execute if entity @s[tag=aj.cutscenes.bone.rightarm2] run data modify entity @s {} merge value {transformation:[0.9763824357934117f,-0.11314880869699699f,-0.18405077061662822f,0.31249999999999967f,0.11197684817022861f,0.9935690792904337f,-0.016783031663594905f,0.6188938883983188f,0.18476613474331788f,-0.004222767861252974f,0.9827734447387171f,1.9341426651547449f,0f,0f,0f,1f],start_interpolation:0}
execute if entity @s[tag=aj.cutscenes.bone.bottom6] run data modify entity @s {} merge value {transformation:[0.9763824522960998f,0.1131487446739106f,0.18405072242991224f,-0.40181108943698424f,-0.11197678504655795f,0.9935690866055655f,-0.016783019764611273f,0.3775001658123373f,-0.18476608579198556f,-0.004222762188492879f,0.9827734539661763f,1.946746236063867f,0f,0f,0f,1f],start_interpolation:0}
execute if entity @s[tag=aj.cutscenes.bone.leftarm2] run data modify entity @s {} merge value {transformation:[0.9763824522960998f,0.1131487446739106f,0.18405072242991224f,-0.31250000000000033f,-0.11197678504655795f,0.9935690866055655f,-0.016783019764611273f,0.6188938883983188f,-0.18476608579198556f,-0.004222762188492879f,0.9827734539661763f,1.9341426651547446f,0f,0f,0f,1f],start_interpolation:0}
execute if entity @s[tag=aj.cutscenes.locator_origin.mount2] at @s on origin run tp @s ^0 ^0.96202 ^2.06361 ~-180 ~-12.20703
execute if entity @s[tag=aj.cutscenes.bone.head2] run data modify entity @s {} merge value {transformation:[1f,-5.178902525820814e-17f,-2.3939149560767396e-16f,-3.1783888915603603e-16f,0f,0.9773899534720853f,-0.21144474184011947f,0.7176726660779825f,2.4492935982947064e-16f,0.21144474184011947f,0.9773899534720853f,2.010743925458421f,0f,0f,0f,1f],start_interpolation:0}
execute if entity @s[tag=aj.cutscenes.bone.upper2] run data modify entity @s {} merge value {transformation:[1f,-1.5009518118648044e-16f,-1.9355058225454117e-16f,-2.052675032661757e-16f,0f,0.79023022143731f,-0.6128100824294097f,0.125f,2.4492935982947064e-16f,0.6128100824294097f,0.79023022143731f,1.5511363636363638f,0f,0f,0f,1f],start_interpolation:0}
execute if entity @s[tag=aj.cutscenes.bone.bottom7] run data modify entity @s {} merge value {transformation:[0.9622501286096565f,-0.26905160752600293f,-0.04105998634160711f,0.144028255744162f,0.14415265413281164f,0.6317860548610036f,-0.7616208986035214f,0.3323813390529127f,0.2308564538780869f,0.7269509016232412f,0.6467207158673612f,1.208594425084851f,0f,0f,0f,1f],start_interpolation:0}
execute if entity @s[tag=aj.cutscenes.bone.rightleg2] run data modify entity @s {} merge value {transformation:[0.9622501286096565f,-0.06164541580912588f,0.2650934414511594f,0.11874999999999981f,0.14415265413281164f,-0.7107372318866645f,-0.688529301857625f,0.109375f,0.2308564538780869f,0.7007513324424025f,-0.675020642486608f,1.4261363636363638f,0f,0f,0f,1f],start_interpolation:0}
execute if entity @s[tag=aj.cutscenes.bone.bottom8] run data modify entity @s {} merge value {transformation:[0.9622501234458984f,0.26905161287299073f,0.041060072318440485f,-0.14402828262855796f,-0.14415259299124727f,0.6317860647613455f,-0.7616209019632225f,0.3323813394794556f,-0.23085651357987086f,0.726950891039976f,0.6467207064521219f,1.2085944286460624f,0f,0f,0f,1f],start_interpolation:0}
execute if entity @s[tag=aj.cutscenes.bone.leftleg2] run data modify entity @s {} merge value {transformation:[0.9622501234458984f,0.06164550194246691f,-0.2650934401651889f,-0.11875000000000017f,-0.14415259299124727f,-0.7107372344744329f,-0.6885293119871765f,0.109375f,-0.23085651357987086f,0.7007513222405621f,-0.6750206326593661f,1.4261363636363638f,0f,0f,0f,1f],start_interpolation:0}
execute if entity @s[tag=aj.cutscenes.camera_origin.camera] at @s on origin run tp @s ^-2.31094 ^-0.12 ^0.775 ~-90 ~0