execute if entity @s[tag=aj.cutscenes.locator_origin.head] at @s on origin run tp @s ^-1.17539 ^1.25182 ^1.84298 ~-95.14263 ~-24.53065
execute if entity @s[tag=aj.cutscenes.bone.blade2] run data modify entity @s {} merge value {transformation:[9.649098627582627e-7f,6.615464864351504e-7f,-0.000009931329478123116f,-1.1050819753922698f,-0.000008266868046274445f,0.00000561020804408622f,-4.294862134653478e-7f,1.912589728960155f,0.0000055432699431146585f,0.000008251540580301085f,0.0000010882262583700411f,2.801067625185852f,0f,0f,0f,1f],start_interpolation:0}
execute if entity @s[tag=aj.cutscenes.bone.heart] run data modify entity @s {} merge value {transformation:[-0.9931329478123115f,0.02644718457580996f,0.1139626886206254f,-1.0384284032325606f,-0.042948621346534675f,-0.9885176074189194f,-0.14487358540191947f,1.8427975096942772f,0.10882262583700399f,-0.14877327129154722f,0.982865275536353f,2.3691974544790284f,0f,0f,0f,1f],start_interpolation:0}
execute if entity @s[tag=aj.cutscenes.bone.bottom2] run data modify entity @s {} merge value {transformation:[0.11396268862062563f,0.02644718457580996f,0.9931329478123115f,-1.1115689395672697f,-0.14487358540191947f,-0.9885176074189194f,0.04294862134653471f,1.416020294493422f,0.982865275536353f,-0.14877327129154722f,-0.10882262583700421f,2.2511818362114706f,0f,0f,0f,1f],start_interpolation:0}
execute if entity @s[tag=aj.cutscenes.bone.rightarm] run data modify entity @s {} merge value {transformation:[0.11258191905238643f,0.031816025397754244f,0.9931329478123115f,-1.1106513031586052f,-0.09788383459913326f,-0.9942706728293869f,0.04294862134653471f,1.173570365948521f,0.988809418657939f,-0.10204689941045708f,-0.10882262583700421f,2.1638695226927354f,0f,0f,0f,1f],start_interpolation:0}
execute if entity @s[tag=aj.cutscenes.bone.blade] run data modify entity @s {} merge value {transformation:[-0.47944630881956246f,0.000009017358485073757f,0.000002910473584005282f,-0.44223286122047156f,-1.3876908168281874f,-0.000002305686392987662f,-0.0000030162517407281693f,0.6898680748054743f,-0.30731975831373914f,-0.0000036566454858052344f,0.000009079172261465343f,1.1269449928332764f,0f,0f,0f,1f],start_interpolation:0}
execute if entity @s[tag=aj.cutscenes.bone.bottom] run data modify entity @s {} merge value {transformation:[0.2910473584005285f,-0.5553260268905602f,-0.7790407171810848f,-1.009281049032907f,-0.30162517407281697f,0.7195019412127716f,-0.6255711078339509f,0.9378859662876614f,0.9079172261465344f,0.4170491103563203f,0.0419088298259984f,1.3916821681154983f,0f,0f,0f,1f],start_interpolation:0}
execute if entity @s[tag=aj.cutscenes.bone.leftarm] run data modify entity @s {} merge value {transformation:[0.2649467158149596f,-0.5682418488221789f,-0.7790407171810848f,-1.1347823415000167f,-0.2678895752150025f,0.732731850361733f,-0.6255711078339509f,1.104325830427157f,0.9263036290925306f,0.37443989733016286f,0.0419088298259984f,1.543186119266322f,0f,0f,0f,1f],start_interpolation:0}
execute if entity @s[tag=aj.cutscenes.locator_origin.mount] at @s on origin run tp @s ^-1.28697 ^1.47539 ^1.83495 ~-98.32933 ~-26.04276
execute if entity @s[tag=aj.cutscenes.bone.head] run data modify entity @s {} merge value {transformation:[0.1022850557124273f,-0.4463581786809826f,-0.8889893945950658f,-1.175385186795173f,0.08666392155904085f,0.8942771722297758f,-0.4390418020288321f,1.2518190787721524f,0.9909728210591419f,-0.03213589197940245f,0.1301543405683196f,1.8429833851754347f,0f,0f,0f,1f],start_interpolation:0}
execute if entity @s[tag=aj.cutscenes.bone.upper] run data modify entity @s {} merge value {transformation:[0.038609661346258366f,-0.42134691572689714f,-0.9060772983902412f,-0.8593750000000002f,0.11079125683418256f,0.902967844674507f,-0.4151799235186808f,0.5745931952662722f,0.9930934454822614f,-0.08435548643275378f,0.08154483704603287f,1.90625f,0f,0f,0f,1f],start_interpolation:0}
execute if entity @s[tag=aj.cutscenes.locator_origin.head2] at @s on origin run tp @s ^0 ^0.125 ^2.4375 ~-180 ~-90
execute if entity @s[tag=aj.cutscenes.locator_origin.mount2] at @s on origin run tp @s ^0 ^0.125 ^2.6875 ~-180 ~-90
execute if entity @s[tag=aj.cutscenes.camera_origin.camera] at @s on origin run tp @s ^3.375 ^-0.44813 ^1.90625 ~90 ~-20