execute if entity @s[tag=aj.cutscenes.locator_origin.head] at @s on origin run tp @s ^0 ^1.5 ^0.89063 ~0 ~0
execute if entity @s[tag=aj.cutscenes.bone.blade2] run data modify entity @s {} merge value {transformation:[0.11596256474533292f,0.06036453456665152f,1.4942920753802573f,-0.45970812001086075f,0.8015644399539201f,1.2628049070664047f,-0.11321755734146452f,1.4201704041278518f,-1.2625557936895473f,0.807266925902183f,0.06536802096894336f,1.4521172069115327f,0f,0f,0f,1f],start_interpolation:0}
execute if entity @s[tag=aj.cutscenes.bone.heart] run data modify entity @s {} merge value {transformation:[-4.024302304443435e-7f,7.730837649688884e-7f,0.000009961947169201715f,-0.4095864947787826f,-0.000008418699380442699f,0.000005343762933026134f,-7.547837156097648e-7f,1.0161476038427455f,-0.0000053817795060145536f,-0.000008417038624596982f,4.3578680645962424e-7f,1.4110935625015928f,0f,0f,0f,1f],start_interpolation:0}
execute if entity @s[tag=aj.cutscenes.bone.bottom2] run data modify entity @s {} merge value {transformation:[-0.9961947169201715f,0.07730837649688883f,-0.040243023044434126f,-0.45673577849612856f,0.07547837156097628f,0.5343762933026134f,-0.8418699380442698f,1.1900628910311315f,-0.04357868064596254f,-0.8417038624596982f,-0.5381779506014553f,0.9973983858592703f,0f,0f,0f,1f],start_interpolation:0}
execute if entity @s[tag=aj.cutscenes.bone.rightarm] run data modify entity @s {} merge value {transformation:[-0.9396926946748599f,0.3420199403157988f,0.000001038238636392217f,-0.3125000000000001f,0.2961974211581144f,0.8137977911650027f,-0.5000002427941862f,1.375f,-0.1710108981146615f,-0.4698462679657464f,-0.8660252636064821f,0.890625f,0f,0f,0f,1f],start_interpolation:0}
execute if entity @s[tag=aj.cutscenes.bone.blade] run data modify entity @s {} merge value {transformation:[0.1159625647453326f,-0.06036453456665172f,-1.4942920753802573f,0.45970812001086037f,-0.8015644399539201f,1.2628049070664047f,-0.11321755734146452f,1.4201704041278518f,1.2625557936895475f,0.807266925902183f,0.06536802096894298f,1.4521172069115327f,0f,0f,0f,1f],start_interpolation:0}
execute if entity @s[tag=aj.cutscenes.bone.bottom] run data modify entity @s {} merge value {transformation:[-0.9961947169201715f,-0.07730837649688863f,0.04024302304443426f,0.45673577849612834f,-0.07547837156097628f,0.5343762933026134f,-0.8418699380442698f,1.1900628910311315f,0.04357868064596229f,-0.8417038624596983f,-0.5381779506014553f,0.9973983858592703f,0f,0f,0f,1f],start_interpolation:0}
execute if entity @s[tag=aj.cutscenes.bone.leftarm] run data modify entity @s {} merge value {transformation:[-0.9396926946748599f,-0.3420199403157987f,-0.0000010382386361801021f,0.3124999999999999f,-0.2961974211581144f,0.8137977911650027f,-0.5000002427941862f,1.375f,0.17101089811466127f,-0.4698462679657465f,-0.8660252636064821f,0.890625f,0f,0f,0f,1f],start_interpolation:0}
execute if entity @s[tag=aj.cutscenes.locator_origin.mount] at @s on origin run tp @s ^0 ^1.75 ^0.89063 ~0 ~0
execute if entity @s[tag=aj.cutscenes.bone.head] run data modify entity @s {} merge value {transformation:[-1f,0f,1.2246467991473532e-16f,-1.0907010554906114e-16f,0f,1f,0f,1.5f,-1.2246467991473532e-16f,0f,-1f,0.890625f,0f,0f,0f,1f],start_interpolation:0}
execute if entity @s[tag=aj.cutscenes.bone.upper] run data modify entity @s {} merge value {transformation:[-1f,0f,1.2246467991473532e-16f,-1.0907010554906114e-16f,0f,1f,0f,0.75f,-1.2246467991473532e-16f,0f,-1f,0.890625f,0f,0f,0f,1f],start_interpolation:0}
execute if entity @s[tag=aj.cutscenes.locator_origin.head2] at @s on origin run tp @s ^0 ^0.72945 ^2.13151 ~-180 ~-36.3
execute if entity @s[tag=aj.cutscenes.bone.bottom5] run data modify entity @s {} merge value {transformation:[0.9763824522960998f,-0.1308269650797333f,-0.17193490645090317f,0.4062306445384392f,0.11675271807004642f,0.9891101877265758f,-0.08960937093158367f,0.38872467435305635f,0.18178588963808723f,0.06741914967962842f,0.9810242344534437f,2.0520150674319857f,0f,0f,0f,1f],start_interpolation:0}
execute if entity @s[tag=aj.cutscenes.bone.rightarm2] run data modify entity @s {} merge value {transformation:[0.9763824522960998f,-0.1308269650797333f,-0.17193490645090317f,0.31249999999999967f,0.11675271807004642f,0.9891101877265758f,-0.08960937093158367f,0.6287051764053224f,0.18178588963808723f,0.06741914967962842f,0.9810242344534437f,2.0575082367495123f,0f,0f,0f,1f],start_interpolation:0}
execute if entity @s[tag=aj.cutscenes.bone.bottom6] run data modify entity @s {} merge value {transformation:[0.9763824522960998f,0.1308269650797333f,0.17193490645090267f,-0.4062306445384399f,-0.11675271807004642f,0.9891101877265758f,-0.08960937093158367f,0.38872467435305635f,-0.18178588963808676f,0.06741914967962853f,0.9810242344534437f,2.0520150674319853f,0f,0f,0f,1f],start_interpolation:0}
execute if entity @s[tag=aj.cutscenes.bone.leftarm2] run data modify entity @s {} merge value {transformation:[0.9763824522960998f,0.1308269650797333f,0.17193490645090267f,-0.31250000000000033f,-0.11675271807004642f,0.9891101877265758f,-0.08960937093158367f,0.6287051764053224f,-0.18178588963808676f,0.06741914967962853f,0.9810242344534437f,2.057508236749512f,0f,0f,0f,1f],start_interpolation:0}
execute if entity @s[tag=aj.cutscenes.locator_origin.mount2] at @s on origin run tp @s ^0 ^0.97101 ^2.19591 ~-180 ~-14.92826
execute if entity @s[tag=aj.cutscenes.bone.head2] run data modify entity @s {} merge value {transformation:[1f,-6.309609855815856e-17f,-2.3666278468152416e-16f,-3.3071828901588487e-16f,0f,0.9662491456569273f,-0.2576093719515231f,0.7294462116863869f,2.4492935982947064e-16f,0.2576093719515231f,0.9662491456569273f,2.1315098840994144f,0f,0f,0f,1f],start_interpolation:0}
execute if entity @s[tag=aj.cutscenes.bone.upper2] run data modify entity @s {} merge value {transformation:[1f,-1.4500140889390276e-16f,-1.9739549823959391e-16f,-2.2196723234545778e-16f,0f,0.8059282822485159f,-0.5920131787992194f,0.125f,2.4492935982947064e-16f,0.5920131787992194f,0.8059282822485159f,1.6875f,0f,0f,0f,1f],start_interpolation:0}
execute if entity @s[tag=aj.cutscenes.bone.bottom7] run data modify entity @s {} merge value {transformation:[0.9622501286096566f,-0.2696633575311639f,-0.036828841900322776f,0.1470307987615761f,0.14415265413281164f,0.6197450918576145f,-0.7714506033602303f,0.3244024783769419f,0.23085645387808684f,0.7370194669908097f,0.6352224830556757f,1.3331384462089624f,0f,0f,0f,1f],start_interpolation:0}
execute if entity @s[tag=aj.cutscenes.bone.rightleg2] run data modify entity @s {} merge value {transformation:[0.9622501286096566f,-0.071253553464851f,0.26267398255124336f,0.1187499999999998f,0.14415265413281164f,-0.685204877723558f,-0.7139427763135573f,0.109375f,0.23085645387808684f,0.7248566800840535f,-0.6490670928651053f,1.558213305898491f,0f,0f,0f,1f],start_interpolation:0}
execute if entity @s[tag=aj.cutscenes.bone.bottom8] run data modify entity @s {} merge value {transformation:[0.9622501286096569f,0.2696633575311635f,0.03682884190032246f,-0.14703079876157638f,-0.14415265413281164f,0.6197450918576145f,-0.7714506033602303f,0.3244024783769419f,-0.2308564538780864f,0.7370194669908099f,0.6352224830556756f,1.3331384462089624f,0f,0f,0f,1f],start_interpolation:0}
execute if entity @s[tag=aj.cutscenes.bone.leftleg2] run data modify entity @s {} merge value {transformation:[0.9622501286096569f,0.07125355346485064f,-0.262673982551243f,-0.11875000000000019f,-0.14415265413281164f,-0.685204877723558f,-0.7139427763135573f,0.109375f,-0.2308564538780864f,0.7248566800840535f,-0.6490670928651056f,1.558213305898491f,0f,0f,0f,1f],start_interpolation:0}
execute if entity @s[tag=aj.cutscenes.camera_origin.camera] at @s on origin run tp @s ^-2.59375 ^-0.12 ^1.6875 ~-90 ~0