execute if entity @s[tag=aj.cutscenes.locator_origin.head] at @s on origin run tp @s ^0 ^13.48958 ^-3.55208 ~0 ~0
execute if entity @s[tag=aj.cutscenes.bone.blade2] run data modify entity @s {} merge value {transformation:[-0.000006569609492644816f,-0.0000075392460574086f,7.04652535095574e-21f,-0.85841878318461f,0.0000075392460574086f,-0.000006569609492644815f,8.045451236815541e-22f,12.553980604171926f,4.0227256184077705e-21f,5.841103575242225e-21f,0.00001f,-3.5200127083333332f,0f,0f,0f,1f],start_interpolation:0}
execute if entity @s[tag=aj.cutscenes.bone.heart] run data modify entity @s {} merge value {transformation:[-8.342987065058564e-21f,2.498166185705438e-7f,0.000009996879095852164f,-0.3078288591261158f,5.547043237420363e-23f,0.000009996879095852164f,-2.498166185705438e-7f,12.675268180557218f,-0.00001f,-1.529685611531158e-22f,-8.341769042349532e-21f,-3.4739583333333335f,0f,0f,0f,1f],start_interpolation:0}
execute if entity @s[tag=aj.cutscenes.bone.bottom2] run data modify entity @s {} merge value {transformation:[-0.9996879095852164f,0.024981661857054374f,-6.123233995736765e-16f,-0.37499999999999956f,0.024981661857054374f,0.9996879095852164f,0f,13.114583333333332f,6.121322993099219e-16f,-1.529685611531158e-17f,-1f,-3.5520833333333335f,0f,0f,0f,1f],start_interpolation:0}
execute if entity @s[tag=aj.cutscenes.bone.rightarm] run data modify entity @s {} merge value {transformation:[-1f,0f,-6.123233995736765e-16f,-0.31249999999999956f,0f,1f,0f,13.364583333333332f,6.123233995736765e-16f,0f,-1f,-3.5520833333333335f,0f,0f,0f,1f],start_interpolation:0}
execute if entity @s[tag=aj.cutscenes.bone.blade] run data modify entity @s {} merge value {transformation:[0.0058131339788686206f,5.5346771365652684e-8f,-0.000009999771739636148f,0.37959243599519654f,-0.8603450158116605f,-0.000008191333462946238f,-6.756593205317508e-8f,12.510846206629552f,-1.2287280664334874f,0.000005735764363510461f,3.90264817732447e-21f,-3.2543877083333337f,0f,0f,0f,1f],start_interpolation:0}
execute if entity @s[tag=aj.cutscenes.bone.bottom] run data modify entity @s {} merge value {transformation:[-0.999977173963615f,-0.006756593205317675f,-6.123233995736765e-16f,0.37500000000000044f,-0.006756593205317675f,0.999977173963615f,0f,13.114583333333332f,6.123094226574784e-16f,4.137220121016523e-18f,-1f,-3.5520833333333335f,0f,0f,0f,1f],start_interpolation:0}
execute if entity @s[tag=aj.cutscenes.bone.leftarm] run data modify entity @s {} merge value {transformation:[-1f,0f,-6.123233995736765e-16f,0.31250000000000044f,0f,1f,0f,13.364583333333332f,6.123233995736765e-16f,0f,-1f,-3.5520833333333335f,0f,0f,0f,1f],start_interpolation:0}
execute if entity @s[tag=aj.cutscenes.locator_origin.mount] at @s on origin run tp @s ^0.00095 ^13.73935 ^-3.56295 ~5 ~-2.5
execute if entity @s[tag=aj.cutscenes.bone.head] run data modify entity @s {} merge value {transformation:[-0.9961946980917455f,0.0038016801040236495f,0.0870727897926932f,4.350047484471328e-16f,-2.168404344971009e-19f,0.9990482215818578f,-0.043619387365336f,13.489583333333332f,-0.08715574274765758f,-0.0434534024273578f,-0.9952465414778341f,-3.5520833333333335f,0f,0f,0f,1f],start_interpolation:0}
execute if entity @s[tag=aj.cutscenes.bone.upper] run data modify entity @s {} merge value {transformation:[-1f,0f,-6.123233995736765e-16f,4.350047484471328e-16f,0f,1f,0f,12.739583333333332f,6.123233995736765e-16f,0f,-1f,-3.5520833333333335f,0f,0f,0f,1f],start_interpolation:0}
execute if entity @s[tag=aj.cutscenes.bone.bottom3] run data modify entity @s {} merge value {transformation:[-0.9914448613738105f,-0.03924998298777886f,0.12448504203688393f,-0.11268091069990499f,3.469446951953614e-18f,0.9537169507482269f,0.30070579950427306f,12.441546786224512f,-0.13052619222005094f,0.29813321970381484f,-0.9455577700244291f,-3.646065753192151f,0f,0f,0f,1f],start_interpolation:0}
execute if entity @s[tag=aj.cutscenes.bone.rightleg] run data modify entity @s {} merge value {transformation:[-0.9914448613738105f,-0.03924998298777886f,0.12448504203688393f,-0.11874999999999956f,3.469446951953614e-18f,0.9537169507482269f,0.30070579950427306f,12.739583333333332f,-0.13052619222005094f,0.29813321970381484f,-0.9455577700244291f,-3.5520833333333335f,0f,0f,0f,1f],start_interpolation:0}
execute if entity @s[tag=aj.cutscenes.bone.bottom4] run data modify entity @s {} merge value {transformation:[-0.9848077530122079f,-0.05221701409779454f,-0.16561121050749172f,0.1540616415346335f,-6.938893903907228e-18f,0.9537169507482269f,-0.3007057995042731f,12.476023506516805f,0.17364817766693094f,-0.29613740272754274f,-0.9392278472760159f,-3.3878133781967597f,0f,0f,0f,1f],start_interpolation:0}
execute if entity @s[tag=aj.cutscenes.bone.leftleg] run data modify entity @s {} merge value {transformation:[-0.9848077530122079f,-0.09330109785058167f,-0.14645338762528573f,0.11875000000000042f,-6.938893903907228e-18f,0.8433914458128857f,-0.5372996083468239f,12.739583333333332f,0.17364817766693094f,-0.529136819990375f,-0.8305784346607052f,-3.5520833333333335f,0f,0f,0f,1f],start_interpolation:0}
execute if entity @s[tag=aj.cutscenes.locator_origin.head2] at @s on origin run tp @s ^0 ^0.125 ^2.4375 ~-180 ~-90
execute if entity @s[tag=aj.cutscenes.locator_origin.mount2] at @s on origin run tp @s ^0 ^0.16514 ^2.68426 ~-180 ~-80.76
execute if entity @s[tag=aj.cutscenes.bone.head2] run data modify entity @s {} merge value {transformation:[1f,-2.417512559949917e-16f,-3.9328380736032275e-17f,-4.0566425221756077e-16f,0f,0.16057029979343523f,-0.987024406397454f,0.12500000000000017f,2.4492935982947064e-16f,0.987024406397454f,0.16057029979343523f,2.4375f,0f,0f,0f,1f],start_interpolation:0}
execute if entity @s[tag=aj.cutscenes.camera_origin.camera] at @s on origin run tp @s ^-7.71875 ^10.22375 ^-1.46875 ~-67.5 ~30