execute if entity @s[tag=aj.cutscenes.locator_origin.head] at @s on origin run tp @s ^-1.18005 ^1.24985 ^1.84341 ~-95.19555 ~-24.92178
execute if entity @s[tag=aj.cutscenes.bone.blade2] run data modify entity @s {} merge value {transformation:[0.000001137049627239394f,5.522720077426436e-7f,-0.000009919783958063735f,-1.1234921771592876f,-0.000008230106674078597f,0.000005645317410885575f,-6.290750858514978e-7f,1.9122957023871257f,0.000005565290852999659f,0.000008235616975055121f,0.000001096426359452502f,2.8004983228931004f,0f,0f,0f,1f],start_interpolation:0}
execute if entity @s[tag=aj.cutscenes.bone.heart] run data modify entity @s {} merge value {transformation:[-0.9919783958063735f,0.04652113606208337f,0.11753572287992463f,-1.0557091388863276f,-0.06290750858514968f,-0.9881792292004382f,-0.1398014890494248f,1.8426854059520696f,0.10964263594525007f,-0.14607393633472138f,0.9831789753176464f,2.3687746111853034f,0f,0f,0f,1f],start_interpolation:0}
execute if entity @s[tag=aj.cutscenes.bone.bottom2] run data modify entity @s {} merge value {transformation:[0.11753572287992485f,0.04652113606208337f,0.9919783958063735f,-1.1202004367115344f,-0.13980148904942477f,-0.9881792292004382f,0.06290750858514971f,1.414179937134252f,0.9831789753176464f,-0.14607393633472138f,-0.1096426359452503f,2.2519844090147325f,0f,0f,0f,1f],start_interpolation:0}
execute if entity @s[tag=aj.cutscenes.bone.rightarm] run data modify entity @s {} merge value {transformation:[0.11544012083982197f,0.05150185194632001f,0.9919783958063735f,-1.1145399812774432f,-0.09744112382766339f,-0.993251162974809f,0.06290750858514971f,1.1719572166297787f,0.9885235484740307f,-0.10392154009293757f,-0.1096426359452503f,2.164221302211871f,0f,0f,0f,1f],start_interpolation:0}
execute if entity @s[tag=aj.cutscenes.bone.blade] run data modify entity @s {} merge value {transformation:[-0.48010671845961306f,0.000009003215323078898f,0.0000029491625962573815f,-0.44810684383847643f,-1.389416561571669f,-0.0000023203232920237117f,-0.000002969353572685366f,0.6869363220747915f,-0.29836078381768205f,-0.0000036821479691573378f,0.000009082146185853708f,1.125636843471732f,0f,0f,0f,1f],start_interpolation:0}
execute if entity @s[tag=aj.cutscenes.bone.bottom] run data modify entity @s {} merge value {transformation:[0.2949162596257384f,-0.5539149566125656f,-0.7785901493399872f,-1.0141669744921384f,-0.29693535726853665f,0.7213608234695266f,-0.6256740013514808f,0.9360482973643425f,0.9082146185853708f,0.41571238038368025f,0.04826410036003724f,1.3914590510179488f,0f,0f,0f,1f],start_interpolation:0}
execute if entity @s[tag=aj.cutscenes.bone.leftarm] run data modify entity @s {} merge value {transformation:[0.27132113492859755f,-0.5658464642390144f,-0.7785901493399872f,-1.1386710196188548f,-0.266284879546404f,0.7332287548628901f,-0.6256740013514808f,1.1027126811084147f,0.9249201071800822f,0.37708536427501577f,0.04826410036003724f,1.5435378987854578f,0f,0f,0f,1f],start_interpolation:0}
execute if entity @s[tag=aj.cutscenes.locator_origin.mount] at @s on origin run tp @s ^-1.29477 ^1.47184 ^1.83591 ~-98.54816 ~-26.83912
execute if entity @s[tag=aj.cutscenes.bone.head] run data modify entity @s {} merge value {transformation:[0.10423100385137613f,-0.4588754183546922f,-0.8823657111798602f,-1.1800516005377788f,0.08732724225639735f,0.8879941508657498f,-0.45148681131136964f,1.2498463173411407f,0.9907117898743442f,-0.0299956406503011f,0.13262884658305332f,1.8434055205983972f,0f,0f,0f,1f],start_interpolation:0}
execute if entity @s[tag=aj.cutscenes.bone.upper] run data modify entity @s {} merge value {transformation:[0.038609661346258366f,-0.427568800717038f,-0.9031579123852711f,-0.8593750000000002f,0.11079125683418256f,0.9000909477763535f,-0.42138056806189805f,0.5747781065088757f,0.9930934454822614f,-0.08379263920213688f,0.08212309148900251f,1.90625f,0f,0f,0f,1f],start_interpolation:0}
execute if entity @s[tag=aj.cutscenes.locator_origin.head2] at @s on origin run tp @s ^0 ^0.125 ^2.4375 ~-180 ~-90
execute if entity @s[tag=aj.cutscenes.locator_origin.mount2] at @s on origin run tp @s ^0 ^0.125 ^2.6875 ~-180 ~-90
execute if entity @s[tag=aj.cutscenes.camera_origin.camera] at @s on origin run tp @s ^3.375 ^-0.44813 ^1.90625 ~90 ~-20