execute if entity @s[tag=aj.cutscenes.locator_origin.head] at @s on origin run tp @s ^0 ^1.49331 ^0.99055 ~0 ~7.65625
execute if entity @s[tag=aj.cutscenes.bone.blade2] run data modify entity @s {} merge value {transformation:[-0.020943592884118924f,0.24081435756125796f,1.480395153703721f,-0.36311137739073984f,1.2668322287372114f,0.7954310841935578f,-0.1114697023023351f,1.1698689086197345f,-0.8029305512619473f,1.2487184772762117f,-0.21448704939731422f,1.5367494596410125f,0f,0f,0f,1f],start_interpolation:0}
execute if entity @s[tag=aj.cutscenes.bone.heart] run data modify entity @s {} merge value {transformation:[-0.0000016054290504083866f,-1.3962395256079065e-7f,0.000009869301024691473f,-0.33907031437884183f,-0.000005302873894623719f,0.00000844554819158141f,-7.431313486822359e-7f,0.8166137895862594f,-0.000008324789848508077f,-0.0000053528703417463156f,-0.0000014299136626487606f,1.3211592196273791f,0f,0f,0f,1f],start_interpolation:0}
execute if entity @s[tag=aj.cutscenes.bone.bottom2] run data modify entity @s {} merge value {transformation:[-0.9869301024691473f,-0.013962395256079063f,-0.16054290504083843f,-0.43482519101509404f,0.07431313486822347f,0.8445548191581409f,-0.5302873894623719f,1.1504835343277782f,0.14299136626487585f,-0.5352870341746315f,-0.8324789848508077f,1.0331049219739519f,0f,0f,0f,1f],start_interpolation:0}
execute if entity @s[tag=aj.cutscenes.bone.rightarm] run data modify entity @s {} merge value {transformation:[-0.9558041749541146f,0.25034972032184705f,-0.1541538085000079f,-0.3125000000000001f,0.2759697815906084f,0.9447713585465642f,-0.17677035871127042f,1.3694282626150063f,0.10138569321712025f,-0.21149963972747635f,-0.9721053665143671f,0.9738934062160128f,0f,0f,0f,1f],start_interpolation:0}
execute if entity @s[tag=aj.cutscenes.bone.blade] run data modify entity @s {} merge value {transformation:[-0.020943736561622434f,-0.24081408664398832f,-1.4803951957408734f,0.36311139974354323f,-1.2668322061010193f,0.7954311566216508f,-0.11146944272206354f,1.1698689128163593f,0.802930583228751f,1.248718483385813f,-0.21448689416039746f,1.5367494591189774f,0f,0f,0f,1f],start_interpolation:0}
execute if entity @s[tag=aj.cutscenes.bone.bottom] run data modify entity @s {} merge value {transformation:[-0.9869301304939156f,0.013962491041081403f,0.16054272442932532f,0.43482515798190147f,-0.07431296181470909f,0.8445548040673463f,-0.5302874377477672f,1.1504835138548344f,-0.142991262773598f,-0.535287055485834f,-0.8324789889238753f,1.0331049145150595f,0f,0f,0f,1f],start_interpolation:0}
execute if entity @s[tag=aj.cutscenes.bone.leftarm] run data modify entity @s {} merge value {transformation:[-0.955804234736743f,-0.2503495732434205f,0.15415367668708452f,0.3124999999999999f,-0.2759696131220309f,0.9447713983211952f,-0.1767704091399075f,1.3694282626150063f,-0.10138558818976955f,-0.21149963614874362f,-0.9721053782468049f,0.973893406216013f,0f,0f,0f,1f],start_interpolation:0}
execute if entity @s[tag=aj.cutscenes.locator_origin.mount] at @s on origin run tp @s ^0.00004 ^1.74 ^1.0311 ~-0.35613 ~9.33579
execute if entity @s[tag=aj.cutscenes.bone.head] run data modify entity @s {} merge value {transformation:[-0.9999811752826011f,0.00017985430386764992f,-0.006133248148991566f,-1.2130703200616616e-16f,-0.0008174805367366298f,0.9867542334131193f,0.16222026558620628f,1.4933139151380075f,0.0060811845885308385f,0.16222222564653904f,-0.9867355110161403f,0.9905470874592155f,0f,0f,0f,1f],start_interpolation:0}
execute if entity @s[tag=aj.cutscenes.bone.upper] run data modify entity @s {} merge value {transformation:[-1f,-1.6315901942806685e-17f,1.2137293425805975e-16f,-1.0907010554906114e-16f,0f,0.9910852201840099f,0.13322944994562066f,0.75f,-1.2246467991473532e-16f,0.13322944994562066f,-0.9910852201840099f,0.890625f,0f,0f,0f,1f],start_interpolation:0}
execute if entity @s[tag=aj.cutscenes.locator_origin.head2] at @s on origin run tp @s ^0 ^0.72633 ^2.13572 ~-180 ~-36.7
execute if entity @s[tag=aj.cutscenes.bone.bottom5] run data modify entity @s {} merge value {transformation:[0.9763824522960998f,-0.1256687200134185f,-0.1757403757206738f,0.4049410832718605f,0.11548077827460379f,0.9910417705372827f,-0.06708501247983639f,0.3855668836601884f,0.18259654075952908f,0.045205993634882424f,0.9821481158369834f,2.0611265022484506f,0f,0f,0f,1f],start_interpolation:0}
execute if entity @s[tag=aj.cutscenes.bone.rightarm2] run data modify entity @s {} merge value {transformation:[0.9763824522960998f,-0.1256687200134185f,-0.1757403757206738f,0.31249999999999967f,0.11548077827460379f,0.9910417705372827f,-0.06708501247983639f,0.6261097776523463f,0.18259654075952908f,0.045205993634882424f,0.9821481158369834f,2.0610157168597008f,0f,0f,0f,1f],start_interpolation:0}
execute if entity @s[tag=aj.cutscenes.bone.bottom6] run data modify entity @s {} merge value {transformation:[0.9763824522960998f,0.1256687200134185f,0.1757403757206733f,-0.4049410832718612f,-0.11548077827460379f,0.9910417705372827f,-0.06708501247983639f,0.3855668836601884f,-0.1825965407595286f,0.045205993634882535f,0.9821481158369835f,2.0611265022484506f,0f,0f,0f,1f],start_interpolation:0}
execute if entity @s[tag=aj.cutscenes.bone.leftarm2] run data modify entity @s {} merge value {transformation:[0.9763824522960998f,0.1256687200134185f,0.1757403757206733f,-0.31250000000000033f,-0.11548077827460379f,0.9910417705372827f,-0.06708501247983639f,0.6261097776523463f,-0.1825965407595286f,0.045205993634882535f,0.9821481158369835f,2.0610157168597008f,0f,0f,0f,1f],start_interpolation:0}
execute if entity @s[tag=aj.cutscenes.locator_origin.mount2] at @s on origin run tp @s ^0 ^0.9674 ^2.20194 ~-180 ~-15.35929
execute if entity @s[tag=aj.cutscenes.bone.head2] run data modify entity @s {} merge value {transformation:[1f,-6.487470224623874e-17f,-2.3618142245938004e-16f,-3.317491908454885e-16f,0f,0.9642838352405722f,-0.2648710725876516f,0.7263317331828155f,2.4492935982947064e-16f,0.2648710725876516f,0.9642838352405722f,2.135718860231641f,0f,0f,0f,1f],start_interpolation:0}
execute if entity @s[tag=aj.cutscenes.bone.upper2] run data modify entity @s {} merge value {transformation:[1f,-1.4637594466670766e-16f,-1.9637839527148408e-16f,-2.2196723234545778e-16f,0f,0.801775644243754f,-0.597625146975521f,0.125f,2.4492935982947064e-16f,0.597625146975521f,0.801775644243754f,1.6875f,0f,0f,0f,1f],start_interpolation:0}
execute if entity @s[tag=aj.cutscenes.bone.bottom7] run data modify entity @s {} merge value {transformation:[0.9622501286096565f,-0.2694668265684377f,-0.03824028464636272f,0.14631362783963373f,0.14415265413281167f,0.6237758840021577f,-0.7681950656205712f,0.3263412772766763f,0.23085645387808695f,0.7336833621641309f,0.6390727828552649f,1.3350140865226423f,0f,0f,0f,1f],start_interpolation:0}
execute if entity @s[tag=aj.cutscenes.bone.rightleg2] run data modify entity @s {} merge value {transformation:[0.9622501286096565f,-0.06895860651463541f,0.26328577739456227f,0.1187499999999998f,0.14415265413281167f,-0.6914090342027079f,-0.7079361268711646f,0.109375f,0.23085645387808695f,0.7191649727360472f,-0.6553678659290493f,1.558310287665919f,0f,0f,0f,1f],start_interpolation:0}
execute if entity @s[tag=aj.cutscenes.bone.bottom8] run data modify entity @s {} merge value {transformation:[0.9622501286096568f,0.26946682656843735f,0.038240284646362394f,-0.146313627839634f,-0.14415265413281167f,0.6237758840021577f,-0.7681950656205712f,0.3263412772766763f,-0.2308564538780865f,0.7336833621641311f,0.6390727828552649f,1.335014086522642f,0f,0f,0f,1f],start_interpolation:0}
execute if entity @s[tag=aj.cutscenes.bone.leftleg2] run data modify entity @s {} merge value {transformation:[0.9622501286096568f,0.06895860651463505f,-0.26328577739456194f,-0.11875000000000019f,-0.14415265413281167f,-0.6914090342027079f,-0.7079361268711646f,0.109375f,-0.2308564538780865f,0.7191649727360472f,-0.6553678659290495f,1.5583102876659187f,0f,0f,0f,1f],start_interpolation:0}
execute if entity @s[tag=aj.cutscenes.camera_origin.camera] at @s on origin run tp @s ^-2.59375 ^-0.12 ^1.6875 ~-90 ~0