execute if entity @s[tag=aj.cutscenes.locator_origin.head] at @s on origin run tp @s ^-1.14674 ^1.26386 ^1.84049 ~-94.82811 ~-22.15554
execute if entity @s[tag=aj.cutscenes.bone.blade2] run data modify entity @s {} merge value {transformation:[-8.974738380588536e-8f,0.0000012922193631591337f,-0.000009915750830097368f,-0.9950351050427658f,-0.000008362150527750723f,0.000005427825354080242f,7.830392562586174e-7f,1.913367293139526f,0.00000548328222493958f,0.000008298727676160985f,0.0000010318599704326895f,2.8003928578889674f,0f,0f,0f,1f],start_interpolation:0}
execute if entity @s[tag=aj.cutscenes.bone.heart] run data modify entity @s {} merge value {transformation:[-0.9915750830097367f,-0.09391794599597356f,0.08920915969860589f,-0.9347341992141802f,0.07830392562586184f,-0.9832209728970042f,-0.16475743894297631f,1.8390166609138205f,0.10318599704326883f,-0.1563839437901681f,0.982291561675463f,2.368349710573868f,0f,0f,0f,1f],start_interpolation:0}
execute if entity @s[tag=aj.cutscenes.bone.bottom2] run data modify entity @s {} merge value {transformation:[0.08920915969860611f,-0.09391794599597356f,0.9915750830097367f,-1.0588656764287172f,-0.16475743894297634f,-0.9832209728970042f,-0.0783039256258618f,1.4252723193948378f,0.982291561675463f,-0.1563839437901681f,-0.10318599704326906f,2.2465999185799586f,0f,0f,0f,1f],start_interpolation:0}
execute if entity @s[tag=aj.cutscenes.bone.rightarm] run data modify entity @s {} merge value {transformation:[0.09517521662679192f,-0.08786656300480433f,0.9915750830097367f,-1.0867807682190929f,-0.09993490788872678f,-0.9919080145945246f,-0.0783039256258618f,1.1835412474892522f,0.9904315687241169f,-0.09164037150116504f,-0.10318599704326906f,2.16178785265941f,0f,0f,0f,1f],start_interpolation:0}
execute if entity @s[tag=aj.cutscenes.bone.blade] run data modify entity @s {} merge value {transformation:[-0.4708908629268588f,0.000009126382166938415f,0.000002618036901779122f,-0.40444385435110686f,-1.3801632330462539f,-0.0000022441485678073638f,-0.0000032099490288337743f,0.7055949936480573f,-0.35129936714903065f,-0.000003416569295155094f,0.000009101764115445525f,1.1417831813355332f,0f,0f,0f,1f],start_interpolation:0}
execute if entity @s[tag=aj.cutscenes.bone.bottom] run data modify entity @s {} merge value {transformation:[0.2618036901779125f,-0.5675281921891158f,-0.7806219180113901f,-0.9793448750737033f,-0.32099490288337745f,0.7115826278963674f,-0.6249899487183702f,0.948994634502511f,0.9101764115445526f,0.41420033165927567f,0.004121300914441392f,1.3935523712239835f,0f,0f,0f,1f],start_interpolation:0}
execute if entity @s[tag=aj.cutscenes.bone.leftarm] run data modify entity @s {} merge value {transformation:[0.22591281844502115f,-0.5827459305584597f,-0.7806219180113901f,-1.1109118065605044f,-0.27600805594567834f,0.7302103238479283f,-0.6249899487183702f,1.1142967119678882f,0.934228532809459f,0.3566511788336868f,0.004121300914441392f,1.5411044492329964f,0f,0f,0f,1f],start_interpolation:0}
execute if entity @s[tag=aj.cutscenes.locator_origin.mount] at @s on origin run tp @s ^-1.24687 ^1.49271 ^1.83042 ~-97.25088 ~-23.19439
execute if entity @s[tag=aj.cutscenes.bone.head] run data modify entity @s {} merge value {transformation:[0.09033804671473383f,-0.40052137830501844f,-0.9118232629388301f,-1.1467405448677583f,0.08318460100097416f,0.9154020786590734f,-0.39385194749163843f,1.2638581011180712f,0.9924310351213707f,-0.040269838679784425f,0.116012846791331f,1.8404853811354438f,0f,0f,0f,1f],start_interpolation:0}
execute if entity @s[tag=aj.cutscenes.bone.upper] run data modify entity @s {} merge value {transformation:[0.03860966134625836f,-0.3831540598236774f,-0.9228771643568612f,-0.8593750000000002f,0.11079125683418256f,0.9195129711160082f,-0.3771222525369107f,0.5742233727810651f,0.9930934454822614f,-0.08768615848607489f,0.07795220426726569f,1.90625f,0f,0f,0f,1f],start_interpolation:0}
execute if entity @s[tag=aj.cutscenes.locator_origin.head2] at @s on origin run tp @s ^0 ^0.125 ^2.4375 ~-180 ~-90
execute if entity @s[tag=aj.cutscenes.locator_origin.mount2] at @s on origin run tp @s ^0 ^0.125 ^2.6875 ~-180 ~-90
execute if entity @s[tag=aj.cutscenes.camera_origin.camera] at @s on origin run tp @s ^3.375 ^-0.44813 ^1.90625 ~90 ~-20