execute if entity @s[tag=aj.cutscenes.locator_origin.head] at @s on origin run tp @s ^-0.00411 ^1.49979 ^-0.01724 ~4.71645 ~-1.28721
execute if entity @s[tag=aj.cutscenes.bone.blade2] run data modify entity @s {} merge value {transformation:[0.10346387945538926f,0.12304945897238728f,1.491359801085789f,-0.3650032948408689f,1.4879111689020237f,-0.16772135894415496f,-0.08938623613588072f,0.8374192686928909f,0.15942264301113004f,1.4855061010983863f,-0.13362651119750565f,0.2814611242239831f,0f,0f,0f,1f],start_interpolation:0}
execute if entity @s[tag=aj.cutscenes.bone.heart] run data modify entity @s {} merge value {transformation:[-8.20329726482582e-7f,6.897591963692641e-7f,0.00000994239867390526f,-0.32731081874932044f,0.0000011181423929610332f,0.000009919407792680159f,-5.959082409058738e-7f,0.6922326795049513f,-0.000009903374007322576f,0.0000010628176200742003f,-8.908434079833713e-7f,-0.10411389294377776f,0f,0f,0f,1f],start_interpolation:0}
execute if entity @s[tag=aj.cutscenes.bone.bottom2] run data modify entity @s {} merge value {transformation:[-0.9942398673905259f,0.0689759196369264f,-0.08203297264825797f,-0.3812176695361951f,0.0595908240905874f,0.9919407792680158f,0.11181423929610329f,1.1395977910117934f,0.0890843407983369f,0.10628176200742001f,-0.9903374007322575f,-0.12802601737286906f,0f,0f,0f,1f],start_interpolation:0}
execute if entity @s[tag=aj.cutscenes.bone.rightarm] run data modify entity @s {} merge value {transformation:[-0.9980059791357268f,0.01592139303375835f,-0.0610784319805609f,-0.3148619475817726f,-0.007687141747985014f,0.9298024343731025f,0.3679787234142741f,1.3725288459643181f,0.06264960862675677f,0.3677144847265567f,-0.9278259989142346f,-0.040012996730402164f,0f,0f,0f,1f],start_interpolation:0}
execute if entity @s[tag=aj.cutscenes.bone.blade] run data modify entity @s {} merge value {transformation:[0.2925488817220048f,-0.5256367571355877f,-1.3740892079305431f,0.3209622313241699f,-1.363146544888473f,0.4301416948894292f,-0.454763256515154f,1.044931509547135f,0.5533955628317081f,1.337416958867216f,-0.39378830502256484f,0.5356302445825297f,0f,0f,0f,1f],start_interpolation:0}
execute if entity @s[tag=aj.cutscenes.bone.bottom] run data modify entity @s {} merge value {transformation:[-0.9160594719536955f,-0.19503258781467006f,0.3504245047570582f,0.4234691642251988f,-0.3031755043434361f,0.908764363258982f,-0.2867611299262862f,1.1496871818881473f,-0.26252553668170964f,-0.3689303752211388f,-0.8916113059114773f,0.0480104518645119f,0f,0f,0f,1f],start_interpolation:0}
execute if entity @s[tag=aj.cutscenes.bone.leftarm] run data modify entity @s {} merge value {transformation:[-0.9325119516758733f,-0.22869527157613073f,0.279499432450897f,0.30801334935142405f,-0.24189487370878304f,0.9702127996722958f,-0.01319065674854316f,1.3771219521994222f,-0.26815728603762684f,-0.07990992498285676f,-0.9600552451990295f,0.011273140241446033f,0f,0f,0f,1f],start_interpolation:0}
execute if entity @s[tag=aj.cutscenes.locator_origin.mount] at @s on origin run tp @s ^-0.00542 ^1.74972 ^-0.01142 ~-2.03642 ~1.32258
execute if entity @s[tag=aj.cutscenes.bone.head] run data modify entity @s {} merge value {transformation:[-0.9993550582896682f,-0.005237075794101046f,-0.035525209471314365f,-0.004109158938209106f,-0.006059460551266303f,0.9997152276414636f,0.02308130324752789f,1.4997904788982441f,0.03539421433909176f,0.023281680757701637f,-0.9991022034468822f,-0.017243913893373677f,0f,0f,0f,1f],start_interpolation:0}
execute if entity @s[tag=aj.cutscenes.bone.upper] run data modify entity @s {} merge value {transformation:[-0.9966004750931147f,-0.005478878584278808f,0.08220386203601973f,0f,-0.007348969976166131f,0.9997206385309924f,-0.022464138876760572f,0.75f,-0.0820578191549571f,-0.022991885191164903f,-0.9963623274345978f,0f,0f,0f,0f,1f],start_interpolation:0}
execute if entity @s[tag=aj.cutscenes.bone.bottom3] run data modify entity @s {} merge value {transformation:[-0.9898093953672392f,0.016992170023064395f,0.14138114089456097f,-0.13785756577516717f,0f,0.9928548625180326f,-0.11932821114178513f,0.4509640625088902f,-0.14239859845778124f,-0.11811218452050454f,-0.9827370711563973f,0.08892537050224036f,0f,0f,0f,1f],start_interpolation:0}
execute if entity @s[tag=aj.cutscenes.bone.rightleg] run data modify entity @s {} merge value {transformation:[-0.9898093953672392f,0.04134802257319012f,0.13626335483917673f,-0.11875f,0f,0.9569149999715514f,-0.2903681849470527f,0.75f,-0.14239859845778124f,-0.28740915757632485f,-0.947163457539683f,-1.4542680739874818e-17f,0f,0f,0f,1f],start_interpolation:0}
execute if entity @s[tag=aj.cutscenes.bone.bottom4] run data modify entity @s {} merge value {transformation:[-0.9995089938971642f,0.0010384538682578952f,-0.03131601399032339f,0.12443315897955341f,0f,0.999450644500474f,0.0331422571287351f,0.4380184148994206f,0.0313332270709327f,0.033125984078223134f,-0.9989599081345412f,-0.018179789936714385f,0f,0f,0f,1f],start_interpolation:0}
execute if entity @s[tag=aj.cutscenes.bone.leftleg] run data modify entity @s {} merge value {transformation:[-0.9995089938971642f,0.0018040711433723478f,-0.0312812475132991f,0.11875f,0f,0.9983410723218541f,0.05757693388198605f,0.75f,0.0313332270709327f,0.05754866325606742f,-0.9978508807626324f,1.4542680739874818e-17f,0f,0f,0f,1f],start_interpolation:0}
execute if entity @s[tag=aj.cutscenes.locator_origin.head2] at @s on origin run tp @s ^0 ^0.71752 ^2.02799 ~-180 ~-37.8125
execute if entity @s[tag=aj.cutscenes.bone.bottom5] run data modify entity @s {} merge value {transformation:[0.9763824346932323f,-0.1130233065225925f,-0.18412787242896209f,0.40177972879897483f,0.11191386193905135f,0.9935819001963837f,-0.016440654124162957f,0.3773624400697629f,0.1848042984575927f,-0.004554095392446611f,0.9827647895029377f,1.9640452507757737f,0f,0f,0f,1f],start_interpolation:0}
execute if entity @s[tag=aj.cutscenes.bone.rightarm2] run data modify entity @s {} merge value {transformation:[0.9763824346932323f,-0.1130233065225925f,-0.18412787242896209f,0.31249999999999967f,0.11191386193905135f,0.9935819001963837f,-0.016440654124162957f,0.6187632987476681f,0.1848042984575927f,-0.004554095392446611f,0.9827647895029377f,1.9513564582740626f,0f,0f,0f,1f],start_interpolation:0}
execute if entity @s[tag=aj.cutscenes.bone.bottom6] run data modify entity @s {} merge value {transformation:[0.9763824522960998f,0.11302323826635864f,0.18412782098325156f,-0.4017797128350962f,-0.11191379462493921f,0.9935819079884751f,-0.01644064142995416f,0.377362433914608f,-0.18480424621988892f,-0.004554089345557677f,0.9827647993540118f,1.964045245999195f,0f,0f,0f,1f],start_interpolation:0}
execute if entity @s[tag=aj.cutscenes.bone.leftarm2] run data modify entity @s {} merge value {transformation:[0.9763824522960998f,0.11302323826635864f,0.18412782098325156f,-0.31250000000000033f,-0.11191379462493921f,0.9935819079884751f,-0.01644064142995416f,0.6187632987476681f,-0.18480424621988892f,-0.004554089345557677f,0.9827647993540118f,1.9513564582740626f,0f,0f,0f,1f],start_interpolation:0}
execute if entity @s[tag=aj.cutscenes.locator_origin.mount2] at @s on origin run tp @s ^0 ^0.96188 ^2.08077 ~-180 ~-12.1875
execute if entity @s[tag=aj.cutscenes.bone.head2] run data modify entity @s {} merge value {transformation:[1f,-5.170741737188712e-17f,-2.394091357805791e-16f,-3.199758325619034e-16f,0f,0.9774619749435718f,-0.21111155235896523f,0.7175159584972017f,2.4492935982947064e-16f,0.21111155235896523f,0.9774619749435718f,2.0279913862925114f,0f,0f,0f,1f],start_interpolation:0}
execute if entity @s[tag=aj.cutscenes.bone.upper2] run data modify entity @s {} merge value {transformation:[1f,-1.5016115088108998e-16f,-1.9349940587128641e-16f,-2.0735496940108593e-16f,0f,0.790021277996269f,-0.6130794241475911f,0.125f,2.4492935982947064e-16f,0.6130794241475911f,0.790021277996269f,1.5681818181818181f,0f,0f,0f,1f],start_interpolation:0}
execute if entity @s[tag=aj.cutscenes.bone.bottom7] run data modify entity @s {} merge value {transformation:[0.9622501286096565f,-0.26905160752600293f,-0.041059986341607055f,0.143971772348369f,0.14415265413281164f,0.6317860548610035f,-0.761620898603522f,0.33252798057891403f,0.23085645387808687f,0.7269509016232417f,0.6467207158673611f,1.2257837456090512f,0f,0f,0f,1f],start_interpolation:0}
execute if entity @s[tag=aj.cutscenes.bone.rightleg2] run data modify entity @s {} merge value {transformation:[0.9622501286096565f,-0.06146466894258822f,0.2651354077871858f,0.11874999999999981f,0.14415265413281164f,-0.7112064847698687f,-0.688044583096004f,0.109375f,0.23085645387808687f,0.7002909613104156f,-0.6754982362743592f,1.4431818181818181f,0f,0f,0f,1f],start_interpolation:0}
execute if entity @s[tag=aj.cutscenes.bone.bottom8] run data modify entity @s {} merge value {transformation:[0.9622501231016476f,0.2690516132294567f,0.041060078050229355f,-0.14397180102534357f,-0.144152588915143f,0.6317860654213682f,-0.7616209021872027f,0.33252798103619474f,-0.23085651755998982f,0.7269508903344252f,0.646720705824439f,1.2257837494054427f,0f,0f,0f,1f],start_interpolation:0}
execute if entity @s[tag=aj.cutscenes.bone.leftleg2] run data modify entity @s {} merge value {transformation:[0.9622501231016476f,0.06146476081906586f,-0.2651354064781223f,-0.11875000000000017f,-0.144152588915143f,-0.7112064875375204f,-0.6880445938989745f,0.109375f,-0.23085651755998982f,0.7002909504356014f,-0.6754982257845509f,1.4431818181818181f,0f,0f,0f,1f],start_interpolation:0}
execute if entity @s[tag=aj.cutscenes.camera_origin.camera] at @s on origin run tp @s ^-2.325 ^-0.12 ^0.8 ~-90 ~0