execute if entity @s[tag=aj.cutscenes.locator_origin.head] at @s on origin run tp @s ^-0.34503 ^1.09068 ^1.72257 ~-90.70382 ~45.14135
execute if entity @s[tag=aj.cutscenes.bone.blade2] run data modify entity @s {} merge value {transformation:[-0.00000534781999040997f,0.000005797207433179664f,0.000006147618020571707f,0.3286390234300486f,0.0000057452522769742666f,-0.000002840331319932481f,0.000007676235683388872f,0.6643212944203808f,0.00000619620025693921f,0.000007637074306938295f,-0.0000018116838593445156f,2.6012293243777846f,0f,0f,0f,1f],start_interpolation:0}
execute if entity @s[tag=aj.cutscenes.bone.heart] run data modify entity @s {} merge value {transformation:[0.6147618020571708f,-0.7859363053642303f,0.06612148396583095f,0.1278943412831466f,0.7676235683388872f,0.6154744324200336f,0.17873242673871856f,0.5901225161808186f,-0.18116838593445167f,-0.05912145928223213f,0.9816734024054258f,2.2139030913447733f,0f,0f,0f,1f],start_interpolation:0}
execute if entity @s[tag=aj.cutscenes.bone.bottom2] run data modify entity @s {} merge value {transformation:[0.06612148396583081f,-0.7859363053642303f,-0.6147618020571708f,-0.17205711927585213f,0.1787324267387184f,0.6154744324200336f,-0.7676235683388872f,0.9081923949698889f,0.9816734024054258f,-0.05912145928223213f,0.18116838593445145f,2.1125290851073286f,0f,0f,0f,1f],start_interpolation:0}
execute if entity @s[tag=aj.cutscenes.bone.rightarm] run data modify entity @s {} merge value {transformation:[0.1293332227572265f,-0.7780365314190909f,-0.6147618020571708f,-0.3746495785529515f,0.12847880568212755f,0.6278911162145615f,-0.7676235683388872f,1.0571352486683963f,0.9832426526456853f,0.02029536785037266f,0.18116838593445145f,2.0561502612795666f,0f,0f,0f,1f],start_interpolation:0}
execute if entity @s[tag=aj.cutscenes.bone.blade] run data modify entity @s {} merge value {transformation:[-1.49789573754923f,6.764698350957572e-8f,-5.251622758027995e-7f,-0.7262214974481087f,-0.0026983329349579144f,-0.000009955672957538797f,-9.403469373070431e-7f,0.08738914043564694f,-0.0793793325193608f,-9.380830710297987e-7f,0.000009941828414410041f,1.3100799272627268f,0f,0f,0f,1f],start_interpolation:0}
execute if entity @s[tag=aj.cutscenes.bone.bottom] run data modify entity @s {} merge value {transformation:[-0.05251622758027987f,0.5672304829627545f,-0.8218829752699448f,-0.6284515251151057f,-0.09403469373070458f,0.8165527856700019f,0.5695603783529297f,0.7498938384591392f,0.9941828414410042f,0.10719667631228225f,0.01045707281656495f,1.3784235544700383f,0f,0f,0f,1f],start_interpolation:0}
execute if entity @s[tag=aj.cutscenes.bone.leftarm] run data modify entity @s {} merge value {transformation:[-0.01267433274187994f,0.5695153520766333f,-0.8218829752699448f,-0.4868648328923149f,-0.03663532715413355f,0.8211326495851795f,0.5695603783529297f,0.9528872929083007f,0.9992483245389295f,0.03732874943326312f,0.01045707281656495f,1.4502087621120372f,0f,0f,0f,1f],start_interpolation:0}
execute if entity @s[tag=aj.cutscenes.locator_origin.mount] at @s on origin run tp @s ^-0.14769 ^1.2353 ^1.67116 ~-91.29382 ~53.91893
execute if entity @s[tag=aj.cutscenes.bone.head] run data modify entity @s {} merge value {transformation:[0.17386919681987112f,0.7893721865848455f,-0.5887792909431112f,-0.34503364686715976f,0.11056655670963281f,0.5784573624728674f,0.8081844568774565f,1.0906806847093318f,0.9785420476068407f,-0.205617681261106f,0.013297752374658337f,1.7225654140349624f,0f,0f,0f,1f],start_interpolation:0}
execute if entity @s[tag=aj.cutscenes.bone.upper] run data modify entity @s {} merge value {transformation:[0.17954440694298146f,0.6857884708437872f,-0.7053070105941335f,-0.8593750000000002f,0.16679672921615285f,0.6853553113678663f,0.7088490306847068f,0.576664201183432f,0.9695063986680472f,-0.24491278128671687f,0.008664439053875254f,1.90625f,0f,0f,0f,1f],start_interpolation:0}
execute if entity @s[tag=aj.cutscenes.locator_origin.head2] at @s on origin run tp @s ^0 ^0.125 ^2.4375 ~-180 ~-90
execute if entity @s[tag=aj.cutscenes.locator_origin.mount2] at @s on origin run tp @s ^0 ^0.125 ^2.6875 ~-180 ~-90
execute if entity @s[tag=aj.cutscenes.camera_origin.camera] at @s on origin run tp @s ^3.375 ^-0.44813 ^1.90625 ~90 ~0