execute if entity @s[tag=aj.cutscenes.locator_origin.head] at @s on origin run tp @s ^-0.00566 ^1.49997 ^-0.00273 ~6.54012 ~-0.1583
execute if entity @s[tag=aj.cutscenes.bone.blade2] run data modify entity @s {} merge value {transformation:[0.11679617468872817f,0.16884921857094948f,1.4858831027258033f,-0.35818513336073693f,1.4886319201950475f,-0.15524299808734365f,-0.09937111110005374f,0.8481466143082561f,0.14259614214447144f,1.482359454698095f,-0.17965741652567804f,0.26320922952128817f,0f,0f,0f,1f],start_interpolation:0}
execute if entity @s[tag=aj.cutscenes.bone.heart] run data modify entity @s {} merge value {transformation:[-0.0000011256614571396632f,7.786411645915234e-7f,0.000009905887351505355f,-0.3342435811808726f,0.0000010349533205822912f,0.000009924212801300317f,-6.624740740003605e-7f,0.7024127426361018f,-0.000009882396364653967f,9.506409476298095e-7f,-0.0000011977161101711872f,-0.12008259504671914f,0f,0f,0f,1f],start_interpolation:0}
execute if entity @s[tag=aj.cutscenes.bone.bottom2] run data modify entity @s {} merge value {transformation:[-0.9905887351505355f,0.07786411645915234f,-0.11256614571396609f,-0.3863620052975327f,0.06624740740003607f,0.9924212801300316f,0.10349533205822908f,1.1498582042131675f,0.1197716110171185f,0.09506409476298094f,-0.9882396364653966f,-0.1463411180760617f,0f,0f,0f,1f],start_interpolation:0}
execute if entity @s[tag=aj.cutscenes.bone.rightarm] run data modify entity @s {} merge value {transformation:[-0.9964201309380409f,0.035642338576802636f,-0.07665863527479407f,-0.31517516246970445f,-0.0032860710858758535f,0.8897646386531851f,0.45640781055891844f,1.3725047433193311f,0.08447558462796163f,0.4550258360831213f,-0.8864622744926152f,-0.037864383094528976f,0f,0f,0f,1f],start_interpolation:0}
execute if entity @s[tag=aj.cutscenes.bone.blade] run data modify entity @s {} merge value {transformation:[0.2318481071705718f,-0.7808713740570405f,-1.2595579988153356f,0.24437780430509903f,-1.2370516347258105f,0.6000452492147388f,-0.5997073885796489f,1.126285157482537f,0.8160574172346104f,1.131452869576586f,-0.5512392363604806f,0.5727851621214919f,0f,0f,0f,1f],start_interpolation:0}
execute if entity @s[tag=aj.cutscenes.bone.bottom] run data modify entity @s {} merge value {transformation:[-0.8397053325435573f,-0.1545654047803814f,0.5205809160380268f,0.4320890172697335f,-0.399804925719766f,0.8247010898172069f,-0.4000301661431593f,1.1631765301086836f,-0.3674928242403201f,-0.544038278156407f,-0.7543019130510575f,0.10059999297139405f,0f,0f,0f,1f],start_interpolation:0}
execute if entity @s[tag=aj.cutscenes.bone.leftarm] run data modify entity @s {} merge value {transformation:[-0.8616891296113675f,-0.28997513613306936f,0.41642077798089305f,0.3057396626357557f,-0.3358770585162073f,0.9410684848019641f,-0.039707788594124376f,1.3774513351519118f,-0.38036619917140985f,-0.17408195580571617f,-0.9083044793409047f,0.0333066165717519f,0f,0f,0f,1f],start_interpolation:0}
execute if entity @s[tag=aj.cutscenes.locator_origin.mount] at @s on origin run tp @s ^-0.00694 ^1.74918 ^0.01715 ~-2.71655 ~4.54244
execute if entity @s[tag=aj.cutscenes.bone.head] run data modify entity @s {} merge value {transformation:[-0.9988700844644035f,-0.005133752798915012f,-0.04724615269283748f,-0.005661299900369231f,-0.008869222640520568f,0.996819490056418f,0.07919748186284517f,1.4999736470827456f,0.04668930554022155f,0.07952703204484905f,-0.9957387006249729f,-0.0027346599136662494f,0f,0f,0f,1f],start_interpolation:0}
execute if entity @s[tag=aj.cutscenes.bone.upper] run data modify entity @s {} merge value {transformation:[-0.9934637201687362f,-0.007548399867158975f,0.11389845638963066f,0f,-0.007914546932129082f,0.9999648627769941f,-0.0027628170852204742f,0.75f,-0.1138735994660494f,-0.0036462132182216657f,-0.9934885547774635f,0f,0f,0f,0f,1f],start_interpolation:0}
execute if entity @s[tag=aj.cutscenes.bone.bottom3] run data modify entity @s {} merge value {transformation:[-0.9780507283007998f,0.011728180893109258f,0.20803658967406155f,-0.14971810838666158f,0f,0.9984146755352354f,-0.05628619436301119f,0.4611625715569669f,-0.20836691884815914f,-0.055050753390023355f,-0.9765002005534436f,0.11536563046838384f,0f,0f,0f,1f],start_interpolation:0}
execute if entity @s[tag=aj.cutscenes.bone.rightleg] run data modify entity @s {} merge value {transformation:[-0.9780507283007998f,0.07953693227130104f,0.19258932804064147f,-0.11875f,0f,0.924279771017706f,-0.3817157383282185f,0.75f,-0.20836691884815914f,-0.37333735587579153f,-0.9039925031975637f,-1.4542680739874818e-17f,0f,0f,0f,1f],start_interpolation:0}
execute if entity @s[tag=aj.cutscenes.bone.bottom4] run data modify entity @s {} merge value {transformation:[-0.9983662846435121f,0.0023720293304515423f,-0.057088835720876516f,0.12470286202661504f,5.421010862427522e-20f,0.9991379233805031f,0.0415139743086113f,0.4375403496837628f,0.05713809313505088f,0.04144615229127448f,-0.997505616411827f,-0.005370554715005774f,0f,0f,0f,1f],start_interpolation:0}
execute if entity @s[tag=aj.cutscenes.bone.leftleg] run data modify entity @s {} merge value {transformation:[-0.9983662846435121f,0.0009181672077020911f,-0.05713071552228669f,0.11875f,5.421010862427522e-20f,0.999870881011959f,0.016069265831674194f,0.75f,0.05713809313505088f,0.016043013225317503f,-0.9982373765991447f,1.4542680739874818e-17f,0f,0f,0f,1f],start_interpolation:0}
execute if entity @s[tag=aj.cutscenes.locator_origin.head2] at @s on origin run tp @s ^0 ^0.71892 ^1.97504 ~-180 ~-37.63672
execute if entity @s[tag=aj.cutscenes.bone.bottom5] run data modify entity @s {} merge value {transformation:[0.9763824445948461f,-0.11415092770573584f,-0.1834308796002247f,0.4020616347136115f,0.11248026889422647f,0.9934621760327118f,-0.019521626516031176f,0.3786010110297392f,0.18446005257636344f,-0.0015717812407477494f,0.9828387550902011f,1.9106251454893897f,0f,0f,0f,1f],start_interpolation:0}
execute if entity @s[tag=aj.cutscenes.bone.rightarm2] run data modify entity @s {} merge value {transformation:[0.9763824445948461f,-0.11415092770573584f,-0.1834308796002247f,0.31249999999999967f,0.11248026889422647f,0.9934621760327118f,-0.019521626516031176f,0.619936538232028f,0.18446005257636344f,-0.0015717812407477494f,0.9828387550902011f,1.89870344689318f,0f,0f,0f,1f],start_interpolation:0}
execute if entity @s[tag=aj.cutscenes.bone.bottom6] run data modify entity @s {} merge value {transformation:[0.9763824522960998f,0.11415089770609212f,0.18343085727637998f,-0.4020616276950296f,-0.11248023937432577f,0.9934621794839452f,-0.019521620970190723f,0.37860100832193705f,-0.1844600298128263f,-0.0015717785794151506f,0.982838759366738f,1.9106251434013353f,0f,0f,0f,1f],start_interpolation:0}
execute if entity @s[tag=aj.cutscenes.bone.leftarm2] run data modify entity @s {} merge value {transformation:[0.9763824522960998f,0.11415089770609212f,0.18343085727637998f,-0.31250000000000033f,-0.11248023937432577f,0.9934621794839452f,-0.019521620970190723f,0.619936538232028f,-0.1844600298128263f,-0.0015717785794151506f,0.982838759366738f,1.8987034468931798f,0f,0f,0f,1f],start_interpolation:0}
execute if entity @s[tag=aj.cutscenes.locator_origin.mount2] at @s on origin run tp @s ^0 ^0.96313 ^2.02856 ~-180 ~-12.36328
execute if entity @s[tag=aj.cutscenes.bone.head2] run data modify entity @s {} merge value {transformation:[1f,-5.2441670904168534e-17f,-2.3924937295477536e-16f,-3.132676682837904e-16f,0f,0.9768096937065858f,-0.21410936990436935f,0.7189238458784335f,2.4492935982947064e-16f,0.21410936990436935f,0.9768096937065858f,1.9750350453627248f,0f,0f,0f,1f],start_interpolation:0}
execute if entity @s[tag=aj.cutscenes.bone.upper2] run data modify entity @s {} merge value {transformation:[1f,-1.4956679638324698e-16f,-1.939591831446159e-16f,-2.0109257099635517e-16f,0f,0.7918984611712447f,-0.6106527877563604f,0.125f,2.4492935982947064e-16f,0.6106527877563604f,0.7918984611712447f,1.5170454545454546f,0f,0f,0f,1f],start_interpolation:0}
execute if entity @s[tag=aj.cutscenes.bone.bottom7] run data modify entity @s {} merge value {transformation:[0.9622501286096565f,-0.26905160752600293f,-0.041059986341607076f,0.14447979835573335f,0.14415265413281167f,0.6317860548610035f,-0.7616208986035214f,0.3312044960612761f,0.2308564538780869f,0.7269509016232412f,0.6467207158673611f,1.1733562580729868f,0f,0f,0f,1f],start_interpolation:0}
execute if entity @s[tag=aj.cutscenes.bone.rightleg2] run data modify entity @s {} merge value {transformation:[0.9622501286096565f,-0.0630903521661541f,0.2647532765694316f,0.11874999999999983f,0.14415265413281167f,-0.7069713343134274f,-0.6923955118034479f,0.109375f,0.2308564538780869f,0.7044225577894587f,-0.6711886156515111f,1.3920454545454546f,0f,0f,0f,1f],start_interpolation:0}
execute if entity @s[tag=aj.cutscenes.bone.bottom8] run data modify entity @s {} merge value {transformation:[0.9622501261999038f,0.2690516100212639f,0.04106002646412914f,-0.1444798109005752f,-0.14415262560008157f,0.6317860594811627f,-0.7616209001713832f,0.3312044962522672f,-0.23085648173891926f,0.7269508966843848f,0.6467207114735832f,1.1733562597426797f,0f,0f,0f,1f],start_interpolation:0}
execute if entity @s[tag=aj.cutscenes.bone.leftleg2] run data modify entity @s {} merge value {transformation:[0.9622501261999038f,0.06309039235784208f,-0.2647532757500892f,-0.11875000000000016f,-0.14415262560008157f,-0.7069713354952536f,-0.6923955165370881f,0.109375f,-0.23085648173891926f,0.7044225530036583f,-0.6711886110915001f,1.3920454545454546f,0f,0f,0f,1f],start_interpolation:0}
execute if entity @s[tag=aj.cutscenes.camera_origin.camera] at @s on origin run tp @s ^-2.29687 ^-0.12 ^0.75 ~-90 ~0