execute if entity @s[tag=aj.cutscenes.locator_origin.head] at @s on origin run tp @s ^-0.20566 ^0.91601 ^1.74179 ~-81.32166 ~62.11583
execute if entity @s[tag=aj.cutscenes.bone.blade2] run data modify entity @s {} merge value {transformation:[5.339243744809996e-7f,0.0000016617801402750291f,0.000009846492346400447f,-0.09011177174665677f,0.00000869813906791255f,-0.000004920734836790004f,3.5881112197733384e-7f,0.2249850630549356f,0.000004904824310573059f,0.000008545458175626908f,-0.0000017081695030127392f,2.7419160467884667f,0f,0f,0f,1f],start_interpolation:0}
execute if entity @s[tag=aj.cutscenes.bone.heart] run data modify entity @s {} merge value {transformation:[-0.000009846492346400447f,-7.290320491046245e-7f,-0.0000015859069151926093f,-0.14141727953869662f,-3.588111219773328e-7f,0.000009737341077203231f,-0.000002248431303143589f,0.2350194503585643f,0.0000017081695030127402f,-0.000002157012057821867f,-0.000009614023919846899f,2.1786683197105505f,0f,0f,0f,1f],start_interpolation:0}
execute if entity @s[tag=aj.cutscenes.bone.bottom2] run data modify entity @s {} merge value {transformation:[0.1585906915192607f,-0.07290320491046244f,-0.9846492346400446f,-0.23784825536833518f,0.2248431303143589f,0.973734107720323f,-0.03588111219773332f,0.675790780151567f,0.9614023919846898f,-0.21570120578218668f,0.1708169503012738f,2.1727536782969348f,0f,0f,0f,1f],start_interpolation:0}
execute if entity @s[tag=aj.cutscenes.bone.rightarm] run data modify entity @s {} merge value {transformation:[0.16287907416319547f,-0.0627398750597612f,-0.9846492346400446f,-0.2637131662684752f,0.1628859964925535f,0.9859922403011503f,-0.03588111219773332f,0.9121084654460699f,0.9731076812698419f,-0.15454128944526133f,0.1708169503012738f,2.0732991258562543f,0f,0f,0f,1f],start_interpolation:0}
execute if entity @s[tag=aj.cutscenes.bone.blade] run data modify entity @s {} merge value {transformation:[-1.4278113753425938f,-0.0000029877847529552475f,-6.831423315979073e-7f,-0.8578679137036684f,0.4454596417411223f,-0.000009542276379360173f,3.544849990701945e-7f,0.04967760545545963f,-0.11366786714881508f,1.3455025051262186e-7f,0.000009970338857842955f,1.406081511284569f,0f,0f,0f,1f],start_interpolation:0}
execute if entity @s[tag=aj.cutscenes.bone.bottom] run data modify entity @s {} merge value {transformation:[-0.06831423315979072f,0.7907176391282046f,-0.6083574448622356f,-0.5616090832029002f,0.035448499907019176f,0.6113207511002868f,0.790588605488672f,0.6541381420008873f,0.9970338857842956f,0.032443095501193585f,-0.06979166248319804f,1.4054041025618758f,0f,0f,0f,1f],start_interpolation:0}
execute if entity @s[tag=aj.cutscenes.bone.leftarm] run data modify entity @s {} merge value {transformation:[-0.034165809574242145f,0.7929274347232718f,-0.6083574448622356f,-0.3655125876204724f,0.06176733602371501f,0.6092244685434182f,0.790588605488672f,0.810304717638224f,0.997505635902209f,-0.010565518972642757f,-0.06979166248319804f,1.4651068250626031f,0f,0f,0f,1f],start_interpolation:0}
execute if entity @s[tag=aj.cutscenes.locator_origin.mount] at @s on origin run tp @s ^0.04181 ^0.91679 ^1.70634 ~-9.80418 ~83.77456
execute if entity @s[tag=aj.cutscenes.bone.head] run data modify entity @s {} merge value {transformation:[0.1406422804201113f,0.9898882643882033f,-0.018465453818989785f,-0.2056604523333685f,0.1083952311400481f,0.0031433940256800352f,0.9941029086267149f,0.9160070814482095f,0.9841088470409797f,-0.14181446717634194f,-0.1068570731171498f,1.7417935705513143f,0f,0f,0f,1f],start_interpolation:0}
execute if entity @s[tag=aj.cutscenes.bone.upper] run data modify entity @s {} merge value {transformation:[0.16287907416319547f,0.8716193968888423f,-0.4623310871733276f,-0.8593750000000002f,0.1628859964925535f,0.4384039192485002f,0.8838948782147016f,0.5872041420118344f,0.9731076812698419f,-0.2192752392649141f,-0.0705677695477656f,1.90625f,0f,0f,0f,1f],start_interpolation:0}
execute if entity @s[tag=aj.cutscenes.bone.bottom3] run data modify entity @s {} merge value {transformation:[-0.1305261922200519f,0.9492427352744824f,-0.28618375682968605f,-0.900945377927137f,0f,0.28865322518604947f,0.9574337134181623f,0.28396535629808894f,0.9914448613738104f,0.12497017691557716f,-0.03767680635557222f,2.0258310869238665f,0f,0f,0f,1f],start_interpolation:0}
execute if entity @s[tag=aj.cutscenes.bone.rightleg] run data modify entity @s {} merge value {transformation:[-0.1305261922200519f,0.1304146855224367f,-0.9828300580184848f,-0.8593750000000002f,0f,0.9913108598461154f,0.1315400287028828f,0.59375f,0.9914448613738104f,0.017169419071103628f,-0.12939203184209902f,2.025f,0f,0f,0f,1f],start_interpolation:0}
execute if entity @s[tag=aj.cutscenes.bone.bottom4] run data modify entity @s {} merge value {transformation:[0.17364817766693f,0.5131860152072295f,-0.8405274678371194f,-0.5527100418651436f,0f,0.8534939588627505f,0.5211027366890235f,0.46992178813364616f,0.9848077530122081f,-0.09048854060329899f,0.14820767060625034f,1.7270802775187073f,0f,0f,0f,1f],start_interpolation:0}
execute if entity @s[tag=aj.cutscenes.bone.leftleg] run data modify entity @s {} merge value {transformation:[0.17364817766693f,-0.98480082958488f,0.0036927553244878735f,-0.8593750000000002f,0f,-0.003749722027667657f,-0.9999929697676456f,0.46875f,0.9848077530122081f,0.17364695687989307f,-0.0006511323968620406f,1.7875f,0f,0f,0f,1f],start_interpolation:0}
execute if entity @s[tag=aj.cutscenes.locator_origin.head2] at @s on origin run tp @s ^0 ^0.125 ^2.4375 ~-180 ~-90
execute if entity @s[tag=aj.cutscenes.locator_origin.mount2] at @s on origin run tp @s ^0 ^0.125 ^2.6875 ~-180 ~-90
execute if entity @s[tag=aj.cutscenes.camera_origin.camera] at @s on origin run tp @s ^3.375 ^-0.44813 ^1.90625 ~90 ~7.5