execute if entity @s[tag=aj.cutscenes.locator_origin.head] at @s on origin run tp @s ^0 ^13.96875 ^-3.5625 ~0 ~0
execute if entity @s[tag=aj.cutscenes.bone.blade2] run data modify entity @s {} merge value {transformation:[-0.0000065154059189761275f,-0.00000758613773345639f,7.052267925053598e-21f,-0.862424285607683f,0.00000758613773345639f,-0.000006515405918976126f,7.979071003819833e-22f,13.036626399998397f,3.989535501909917e-21f,5.869816445731515e-21f,0.00001f,-3.5304293749999998f,0f,0f,0f,1f],start_interpolation:0}
execute if entity @s[tag=aj.cutscenes.bone.heart] run data modify entity @s {} merge value {transformation:[-8.34253248789304e-21f,3.214592421671592e-7f,0.000009994831862298901f,-0.31097921792060257f,7.137829042650683e-23f,0.000009994831862298901f,-3.214592421671592e-7f,13.153964705694992f,-0.00001f,-1.968370159881727e-22f,-8.340515473340478e-21f,-3.484375f,0f,0f,0f,1f],start_interpolation:0}
execute if entity @s[tag=aj.cutscenes.bone.bottom2] run data modify entity @s {} merge value {transformation:[-0.9994831862298901f,0.03214592421671592f,-6.123233995736765e-16f,-0.37499999999999956f,0.03214592421671592f,0.9994831862298901f,0f,13.59375f,6.1200694240901635e-16f,-1.968370159881727e-17f,-1f,-3.5625f,0f,0f,0f,1f],start_interpolation:0}
execute if entity @s[tag=aj.cutscenes.bone.rightarm] run data modify entity @s {} merge value {transformation:[-1f,0f,-6.123233995736765e-16f,-0.31249999999999956f,0f,1f,0f,13.84375f,6.123233995736765e-16f,0f,-1f,-3.5625f,0f,0f,0f,1f],start_interpolation:0}
execute if entity @s[tag=aj.cutscenes.bone.blade] run data modify entity @s {} merge value {transformation:[0.010390803434330577f,9.893070142126771e-8f,-0.000009999270678562525f,0.38280475512746664f,-0.8603019062879099f,-0.000008190923017743464f,-1.2077208634342658e-7f,12.990045855218547f,-1.2287280664334874f,0.000005735764363510461f,3.902341365904475e-21f,-3.2648043749999998f,0f,0f,0f,1f],start_interpolation:0}
execute if entity @s[tag=aj.cutscenes.bone.bottom] run data modify entity @s {} merge value {transformation:[-0.9999270678562525f,-0.012077208634342827f,-6.123233995736765e-16f,0.37500000000000044f,-0.012077208634342827f,0.9999270678562525f,0f,13.59375f,6.122787415154789e-16f,7.39515744834136e-18f,-1f,-3.5625f,0f,0f,0f,1f],start_interpolation:0}
execute if entity @s[tag=aj.cutscenes.bone.leftarm] run data modify entity @s {} merge value {transformation:[-1f,0f,-6.123233995736765e-16f,0.31250000000000044f,0f,1f,0f,13.84375f,6.123233995736765e-16f,0f,-1f,-3.5625f,0f,0f,0f,1f],start_interpolation:0}
execute if entity @s[tag=aj.cutscenes.locator_origin.mount] at @s on origin run tp @s ^0.00095 ^14.21851 ^-3.57336 ~5 ~-2.5
execute if entity @s[tag=aj.cutscenes.bone.head] run data modify entity @s {} merge value {transformation:[-0.9961946980917455f,0.0038016801040236495f,0.0870727897926932f,4.3628042219624456e-16f,-2.168404344971009e-19f,0.9990482215818578f,-0.043619387365336f,13.96875f,-0.08715574274765758f,-0.0434534024273578f,-0.9952465414778341f,-3.5625f,0f,0f,0f,1f],start_interpolation:0}
execute if entity @s[tag=aj.cutscenes.bone.upper] run data modify entity @s {} merge value {transformation:[-1f,0f,-6.123233995736765e-16f,4.3628042219624456e-16f,0f,1f,0f,13.21875f,6.123233995736765e-16f,0f,-1f,-3.5625f,0f,0f,0f,1f],start_interpolation:0}
execute if entity @s[tag=aj.cutscenes.bone.bottom3] run data modify entity @s {} merge value {transformation:[-0.9914448613738105f,-0.03924998298777886f,0.12448504203688393f,-0.11268091069990499f,3.469446951953614e-18f,0.9537169507482269f,0.30070579950427306f,12.92071345289118f,-0.13052619222005094f,0.29813321970381484f,-0.9455577700244291f,-3.6564824198588175f,0f,0f,0f,1f],start_interpolation:0}
execute if entity @s[tag=aj.cutscenes.bone.rightleg] run data modify entity @s {} merge value {transformation:[-0.9914448613738105f,-0.03924998298777886f,0.12448504203688393f,-0.11874999999999956f,3.469446951953614e-18f,0.9537169507482269f,0.30070579950427306f,13.21875f,-0.13052619222005094f,0.29813321970381484f,-0.9455577700244291f,-3.5625f,0f,0f,0f,1f],start_interpolation:0}
execute if entity @s[tag=aj.cutscenes.bone.bottom4] run data modify entity @s {} merge value {transformation:[-0.9848077530122079f,-0.05221701409779454f,-0.16561121050749172f,0.1540616415346335f,-6.938893903907228e-18f,0.9537169507482269f,-0.3007057995042731f,12.955190173183473f,0.17364817766693094f,-0.29613740272754274f,-0.9392278472760159f,-3.398230044863426f,0f,0f,0f,1f],start_interpolation:0}
execute if entity @s[tag=aj.cutscenes.bone.leftleg] run data modify entity @s {} merge value {transformation:[-0.9848077530122079f,-0.09330109785058167f,-0.14645338762528573f,0.11875000000000042f,-6.938893903907228e-18f,0.8433914458128857f,-0.5372996083468239f,13.21875f,0.17364817766693094f,-0.529136819990375f,-0.8305784346607052f,-3.5625f,0f,0f,0f,1f],start_interpolation:0}
execute if entity @s[tag=aj.cutscenes.locator_origin.head2] at @s on origin run tp @s ^0 ^0.125 ^2.4375 ~-180 ~-90
execute if entity @s[tag=aj.cutscenes.locator_origin.mount2] at @s on origin run tp @s ^0 ^0.125 ^2.6875 ~-180 ~-90
execute if entity @s[tag=aj.cutscenes.bone.head2] run data modify entity @s {} merge value {transformation:[1f,-2.4492935982947064e-16f,-5.438524293787564e-32f,-4.0566425221756077e-16f,0f,2.220446049250313e-16f,-1f,0.12500000000000017f,2.4492935982947064e-16f,1f,2.220446049250313e-16f,2.4375f,0f,0f,0f,1f],start_interpolation:0}
execute if entity @s[tag=aj.cutscenes.camera_origin.camera] at @s on origin run tp @s ^3.375 ^-0.44813 ^1.90625 ~90 ~0