execute if entity @s[tag=aj.cutscenes.locator_origin.head] at @s on origin run tp @s ^0 ^1.38254 ^1.2936 ~0 ~32.5
execute if entity @s[tag=aj.cutscenes.bone.blade2] run data modify entity @s {} merge value {transformation:[1.457112909396997f,-0.23279012157729106f,0.2695008878735824f,-0.8508721389806102f,0.09013665190526098f,-0.8571080560828035f,-1.2276975051621097f,1.040159199338831f,0.3445248224031602f,1.2087905275497441f,-0.8186135274072149f,1.5431420782008305f,0f,0f,0f,1f],start_interpolation:0}
execute if entity @s[tag=aj.cutscenes.bone.heart] run data modify entity @s {} merge value {transformation:[0.0000015519341438486074f,0.000009714086062646647f,0.0000017966725858238804f,-0.9916940802416117f,0.00000571405370721869f,6.009110127017381e-7f,-0.000008184650034414066f,1.1665238586673083f,-0.000008058603516998293f,0.0000022968321493544f,-0.000005457423516048101f,1.1313717022126109f,0f,0f,0f,1f],start_interpolation:0}
execute if entity @s[tag=aj.cutscenes.bone.bottom2] run data modify entity @s {} merge value {transformation:[-0.179667258582388f,0.9714086062646646f,0.15519341438486076f,-0.5686148340787527f,0.8184650034414066f,0.0600911012701738f,0.5714053707218688f,1.3013973384545152f,0.5457423516048099f,0.22968321493544f,-0.8058603516998295f,1.2115363899894425f,0f,0f,0f,1f],start_interpolation:0}
execute if entity @s[tag=aj.cutscenes.bone.rightarm] run data modify entity @s {} merge value {transformation:[-0.19816749516788595f,0.9749174625230387f,0.10131922387447183f,-0.31250000000000017f,0.8165842546686229f,0.1070353243813092f,0.5672156506672552f,1.2771196536330536f,0.5421437068584083f,0.19513938762389155f,-0.8173131716249269f,1.2264372552167648f,0f,0f,0f,1f],start_interpolation:0}
execute if entity @s[tag=aj.cutscenes.bone.blade] run data modify entity @s {} merge value {transformation:[1.4566321109719638f,0.2357796106309385f,-0.2695011474856537f,0.8517210229554886f,-0.08837801777526735f,-0.8572908181539474f,-1.2276977555909476f,1.040353656185851f,-0.34700463867140957f,1.208081300376617f,-0.8186130663633862f,1.542571058911577f,0f,0f,0f,1f],start_interpolation:0}
execute if entity @s[tag=aj.cutscenes.bone.bottom] run data modify entity @s {} merge value {transformation:[-0.1796674316571022f,-0.9710880739813091f,-0.15718640708729237f,0.5686148344831099f,-0.8184651703939653f,0.058918678516844715f,0.5715272121026315f,1.3013973051769427f,-0.5457420442422574f,0.2313364257809396f,-0.8053875335844115f,1.2115363427211272f,0f,0f,0f,1f],start_interpolation:0}
execute if entity @s[tag=aj.cutscenes.bone.leftarm] run data modify entity @s {} merge value {transformation:[-0.19816766748821762f,-0.9749174210603856f,-0.10131928580110479f,0.31249999999999983f,-0.8165844183544252f,0.10703549841304943f,0.567215382178794f,1.2771196536330536f,-0.5421433973249553f,0.19513949931379043f,-0.817313350279144f,1.226437255216765f,0f,0f,0f,1f],start_interpolation:0}
execute if entity @s[tag=aj.cutscenes.locator_origin.mount] at @s on origin run tp @s ^0 ^1.53473 ^1.49194 ~0 ~52.5
execute if entity @s[tag=aj.cutscenes.bone.head] run data modify entity @s {} merge value {transformation:[-1f,-9.715776287805219e-17f,7.455177354798985e-17f,-1.5842027396494095e-16f,0f,0.6087614290087207f,0.7933533402912352f,1.3825435843596643f,-1.2246467991473532e-16f,0.7933533402912352f,-0.6087614290087207f,1.2935997062601179f,0f,0f,0f,1f],start_interpolation:0}
execute if entity @s[tag=aj.cutscenes.bone.upper] run data modify entity @s {} merge value {transformation:[-1f,-6.580022455450643e-17f,1.0328566345430089e-16f,-1.0907010554906114e-16f,0f,0.8433914458128857f,0.5372996083468239f,0.75f,-1.2246467991473532e-16f,0.5372996083468239f,-0.8433914458128857f,0.890625f,0f,0f,0f,1f],start_interpolation:0}
execute if entity @s[tag=aj.cutscenes.locator_origin.head2] at @s on origin run tp @s ^0 ^0.72002 ^2.14407 ~-180 ~-37.5
execute if entity @s[tag=aj.cutscenes.bone.bottom5] run data modify entity @s {} merge value {transformation:[0.9763824522960998f,-0.11502499706672469f,-0.18288399847459205f,0.40228015253518706f,0.11292007583994654f,0.9933623155785749f,-0.021917263986924063f,0.3795627635273749f,0.18419110543279588f,0.000748356981510212f,0.9828901650954052f,2.0793007479746226f,0f,0f,0f,1f],start_interpolation:0}
execute if entity @s[tag=aj.cutscenes.bone.rightarm2] run data modify entity @s {} merge value {transformation:[0.9763824522960998f,-0.11502499706672469f,-0.18288399847459205f,0.31249999999999967f,0.11292007583994654f,0.9933623155785749f,-0.021917263986924063f,0.620845837682022f,0.18419110543279588f,0.000748356981510212f,0.9828901650954052f,2.0679758931304506f,0f,0f,0f,1f],start_interpolation:0}
execute if entity @s[tag=aj.cutscenes.bone.bottom6] run data modify entity @s {} merge value {transformation:[0.9763824522960998f,0.11502499706672469f,0.18288399847459155f,-0.40228015253518773f,-0.11292007583994654f,0.9933623155785749f,-0.021917263986924063f,0.3795627635273749f,-0.1841911054327954f,0.000748356981510323f,0.9828901650954054f,2.079300747974622f,0f,0f,0f,1f],start_interpolation:0}
execute if entity @s[tag=aj.cutscenes.bone.leftarm2] run data modify entity @s {} merge value {transformation:[0.9763824522960998f,0.11502499706672469f,0.18288399847459155f,-0.31250000000000033f,-0.11292007583994654f,0.9933623155785749f,-0.021917263986924063f,0.620845837682022f,-0.1841911054327954f,0.000748356981510323f,0.9828901650954054f,2.06797589313045f,0f,0f,0f,1f],start_interpolation:0}
execute if entity @s[tag=aj.cutscenes.locator_origin.mount2] at @s on origin run tp @s ^0 ^0.9592 ^2.21682 ~-180 ~-16.91691
execute if entity @s[tag=aj.cutscenes.bone.head2] run data modify entity @s {} merge value {transformation:[1f,-7.127066296870071e-17f,-2.3433071481663724e-16f,-3.3379489266744253e-16f,0f,0.956727747868967f,-0.29098456395069217f,0.7200150052184264f,2.4492935982947064e-16f,0.29098456395069217f,0.956727747868967f,2.1440710717565405f,0f,0f,0f,1f],start_interpolation:0}
execute if entity @s[tag=aj.cutscenes.bone.upper2] run data modify entity @s {} merge value {transformation:[1f,-1.4910354709597969e-16f,-1.943155257561044e-16f,-2.2196723234545778e-16f,0f,0.7933533402912352f,-0.6087614290087207f,0.125f,2.4492935982947064e-16f,0.6087614290087207f,0.7933533402912352f,1.6875f,0f,0f,0f,1f],start_interpolation:0}
execute if entity @s[tag=aj.cutscenes.bone.bottom7] run data modify entity @s {} merge value {transformation:[0.9622501286096566f,-0.2690516075260029f,-0.04105998634160705f,0.14487441748775037f,0.14415265413281164f,0.6317860548610034f,-0.7616208986035214f,0.33016936604947866f,0.23085645387808687f,0.7269509016232413f,0.6467207158673609f,1.3409901660069554f,0f,0f,0f,1f],start_interpolation:0}
execute if entity @s[tag=aj.cutscenes.bone.rightleg2] run data modify entity @s {} merge value {transformation:[0.9622501286096566f,-0.06435313338860871f,0.2644491713236538f,0.1187499999999998f,0.14415265413281164f,-0.7036589182756754f,-0.6957615532907613f,0.109375f,0.23085645387808687f,0.7076176940652168f,-0.6678192096283698f,1.5606778425655976f,0f,0f,0f,1f],start_interpolation:0}
execute if entity @s[tag=aj.cutscenes.bone.bottom8] run data modify entity @s {} merge value {transformation:[0.9622501286096569f,0.26905160752600255f,0.04105998634160674f,-0.14487441748775065f,-0.14415265413281164f,0.6317860548610034f,-0.7616208986035214f,0.33016936604947866f,-0.23085645387808643f,0.7269509016232415f,0.6467207158673609f,1.3409901660069554f,0f,0f,0f,1f],start_interpolation:0}
execute if entity @s[tag=aj.cutscenes.bone.leftleg2] run data modify entity @s {} merge value {transformation:[0.9622501286096569f,0.06435313338860837f,-0.2644491713236535f,-0.11875000000000019f,-0.14415265413281164f,-0.7036589182756754f,-0.6957615532907613f,0.109375f,-0.23085645387808643f,0.7076176940652168f,-0.66781920962837f,1.5606778425655976f,0f,0f,0f,1f],start_interpolation:0}
execute if entity @s[tag=aj.cutscenes.camera_origin.camera] at @s on origin run tp @s ^-2.28125 ^-0.12 ^1.6875 ~-90 ~0