execute if entity @s[tag=aj.cutscenes.locator_origin.head] at @s on origin run tp @s ^-0.65524 ^1.37959 ^1.85135 ~-90.25431 ~15.85576
execute if entity @s[tag=aj.cutscenes.bone.blade2] run data modify entity @s {} merge value {transformation:[-0.0000016443429170972396f,0.000003657080886671464f,0.000009160889463329117f,-0.27738553170642977f,0.0000015522369451200536f,-0.00000907565397705282f,0.000003901674685953412f,0.3835582799092877f,0.00000974098028112143f,0.0000020635562209805576f,9.246831271608355e-7f,2.3011346324535085f,0f,0f,0f,1f],start_interpolation:0}
execute if entity @s[tag=aj.cutscenes.bone.heart] run data modify entity @s {} merge value {transformation:[0.000009160889463329117f,-0.0000036830248022136807f,0.000001585380883871281f,-0.49254442012028643f,0.000003901674685953412f,0.000007275852075601405f,-0.0000056425979139893586f,0.6683107941199375f,9.246831271608339e-7f,0.000005787685623826299f,0.00000810232412546539f,2.03950864887146f,0f,0f,0f,1f],start_interpolation:0}
execute if entity @s[tag=aj.cutscenes.bone.bottom2] run data modify entity @s {} merge value {transformation:[0.15853808838712788f,-0.368302480221368f,-0.9160889463329116f,-0.5920159368090717f,-0.5642597913989359f,0.7275852075601404f,-0.390167468595341f,1.0523773928739435f,0.8102324125465388f,0.5787685623826299f,-0.09246831271608356f,2.249304456060646f,0f,0f,0f,1f],start_interpolation:0}
execute if entity @s[tag=aj.cutscenes.bone.rightarm] run data modify entity @s {} merge value {transformation:[-0.10857302575037231f,-0.3859960368787029f,-0.9160889463329116f,-0.6817291319193491f,0.019371989245590453f,0.9205400982480731f,-0.390167468595341f,1.2813016681081124f,0.9938997052580696f,-0.060108127831125006f,-0.09246831271608356f,2.1721586925242353f,0f,0f,0f,1f],start_interpolation:0}
execute if entity @s[tag=aj.cutscenes.bone.blade] run data modify entity @s {} merge value {transformation:[-0.8001908754530666f,0.000006932846600922323f,-0.000004845370840175185f,-0.1517745541949651f,-1.2321702506751042f,-0.000002881083716227392f,0.000004921571552544119f,0.7460636952694053f,0.3024087237380964f,0.0000066056789679917915f,0.00000723190949019472f,1.981802238783812f,0f,0f,0f,1f],start_interpolation:0}
execute if entity @s[tag=aj.cutscenes.bone.bottom] run data modify entity @s {} merge value {transformation:[-0.4845370840175183f,-0.26192512609342183f,-0.8346370723450673f,-0.5586294279874667f,0.49215715525441195f,0.707167109164874f,-0.5076376800901206f,1.022149952976112f,0.7231909490194722f,-0.6567418884435042f,-0.21374036404005456f,1.5220329664853682f,0f,0f,0f,1f],start_interpolation:0}
execute if entity @s[tag=aj.cutscenes.bone.leftarm] run data modify entity @s {} merge value {transformation:[-0.2525027702989934f,-0.48951333838679856f,-0.8346370723450673f,-0.6967891857278534f,0.007762367406791634f,0.8615356820265555f,-0.5076376800901206f,1.2380190214456754f,0.9675650348393f,-0.134658680137781f,-0.21374036404005456f,1.5488411111283793f,0f,0f,0f,1f],start_interpolation:0}
execute if entity @s[tag=aj.cutscenes.locator_origin.mount] at @s on origin run tp @s ^-0.5426 ^1.60219 ^1.83507 ~-82.48844 ~26.20143
execute if entity @s[tag=aj.cutscenes.bone.head] run data modify entity @s {} merge value {transformation:[-0.07568441639932837f,0.4505294918689909f,-0.889547663742962f,-0.6552359905883216f,0.1107709778759959f,0.8903834335034625f,0.4415281778131276f,1.3795924137322728f,0.9909599687044319f,-0.06511926211847005f,-0.11729374291264344f,1.8513498821915686f,0f,0f,0f,1f],start_interpolation:0}
execute if entity @s[tag=aj.cutscenes.bone.upper] run data modify entity @s {} merge value {transformation:[0.024096086093606816f,0.27218534588223825f,-0.9619430940143683f,-0.8593750000000002f,0.06925223465989967f,0.9594565516430308f,0.27321649566575285f,0.6599999999999997f,0.9973081302333696f,-0.0732001570779085f,0.004269704227442864f,1.90625f,0f,0f,0f,1f],start_interpolation:0}
execute if entity @s[tag=aj.cutscenes.bone.bottom3] run data modify entity @s {} merge value {transformation:[-0.08159061156815814f,0.707695091612403f,-0.7017910154822777f,-0.8937383744757165f,0f,0.7041386644636216f,0.7100624910579261f,0.3493514612699983f,0.9966659280340299f,0.057934432897026f,-0.05745110426237297f,2.0284577998144058f,0f,0f,0f,1f],start_interpolation:0}
execute if entity @s[tag=aj.cutscenes.bone.rightleg] run data modify entity @s {} merge value {transformation:[-0.08159061156815814f,0.10833098609092866f,-0.9907610052664069f,-0.8593750000000002f,0f,0.9940753239360045f,0.10869337763418539f,0.6599999999999997f,0.9966659280340299f,0.008868359154581947f,-0.08110721362475351f,2.025f,0f,0f,0f,1f],start_interpolation:0}
execute if entity @s[tag=aj.cutscenes.bone.bottom4] run data modify entity @s {} merge value {transformation:[0.10869337763418503f,0.3445547038694661f,-0.9324525755768477f,-0.6020309312499026f,-6.938893903907228e-18f,0.9380099808582272f,0.3466082454448367f,0.41397636984744135f,0.9940753239360045f,-0.03767402091325793f,0.10195547307405796f,1.7530744436839325f,0f,0f,0f,1f],start_interpolation:0}
execute if entity @s[tag=aj.cutscenes.bone.leftleg] run data modify entity @s {} merge value {transformation:[0.10869337763418503f,-0.825674887552996f,-0.5535763088525554f,-0.8593750000000002f,-6.938893903907228e-18f,0.5568756164881857f,-0.8305958991958142f,0.5879999999999994f,0.9940753239360045f,0.09028027373269612f,0.060528691678219976f,1.7875f,0f,0f,0f,1f],start_interpolation:0}
execute if entity @s[tag=aj.cutscenes.locator_origin.head2] at @s on origin run tp @s ^0 ^0.125 ^2.4375 ~-180 ~-90
execute if entity @s[tag=aj.cutscenes.locator_origin.mount2] at @s on origin run tp @s ^0 ^0.125 ^2.6875 ~-180 ~-90
execute if entity @s[tag=aj.cutscenes.camera_origin.camera] at @s on origin run tp @s ^3.375 ^-0.44813 ^1.90625 ~90 ~0