execute if entity @s[tag=aj.cutscenes.locator_origin.head] at @s on origin run tp @s ^-0.16601 ^0.76973 ^1.69497 ~-69.19366 ~71.4225
execute if entity @s[tag=aj.cutscenes.bone.blade2] run data modify entity @s {} merge value {transformation:[0.0000014133265386459084f,0.000001915458329550656f,0.000009712544851011718f,-0.03416865840523706f,0.000008903067373864692f,-0.000004535923688171032f,-4.009833307195979e-7f,0.13580655950569803f,0.0000043287295401289825f,0.000008703816156310052f,-0.0000023464195885584564f,2.720414243229432f,0f,0f,0f,1f],start_interpolation:0}
execute if entity @s[tag=aj.cutscenes.bone.heart] run data modify entity @s {} merge value {transformation:[0.7284408638258788f,-0.018903844806326002f,0.1775290189240792f,-0.24088246711690398f,-0.030073749803969926f,0.7221341571798243f,0.2002943549052572f,0.1615837708268107f,-0.17598146914188428f,-0.20165540827293285f,0.700618026340274f,2.3299908402904306f,0f,0f,0f,1f],start_interpolation:0}
execute if entity @s[tag=aj.cutscenes.bone.bottom2] run data modify entity @s {} merge value {transformation:[0.23670535856543873f,-0.02520512640843467f,-0.9712544851011717f,-0.19082453818240502f,0.2670591398736763f,0.9628455429064324f,0.04009833307195984f,0.5630048173350233f,0.9341573684536987f,-0.2688738776972438f,0.2346419588558455f,2.1356422802339172f,0f,0f,0f,1f],start_interpolation:0}
execute if entity @s[tag=aj.cutscenes.bone.rightarm] run data modify entity @s {} merge value {transformation:[0.2379671980053087f,-0.006028087952269057f,-0.9712544851011717f,-0.2072045100458041f,0.18851654300090048f,0.9812510569165468f,0.04009833307195984f,0.7965352976266037f,0.9528027737619638f,-0.1926396258712103f,0.2346419588558455f,2.027932200405992f,0f,0f,0f,1f],start_interpolation:0}
execute if entity @s[tag=aj.cutscenes.bone.blade] run data modify entity @s {} merge value {transformation:[-1.2962523265591908f,-0.0000050226874781053666f,-3.064957551827753e-7f,-1.0073890997997328f,0.7460480433505197f,-0.000008618079558860742f,9.957280563299667e-7f,0.045014413984820645f,-0.11463953464117409f,7.080361674590873e-7f,0.000009945581229364741f,1.4299959947457521f,0f,0f,0f,1f],start_interpolation:0}
execute if entity @s[tag=aj.cutscenes.bone.bottom] run data modify entity @s {} merge value {transformation:[-0.030649575518277593f,0.907100998271189f,-0.41979564368387867f,-0.5847099571088223f,0.09957280563299642f,0.4206746968141537f,0.9017305893883679f,0.5674909473236435f,0.9945581229364743f,-0.014162570237513869f,-0.10321609227898798f,1.3912286345393892f,0f,0f,0f,1f],start_interpolation:0}
execute if entity @s[tag=aj.cutscenes.bone.leftarm] run data modify entity @s {} merge value {transformation:[0.03223034296318658f,0.9070462074980048f,-0.41979564368387867f,-0.35593400879912196f,0.12846075266634452f,0.4127708555430033f,0.9017305893883679f,0.6787124582510409f,0.99119071828628f,-0.08299035051006723f,-0.10321609227898798f,1.432430466804765f,0f,0f,0f,1f],start_interpolation:0}
execute if entity @s[tag=aj.cutscenes.locator_origin.mount] at @s on origin run tp @s ^0.07475 ^0.71869 ^1.65102 ~43.81195 ~75.57187
execute if entity @s[tag=aj.cutscenes.bone.head] run data modify entity @s {} merge value {transformation:[0.20696083206710797f,0.9630225769369254f,0.17249559501579803f,-0.16600811130695559f,0.1428290281474738f,-0.20416474972356058f,0.9684609562025535f,0.7697270558934507f,0.9678672856897989f,-0.17579610712436083f,-0.17980168522953777f,1.6949676003264544f,0f,0f,0f,1f],start_interpolation:0}
execute if entity @s[tag=aj.cutscenes.bone.upper] run data modify entity @s {} merge value {transformation:[0.2379671980053087f,0.9244891849240595f,-0.2978109461251392f,-0.8593750000000002f,0.18851654300090048f,0.256825423637027f,0.9478935672261161f,0.5771079881656804f,0.9528027737619638f,-0.2817098662313942f,-0.11316547874417414f,1.90625f,0f,0f,0f,1f],start_interpolation:0}
execute if entity @s[tag=aj.cutscenes.bone.bottom3] run data modify entity @s {} merge value {transformation:[-0.1305261922200519f,0.9455577700244291f,-0.2981332197038149f,-0.9139915991497519f,1.734723475976807e-18f,0.3007057995042731f,0.9537169507482268f,0.285997577183685f,0.9914448613738104f,0.12448504203688487f,-0.03924998298777915f,2.0241135193158315f,0f,0f,0f,1f],start_interpolation:0}
execute if entity @s[tag=aj.cutscenes.bone.rightleg] run data modify entity @s {} merge value {transformation:[-0.1305261922200519f,0.17216259343480453f,-0.9763825861650424f,-0.8593750000000002f,1.734723475976807e-18f,0.984807753012208f,0.17364817766693033f,0.59375f,0.9914448613738104f,0.022665635416815478f,-0.1285432060694689f,2.025f,0f,0f,0f,1f],start_interpolation:0}
execute if entity @s[tag=aj.cutscenes.bone.bottom4] run data modify entity @s {} merge value {transformation:[0.17364817766693f,0.5291368199903753f,-0.8305784346607052f,-0.5527078782941035f,0f,0.8433914458128854f,0.537299608346824f,0.4687499999999999f,0.9848077530122081f,-0.09330109785058119f,0.14645338762528493f,1.7270798960227582f,0f,0f,0f,1f],start_interpolation:0}
execute if entity @s[tag=aj.cutscenes.bone.leftleg] run data modify entity @s {} merge value {transformation:[0.17364817766693f,-0.984807753012208f,-3.3306690738754696e-16f,-0.8593750000000002f,0f,3.3306690738754696e-16f,-0.9999999999999998f,0.46875f,0.9848077530122081f,0.17364817766693f,2.77555756156288e-17f,1.7875f,0f,0f,0f,1f],start_interpolation:0}
execute if entity @s[tag=aj.cutscenes.locator_origin.head2] at @s on origin run tp @s ^0 ^0.125 ^2.4375 ~-180 ~-90
execute if entity @s[tag=aj.cutscenes.locator_origin.mount2] at @s on origin run tp @s ^0 ^0.125 ^2.6875 ~-180 ~-90
execute if entity @s[tag=aj.cutscenes.camera_origin.camera] at @s on origin run tp @s ^3.375 ^-0.44813 ^1.90625 ~90 ~10