execute if entity @s[tag=aj.cutscenes.locator_origin.head] at @s on origin run tp @s ^-0.5004 ^1.23385 ^1.81824 ~-88.71296 ~28.67439
execute if entity @s[tag=aj.cutscenes.bone.blade2] run data modify entity @s {} merge value {transformation:[-2.5778773105383695e-7f,0.000005018870071792994f,0.00000864548949962804f,-0.04601134801038714f,-0.000002092397258579347f,-0.00000848388742178717f,0.000004862666750532165f,0.36444267912853867f,0.000009775245224443616f,-0.0000016836262699607602f,0.0000012688512068364294f,2.025249836465957f,0f,0f,0f,1f],start_interpolation:0}
execute if entity @s[tag=aj.cutscenes.bone.heart] run data modify entity @s {} merge value {transformation:[0.00000864548949962804f,-0.00000358076052561235f,0.0000035261402935841448f,-0.333053078073799f,0.000004862666750532166f,0.000004188954186318899f,-0.000007668581022470213f,0.6793405312387071f,0.000001268851206836428f,0.000008344508187013643f,0.000005362760458175621f,1.9057848422766437f,0f,0f,0f,1f],start_interpolation:0}
execute if entity @s[tag=aj.cutscenes.bone.bottom2] run data modify entity @s {} merge value {transformation:[0.35261402935841424f,-0.358076052561235f,-0.864548949962804f,-0.44420684118839615f,-0.7668581022470214f,0.41889541863188984f,-0.4862666750532164f,0.9485254922691303f,0.536276045817562f,0.8344508187013643f,-0.1268851206836429f,2.2472527226483026f,0f,0f,0f,1f],start_interpolation:0}
execute if entity @s[tag=aj.cutscenes.bone.rightarm] run data modify entity @s {} merge value {transformation:[-0.19394529850128842f,-0.463616581139479f,-0.864548949962804f,-0.5479894053169354f,0.08991628754286016f,0.8691718943725684f,-0.4862666750532164f,1.1601986978908436f,0.9768829420272194f,-0.17204616742415843f,-0.1268851206836429f,2.1431859969155616f,0f,0f,0f,1f],start_interpolation:0}
execute if entity @s[tag=aj.cutscenes.bone.blade] run data modify entity @s {} merge value {transformation:[-0.765419904246152f,0.0000033023363570927744f,-0.000007940781652926826f,-0.21034781391202814f,-1.1224133019471962f,0.0000028463898919595454f,0.000005992198011593919f,1.0399605592563281f,0.6358622097560156f,0.000008999591055574343f,0.000001018601850769259f,2.2125365137056927f,0f,0f,0f,1f],start_interpolation:0}
execute if entity @s[tag=aj.cutscenes.bone.bottom] run data modify entity @s {} merge value {transformation:[-0.7940781652926825f,0.02217298954220359f,-0.6074110848018568f,-0.37819185834967606f,0.5992198011593921f,0.19603060467837086f,-0.7762136509543818f,0.9275469611708633f,0.10186018507692612f,-0.9803470612819696f,-0.1689501172888043f,1.5704042426856644f,0f,0f,0f,1f],start_interpolation:0}
execute if entity @s[tag=aj.cutscenes.bone.leftarm] run data modify entity @s {} merge value {transformation:[-0.4257712263103282f,-0.6706494143038005f,-0.6074110848018568f,-0.5724649135700217f,0.13855701618594574f,0.6150563562290181f,-0.7762136509543818f,1.0899708637397394f,0.8941592789385161f,-0.4146505055540779f,-0.1689501172888043f,1.5226265712308023f,0f,0f,0f,1f],start_interpolation:0}
execute if entity @s[tag=aj.cutscenes.locator_origin.mount] at @s on origin run tp @s ^-0.31603 ^1.40185 ^1.80132 ~-70.215 ~44.95876
execute if entity @s[tag=aj.cutscenes.bone.head] run data modify entity @s {} merge value {transformation:[-0.11312907035996027f,0.7374637813179157f,-0.6658445649577479f,-0.5003975913321742f,0.22170682822042997f,0.671986486062292f,0.7065976541640155f,1.2338517369783497f,0.9685287273797963f,-0.06768555085049056f,-0.23952196234612338f,1.8182375408878182f,0f,0f,0f,1f],start_interpolation:0}
execute if entity @s[tag=aj.cutscenes.bone.upper] run data modify entity @s {} merge value {transformation:[0.039160813204938076f,0.47863654489043467f,-0.8771393780947672f,-0.8593750000000002f,0.11236453464176652f,0.8701356493044663f,0.4798313903489788f,0.58125f,0.9928950810956146f,-0.11734994548290908f,-0.019706553003786976f,1.90625f,0f,0f,0f,1f],start_interpolation:0}
execute if entity @s[tag=aj.cutscenes.locator_origin.head2] at @s on origin run tp @s ^0 ^0.125 ^2.4375 ~-180 ~-90
execute if entity @s[tag=aj.cutscenes.locator_origin.mount2] at @s on origin run tp @s ^0 ^0.125 ^2.6875 ~-180 ~-90
execute if entity @s[tag=aj.cutscenes.camera_origin.camera] at @s on origin run tp @s ^3.375 ^-0.44813 ^1.90625 ~90 ~0