execute if entity @s[tag=aj.cutscenes.locator_origin.head] at @s on origin run tp @s ^-1.14351 ^1.26521 ^1.84021 ~-94.79364 ~-21.89005
execute if entity @s[tag=aj.cutscenes.bone.blade2] run data modify entity @s {} merge value {transformation:[-2.0973005796469107e-7f,0.0000013599665647281035f,-0.000009904872752620689f,-0.982866235155837f,-0.000008368653127362679f,0.000005396538231073209f,9.181611810831652e-7f,1.9124031485800526f,0.000005470069299073729f,0.000008308301033507804f,0.000001024927216900887f,2.8007307162376844f,0f,0f,0f,1f],start_interpolation:0}
execute if entity @s[tag=aj.cutscenes.bone.heart] run data modify entity @s {} merge value {transformation:[-0.9904872752620688f,-0.10734093124002571f,0.0860980953589938f,-0.9232318964625363f,0.09181611810831662f,-0.9815866674366269f,-0.16750347687787218f,1.837901157217627f,0.10249272169008858f,-0.15800486951730416f,0.9821047312834704f,2.368621128482804f,0f,0f,0f,1f],start_interpolation:0}
execute if entity @s[tag=aj.cutscenes.bone.bottom2] run data modify entity @s {} merge value {transformation:[0.08609809535899403f,-0.10734093124002571f,0.9904872752620688f,-1.0529565032198338f,-0.1675034768778722f,-0.9815866674366269f,-0.09181611810831658f,1.4260990917461818f,0.9821047312834704f,-0.15800486951730416f,-0.1024927216900888f,2.2461196962458048f,0f,0f,0f,1f],start_interpolation:0}
execute if entity @s[tag=aj.cutscenes.bone.rightarm] run data modify entity @s {} merge value {transformation:[0.09322575037521208f,-0.1012122374562533f,0.9904872752620688f,-1.0840861719823478f,-0.10009616047323791f,-0.9907323347474004f,-0.09181611810831658f,1.184672018088909f,0.9906006855062712f,-0.09058434674414537f,-0.1024927216900888f,2.1615610667156266f,0f,0f,0f,1f],start_interpolation:0}
execute if entity @s[tag=aj.cutscenes.bone.blade] run data modify entity @s {} merge value {transformation:[-0.4698147411110364f,0.000009137586584402527f,0.0000025873677384732624f,-0.4002515544621149f,-1.379264990412562f,-0.0000022365569934630416f,-0.0000032323288787535505f,0.7073968095564367f,-0.35623334383098376f,-0.0000033915076629042823f,0.000009102613811729218f,1.14337709501613f,0f,0f,0f,1f],start_interpolation:0}
execute if entity @s[tag=aj.cutscenes.bone.bottom] run data modify entity @s {} merge value {transformation:[0.2587367738473265f,-0.5688574964136611f,-0.7806769054052123f,-0.9759730916439997f,-0.3232328878753551f,0.710617288659474f,-0.6249348520078037f,0.9502288763068953f,0.9102613811729219f,0.4140340781049778f,-0.00001062664744544417f,1.3938158954358635f,0f,0f,0f,1f],start_interpolation:0}
execute if entity @s[tag=aj.cutscenes.bone.leftarm] run data modify entity @s {} merge value {transformation:[0.22151995840810218f,-0.584356464321063f,-0.7806769054052123f,-1.108217210323759f,-0.27674157017463136f,0.7299798175862562f,-0.6249348520078037f,1.115427482567545f,0.9350631055517868f,0.3544812950254528f,-0.00001062664744544417f,1.5408776632892134f,0f,0f,0f,1f],start_interpolation:0}
execute if entity @s[tag=aj.cutscenes.locator_origin.mount] at @s on origin run tp @s ^-1.24463 ^1.49362 ^1.83021 ~-97.18994 ~-23.44982
execute if entity @s[tag=aj.cutscenes.bone.head] run data modify entity @s {} merge value {transformation:[0.08899029197060429f,-0.4045066921635738f,-0.9101950691636768f,-1.143507029383664f,0.08285447790577465f,0.9136598392269251f,-0.3979457672532665f,1.2652076293879553f,0.9925804065293392f,-0.040000427231632524f,0.11482204664322425f,1.840213238002904f,0f,0f,0f,1f],start_interpolation:0}
execute if entity @s[tag=aj.cutscenes.bone.upper] run data modify entity @s {} merge value {transformation:[0.03860966134625835f,-0.37884270584488516f,-0.9246553402640646f,-0.8593750000000002f,0.11079125683418259f,0.9212630324778257f,-0.3728266653538381f,0.5742603550295858f,0.9930934454822614f,-0.08804901599612798f,0.07754211321781321f,1.90625f,0f,0f,0f,1f],start_interpolation:0}
execute if entity @s[tag=aj.cutscenes.locator_origin.head2] at @s on origin run tp @s ^0 ^0.125 ^2.4375 ~-180 ~-90
execute if entity @s[tag=aj.cutscenes.locator_origin.mount2] at @s on origin run tp @s ^0 ^0.125 ^2.6875 ~-180 ~-90
execute if entity @s[tag=aj.cutscenes.camera_origin.camera] at @s on origin run tp @s ^3.375 ^-0.44813 ^1.90625 ~90 ~-20