execute if entity @s[tag=aj.cutscenes.locator_origin.head] at @s on origin run tp @s ^-0.00322 ^5.14215 ^-1.88148 ~19.06679 ~2.74235
execute if entity @s[tag=aj.cutscenes.bone.blade2] run data modify entity @s {} merge value {transformation:[-1.4931363018167598f,0.07410207800823053f,-0.1226901227965503f,-0.40711984122337297f,-0.14302502074182882f,-0.8542473380703525f,1.2246653946452135f,4.58323932425973f,-0.009371640132331827f,1.2307600771208735f,0.8574041082982112f,-1.3236902858874662f,0f,0f,0f,1f],start_interpolation:0}
execute if entity @s[tag=aj.cutscenes.bone.heart] run data modify entity @s {} merge value {transformation:[8.179341519770006e-7f,-0.000007672787962428738f,0.000006360763209445731f,-0.16629215549819193f,-0.000008164435964301425f,0.000003144480200615509f,0.000004842956705645689f,4.928389681290427f,-0.000005716027388654741f,-0.000005589326359369771f,-0.00000600720082406133f,-1.7016508697406414f,0f,0f,0f,1f],start_interpolation:0}
execute if entity @s[tag=aj.cutscenes.bone.bottom2] run data modify entity @s {} merge value {transformation:[-0.636076320944573f,-0.7672787962428738f,0.08179341519770018f,-0.5452799808659237f,-0.484295670564569f,0.31444802006155087f,-0.8164435964301423f,4.964340434833393f,0.6007200824061328f,-0.5589326359369771f,-0.5716027388654742f,-1.9439091054989548f,0f,0f,0f,1f],start_interpolation:0}
execute if entity @s[tag=aj.cutscenes.bone.rightarm] run data modify entity @s {} merge value {transformation:[-0.49492779020455346f,0.8650759040185632f,0.08179341519770018f,-0.29807801797349825f,0.464536446166237f,0.34296609749574053f,-0.8164435964301423f,5.021048431321939f,-0.7343380506731763f,-0.3660846025920893f,-0.5716027388654742f,-1.9895341279799037f,0f,0f,0f,1f],start_interpolation:0}
execute if entity @s[tag=aj.cutscenes.bone.blade] run data modify entity @s {} merge value {transformation:[0.5284109500629522f,-0.2538918469175697f,-1.3806957658812287f,0.3272099244016739f,-1.0471398614310305f,-1.0538813114778796f,-0.20695963838358764f,4.244370251393774f,-0.9350293997815093f,1.0367608747374915f,-0.5484951323008997f,-1.4233471529106134f,0f,0f,0f,1f],start_interpolation:0}
execute if entity @s[tag=aj.cutscenes.bone.bottom] run data modify entity @s {} merge value {transformation:[-0.9204638439208194f,-0.06340536282342943f,0.38565019382821386f,0.40326272167171545f,-0.13797309225572524f,0.9759358538772054f,-0.16885684744884732f,4.78325705071172f,-0.365663421533933f,-0.2086359726466159f,-0.9070619014543042f,-1.8195280248886903f,0f,0f,0f,1f],start_interpolation:0}
execute if entity @s[tag=aj.cutscenes.bone.leftarm] run data modify entity @s {} merge value {transformation:[-0.924746090773261f,-0.21103173103536987f,0.3167179756436115f,0.29270815823954416f,-0.1194855091974021f,0.9510955958494198f,0.284851506311051f,5.013563105349237f,-0.3613417782258364f,0.22557210832027194f,-0.9047371680529865f,-1.785718858947737f,0f,0f,0f,1f],start_interpolation:0}
execute if entity @s[tag=aj.cutscenes.locator_origin.mount] at @s on origin run tp @s ^-0.01119 ^5.39052 ^-1.85405 ~24.48694 ~6.49392
execute if entity @s[tag=aj.cutscenes.bone.head] run data modify entity @s {} merge value {transformation:[-0.9107051299005635f,-0.03186202622588006f,0.41182639261900067f,-0.0032219158403725143f,0.016386639813203156f,0.9934487157611663f,0.11309786553300452f,5.142153640752706f,-0.4127319280216038f,0.10974725708312968f,-0.9042167301893385f,-1.881484799969085f,0f,0f,0f,1f],start_interpolation:0}
execute if entity @s[tag=aj.cutscenes.bone.upper] run data modify entity @s {} merge value {transformation:[-0.9452578819408679f,-0.004295887787163666f,0.32629600361755035f,2.34928276960457e-16f,0.01197652155632132f,0.998782979336948f,0.04784478151502642f,4.393066406249996f,-0.3261044304514665f,0.04913354795788454f,-0.9440560337739465f,-1.9183349609374982f,0f,0f,0f,1f],start_interpolation:0}
execute if entity @s[tag=aj.cutscenes.bone.bottom3] run data modify entity @s {} merge value {transformation:[-0.9914448613738105f,-0.03924998298777886f,0.12448504203688393f,-0.11268091069990518f,3.469446951953614e-18f,0.9537169507482269f,0.30070579950427306f,4.0950298591411745f,-0.13052619222005094f,0.29813321970381484f,-0.9455577700244291f,-2.0123173807963157f,0f,0f,0f,1f],start_interpolation:0}
execute if entity @s[tag=aj.cutscenes.bone.rightleg] run data modify entity @s {} merge value {transformation:[-0.9914448613738105f,-0.03924998298777886f,0.12448504203688393f,-0.11874999999999976f,3.469446951953614e-18f,0.9537169507482269f,0.30070579950427306f,4.393066406249996f,-0.13052619222005094f,0.29813321970381484f,-0.9455577700244291f,-1.9183349609374982f,0f,0f,0f,1f],start_interpolation:0}
execute if entity @s[tag=aj.cutscenes.bone.bottom4] run data modify entity @s {} merge value {transformation:[-0.9848077530122079f,-0.05221701409779454f,-0.16561121050749172f,0.1540616415346333f,-6.938893903907228e-18f,0.9537169507482269f,-0.3007057995042731f,4.129506579433468f,0.17364817766693094f,-0.29613740272754274f,-0.9392278472760159f,-1.7540650058009244f,0f,0f,0f,1f],start_interpolation:0}
execute if entity @s[tag=aj.cutscenes.bone.leftleg] run data modify entity @s {} merge value {transformation:[-0.9848077530122079f,-0.09330109785058167f,-0.14645338762528573f,0.11875000000000023f,-6.938893903907228e-18f,0.8433914458128857f,-0.5372996083468239f,4.393066406249996f,0.17364817766693094f,-0.529136819990375f,-0.8305784346607052f,-1.9183349609374982f,0f,0f,0f,1f],start_interpolation:0}
execute if entity @s[tag=aj.cutscenes.locator_origin.head2] at @s on origin run tp @s ^0 ^0.125 ^2.4375 ~-180 ~-90
execute if entity @s[tag=aj.cutscenes.locator_origin.mount2] at @s on origin run tp @s ^0 ^0.125 ^2.6875 ~-180 ~-90
execute if entity @s[tag=aj.cutscenes.camera_origin.camera] at @s on origin run tp @s ^-7.71875 ^10.22375 ^-1.46875 ~-67.5 ~30