execute if entity @s[tag=aj.cutscenes.locator_origin.head] at @s on origin run tp @s ^0.02301 ^8.06214 ^-2.79928 ~35.71664 ~-1.17588
execute if entity @s[tag=aj.cutscenes.bone.blade2] run data modify entity @s {} merge value {transformation:[0.000009634684076267274f,-0.0000011413235203531894f,-0.0000024228585126685487f,-0.588461016539807f,0.000002673193745393718f,0.0000035441338644132213f,0.000008960644527639033f,8.242956555775432f,-1.6400594534880764e-7f,-0.000009280974936557476f,0.000003719758900370056f,-3.8449870849270753f,0f,0f,0f,1f],start_interpolation:0}
execute if entity @s[tag=aj.cutscenes.bone.heart] run data modify entity @s {} merge value {transformation:[0.00000242285851266855f,0.000007874501210829294f,-0.000005667626249871947f,-0.8035492591625883f,-0.000008960644527639031f,-4.234969678952588e-7f,-0.000004418993094300581f,8.036616415332967f,-0.0000037197589003700563f,0.000006149217917656809f,0.000006953453294895009f,-3.3642150594883815f,0f,0f,0f,1f],start_interpolation:0}
execute if entity @s[tag=aj.cutscenes.bone.bottom2] run data modify entity @s {} merge value {transformation:[0.5667626249871948f,0.7874501210829293f,0.24228585126685487f,-0.3958329189814592f,0.44189930943005784f,-0.042349696789525874f,-0.8960644527639031f,7.982606771164593f,-0.6953453294895009f,0.6149217917656808f,-0.37197589003700543f,-3.1785712458664044f,0f,0f,0f,1f],start_interpolation:0}
execute if entity @s[tag=aj.cutscenes.bone.rightarm] run data modify entity @s {} merge value {transformation:[0.5667626249871948f,0.7874501210829293f,0.24228585126685487f,-0.23439305277242653f,0.44189930943005784f,-0.042349696789525874f,-0.8960644527639031f,7.944400640127833f,-0.6953453294895009f,0.6149217917656808f,-0.37197589003700543f,-2.9813817148318904f,0f,0f,0f,1f],start_interpolation:0}
execute if entity @s[tag=aj.cutscenes.bone.blade] run data modify entity @s {} merge value {transformation:[0.9030559516658043f,-0.5142659151969459f,-1.0816748664120912f,0.22114710112374922f,-1.0321983152643035f,-1.0212973723806038f,-0.3761892012458706f,7.175782542675433f,-0.607500276647263f,0.9708152479411931f,-0.9687420545420635f,-2.229510412666353f,0f,0f,0f,1f],start_interpolation:0}
execute if entity @s[tag=aj.cutscenes.bone.bottom] run data modify entity @s {} merge value {transformation:[-0.721116577608061f,-0.06447309256023165f,0.6898072932599055f,0.38720377977341014f,-0.25079280083058053f,0.9524283077929336f,-0.1731568351704355f,7.699138580054252f,-0.6458280363613755f,-0.29786496747756097f,-0.702981229194067f,-2.6189535168395173f,0f,0f,0f,1f],start_interpolation:0}
execute if entity @s[tag=aj.cutscenes.bone.leftarm] run data modify entity @s {} merge value {transformation:[-0.7715376285312158f,-0.2649467565035255f,0.578388194881854f,0.27274598886432777f,-0.10478963545579967f,0.9496607214674944f,0.29523490038083006f,7.930004408205138f,-0.6274940797023255f,0.16717574680586783f,-0.760462654979475f,-2.6163779601194457f,0f,0f,0f,1f],start_interpolation:0}
execute if entity @s[tag=aj.cutscenes.locator_origin.mount] at @s on origin run tp @s ^0.03779 ^8.31154 ^-2.80835 ~40.66357 ~-3.78589
execute if entity @s[tag=aj.cutscenes.bone.head] run data modify entity @s {} merge value {transformation:[-0.7574659476605174f,0.05909967365424467f,0.6501942530572816f,0.023011761655140676f,0.021157752560628865f,0.9975934161081296f,-0.06602821854552425f,8.062143028999783f,-0.6525317522092988f,-0.03625747801039241f,-0.7568934585838276f,-2.7992808049708016f,0f,0f,0f,1f],start_interpolation:0}
execute if entity @s[tag=aj.cutscenes.bone.upper] run data modify entity @s {} merge value {transformation:[-0.8114224666188069f,0.030682348873520445f,0.5836541562722354f,3.4251840163652536e-16f,0.02303397107631272f,0.9995240386663773f,-0.02052150833905367f,7.3125f,-0.5840060075399113f,-0.0032077399610689734f,-0.8117429972359697f,-2.796875f,0f,0f,0f,1f],start_interpolation:0}
execute if entity @s[tag=aj.cutscenes.bone.bottom3] run data modify entity @s {} merge value {transformation:[-0.9914448613738105f,-0.03924998298777886f,0.12448504203688393f,-0.11268091069990507f,3.469446951953614e-18f,0.9537169507482269f,0.30070579950427306f,7.014463452891179f,-0.13052619222005094f,0.29813321970381484f,-0.9455577700244291f,-2.8908574198588175f,0f,0f,0f,1f],start_interpolation:0}
execute if entity @s[tag=aj.cutscenes.bone.rightleg] run data modify entity @s {} merge value {transformation:[-0.9914448613738105f,-0.03924998298777886f,0.12448504203688393f,-0.11874999999999965f,3.469446951953614e-18f,0.9537169507482269f,0.30070579950427306f,7.3125f,-0.13052619222005094f,0.29813321970381484f,-0.9455577700244291f,-2.796875f,0f,0f,0f,1f],start_interpolation:0}
execute if entity @s[tag=aj.cutscenes.bone.bottom4] run data modify entity @s {} merge value {transformation:[-0.9848077530122079f,-0.05221701409779454f,-0.16561121050749172f,0.15406164153463342f,-6.938893903907228e-18f,0.9537169507482269f,-0.3007057995042731f,7.048940173183473f,0.17364817766693094f,-0.29613740272754274f,-0.9392278472760159f,-2.632605044863426f,0f,0f,0f,1f],start_interpolation:0}
execute if entity @s[tag=aj.cutscenes.bone.leftleg] run data modify entity @s {} merge value {transformation:[-0.9848077530122079f,-0.09330109785058167f,-0.14645338762528573f,0.11875000000000034f,-6.938893903907228e-18f,0.8433914458128857f,-0.5372996083468239f,7.3125f,0.17364817766693094f,-0.529136819990375f,-0.8305784346607052f,-2.796875f,0f,0f,0f,1f],start_interpolation:0}
execute if entity @s[tag=aj.cutscenes.locator_origin.head2] at @s on origin run tp @s ^0 ^0.125 ^2.4375 ~-180 ~-90
execute if entity @s[tag=aj.cutscenes.locator_origin.mount2] at @s on origin run tp @s ^0 ^0.125 ^2.6875 ~-180 ~-90
execute if entity @s[tag=aj.cutscenes.bone.projectile1] run data modify entity @s {} merge value {transformation:[-2.581337240323231e-17f,-5.344118025445633e-16f,-1.5f,-0.36354937499999906f,-0.9641814145298072f,-1.1490666646784686f,4.163336342344337e-16f,3.2243706249999895f,-1.1490666646784686f,0.9641814145298072f,-3.5023047356587645e-16f,-0.3116793749999934f,0f,0f,0f,1f],start_interpolation:0}
execute if entity @s[tag=aj.cutscenes.camera_origin.camera] at @s on origin run tp @s ^-7.71875 ^10.22375 ^-1.46875 ~-67.5 ~30