execute if entity @s[tag=aj.cutscenes.locator_origin.head] at @s on origin run tp @s ^-0.02118 ^11.57255 ^-3.47013 ~-36.68203 ~-0.95795
execute if entity @s[tag=aj.cutscenes.bone.blade2] run data modify entity @s {} merge value {transformation:[-0.000005597226892924082f,-0.0000057441706674802325f,0.0000059729016777431664f,-0.6541056222847885f,0.0000072474185275142145f,-0.00000688817635822709f,1.6718595935388744e-7f,10.608826577473925f,0.000004018205544291027f,0.000004422389603011145f,0.000008018509487617248f,-2.938577334667985f,0f,0f,0f,1f],start_interpolation:0}
execute if entity @s[tag=aj.cutscenes.bone.heart] run data modify entity @s {} merge value {transformation:[-0.000005972901677743167f,-2.4600308331431547e-7f,0.000008016478530565196f,-0.19110643097050561f,-1.6718595935388664e-7f,0.000009996941926661953f,1.8221133319121833e-7f,10.754533663635566f,-0.000008018509487617246f,-2.5191227605073043e-8f,-0.0000059751879467548115f,-3.2290633756431086f,0f,0f,0f,1f],start_interpolation:0}
execute if entity @s[tag=aj.cutscenes.bone.bottom2] run data modify entity @s {} merge value {transformation:[-0.8016478530565196f,-0.024600308331431543f,-0.5972901677743165f,-0.311161098742916f,-0.018221133319121834f,0.9996941926661953f,-0.016718595935388658f,11.189170206579018f,0.597518794675481f,-0.002519122760507304f,-0.8018509487617247f,-3.2461289413888186f,0f,0f,0f,1f],start_interpolation:0}
execute if entity @s[tag=aj.cutscenes.bone.rightarm] run data modify entity @s {} merge value {transformation:[-0.8015280707526582f,-0.028234859228452223f,-0.5972901677743165f,-0.2681243091279879f,-0.02275372460496121f,0.9996012988019527f,-0.016718595935388658f,11.440492639067315f,0.5975240746715762f,0.00019015204100257006f,-0.8018509487617247f,-3.2834266580455416f,0f,0f,0f,1f],start_interpolation:0}
execute if entity @s[tag=aj.cutscenes.bone.blade] run data modify entity @s {} merge value {transformation:[0.36047045101235065f,1.1705676164113759f,0.8659286976165776f,0.9345435648428044f,-1.0626222752028336f,0.8213655461401347f,-0.6679764515734614f,11.78507108689794f,-0.9954370669156869f,-0.452912900040293f,1.0266328217953025f,-4.125870659413346f,0f,0f,0f,1f],start_interpolation:0}
execute if entity @s[tag=aj.cutscenes.bone.bottom] run data modify entity @s {} merge value {transformation:[0.5772857984110521f,-0.7770868084422596f,-0.2507532633844225f,0.3910220748022976f,-0.4453176343823074f,-0.042218778954102525f,-0.8943767546240068f,11.493100763832835f,0.6844218811968684f,0.6279758489374f,-0.3704227607616627f,-3.856649534524431f,0f,0f,0f,1f],start_interpolation:0}
execute if entity @s[tag=aj.cutscenes.bone.leftarm] run data modify entity @s {} merge value {transformation:[0.5772857984110521f,-0.7770868084422596f,-0.2507532633844225f,0.23283073509242347f,-0.4453176343823074f,-0.042218778954102525f,-0.8943767546240068f,11.454713716945415f,0.6844218811968684f,0.6279758489374f,-0.3704227607616627f,-3.6568792047152767f,0f,0f,0f,1f],start_interpolation:0}
execute if entity @s[tag=aj.cutscenes.locator_origin.mount] at @s on origin run tp @s ^-0.03395 ^11.82206 ^-3.47936 ~-31.62239 ~-3.33994
execute if entity @s[tag=aj.cutscenes.bone.head] run data modify entity @s {} merge value {transformation:[-0.8505352826637476f,-0.05111512260560387f,-0.5234281012566225f,-0.021176144421338743f,-0.02412426145974883f,0.9980099223639284f,-0.05825989076686766f,11.57255334035661f,0.525364400157758f,-0.03692477629126219f,-0.8500757660013133f,-3.470129162375284f,0f,0f,0f,1f],start_interpolation:0}
execute if entity @s[tag=aj.cutscenes.bone.upper] run data modify entity @s {} merge value {transformation:[-0.8015280707526582f,-0.028234859228452223f,-0.5972901677743165f,4.249857223147051e-16f,-0.02275372460496121f,0.9996012988019527f,-0.016718595935388658f,10.822852366255145f,0.5975240746715762f,0.00019015204100257006f,-0.8018509487617247f,-3.470271776406036f,0f,0f,0f,1f],start_interpolation:0}
execute if entity @s[tag=aj.cutscenes.bone.bottom3] run data modify entity @s {} merge value {transformation:[-0.9914448613738105f,-0.03924998298777886f,0.12448504203688393f,-0.11268091069990499f,3.469446951953614e-18f,0.9537169507482269f,0.30070579950427306f,10.524815819146324f,-0.13052619222005094f,0.29813321970381484f,-0.9455577700244291f,-3.5642541962648533f,0f,0f,0f,1f],start_interpolation:0}
execute if entity @s[tag=aj.cutscenes.bone.rightleg] run data modify entity @s {} merge value {transformation:[-0.9914448613738105f,-0.03924998298777886f,0.12448504203688393f,-0.11874999999999956f,3.469446951953614e-18f,0.9537169507482269f,0.30070579950427306f,10.822852366255145f,-0.13052619222005094f,0.29813321970381484f,-0.9455577700244291f,-3.470271776406036f,0f,0f,0f,1f],start_interpolation:0}
execute if entity @s[tag=aj.cutscenes.bone.bottom4] run data modify entity @s {} merge value {transformation:[-0.9848077530122079f,-0.05221701409779454f,-0.16561121050749172f,0.1540616415346335f,-6.938893903907228e-18f,0.9537169507482269f,-0.3007057995042731f,10.559292539438617f,0.17364817766693094f,-0.29613740272754274f,-0.9392278472760159f,-3.306001821269462f,0f,0f,0f,1f],start_interpolation:0}
execute if entity @s[tag=aj.cutscenes.bone.leftleg] run data modify entity @s {} merge value {transformation:[-0.9848077530122079f,-0.09330109785058167f,-0.14645338762528573f,0.11875000000000042f,-6.938893903907228e-18f,0.8433914458128857f,-0.5372996083468239f,10.822852366255145f,0.17364817766693094f,-0.529136819990375f,-0.8305784346607052f,-3.470271776406036f,0f,0f,0f,1f],start_interpolation:0}
execute if entity @s[tag=aj.cutscenes.locator_origin.head2] at @s on origin run tp @s ^0 ^0.125 ^2.4375 ~-180 ~-90
execute if entity @s[tag=aj.cutscenes.locator_origin.mount2] at @s on origin run tp @s ^0 ^0.125 ^2.6875 ~-180 ~-90
execute if entity @s[tag=aj.cutscenes.bone.projectile2] run data modify entity @s {} merge value {transformation:[0.1485686408119325f,-0.018070559470746313f,-1.4925149291875475f,0.45207562499999954f,-0.35867642759150076f,-1.456373810246056f,-0.01807055947074604f,8.341558124999988f,-1.4488887394336027f,0.35867642759150076f,-0.14856864081193202f,-1.8390231249999933f,0f,0f,0f,1f],start_interpolation:0}
execute if entity @s[tag=aj.cutscenes.camera_origin.camera] at @s on origin run tp @s ^-7.71875 ^10.22375 ^-1.46875 ~-67.5 ~30