execute if entity @s[tag=aj.cutscenes.locator_origin.head] at @s on origin run tp @s ^-0.49317 ^1.23048 ^1.81762 ~-88.60756 ~29.30192
execute if entity @s[tag=aj.cutscenes.bone.blade2] run data modify entity @s {} merge value {transformation:[-2.3336843099268895e-7f,0.000004909124970013542f,0.00000870896269392662f,-0.05143604815341546f,-0.0000022347818327960936f,-0.00000851651095527963f,0.0000047407585161455544f,0.35950741568116484f,0.000009744295220036212f,-0.000001835628823425799f,0.0000012958308097077579f,2.0147549155262645f,0f,0f,0f,1f],start_interpolation:0}
execute if entity @s[tag=aj.cutscenes.bone.heart] run data modify entity @s {} merge value {transformation:[0.00000870896269392662f,-0.0000034886140130005174f,0.000003461725157214375f,-0.3353130365974093f,0.000004740758516145555f,0.00000410601740640286f,-0.000007788827238417228f,0.6795201330425167f,0.0000012958308097077566f,0.000008424380886843445f,0.000005229782900465275f,1.9014799710018069f,0f,0f,0f,1f],start_interpolation:0}
execute if entity @s[tag=aj.cutscenes.bone.bottom2] run data modify entity @s {} merge value {transformation:[0.34617251572143726f,-0.3488614013000517f,-0.8708962693926618f,-0.44153691085247004f,-0.778882723841723f,0.410601740640286f,-0.4740758516145553f,0.9448757407201367f,0.5229782900465274f,0.8424380886843446f,-0.12958308097077575f,2.2474841698741415f,0f,0f,0f,1f],start_interpolation:0}
execute if entity @s[tag=aj.cutscenes.bone.rightarm] run data modify entity @s {} merge value {transformation:[-0.1966092039244507f,-0.45042702948439745f,-0.8708962693926618f,-0.5418555929782912f,0.09442131469273576f,0.8754065925315103f,-0.4740758516145553f,1.1578260566847183f,0.9759249132304643f,-0.17543884650279779f,-0.12958308097077575f,2.142629151171538f,0f,0f,0f,1f],start_interpolation:0}
execute if entity @s[tag=aj.cutscenes.bone.blade] run data modify entity @s {} merge value {transformation:[-0.7724744510564463f,0.0000031327556510696825f,-0.000007979041067852116f,-0.21535188342883127f,-1.1100763933193705f,0.000003072379120024808f,0.000005982720853364513f,1.05478911661867f,0.6488556260525908f,0.000008985896091850078f,7.361758134079057e-7f,2.2151076577627107f,0f,0f,0f,1f],start_interpolation:0}
execute if entity @s[tag=aj.cutscenes.bone.bottom] run data modify entity @s {} merge value {transformation:[-0.7979041067852115f,0.03876177562296235f,-0.6015368327258515f,-0.37143359973733636f,0.5982720853364515f,0.17280121080511793f,-0.7824386579479948f,0.926497026709356f,0.07361758134079077f,-0.9841937138057936f,-0.16106888409215395f,1.5729846701085242f,0f,0f,0f,1f],start_interpolation:0}
execute if entity @s[tag=aj.cutscenes.bone.leftarm] run data modify entity @s {} merge value {transformation:[-0.4306875584751954f,-0.6728013569017427f,-0.6015368327258515f,-0.5665519113674717f,0.1478366794846082f,0.6049248405773284f,-0.7824386579479948f,1.086968029321476f,0.8903103633978661f,-0.4259158031861085f,-0.16106888409215395f,1.5221501170243636f,0f,0f,0f,1f],start_interpolation:0}
execute if entity @s[tag=aj.cutscenes.locator_origin.mount] at @s on origin run tp @s ^-0.30604 ^1.39542 ^1.80106 ~-69.45595 ~45.76689
execute if entity @s[tag=aj.cutscenes.bone.head] run data modify entity @s {} merge value {transformation:[-0.11406891271220358f,0.7485307679486122f,-0.6532151043775064f,-0.49316950260745773f,0.22649535679356297f,0.6597853745197254f,0.716507580504786f,1.230478522609634f,0.967309741759904f,-0.06621894747069514f,-0.24479974365235974f,1.8176175609175411f,0f,0f,0f,1f],start_interpolation:0}
execute if entity @s[tag=aj.cutscenes.bone.upper] run data modify entity @s {} merge value {transformation:[0.039514109422688785f,0.48827399652339f,-0.8717953541259602f,-0.8593750000000002f,0.1133728437811873f,0.8646518368522929f,0.48941168694762743f,0.5819896449704142f,0.9927664546354789f,-0.1181765854432786f,-0.021191064236351944f,1.90625f,0f,0f,0f,1f],start_interpolation:0}
execute if entity @s[tag=aj.cutscenes.locator_origin.head2] at @s on origin run tp @s ^0 ^0.125 ^2.4375 ~-180 ~-90
execute if entity @s[tag=aj.cutscenes.locator_origin.mount2] at @s on origin run tp @s ^0 ^0.125 ^2.6875 ~-180 ~-90
execute if entity @s[tag=aj.cutscenes.camera_origin.camera] at @s on origin run tp @s ^3.375 ^-0.44813 ^1.90625 ~90 ~0