execute if entity @s[tag=aj.cutscenes.locator_origin.head] at @s on origin run tp @s ^0 ^1.38254 ^1.2936 ~0 ~32.5
execute if entity @s[tag=aj.cutscenes.bone.blade2] run data modify entity @s {} merge value {transformation:[1.138582471930566f,0.5394071221887246f,0.81404539869995f,-0.5613186459153582f,0.5347652798151141f,-1.3906532930711832f,0.17352093238147703f,0.6790342237991082f,0.8171022274579507f,0.15850354886359092f,-1.2478864431032586f,1.0659347222777455f,0f,0f,0f,1f],start_interpolation:0}
execute if entity @s[tag=aj.cutscenes.bone.heart] run data modify entity @s {} merge value {transformation:[-0.000003596047481258164f,0.000007590549812870441f,0.000005426969324666331f,-0.7977765391177225f,0.000009271021953807888f,0.000003565101865434094f,0.000001156806215876513f,0.9613965510826427f,-0.0000010566903257572728f,0.000005447348183053004f,-0.000008319242954021726f,0.8471886436861906f,0f,0f,0f,1f],start_interpolation:0}
execute if entity @s[tag=aj.cutscenes.bone.bottom2] run data modify entity @s {} merge value {transformation:[-0.5426969324666332f,0.7590549812870441f,-0.3596047481258162f,-0.5361823036009258f,-0.11568062158765108f,0.3565101865434094f,0.9271021953807888f,1.1807620681479731f,0.8319242954021726f,0.5447348183053004f,-0.10566903257572746f,1.1422488191030755f,0f,0f,0f,1f],start_interpolation:0}
execute if entity @s[tag=aj.cutscenes.bone.rightarm] run data modify entity @s {} merge value {transformation:[-0.5426969324666332f,0.7590549812870441f,-0.3596047481258162f,-0.31250000000000017f,-0.11568062158765108f,0.3565101865434094f,0.9271021953807888f,1.2771196536330536f,0.8319242954021726f,0.5447348183053004f,-0.10566903257572746f,1.2264372552167648f,0f,0f,0f,1f],start_interpolation:0}
execute if entity @s[tag=aj.cutscenes.bone.blade] run data modify entity @s {} merge value {transformation:[1.138581673671028f,-0.5394074937525642f,-0.8140462689946176f,0.5613183154353768f,-0.5347659125045765f,-1.3906530581308483f,0.17352086541527878f,0.6790340906549315f,-0.8171029257098692f,0.158504345665653f,-1.2478858846871677f,1.065934706091548f,0f,0f,0f,1f],start_interpolation:0}
execute if entity @s[tag=aj.cutscenes.bone.bottom] run data modify entity @s {} merge value {transformation:[-0.5426975126630783f,-0.7590544491140188f,0.3596049958350427f,0.5361822068199469f,0.11568057694351891f,0.35651060833638437f,0.9271020387538988f,1.1807619654899875f,-0.8319239231247786f,0.5447352838065793f,-0.10566956377710218f,1.142248679460419f,0f,0f,0f,1f],start_interpolation:0}
execute if entity @s[tag=aj.cutscenes.bone.leftarm] run data modify entity @s {} merge value {transformation:[-0.5426975126630783f,-0.7590544491140188f,0.3596049958350427f,0.31249999999999983f,0.11568057694351891f,0.35651060833638437f,0.9271020387538988f,1.2771196536330536f,-0.8319239231247786f,0.5447352838065793f,-0.10566956377710218f,1.226437255216765f,0f,0f,0f,1f],start_interpolation:0}
execute if entity @s[tag=aj.cutscenes.locator_origin.mount] at @s on origin run tp @s ^0 ^1.56686 ^1.4625 ~0 ~42.5
execute if entity @s[tag=aj.cutscenes.bone.head] run data modify entity @s {} merge value {transformation:[-1f,-8.273593852918141e-17f,9.029043306084036e-17f,-1.5842027396494095e-16f,0f,0.737277336810124f,0.6755902076156604f,1.3825435843596643f,-1.2246467991473532e-16f,0.6755902076156604f,-0.737277336810124f,1.2935997062601179f,0f,0f,0f,1f],start_interpolation:0}
execute if entity @s[tag=aj.cutscenes.bone.upper] run data modify entity @s {} merge value {transformation:[-1f,-6.580022455450643e-17f,1.0328566345430089e-16f,-1.0907010554906114e-16f,0f,0.8433914458128857f,0.5372996083468239f,0.75f,-1.2246467991473532e-16f,0.5372996083468239f,-0.8433914458128857f,0.890625f,0f,0f,0f,1f],start_interpolation:0}
execute if entity @s[tag=aj.cutscenes.locator_origin.head2] at @s on origin run tp @s ^0 ^0.6596 ^2.21353 ~-180 ~-44.53704
execute if entity @s[tag=aj.cutscenes.bone.bottom5] run data modify entity @s {} merge value {transformation:[0.9763824522960998f,-0.008521455129144918f,-0.21588119800190234f,0.37565426705079213f,0.08950404623665942f,0.925397111397386f,0.3682787150035145f,0.344742987311377f,0.19663756649104597f,-0.3789031156111756f,0.9043042056877892f,2.2328719867641484f,0f,0f,0f,1f],start_interpolation:0}
execute if entity @s[tag=aj.cutscenes.bone.rightarm2] run data modify entity @s {} merge value {transformation:[0.9763824522960998f,-0.008521455129144918f,-0.21588119800190234f,0.31249999999999967f,0.08950404623665942f,0.925397111397386f,0.3682787150035145f,0.5704982622709323f,0.19663756649104597f,-0.3789031156111756f,0.9043042056877892f,2.125856359955664f,0f,0f,0f,1f],start_interpolation:0}
execute if entity @s[tag=aj.cutscenes.bone.bottom6] run data modify entity @s {} merge value {transformation:[0.9763824522960998f,0.008521455129145105f,0.2158811980019019f,-0.37565426705079286f,-0.08950404623665942f,0.925397111397386f,0.3682787150035145f,0.344742987311377f,-0.19663756649104547f,-0.3789031156111756f,0.9043042056877892f,2.2328719867641484f,0f,0f,0f,1f],start_interpolation:0}
execute if entity @s[tag=aj.cutscenes.bone.leftarm2] run data modify entity @s {} merge value {transformation:[0.9763824522960998f,0.008521455129145105f,0.2158811980019019f,-0.31250000000000033f,-0.08950404623665942f,0.925397111397386f,0.3682787150035145f,0.5704982622709323f,-0.19663756649104547f,-0.3789031156111756f,0.9043042056877892f,2.125856359955664f,0f,0f,0f,1f],start_interpolation:0}
execute if entity @s[tag=aj.cutscenes.locator_origin.mount2] at @s on origin run tp @s ^0 ^0.8892 ^2.31244 ~-180 ~-23.30719
execute if entity @s[tag=aj.cutscenes.bone.head2] run data modify entity @s {} merge value {transformation:[1f,-9.69089284395873e-17f,-2.2494232793132832e-16f,-3.508068434907991e-16f,0f,0.9183967495278718f,-0.39566072645214556f,0.6595979147251188f,2.4492935982947064e-16f,0.39566072645214556f,0.9183967495278718f,2.2135276319467967f,0f,0f,0f,1f],start_interpolation:0}
execute if entity @s[tag=aj.cutscenes.bone.upper2] run data modify entity @s {} merge value {transformation:[1f,-1.7178614819378845e-16f,-1.7458496669305767e-16f,-2.2196723234545778e-16f,0f,0.7127972196334916f,-0.7013701759290624f,0.125f,2.4492935982947064e-16f,0.7013701759290624f,0.7127972196334916f,1.6875f,0f,0f,0f,1f],start_interpolation:0}
execute if entity @s[tag=aj.cutscenes.bone.bottom7] run data modify entity @s {} merge value {transformation:[0.9622501286096566f,-0.26413407189346194f,-0.0656344578379277f,0.13200035856170506f,0.14415265413281164f,0.6991647979074186f,-0.7002775147565035f,0.36083216912766586f,0.23085645387808681f,0.6643807473369909f,0.7108470442161074f,1.3734837423465935f,0f,0f,0f,1f],start_interpolation:0}
execute if entity @s[tag=aj.cutscenes.bone.rightleg2] run data modify entity @s {} merge value {transformation:[0.9622501286096566f,-0.023156144825263625f,0.2711797981921416f,0.1187499999999998f,0.14415265413281164f,-0.8017798881258744f,-0.5799732953363685f,0.109375f,0.23085645387808681f,0.5971706656841844f,-0.7681747807297133f,1.5586567225361632f,0f,0f,0f,1f],start_interpolation:0}
execute if entity @s[tag=aj.cutscenes.bone.bottom8] run data modify entity @s {} merge value {transformation:[0.9622501286096569f,0.26413407189346166f,0.06563445783792737f,-0.13200035856170533f,-0.14415265413281164f,0.6991647979074186f,-0.7002775147565035f,0.36083216912766586f,-0.23085645387808637f,0.6643807473369912f,0.7108470442161076f,1.3734837423465935f,0f,0f,0f,1f],start_interpolation:0}
execute if entity @s[tag=aj.cutscenes.bone.leftleg2] run data modify entity @s {} merge value {transformation:[0.9622501286096569f,0.023156144825263333f,-0.2711797981921413f,-0.11875000000000019f,-0.14415265413281164f,-0.8017798881258744f,-0.5799732953363685f,0.109375f,-0.23085645387808637f,0.5971706656841844f,-0.7681747807297136f,1.5586567225361632f,0f,0f,0f,1f],start_interpolation:0}
execute if entity @s[tag=aj.cutscenes.camera_origin.camera] at @s on origin run tp @s ^-2.59375 ^-0.12 ^1.6875 ~-90 ~0