execute if entity @s[tag=aj.cutscenes.locator_origin.head] at @s on origin run tp @s ^0.04628 ^1.47058 ^1.0934 ~167.14286 ~-16.10013
execute if entity @s[tag=aj.cutscenes.bone.blade2] run data modify entity @s {} merge value {transformation:[1.335876993071512f,0.5012513988299268f,-0.46279552131935997f,1.0028863623942141f,0.4817828351469127f,0.027306762836788123f,1.4202604129036263f,1.3568838934946723f,0.48302997747553794f,-1.4135067654151567f,-0.13667722921380843f,0.1278637253434406f,0f,0f,0f,1f],start_interpolation:0}
execute if entity @s[tag=aj.cutscenes.bone.heart] run data modify entity @s {} merge value {transformation:[0.000004436626969323748f,-0.000006809719228618863f,-0.000005826153547791861f,0.8169761416006278f,-0.00000815679254239093f,-3.752071887514841e-7f,-0.000005772863672901425f,1.3783486622888141f,0.0000037125566063650684f,0.000007313476847087692f,-0.000005721012135247344f,0.5677504095410766f,0f,0f,0f,1f],start_interpolation:0}
execute if entity @s[tag=aj.cutscenes.bone.bottom2] run data modify entity @s {} merge value {transformation:[0.5826153547791861f,-0.6809719228618862f,0.44366269693237453f,0.5992288981385183f,0.5772863672901423f,-0.03752071887514841f,-0.815679254239093f,1.3433089034880499f,0.5721012135247344f,0.7313476847087692f,0.37125566063650667f,0.9614147773950101f,0f,0f,0f,1f],start_interpolation:0}
execute if entity @s[tag=aj.cutscenes.bone.rightarm] run data modify entity @s {} merge value {transformation:[0.3381282272980719f,-0.9394516665114083f,0.05567645995571893f,0.3432329673045368f,0.6551070186218835f,0.19248748270681387f,-0.7306047927255481f,1.3504865855008856f,0.6756508684643352f,0.2835121431087766f,0.680526831692372f,0.9900646338931833f,0f,0f,0f,1f],start_interpolation:0}
execute if entity @s[tag=aj.cutscenes.bone.blade] run data modify entity @s {} merge value {transformation:[0.9940048103295345f,-1.0649091544953126f,0.35766315118254055f,-1.2345192387012884f,-0.4817834339526111f,0.027307200906630164f,1.420260201353074f,1.3568847304927103f,-1.0148099131416568f,-1.0560411021597231f,-0.323941400161665f,0.6385371986116719f,0f,0f,0f,1f],start_interpolation:0}
execute if entity @s[tag=aj.cutscenes.bone.bottom] run data modify entity @s {} merge value {transformation:[0.2766922251639958f,0.9308544449175897f,-0.23864495576266218f,-0.5091720299567465f,-0.5772864231563644f,-0.037521501591314343f,-0.8156791786956831f,1.343309071529121f,-0.7682329062030133f,0.363458579889785f,0.526987725218883f,1.2144001279876677f,0f,0f,0f,1f],start_interpolation:0}
execute if entity @s[tag=aj.cutscenes.bone.leftarm] run data modify entity @s {} merge value {transformation:[0.011488367550549772f,0.9694281167029343f,0.24510639313740026f,-0.2660969778091036f,-0.655106874960666f,0.19248677462722502f,-0.7306051080938857f,1.3504865855008856f,-0.75544887304853f,-0.15217742322503097f,0.6372903828478003f,1.129140217615877f,0f,0f,0f,1f],start_interpolation:0}
execute if entity @s[tag=aj.cutscenes.locator_origin.mount] at @s on origin run tp @s ^0.06171 ^1.71078 ^1.16099 ~167.14286 ~-16.10013
execute if entity @s[tag=aj.cutscenes.bone.head] run data modify entity @s {} merge value {transformation:[0.9749279121818246f,0.06170879159634671f,0.21379333733422792f,0.04628159369725992f,0f,0.9607785368014169f,-0.27731679217409166f,1.4705839026010628f,-0.22252093395630967f,0.27036388120724814f,0.9366898129529138f,1.0933979109054361f,0f,0f,0f,1f],start_interpolation:0}
execute if entity @s[tag=aj.cutscenes.bone.upper] run data modify entity @s {} merge value {transformation:[0.9749279121818246f,0.06170879159634671f,0.21379333733422792f,-1.0907010554906114e-16f,0f,0.9607785368014169f,-0.27731679217409166f,0.75f,-0.22252093395630967f,0.27036388120724814f,0.9366898129529138f,0.890625f,0f,0f,0f,1f],start_interpolation:0}
execute if entity @s[tag=aj.cutscenes.bone.bottom3] run data modify entity @s {} merge value {transformation:[0.9749279121818246f,0f,0.22252093395630967f,0.12186598902272797f,0f,1f,0f,0.4375f,-0.22252093395630967f,0f,0.9749279121818246f,0.8628098832554613f,0f,0f,0f,1f],start_interpolation:0}
execute if entity @s[tag=aj.cutscenes.bone.rightleg] run data modify entity @s {} merge value {transformation:[0.9749279121818246f,0f,0.22252093395630967f,0.11577268957159156f,0f,1f,0f,0.75f,-0.22252093395630967f,0f,0.9749279121818246f,0.8642006390926882f,0f,0f,0f,1f],start_interpolation:0}
execute if entity @s[tag=aj.cutscenes.bone.bottom4] run data modify entity @s {} merge value {transformation:[0.9749279121818246f,0f,0.22252093395630967f,-0.12186598902272819f,0f,1f,0f,0.4375f,-0.22252093395630967f,0f,0.9749279121818246f,0.9184401167445387f,0f,0f,0f,1f],start_interpolation:0}
execute if entity @s[tag=aj.cutscenes.bone.leftleg] run data modify entity @s {} merge value {transformation:[0.9749279121818246f,0f,0.22252093395630967f,-0.11577268957159179f,0f,1f,0f,0.75f,-0.22252093395630967f,0f,0.9749279121818246f,0.9170493609073118f,0f,0f,0f,1f],start_interpolation:0}
execute if entity @s[tag=aj.cutscenes.locator_origin.head2] at @s on origin run tp @s ^0 ^0.68345 ^2.18813 ~-180 ~-41.875
execute if entity @s[tag=aj.cutscenes.bone.bottom5] run data modify entity @s {} merge value {transformation:[0.9763824522960998f,-0.050707414069394226f,-0.21001443999556219f,0.38620075678585447f,0.09854021208808911f,0.9695899400081156f,0.2240204786100885f,0.35413807343618037f,0.19226838910722951f,-0.23942453172858807f,0.9516873226835888f,2.1765652352075033f,0f,0f,0f,1f],start_interpolation:0}
execute if entity @s[tag=aj.cutscenes.bone.rightarm2] run data modify entity @s {} merge value {transformation:[0.9763824522960998f,-0.050707414069394226f,-0.21001443999556219f,0.31249999999999967f,0.09854021208808911f,0.9695899400081156f,0.2240204786100885f,0.5903767951827037f,0.19226838910722951f,-0.23942453172858807f,0.9516873226835888f,2.1046923279561547f,0f,0f,0f,1f],start_interpolation:0}
execute if entity @s[tag=aj.cutscenes.bone.bottom6] run data modify entity @s {} merge value {transformation:[0.9763824522960998f,0.05070741406939435f,0.21001443999556169f,-0.38620075678585514f,-0.09854021208808911f,0.9695899400081156f,0.2240204786100885f,0.35413807343618037f,-0.19226838910722902f,-0.23942453172858807f,0.9516873226835888f,2.1765652352075033f,0f,0f,0f,1f],start_interpolation:0}
execute if entity @s[tag=aj.cutscenes.bone.leftarm2] run data modify entity @s {} merge value {transformation:[0.9763824522960998f,0.05070741406939435f,0.21001443999556169f,-0.31250000000000033f,-0.09854021208808911f,0.9695899400081156f,0.2240204786100885f,0.5903767951827037f,-0.19226838910722902f,-0.23942453172858807f,0.9516873226835888f,2.1046923279561547f,0f,0f,0f,1f],start_interpolation:0}
execute if entity @s[tag=aj.cutscenes.locator_origin.mount2] at @s on origin run tp @s ^0 ^0.91615 ^2.27952 ~-180 ~-21.44308
execute if entity @s[tag=aj.cutscenes.bone.head2] run data modify entity @s {} merge value {transformation:[1f,-8.954047939181739e-17f,-2.2797564312171114e-16f,-3.4458641211993885e-16f,0f,0.9307811986298282f,-0.3655767501869067f,0.6834521542192444f,2.4492935982947064e-16f,0.3655767501869067f,0.9307811986298282f,2.1881307935473857f,0f,0f,0f,1f],start_interpolation:0}
execute if entity @s[tag=aj.cutscenes.bone.upper2] run data modify entity @s {} merge value {transformation:[1f,-1.634922396993081e-16f,-1.8237510483774446e-16f,-2.2196723234545778e-16f,0f,0.7446028722923259f,-0.6675077247298477f,0.125f,2.4492935982947064e-16f,0.6675077247298477f,0.7446028722923259f,1.6875f,0f,0f,0f,1f],start_interpolation:0}
execute if entity @s[tag=aj.cutscenes.bone.bottom7] run data modify entity @s {} merge value {transformation:[0.9622501286096565f,-0.26626036110753537f,-0.056392464865300626f,0.13690702063595975f,0.14415265413281164f,0.6743434424228975f,-0.7242105591385027f,0.3498897478540358f,0.2308564538780869f,0.6887425801880711f,0.6872692019425236f,1.3623581735118209f,0f,0f,0f,1f],start_interpolation:0}
execute if entity @s[tag=aj.cutscenes.bone.rightleg2] run data modify entity @s {} merge value {transformation:[0.9622501286096565f,-0.038857463462878654f,0.26937852090307857f,0.1187499999999998f,0.14415265413281164f,-0.7667641400502583f,-0.625533984559955f,0.109375f,0.2308564538780869f,0.6407517858470775f,-0.7322174858855911f,1.5611502537522945f,0f,0f,0f,1f],start_interpolation:0}
execute if entity @s[tag=aj.cutscenes.bone.bottom8] run data modify entity @s {} merge value {transformation:[0.9622501286096568f,0.26626036110753504f,0.05639246486530029f,-0.13690702063596003f,-0.14415265413281164f,0.6743434424228975f,-0.7242105591385027f,0.3498897478540358f,-0.23085645387808645f,0.6887425801880713f,0.6872692019425236f,1.3623581735118209f,0f,0f,0f,1f],start_interpolation:0}
execute if entity @s[tag=aj.cutscenes.bone.leftleg2] run data modify entity @s {} merge value {transformation:[0.9622501286096568f,0.038857463462878335f,-0.26937852090307823f,-0.11875000000000019f,-0.14415265413281164f,-0.7667641400502583f,-0.625533984559955f,0.109375f,-0.23085645387808645f,0.6407517858470775f,-0.7322174858855913f,1.5611502537522945f,0f,0f,0f,1f],start_interpolation:0}
execute if entity @s[tag=aj.cutscenes.camera_origin.camera] at @s on origin run tp @s ^-1.98558 ^-0.12 ^1.6875 ~-90 ~0