execute if entity @s[tag=aj.cutscenes.locator_origin.head] at @s on origin run tp @s ^-0.30792 ^1.0895 ^1.81607 ~-85.25538 ~47.29893
execute if entity @s[tag=aj.cutscenes.bone.blade2] run data modify entity @s {} merge value {transformation:[-8.271149240181543e-7f,0.000001329581977636374f,0.000009876643795703629f,-0.20591461492432098f,0.000008394049723982259f,-0.000005249095700046475f,0.000001409582762049459f,0.3381606158789793f,0.00000537176043153265f,0.000008407092606632697f,-6.818971841282427e-7f,2.788648834598054f,0f,0f,0f,1f],start_interpolation:0}
execute if entity @s[tag=aj.cutscenes.bone.heart] run data modify entity @s {} merge value {transformation:[-0.000009876643795703629f,-0.0000015080656527294103f,-4.214799163030491e-7f,-0.20385920541504343f,-0.000001409582762049458f,0.000009734980279338265f,-0.00000180089849736961f,0.3774998088365673f,6.818971841282439e-7f,-0.0000017192722146166722f,-0.000009827467592534971f,2.2243535667586083f,0f,0f,0f,1f],start_interpolation:0}
execute if entity @s[tag=aj.cutscenes.bone.bottom2] run data modify entity @s {} merge value {transformation:[0.04214799163030469f,-0.150806565272941f,-0.9876643795703628f,-0.34370554552977217f,0.18008984973696096f,0.9734980279338264f,-0.14095827620494583f,0.8064623502398051f,0.982746759253497f,-0.1719272214616672f,0.06818971841282416f,2.2312398196868104f,0f,0f,0f,1f],start_interpolation:0}
execute if entity @s[tag=aj.cutscenes.bone.rightarm] run data modify entity @s {} merge value {transformation:[0.05094680056170555f,-0.14806585305334868f,-0.9876643795703628f,-0.38390618382821595f,0.12250798774227671f,0.9824065132666152f,-0.14095827620494583f,1.0444072293225666f,0.99115902682257f,-0.11381540252055419f,0.06818971841282416f,2.140838529880261f,0f,0f,0f,1f],start_interpolation:0}
execute if entity @s[tag=aj.cutscenes.bone.blade] run data modify entity @s {} merge value {transformation:[-1.4845241024684683f,2.9919968475547774e-7f,-0.0000014011737783355123f,-0.6267187902514452f,-0.03130315643661952f,-0.000009976259811951844f,-6.562694601349639e-7f,0.0963537068588931f,-0.21262243904934436f,-6.20257779537466e-7f,0.00000987957602524517f,1.3794541046442987f,0f,0f,0f,1f],start_interpolation:0}
execute if entity @s[tag=aj.cutscenes.bone.bottom] run data modify entity @s {} merge value {transformation:[-0.14011737783355113f,0.5431496929055926f,-0.8278620244494914f,-0.5453125873915448f,-0.06562694601349667f,0.8291771972088171f,0.5551200587133132f,0.7621962053259774f,0.987957602524517f,0.1321120233948872f,-0.08053687905871015f,1.4357487859569276f,0f,0f,0f,1f],start_interpolation:0}
execute if entity @s[tag=aj.cutscenes.bone.leftarm] run data modify entity @s {} merge value {transformation:[-0.11933185600995738f,0.5480915768515408f,-0.8278620244494914f,-0.4157479341792819f,-0.03400313615825923f,0.83107491067023f,0.5551200587133132f,0.9678397369836438f,0.9922719863387365f,0.09439341205222435f,-0.08053687905871015f,1.5213641381161547f,0f,0f,0f,1f],start_interpolation:0}
execute if entity @s[tag=aj.cutscenes.locator_origin.mount] at @s on origin run tp @s ^-0.06958 ^1.16343 ^1.80088 ~-81.88918 ~72.45291
execute if entity @s[tag=aj.cutscenes.bone.head] run data modify entity @s {} merge value {transformation:[0.04535122794833356f,0.9533397470394512f,-0.2984737724463132f,-0.3079174708044987f,0.058686333099294316f,0.29572262681668127f,0.9534694763315711f,1.0895005466476317f,0.9972457973994862f,-0.06075734279407863f,-0.04253662969331093f,1.8160716007978492f,0f,0f,0f,1f],start_interpolation:0}
execute if entity @s[tag=aj.cutscenes.bone.upper] run data modify entity @s {} merge value {transformation:[0.05094680056170555f,0.735276705594002f,-0.6758495318659006f,-0.8593750000000002f,0.12250798774227671f,0.6670165079562109f,0.7349018785206908f,0.5892381656804734f,0.99115902682257f,-0.1202378656028676f,-0.056094912633881264f,1.90625f,0f,0f,0f,1f],start_interpolation:0}
execute if entity @s[tag=aj.cutscenes.bone.bottom3] run data modify entity @s {} merge value {transformation:[-0.13052619222005193f,0.9555308279479564f,-0.2644309928613273f,-0.8812974479001171f,0f,0.2667127574748983f,0.96377606579544f,0.28197598325544854f,0.9914448613738104f,0.12579802002110102f,-0.034813000649708666f,2.0284177859843457f,0f,0f,0f,1f],start_interpolation:0}
execute if entity @s[tag=aj.cutscenes.bone.rightleg] run data modify entity @s {} merge value {transformation:[-0.13052619222005193f,0.06754130943597311f,-0.9891415897960253f,-0.8593750000000002f,0f,0.9976768535825647f,0.06812412073262802f,0.59375f,0.9914448613738104f,0.008891982077569029f,-0.13022296076421444f,2.025f,0f,0f,0f,1f],start_interpolation:0}
execute if entity @s[tag=aj.cutscenes.bone.bottom4] run data modify entity @s {} merge value {transformation:[0.17364817766693003f,0.4924038765061039f,-0.8528685319524433f,-0.5527364870882019f,0f,0.8660254037844388f,0.4999999999999998f,0.47301092570673775f,0.9848077530122081f,-0.08682408883346499f,0.150383733180435f,1.7270849405250432f,0f,0f,0f,1f],start_interpolation:0}
execute if entity @s[tag=aj.cutscenes.bone.leftleg] run data modify entity @s {} merge value {transformation:[0.17364817766693003f,-0.9847162048710932f,0.013427816547213922f,-0.8593750000000002f,0f,-0.013634962261560801f,-0.9999070395812433f,0.46875f,0.9848077530122081f,0.17363203525961773f,-0.002367686349277374f,1.7875f,0f,0f,0f,1f],start_interpolation:0}
execute if entity @s[tag=aj.cutscenes.locator_origin.head2] at @s on origin run tp @s ^0 ^0.125 ^2.4375 ~-180 ~-90
execute if entity @s[tag=aj.cutscenes.locator_origin.mount2] at @s on origin run tp @s ^0 ^0.125 ^2.6875 ~-180 ~-90
execute if entity @s[tag=aj.cutscenes.camera_origin.camera] at @s on origin run tp @s ^3.375 ^-0.44813 ^1.90625 ~90 ~5