execute if entity @s[tag=aj.cutscenes.locator_origin.head] at @s on origin run tp @s ^0 ^1.5 ^0 ~0 ~0
execute if entity @s[tag=aj.cutscenes.bone.blade2] run data modify entity @s {} merge value {transformation:[0.0025344615228428827f,-0.00005962327355782659f,1.4999978576484216f,-0.38585431121037056f,1.4995829603038795f,-0.035277728329753975f,-0.0025351627453717475f,0.880950319710681f,0.03527777871469059f,1.4995851020628863f,-1.4144478359197754e-16f,0.4452800321927674f,0f,0f,0f,1f],start_interpolation:0}
execute if entity @s[tag=aj.cutscenes.bone.heart] run data modify entity @s {} merge value {transformation:[3.974884903855106e-10f,1.6896410152288106e-8f,0.000009999985717656144f,-0.29761743490380516f,2.351848555316932e-7f,0.000009997219735359197f,-1.6901084969147203e-8f,0.6856522151678723f,-0.000009997234013752577f,2.3518519143127059e-7f,-9.951868268620915e-22f,0.06781403860732389f,0f,0f,0f,1f],start_interpolation:0}
execute if entity @s[tag=aj.cutscenes.bone.bottom2] run data modify entity @s {} merge value {transformation:[-0.9999985717656144f,0.0016896410152288106f,0.000039748849038773105f,-0.375f,0.0016901084969147256f,0.9997219735359196f,0.023518485553169318f,1.125f,-1.2246450500646844e-16f,0.023518519143127057f,-0.9997234013752576f,-4.592425496802575e-17f,0f,0f,0f,1f],start_interpolation:0}
execute if entity @s[tag=aj.cutscenes.bone.blade] run data modify entity @s {} merge value {transformation:[0.002534334474193476f,0.0000647990619938999f,-1.4999978576484216f,0.38585584726235145f,-1.499507788521599f,-0.03834012405976179f,-0.002535162745371746f,0.8800414728585805f,-0.038340178818523536f,1.4995099301732429f,-5.081416176776676e-16f,0.4447806652179087f,0f,0f,0f,1f],start_interpolation:0}
execute if entity @s[tag=aj.cutscenes.bone.bottom] run data modify entity @s {} merge value {transformation:[-0.9999985717656144f,-0.001689556316129206f,-0.00004319937466282198f,0.375f,-0.0016901084969147254f,0.9996718590143994f,0.02556008270650786f,1.125f,-1.2246450500646844e-16f,0.025560119212349023f,-0.9996732867821619f,4.592425496802575e-17f,0f,0f,0f,1f],start_interpolation:0}
execute if entity @s[tag=aj.cutscenes.locator_origin.mount] at @s on origin run tp @s ^0 ^1.75 ^0 ~0 ~0
execute if entity @s[tag=aj.cutscenes.locator_origin.head2] at @s on origin run tp @s ^0 ^0.73785 ^2.11983 ~-180 ~-35.20098
execute if entity @s[tag=aj.cutscenes.bone.bottom5] run data modify entity @s {} merge value {transformation:[0.9763825741802131f,-0.1302325060597468f,-0.1723849274229584f,0.4060820374011997f,0.1202174839127543f,0.9904597065223826f,-0.06735967872015536f,0.395608086048046f,0.17951274439133086f,0.045045134265466635f,0.9827238220782576f,2.047737166573861f,0f,0f,0f,1f],start_interpolation:0}
execute if entity @s[tag=aj.cutscenes.bone.rightarm2] run data modify entity @s {} merge value {transformation:[0.9763825741802131f,-0.1302325060597468f,-0.1723849274229584f,0.31249999999999967f,0.1202174839127543f,0.9904597065223826f,-0.06735967872015536f,0.6357094199340945f,0.17951274439133086f,0.045045134265466635f,0.9827238220782576f,2.0477789036157694f,0f,0f,0f,1f],start_interpolation:0}
execute if entity @s[tag=aj.cutscenes.bone.bottom6] run data modify entity @s {} merge value {transformation:[0.9763824522960998f,0.13023301078738095f,0.17238523646040088f,-0.4060821559653518f,-0.1202179659999828f,0.9904596422201764f,-0.06735976383500053f,0.39560813225404934f,-0.17951308447876826f,0.04504508890360859f,0.9827237620341662f,2.04773719916979f,0f,0f,0f,1f],start_interpolation:0}
execute if entity @s[tag=aj.cutscenes.bone.leftarm2] run data modify entity @s {} merge value {transformation:[0.9763824522960998f,0.13023301078738095f,0.17238523646040088f,-0.31250000000000033f,-0.1202179659999828f,0.9904596422201764f,-0.06735976383500053f,0.6357094199340945f,-0.17951308447876826f,0.04504508890360859f,0.9827237620341662f,2.0477789036157694f,0f,0f,0f,1f],start_interpolation:0}
execute if entity @s[tag=aj.cutscenes.locator_origin.mount2] at @s on origin run tp @s ^0 ^0.97912 ^2.18535 ~-180 ~-15.19122
execute if entity @s[tag=aj.cutscenes.bone.head2] run data modify entity @s {} merge value {transformation:[1f,-6.418160099890287e-17f,-2.3637071180603556e-16f,-3.278586898126665e-16f,0f,0.9650566676473824f,-0.26204127199609145f,0.7378513039209134f,2.4492935982947064e-16f,0.26204127199609145f,0.9650566676473824f,2.1198346843389233f,0f,0f,0f,1f],start_interpolation:0}
execute if entity @s[tag=aj.cutscenes.bone.upper2] run data modify entity @s {} merge value {transformation:[1f,-1.4118860995627828e-16f,-2.0014037005334087e-16f,-2.2196723234545778e-16f,0f,0.8171350718945511f,-0.5764462457852308f,0.125f,2.4492935982947064e-16f,0.5764462457852308f,0.8171350718945511f,1.6875f,0f,0f,0f,1f],start_interpolation:0}
execute if entity @s[tag=aj.cutscenes.bone.bottom7] run data modify entity @s {} merge value {transformation:[0.9622501286096565f,-0.26912387210216554f,-0.04058363531568566f,0.15129154400581407f,0.14415265413281167f,0.6304368109621871f,-0.7627381199928943f,0.3124463090874179f,0.23085645387808693f,0.7280946153135359f,0.6454328228826528f,1.3271008505571742f,0f,0f,0f,1f],start_interpolation:0}
execute if entity @s[tag=aj.cutscenes.bone.rightleg2] run data modify entity @s {} merge value {transformation:[0.9622501286096565f,-0.08488793824641251f,0.25858988365938174f,0.1187499999999998f,0.14415265413281167f,-0.646945135997081f,-0.7487870213326254f,0.109375f,0.23085645387808693f,0.7577968256399553f,-0.6102862187145003f,1.5624695057329223f,0f,0f,0f,1f],start_interpolation:0}
execute if entity @s[tag=aj.cutscenes.bone.bottom8] run data modify entity @s {} merge value {transformation:[0.9622501667475237f,0.2691238314867091f,0.040583000385337756f,-0.15129134648966364f,-0.14415310570761286f,0.6304367378851219f,-0.7627380950494186f,0.31244630803169915f,-0.23085601293709623f,0.728094693601512f,0.6454328922824649f,1.3271008223382648f,0f,0f,0f,1f],start_interpolation:0}
execute if entity @s[tag=aj.cutscenes.bone.leftleg2] run data modify entity @s {} merge value {transformation:[0.9622501667475237f,0.08488730543197257f,-0.25858994947766617f,-0.11875000000000019f,-0.14415310570761286f,-0.646945123587285f,-0.7487869451195597f,0.109375f,-0.23085601293709623f,0.7577969071216455f,-0.6102862843351927f,1.562469505732922f,0f,0f,0f,1f],start_interpolation:0}
execute if entity @s[tag=aj.cutscenes.camera_origin.camera] at @s on origin run tp @s ^-2.4375 ^-0.12 ^1 ~-90 ~0