execute if entity @s[tag=aj.cutscenes.locator_origin.head] at @s on origin run tp @s ^-0.04628 ^1.47058 ^1.0934 ~-167.14286 ~-16.10013
execute if entity @s[tag=aj.cutscenes.bone.blade2] run data modify entity @s {} merge value {transformation:[0.9810853636395138f,1.0977405772509221f,-0.28711867635028043f,1.2509738978097f,0.4553883000165961f,-0.03328215738908896f,1.428815521404889f,1.3103960130008525f,1.0392752308509612f,-1.0216936542116442f,-0.35503390187887723f,0.6643252670167196f,0f,0f,0f,1f],start_interpolation:0}
execute if entity @s[tag=aj.cutscenes.bone.heart] run data modify entity @s {} merge value {transformation:[0.000001873810111431349f,-0.00000942559360144369f,-0.0000027653247416391133f,0.8841058465489156f,-0.00000816761492390716f,6.891313650344512e-8f,-0.000005769342894505952f,1.3516120011541473f,0.0000054570048672386824f,0.00000333967606813012f,-0.000007685548883384472f,0.9680236646317855f,0f,0f,0f,1f],start_interpolation:0}
execute if entity @s[tag=aj.cutscenes.bone.bottom2] run data modify entity @s {} merge value {transformation:[0.27653247416391136f,-0.9425593601443689f,0.18738101114313482f,0.5079793675253671f,0.576934289450595f,0.0068913136503445105f,-0.8167614923907162f,1.335890450646476f,0.7685548883384472f,0.33396760681301196f,0.5457004867238681f,1.2168106937892216f,0f,0f,0f,1f],start_interpolation:0}
execute if entity @s[tag=aj.cutscenes.bone.rightarm] run data modify entity @s {} merge value {transformation:[0.02547472245260131f,-0.9611608782519101f,-0.27481048858073076f,0.26609697780910196f,0.6584083875726646f,0.2229866363108052f,-0.7188708891037088f,1.3504865855008856f,0.7522296415921983f,-0.16262449429532325f,0.6385169067184231f,1.1291402176158785f,0f,0f,0f,1f],start_interpolation:0}
execute if entity @s[tag=aj.cutscenes.bone.blade] run data modify entity @s {} merge value {transformation:[1.3348519456083852f,-0.5457333871330059f,0.4127291526822935f,-1.028901030345966f,-0.45538884114686906f,-0.0332816870162122f,1.4288153598937359f,1.310396855296286f,-0.510677282306957f,-1.3968061424112115f,-0.19529801293891708f,0.14395893085668665f,0f,0f,0f,1f],start_interpolation:0}
execute if entity @s[tag=aj.cutscenes.bone.bottom] run data modify entity @s {} merge value {transformation:[0.5826101086796098f,0.7043137346469039f,-0.4055953950084533f,-0.599200280364727f,-0.576934345293017f,0.006890529825188896f,-0.8167614595584478f,1.3358906169566116f,-0.5724615467310017f,0.7098553963917287f,0.4103572757097048f,0.9641042343006944f,0f,0f,0f,1f],start_interpolation:0}
execute if entity @s[tag=aj.cutscenes.bone.leftarm] run data modify entity @s {} merge value {transformation:[0.34933155533409355f,0.9365363634072337f,-0.02944663756384769f,-0.3432329673045376f,-0.6584082557920771f,0.22298593812511522f,-0.7188712263704098f,1.3504865855008856f,-0.6666828580012372f,0.27051231287025684f,0.6945192980996902f,0.9900646338931812f,0f,0f,0f,1f],start_interpolation:0}
execute if entity @s[tag=aj.cutscenes.locator_origin.mount] at @s on origin run tp @s ^-0.06171 ^1.71078 ^1.16099 ~-167.14286 ~-16.10013
execute if entity @s[tag=aj.cutscenes.bone.head] run data modify entity @s {} merge value {transformation:[0.9749279121818233f,-0.06170879159634837f,-0.2137933373342337f,-0.04628159369726139f,0f,0.9607785368014169f,-0.27731679217409166f,1.4705839026010628f,0.22252093395631567f,0.2703638812072478f,0.9366898129529124f,1.093397910905436f,0f,0f,0f,1f],start_interpolation:0}
execute if entity @s[tag=aj.cutscenes.bone.upper] run data modify entity @s {} merge value {transformation:[0.9749279121818233f,-0.06170879159634837f,-0.2137933373342337f,-1.0907010554906114e-16f,0f,0.9607785368014169f,-0.27731679217409166f,0.75f,0.22252093395631567f,0.2703638812072478f,0.9366898129529124f,0.890625f,0f,0f,0f,1f],start_interpolation:0}
execute if entity @s[tag=aj.cutscenes.bone.bottom3] run data modify entity @s {} merge value {transformation:[0.9749279121818233f,0f,-0.22252093395631567f,0.1218659890227278f,0f,1f,0f,0.4375f,0.22252093395631567f,0f,0.9749279121818233f,0.9184401167445394f,0f,0f,0f,1f],start_interpolation:0}
execute if entity @s[tag=aj.cutscenes.bone.rightleg] run data modify entity @s {} merge value {transformation:[0.9749279121818233f,0f,-0.22252093395631567f,0.1157726895715914f,0f,1f,0f,0.75f,0.22252093395631567f,0f,0.9749279121818233f,0.9170493609073125f,0f,0f,0f,1f],start_interpolation:0}
execute if entity @s[tag=aj.cutscenes.bone.bottom4] run data modify entity @s {} merge value {transformation:[0.9749279121818233f,0f,-0.22252093395631567f,-0.12186598902272802f,0f,1f,0f,0.4375f,0.22252093395631567f,0f,0.9749279121818233f,0.8628098832554606f,0f,0f,0f,1f],start_interpolation:0}
execute if entity @s[tag=aj.cutscenes.bone.leftleg] run data modify entity @s {} merge value {transformation:[0.9749279121818233f,0f,-0.22252093395631567f,-0.11577268957159162f,0f,1f,0f,0.75f,0.22252093395631567f,0f,0.9749279121818233f,0.8642006390926875f,0f,0f,0f,1f],start_interpolation:0}
execute if entity @s[tag=aj.cutscenes.locator_origin.head2] at @s on origin run tp @s ^0 ^0.63169 ^2.24046 ~-180 ~-47.5
execute if entity @s[tag=aj.cutscenes.bone.bottom5] run data modify entity @s {} merge value {transformation:[0.9763824522960998f,0.03874931499508455f,-0.2125459889898332f,0.3638365745197348f,0.07922011635704344f,0.8510510653060979f,0.5190724972542202f,0.33943237070557836f,0.20100119405772465f,-0.5236511957675333f,0.8278816009301097f,2.2917737090768187f,0f,0f,0f,1f],start_interpolation:0}
execute if entity @s[tag=aj.cutscenes.bone.rightarm2] run data modify entity @s {} merge value {transformation:[0.9763824522960998f,0.03874931499508455f,-0.2125459889898332f,0.31249999999999967f,0.07922011635704344f,0.8510510653060979f,0.5190724972542202f,0.5472438797597876f,0.20100119405772465f,-0.5236511957675333f,0.8278816009301097f,2.1482983355063276f,0f,0f,0f,1f],start_interpolation:0}
execute if entity @s[tag=aj.cutscenes.bone.bottom6] run data modify entity @s {} merge value {transformation:[0.9763824522960998f,-0.0387493149950843f,0.21254598898983282f,-0.3638365745197355f,-0.07922011635704344f,0.8510510653060979f,0.5190724972542202f,0.33943237070557836f,-0.20100119405772415f,-0.5236511957675333f,0.8278816009301097f,2.291773709076818f,0f,0f,0f,1f],start_interpolation:0}
execute if entity @s[tag=aj.cutscenes.bone.leftarm2] run data modify entity @s {} merge value {transformation:[0.9763824522960998f,-0.0387493149950843f,0.21254598898983282f,-0.31250000000000033f,-0.07922011635704344f,0.8510510653060979f,0.5190724972542202f,0.5472438797597876f,-0.20100119405772415f,-0.5236511957675333f,0.8278816009301097f,2.148298335506327f,0f,0f,0f,1f],start_interpolation:0}
execute if entity @s[tag=aj.cutscenes.locator_origin.mount2] at @s on origin run tp @s ^0 ^0.85636 ^2.35012 ~-180 ~-26.01852
execute if entity @s[tag=aj.cutscenes.bone.head2] run data modify entity @s {} merge value {transformation:[1f,-1.0744111033669717e-16f,-2.2010633592900491e-16f,-3.574028819367183e-16f,0f,0.8986523138028513f,-0.4386616223204187f,0.6316926557117452f,2.4492935982947064e-16f,0.4386616223204187f,0.8986523138028513f,2.240458002607593f,0f,0f,0f,1f],start_interpolation:0}
execute if entity @s[tag=aj.cutscenes.bone.upper2] run data modify entity @s {} merge value {transformation:[1f,-1.8058086612168067e-16f,-1.6547187705836282e-16f,-2.2196723234545778e-16f,0f,0.6755902076156602f,-0.737277336810124f,0.125f,2.4492935982947064e-16f,0.737277336810124f,0.6755902076156602f,1.6875f,0f,0f,0f,1f],start_interpolation:0}
execute if entity @s[tag=aj.cutscenes.bone.bottom7] run data modify entity @s {} merge value {transformation:[0.9622501286096566f,-0.2613904300562415f,-0.07582699430751813f,0.1265110728742515f,0.1441526541328116f,0.7257925133895056f,-0.6726404981966293f,0.37201650229898636f,0.23085645387808684f,0.6363177434134277f,0.736074063610502f,1.388593911528711f,0f,0f,0f,1f],start_interpolation:0}
execute if entity @s[tag=aj.cutscenes.bone.rightleg2] run data modify entity @s {} merge value {transformation:[0.9622501286096566f,-0.005590430625412266f,0.27210923739579607f,0.1187499999999998f,0.1441526541328116f,-0.8375697542741001f,-0.5269695617696424f,0.109375f,0.23085645387808684f,0.5463017973708721f,-0.8051457283574127f,1.5578703703703705f,0f,0f,0f,1f],start_interpolation:0}
execute if entity @s[tag=aj.cutscenes.bone.bottom8] run data modify entity @s {} merge value {transformation:[0.9622501286096569f,0.26139043005624113f,0.07582699430751774f,-0.1265110728742518f,-0.1441526541328116f,0.7257925133895056f,-0.6726404981966293f,0.37201650229898636f,-0.2308564538780864f,0.636317743413428f,0.7360740636105021f,1.3885939115287107f,0f,0f,0f,1f],start_interpolation:0}
execute if entity @s[tag=aj.cutscenes.bone.leftleg2] run data modify entity @s {} merge value {transformation:[0.9622501286096569f,0.005590430625411999f,-0.2721092373957956f,-0.11875000000000019f,-0.1441526541328116f,-0.8375697542741001f,-0.5269695617696424f,0.109375f,-0.2308564538780864f,0.5463017973708721f,-0.8051457283574129f,1.5578703703703702f,0f,0f,0f,1f],start_interpolation:0}
execute if entity @s[tag=aj.cutscenes.camera_origin.camera] at @s on origin run tp @s ^-2.46154 ^-0.12 ^1.6875 ~-90 ~0