execute if entity @s[tag=aj.cutscenes.locator_origin.head] at @s on origin run tp @s ^-0.73534 ^1.44145 ^1.87356 ~-90.42999 ~9.54631
execute if entity @s[tag=aj.cutscenes.bone.blade2] run data modify entity @s {} merge value {transformation:[-0.0000015332529675768245f,0.0000019259038676526315f,0.000009692266485707949f,-0.5074472396923446f,0.000003977512072330044f,-0.00000885833506206729f,0.000002389413660841932f,0.4055496037410583f,0.000009045912505208396f,0.000004221468254139775f,5.921762637969042e-7f,2.4742019774126485f,0f,0f,0f,1f],start_interpolation:0}
execute if entity @s[tag=aj.cutscenes.bone.heart] run data modify entity @s {} merge value {transformation:[0.000009692266485707949f,-0.0000024315544583865044f,3.84074583802697e-7f,-0.6627015627856179f,0.0000023894136608419316f,0.000008917133931528736f,-0.000003843881476393466f,0.6559594440355319f,5.921762637969027e-7f,0.000003817363666600233f,0.000009223722779307494f,2.144025503473949f,0f,0f,0f,1f],start_interpolation:0}
execute if entity @s[tag=aj.cutscenes.bone.bottom2] run data modify entity @s {} merge value {transformation:[0.03840745838026948f,-0.24315544583865042f,-0.9692266485707949f,-0.695761704569201f,-0.3843881476393467f,0.8917133931528736f,-0.23894136608419306f,1.0887756069927008f,0.9223722779307494f,0.3817363666600233f,-0.05921762637969047f,2.2580132735779506f,0f,0f,0f,1f],start_interpolation:0}
execute if entity @s[tag=aj.cutscenes.bone.rightarm] run data modify entity @s {} merge value {transformation:[-0.06173606099311103f,-0.23830308951685847f,-0.9692266485707949f,-0.7514789731363462f,0.0030628620009791434f,0.9710291666320752f,-0.23894136608419306f,1.3313414697756585f,0.9980878105905401f,-0.01771990622259485f,-0.05921762637969047f,2.191202808860393f,0f,0f,0f,1f],start_interpolation:0}
execute if entity @s[tag=aj.cutscenes.bone.blade] run data modify entity @s {} merge value {transformation:[-0.9443768350753905f,0.000007357473815876646f,-0.0000024959782937847386f,-0.2476144893883665f,-1.1557885180378533f,-0.0000055012398107932075f,0.000003219530771988705f,0.6238181730630468f,0.1493495729650761f,0.000003950182222737756f,0.000009132618133108011f,1.7859648863408948f,0f,0f,0f,1f],start_interpolation:0}
execute if entity @s[tag=aj.cutscenes.bone.bottom] run data modify entity @s {} merge value {transformation:[-0.24959782937847363f,-0.24157410528446036f,-0.9377328378731155f,-0.6727529504804307f,0.32195307719887045f,0.8925905566145971f,-0.3156395322589074f,1.0689243210450095f,0.9132618133108013f,-0.3806889148615391f,-0.1450131388868311f,1.5134211289330661f,0f,0f,0f,1f],start_interpolation:0}
execute if entity @s[tag=aj.cutscenes.bone.leftarm] run data modify entity @s {} merge value {transformation:[-0.14820409989693564f,-0.3141538946888488f,-0.9377328378731155f,-0.7605541803962014f,-0.014008038924567874f,0.9487757693580006f,-0.3156395322589074f,1.305242760951724f,0.9888575830822288f,-0.033643274676549054f,-0.1450131388868311f,1.5668139092065683f,0f,0f,0f,1f],start_interpolation:0}
execute if entity @s[tag=aj.cutscenes.locator_origin.mount] at @s on origin run tp @s ^-0.66578 ^1.68132 ^1.86242 ~-86.25175 ~15.97939
execute if entity @s[tag=aj.cutscenes.bone.head] run data modify entity @s {} merge value {transformation:[-0.04803230461669339f,0.27825905146505425f,-0.9593043302263248f,-0.7353448921195285f,0.06023569324451926f,0.9594718212153558f,0.2752916372740747f,1.4414505384364293f,0.9970278626861745f,-0.044561469583675295f,-0.06284676965430945f,1.873560030840177f,0f,0f,0f,1f],start_interpolation:0}
execute if entity @s[tag=aj.cutscenes.bone.upper] run data modify entity @s {} merge value {transformation:[0.014520331615768324f,0.16537347717396236f,-0.9861241164362431f,-0.8593750000000002f,0.04175793411829512f,0.9852673845819053f,0.1658446737682701f,0.7025000000000003f,0.9990222394461198f,-0.04358662554643082f,0.007400754389586305f,1.90625f,0f,0f,0f,1f],start_interpolation:0}
execute if entity @s[tag=aj.cutscenes.bone.bottom3] run data modify entity @s {} merge value {transformation:[-0.04919841592614963f,0.457474409015162f,-0.8878607328666955f,-0.880150576035431f,2.168404344971009e-19f,0.88893721387186f,0.45802907090460443f,0.39067265842470683f,0.9987890247045957f,0.022534304736632604f,-0.04373430278030039f,2.0302342130718243f,0f,0f,0f,1f],start_interpolation:0}
execute if entity @s[tag=aj.cutscenes.bone.rightleg] run data modify entity @s {} merge value {transformation:[-0.04919841592614963f,0.06549787499485546f,-0.9966391243782856f,-0.8593750000000002f,2.168404344971009e-19f,0.9978474930409392f,0.06557728746992114f,0.7025000000000003f,0.9987890247045957f,0.003226298664253861f,-0.04909251599349382f,2.025f,0f,0f,0f,1f],start_interpolation:0}
execute if entity @s[tag=aj.cutscenes.bone.bottom4] run data modify entity @s {} merge value {transformation:[0.0655772874699208f,0.21121035361915597f,-0.9752383328664631f,-0.6861358149690736f,-3.469446951953614e-18f,0.9773420684702283f,0.2116659660841484f,0.4049387815013086f,0.9978474930409392f,-0.013880479905498705f,0.06409144178051918f,1.7698514555474207f,0f,0f,0f,1f],start_interpolation:0}
execute if entity @s[tag=aj.cutscenes.bone.leftleg] run data modify entity @s {} merge value {transformation:[0.0655772874699208f,-0.5556769378483636f,-0.8288080357426278f,-0.8593750000000002f,-3.469446951953614e-18f,0.8305958991958142f,-0.5568756164881857f,0.6645000000000005f,0.9978474930409392f,0.03651839238743512f,0.05446822605290127f,1.7875f,0f,0f,0f,1f],start_interpolation:0}
execute if entity @s[tag=aj.cutscenes.locator_origin.head2] at @s on origin run tp @s ^0 ^0.125 ^2.4375 ~-180 ~-90
execute if entity @s[tag=aj.cutscenes.locator_origin.mount2] at @s on origin run tp @s ^0 ^0.125 ^2.6875 ~-180 ~-90
execute if entity @s[tag=aj.cutscenes.camera_origin.camera] at @s on origin run tp @s ^3.375 ^-0.44813 ^1.90625 ~90 ~0