execute if entity @s[tag=aj.cutscenes.locator_origin.head] at @s on origin run tp @s ^-0.24824 ^1.00351 ^1.77768 ~-84.29206 ~55.09925
execute if entity @s[tag=aj.cutscenes.bone.blade2] run data modify entity @s {} merge value {transformation:[-1.2309717790948444e-7f,0.0000015032879409000737f,0.000009885594188086782f,-0.1399959939126218f,0.00000856596635330886f,-0.000005084301754264292f,8.798273157646005e-7f,0.28213427247488243f,0.000005158397766629793f,0.000008478797145723529f,-0.0000012251250723494814f,2.7642862604322684f,0f,0f,0f,1f],start_interpolation:0}
execute if entity @s[tag=aj.cutscenes.bone.heart] run data modify entity @s {} merge value {transformation:[-0.000009885594188086782f,-0.0000011063633715967452f,-0.0000010251768815448123f,-0.1655218623777721f,-8.798273157645994e-7f,0.000009750397337916766f,-0.0000020385425301376725f,0.306233494718659f,0.0000012251250723494824f,-0.0000019250225564223208f,-0.000009736187997073905f,2.199708007536231f,0f,0f,0f,1f],start_interpolation:0}
execute if entity @s[tag=aj.cutscenes.bone.bottom2] run data modify entity @s {} merge value {transformation:[0.10251768815448101f,-0.11063633715967451f,-0.9885594188086781f,-0.28314727009248886f,0.20385425301376722f,0.9750397337916765f,-0.08798273157645997f,0.7418658408648071f,0.9736187997073904f,-0.19250225564223206f,0.12251250723494801f,2.2011235290476248f,0f,0f,0f,1f],start_interpolation:0}
execute if entity @s[tag=aj.cutscenes.bone.rightarm] run data modify entity @s {} merge value {transformation:[0.10907921229465191f,-0.10417293760774365f,-0.9885594188086781f,-0.31600795526284053f,0.14396295870507536f,0.9856640936268426f,-0.08798273157645997f,0.9792841793524505f,0.9835529431434075f,-0.132718851731575f,0.12251250723494801f,2.106471757168268f,0f,0f,0f,1f],start_interpolation:0}
execute if entity @s[tag=aj.cutscenes.bone.blade] run data modify entity @s {} merge value {transformation:[-1.476024339727684f,-0.0000014346450843605127f,-0.0000010549881910799736f,-0.7469364107384383f,0.21863481249328898f,-0.000009892170486628647f,-1.430598467105049e-7f,0.0634769693854289f,-0.15346324412535656f,-2.945446407478811e-7f,0.000009943165180008876f,1.3882683872560886f,0f,0f,0f,1f],start_interpolation:0}
execute if entity @s[tag=aj.cutscenes.bone.bottom] run data modify entity @s {} merge value {transformation:[-0.1054988191079973f,0.6819277658672473f,-0.7237710420472229f,-0.5507371454628162f,-0.014305984671050768f,0.7267166499162556f,0.6867883586208242f,0.7066818750616777f,0.9943165180008877f,0.08280961824449472f,-0.06691210022702415f,1.4188558257294348f,0f,0f,0f,1f],start_interpolation:0}
execute if entity @s[tag=aj.cutscenes.bone.leftarm] run data modify entity @s {} merge value {transformation:[-0.07772180477092254f,0.6856491812560035f,-0.7237710420472229f,-0.3841824629469979f,0.015214493228219245f,0.7266981970933479f,0.6867883586208242f,0.8893073301617784f,0.9968589871486132f,0.04236662110966137f,-0.06691210022702415f,1.4917511677036384f,0f,0f,0f,1f],start_interpolation:0}
execute if entity @s[tag=aj.cutscenes.locator_origin.mount] at @s on origin run tp @s ^-0.00229 ^1.03972 ^1.75122 ~-65.63893 ~80.35896
execute if entity @s[tag=aj.cutscenes.bone.head] run data modify entity @s {} merge value {transformation:[0.09434691557617342f,0.9837799380101592f,-0.15256373451770866f,-0.24823925092590304f,0.08410882912015744f,0.1448225962063313f,0.9858763210931145f,1.0035143731641587f,0.9919800221704561f,-0.10584634711120353f,-0.06908101344013459f,1.7776837549231437f,0f,0f,0f,1f],start_interpolation:0}
execute if entity @s[tag=aj.cutscenes.bone.upper] run data modify entity @s {} merge value {transformation:[0.10907921229465191f,0.8148476654321296f,-0.5693197762110381f,-0.8593750000000002f,0.14396295870507536f,0.5537489472563535f,0.8201443592035251f,0.5882026627218935f,0.9835529431434075f,-0.171421660102475f,-0.05690538183381698f,1.90625f,0f,0f,0f,1f],start_interpolation:0}
execute if entity @s[tag=aj.cutscenes.bone.bottom3] run data modify entity @s {} merge value {transformation:[-0.1305261922200519f,0.9527650118538398f,-0.27422936628247263f,-0.8913604319098214f,-8.673617379884035e-19f,0.27659568067404433f,0.9609863835832753f,0.28283543918580956f,0.9914448613738104f,0.1254338934244431f,-0.036102980982896396f,2.0270929690062864f,0f,0f,0f,1f],start_interpolation:0}
execute if entity @s[tag=aj.cutscenes.bone.rightleg] run data modify entity @s {} merge value {transformation:[-0.1305261922200519f,0.09974285826702683f,-0.9864148596656773f,-0.8593750000000002f,-8.673617379884035e-19f,0.9949265946054093f,0.10060353545916476f,0.59375f,0.9914448613738104f,0.01313139640735975f,-0.1298639799323073f,2.025f,0f,0f,0f,1f],start_interpolation:0}
execute if entity @s[tag=aj.cutscenes.bone.bottom4] run data modify entity @s {} merge value {transformation:[0.17364817766693f,0.5042753174655747f,-0.8459034901145333f,-0.5527235710538322f,-1.3877787807814457e-17f,0.8589529149493271f,0.512054577071677f,0.47190579225111584f,0.9848077530122081f,-0.08891734417450728f,0.1491556083826482f,1.7270826630797f,0f,0f,0f,1f],start_interpolation:0}
execute if entity @s[tag=aj.cutscenes.bone.leftleg] run data modify entity @s {} merge value {transformation:[0.17364817766693f,-0.9847575361810763f,0.0099451157625432f,-0.8593750000000002f,-1.3877787807814457e-17f,-0.010098535203570735f,-0.9999490084933041f,0.46875f,0.9848077530122081f,0.1736393230847158f,-0.0017535922352054055f,1.7875f,0f,0f,0f,1f],start_interpolation:0}
execute if entity @s[tag=aj.cutscenes.locator_origin.head2] at @s on origin run tp @s ^0 ^0.125 ^2.4375 ~-180 ~-90
execute if entity @s[tag=aj.cutscenes.locator_origin.mount2] at @s on origin run tp @s ^0 ^0.125 ^2.6875 ~-180 ~-90
execute if entity @s[tag=aj.cutscenes.camera_origin.camera] at @s on origin run tp @s ^3.375 ^-0.44813 ^1.90625 ~90 ~6.25