execute if entity @s[tag=aj.cutscenes.locator_origin.head] at @s on origin run tp @s ^-0.13567 ^1.46774 ^1.06075 ~-141.42857 ~-16.86543
execute if entity @s[tag=aj.cutscenes.bone.blade2] run data modify entity @s {} merge value {transformation:[0.39477296658636457f,1.4284016992719681f,-0.23199760854275311f,1.2149026884102858f,0.49729229052977486f,0.09192418583103854f,1.4121792810542688f,1.4026507493430973f,1.3589903173430817f,-0.4485738841888325f,-0.4493626461906832f,1.2370225310342806f,0f,0f,0f,1f],start_interpolation:0}
execute if entity @s[tag=aj.cutscenes.bone.heart] run data modify entity @s {} merge value {transformation:[6.247164085542738e-8f,-0.0000099112205027341f,0.00000132808337097941f,0.7510836536947592f,-0.000008173099414196013f,-8.158316140442269e-7f,-0.0000057039341461130794f,1.403220639291029f,0.0000057616441455332525f,-0.0000010498223295916287f,-0.000008105635682445465f,1.3527602504273166f,0f,0f,0f,1f],start_interpolation:0}
execute if entity @s[tag=aj.cutscenes.bone.bottom2] run data modify entity @s {} merge value {transformation:[-0.132808337097941f,-0.9911220502734099f,0.006247164085542767f,0.3075801650585487f,0.5703934146113078f,-0.08158316140442268f,-0.8173099414196014f,1.348237652519696f,0.8105635682445466f,-0.10498223295916287f,0.576164414553325f,1.4151686471637666f,0f,0f,0f,1f],start_interpolation:0}
execute if entity @s[tag=aj.cutscenes.bone.rightarm] run data modify entity @s {} merge value {transformation:[-0.3666637551344317f,-0.7969220349806094f,-0.4800759948519415f,0.13126614100929831f,0.639049904724102f,0.15928383973762417f,-0.7524917791381875f,1.3481179934088456f,0.6761456277628608f,-0.5827039802170589f,0.45086933971646775f,1.227233550374323f,0f,0f,0f,1f],start_interpolation:0}
execute if entity @s[tag=aj.cutscenes.bone.blade] run data modify entity @s {} merge value {transformation:[1.4127626082474742f,0.11947841986614247f,0.48972106338617166f,-0.608054188060026f,-0.49729291247633917f,0.09192468433588113f,1.4121790295888648f,1.4026516335701513f,0.082471643239316f,-1.4924056953777805f,0.12618901879865996f,-0.21673672578196768f,0f,0f,0f,1f],start_interpolation:0}
execute if entity @s[tag=aj.cutscenes.bone.bottom] run data modify entity @s {} merge value {transformation:[0.7606881337813052f,0.32289575790653047f,-0.5631091303204754f,-0.5798353057815386f,-0.5703934313342284f,-0.08158398493938179f,-0.8173098475438649f,1.348237825103874f,-0.3098465694744411f,0.9429116517083548f,0.12211765006559183f,0.707478518255072f,0f,0f,0f,1f],start_interpolation:0}
execute if entity @s[tag=aj.cutscenes.bone.leftarm] run data modify entity @s {} merge value {transformation:[0.5776025258882287f,0.7454264495212214f,-0.3327382311092665f,-0.35737853553321897f,-0.6390497102371855f,0.15928310077918292f,-0.7524921007239465f,1.3481179934088456f,-0.5079279377365523f,0.6472776082643013f,0.5683668779110359f,0.8375524242126128f,0f,0f,0f,1f],start_interpolation:0}
execute if entity @s[tag=aj.cutscenes.locator_origin.mount] at @s on origin run tp @s ^-0.18089 ^1.70699 ^1.11745 ~-141.42857 ~-16.86543
execute if entity @s[tag=aj.cutscenes.bone.head] run data modify entity @s {} merge value {transformation:[0.7818314824680276f,-0.1808899156191363f,-0.5966727507178016f,-0.13566743671435233f,0f,0.956988789454153f,-0.2901248987230756f,1.4677415920906147f,0.6234898018587361f,0.22682877966954856f,0.7482039639642235f,1.0607465847521613f,0f,0f,0f,1f],start_interpolation:0}
execute if entity @s[tag=aj.cutscenes.bone.upper] run data modify entity @s {} merge value {transformation:[0.7818314824680276f,-0.1808899156191363f,-0.5966727507178016f,-1.0907010554906114e-16f,0f,0.956988789454153f,-0.2901248987230756f,0.75f,0.6234898018587361f,0.22682877966954856f,0.7482039639642235f,0.890625f,0f,0f,0f,1f],start_interpolation:0}
execute if entity @s[tag=aj.cutscenes.bone.bottom3] run data modify entity @s {} merge value {transformation:[0.7818314824680276f,0f,-0.6234898018587361f,0.09772893530850334f,0f,1f,0f,0.4375f,0.6234898018587361f,0f,0.7818314824680276f,0.968561225232342f,0f,0f,0f,1f],start_interpolation:0}
execute if entity @s[tag=aj.cutscenes.bone.rightleg] run data modify entity @s {} merge value {transformation:[0.7818314824680276f,0f,-0.6234898018587361f,0.09284248854307817f,0f,1f,0f,0.75f,0.6234898018587361f,0f,0.7818314824680276f,0.9646644139707249f,0f,0f,0f,1f],start_interpolation:0}
execute if entity @s[tag=aj.cutscenes.bone.bottom4] run data modify entity @s {} merge value {transformation:[0.7818314824680276f,0f,-0.6234898018587361f,-0.09772893530850356f,0f,1f,0f,0.4375f,0.6234898018587361f,0f,0.7818314824680276f,0.812688774767658f,0f,0f,0f,1f],start_interpolation:0}
execute if entity @s[tag=aj.cutscenes.bone.leftleg] run data modify entity @s {} merge value {transformation:[0.7818314824680276f,0f,-0.6234898018587361f,-0.09284248854307839f,0f,1f,0f,0.75f,0.6234898018587361f,0f,0.7818314824680276f,0.8165855860292751f,0f,0f,0f,1f],start_interpolation:0}
execute if entity @s[tag=aj.cutscenes.locator_origin.head2] at @s on origin run tp @s ^0 ^0.72002 ^2.14407 ~-180 ~-37.5
execute if entity @s[tag=aj.cutscenes.bone.bottom5] run data modify entity @s {} merge value {transformation:[0.9763824522960998f,-0.11502499706672469f,-0.18288399847459205f,0.40228015253518706f,0.11292007583994654f,0.9933623155785749f,-0.021917263986924063f,0.3795627635273749f,0.18419110543279588f,0.000748356981510212f,0.9828901650954052f,2.0793007479746226f,0f,0f,0f,1f],start_interpolation:0}
execute if entity @s[tag=aj.cutscenes.bone.rightarm2] run data modify entity @s {} merge value {transformation:[0.9763824522960998f,-0.11502499706672469f,-0.18288399847459205f,0.31249999999999967f,0.11292007583994654f,0.9933623155785749f,-0.021917263986924063f,0.620845837682022f,0.18419110543279588f,0.000748356981510212f,0.9828901650954052f,2.0679758931304506f,0f,0f,0f,1f],start_interpolation:0}
execute if entity @s[tag=aj.cutscenes.bone.bottom6] run data modify entity @s {} merge value {transformation:[0.9763824522960998f,0.11502499706672469f,0.18288399847459155f,-0.40228015253518773f,-0.11292007583994654f,0.9933623155785749f,-0.021917263986924063f,0.3795627635273749f,-0.1841911054327954f,0.000748356981510323f,0.9828901650954054f,2.079300747974622f,0f,0f,0f,1f],start_interpolation:0}
execute if entity @s[tag=aj.cutscenes.bone.leftarm2] run data modify entity @s {} merge value {transformation:[0.9763824522960998f,0.11502499706672469f,0.18288399847459155f,-0.31250000000000033f,-0.11292007583994654f,0.9933623155785749f,-0.021917263986924063f,0.620845837682022f,-0.1841911054327954f,0.000748356981510323f,0.9828901650954054f,2.06797589313045f,0f,0f,0f,1f],start_interpolation:0}
execute if entity @s[tag=aj.cutscenes.locator_origin.mount2] at @s on origin run tp @s ^0 ^0.95995 ^2.21428 ~-180 ~-16.31046
execute if entity @s[tag=aj.cutscenes.bone.head2] run data modify entity @s {} merge value {transformation:[1f,-6.878644846434224e-17f,-2.3507193753006057e-16f,-3.3379489266744253e-16f,0f,0.9597540192557021f,-0.2808419885318529f,0.7200150052184264f,2.4492935982947064e-16f,0.2808419885318529f,0.9597540192557021f,2.1440710717565405f,0f,0f,0f,1f],start_interpolation:0}
execute if entity @s[tag=aj.cutscenes.bone.upper2] run data modify entity @s {} merge value {transformation:[1f,-1.4910354709597969e-16f,-1.943155257561044e-16f,-2.2196723234545778e-16f,0f,0.7933533402912352f,-0.6087614290087207f,0.125f,2.4492935982947064e-16f,0.6087614290087207f,0.7933533402912352f,1.6875f,0f,0f,0f,1f],start_interpolation:0}
execute if entity @s[tag=aj.cutscenes.bone.bottom7] run data modify entity @s {} merge value {transformation:[0.9622501286096566f,-0.2690516075260029f,-0.04105998634160705f,0.14487441748775037f,0.14415265413281164f,0.6317860548610034f,-0.7616208986035214f,0.33016936604947866f,0.23085645387808687f,0.7269509016232413f,0.6467207158673609f,1.3390950222939735f,0f,0f,0f,1f],start_interpolation:0}
execute if entity @s[tag=aj.cutscenes.bone.rightleg2] run data modify entity @s {} merge value {transformation:[0.9622501286096566f,-0.06435313338860871f,0.2644491713236538f,0.1187499999999998f,0.14415265413281164f,-0.7036589182756754f,-0.6957615532907613f,0.109375f,0.23085645387808687f,0.7076176940652168f,-0.6678192096283698f,1.5587826988526157f,0f,0f,0f,1f],start_interpolation:0}
execute if entity @s[tag=aj.cutscenes.bone.bottom8] run data modify entity @s {} merge value {transformation:[0.9622501286096569f,0.26905160752600255f,0.04105998634160674f,-0.14487441748775065f,-0.14415265413281164f,0.6317860548610034f,-0.7616208986035214f,0.33016936604947866f,-0.23085645387808643f,0.7269509016232415f,0.6467207158673609f,1.3390950222939735f,0f,0f,0f,1f],start_interpolation:0}
execute if entity @s[tag=aj.cutscenes.bone.leftleg2] run data modify entity @s {} merge value {transformation:[0.9622501286096569f,0.06435313338860837f,-0.2644491713236535f,-0.11875000000000019f,-0.14415265413281164f,-0.7036589182756754f,-0.6957615532907613f,0.109375f,-0.23085645387808643f,0.7076176940652168f,-0.66781920962837f,1.5587826988526157f,0f,0f,0f,1f],start_interpolation:0}
execute if entity @s[tag=aj.cutscenes.camera_origin.camera] at @s on origin run tp @s ^-2.19712 ^-0.12 ^1.6875 ~-90 ~0