execute if entity @s[tag=aj.cutscenes.locator_origin.head] at @s on origin run tp @s ^-0.01666 ^11.14339 ^-3.42284 ~-32.43879 ~-0.44525
execute if entity @s[tag=aj.cutscenes.bone.blade2] run data modify entity @s {} merge value {transformation:[-0.0000058491373567402365f,-0.000006084161709363f,0.000005363820324759857f,-0.691875770625555f,0.000007242856063925561f,-0.000006894562867394397f,7.7710390573389e-8f,10.179416454262785f,0.0000036508393855718424f,0.000003930391731350378f,0.000008439395275663417f,-2.946817933512858f,0f,0f,0f,1f],start_interpolation:0}
execute if entity @s[tag=aj.cutscenes.bone.heart] run data modify entity @s {} merge value {transformation:[-0.000005363820324759858f,-2.0203634061824986e-7f,0.000008437334463013934f,-0.20805094117718115f,-7.771039057338819e-8f,0.000009997892788712299f,1.900023173847017e-7f,10.32515077256127f,-0.000008439395275663416f,3.634697352204146e-8f,-0.000005364260086780451f,-3.201093353080155f,0f,0f,0f,1f],start_interpolation:0}
execute if entity @s[tag=aj.cutscenes.bone.bottom2] run data modify entity @s {} merge value {transformation:[-0.8437334463013936f,-0.020203634061824984f,-0.5363820324759856f,-0.32471155285871234f,-0.019000231738470173f,0.9997892788712298f,-0.007771039057338815f,10.76046707653651f,0.5364260086780449f,0.0036346973522041457f,-0.8439395275663417f,-3.223527666651714f,0f,0f,0f,1f],start_interpolation:0}
execute if entity @s[tag=aj.cutscenes.bone.rightarm] run data modify entity @s {} merge value {transformation:[-0.8436828952363588f,-0.022214579053541923f,-0.5363820324759856f,-0.2775350166698254f,-0.02138313251308549f,0.9997411527970114f,-0.007771039057338815f,11.011738810517832f,0.5364158218486133f,0.004913235347181686f,-0.8439395275663417f,-3.255825346680457f,0f,0f,0f,1f],start_interpolation:0}
execute if entity @s[tag=aj.cutscenes.bone.blade] run data modify entity @s {} merge value {transformation:[-0.0006644747134710305f,0.629179027855226f,-1.3616656378790306f,0.7692157171253254f,-1.4962263169079137f,-0.0968032444571939f,-0.043999323344103725f,10.876024677501816f,-0.10633140206699732f,1.3582204838573566f,0.6276390285544333f,-3.0899915158572058f,0f,0f,0f,1f],start_interpolation:0}
execute if entity @s[tag=aj.cutscenes.bone.bottom] run data modify entity @s {} merge value {transformation:[-0.9077770919193539f,-0.34334143990211413f,-0.24095104696262282f,0.489725945025391f,-0.02933288222940242f,0.6249978229450732f,-0.7800751908207534f,11.021129824556807f,0.41842601903628923f,-0.7010665995180926f,-0.5774299001901281f,-3.684947192662397f,0f,0f,0f,1f],start_interpolation:0}
execute if entity @s[tag=aj.cutscenes.bone.leftarm] run data modify entity @s {} merge value {transformation:[0.04737655615466102f,-0.9716807477286341f,-0.23149943071300833f,0.24976679285289882f,-0.5822365274513783f,0.1614529069896601f,-0.7968271989120028f,11.02510326833851f,0.8116379045043944f,0.17253835318012872f,-0.5580989416345498f,-3.5910852353358402f,0f,0f,0f,1f],start_interpolation:0}
execute if entity @s[tag=aj.cutscenes.locator_origin.mount] at @s on origin run tp @s ^-0.02723 ^11.39302 ^-3.43129 ~-27.38485 ~-2.83617
execute if entity @s[tag=aj.cutscenes.bone.head] run data modify entity @s {} merge value {transformation:[-0.8872212015420973f,-0.04229364753168859f,-0.45940155301507485f,-0.016660934290156023f,-0.02197905391909241f,0.99853323448605f,-0.04948030735200482f,11.143388683527798f,0.4608204213389625f,-0.03380276623728486f,-0.886849430439964f,-3.4228411365897506f,0f,0f,0f,1f],start_interpolation:0}
execute if entity @s[tag=aj.cutscenes.bone.upper] run data modify entity @s {} merge value {transformation:[-0.8436828952363588f,-0.022214579053541923f,-0.5363820324759856f,4.1962841753705646e-16f,-0.02138313251308549f,0.9997411527970114f,-0.007771039057338815f,10.393582818930039f,0.5364158218486133f,0.004913235347181686f,-0.8439395275663417f,-3.426526063100137f,0f,0f,0f,1f],start_interpolation:0}
execute if entity @s[tag=aj.cutscenes.bone.bottom3] run data modify entity @s {} merge value {transformation:[-0.9914448613738105f,-0.03924998298777886f,0.12448504203688393f,-0.112680910699905f,3.469446951953614e-18f,0.9537169507482269f,0.30070579950427306f,10.095546271821219f,-0.13052619222005094f,0.29813321970381484f,-0.9455577700244291f,-3.5205084829589546f,0f,0f,0f,1f],start_interpolation:0}
execute if entity @s[tag=aj.cutscenes.bone.rightleg] run data modify entity @s {} merge value {transformation:[-0.9914448613738105f,-0.03924998298777886f,0.12448504203688393f,-0.11874999999999958f,3.469446951953614e-18f,0.9537169507482269f,0.30070579950427306f,10.393582818930039f,-0.13052619222005094f,0.29813321970381484f,-0.9455577700244291f,-3.426526063100137f,0f,0f,0f,1f],start_interpolation:0}
execute if entity @s[tag=aj.cutscenes.bone.bottom4] run data modify entity @s {} merge value {transformation:[-0.9848077530122079f,-0.05221701409779454f,-0.16561121050749172f,0.15406164153463348f,-6.938893903907228e-18f,0.9537169507482269f,-0.3007057995042731f,10.130022992113512f,0.17364817766693094f,-0.29613740272754274f,-0.9392278472760159f,-3.2622561079635632f,0f,0f,0f,1f],start_interpolation:0}
execute if entity @s[tag=aj.cutscenes.bone.leftleg] run data modify entity @s {} merge value {transformation:[-0.9848077530122079f,-0.09330109785058167f,-0.14645338762528573f,0.11875000000000041f,-6.938893903907228e-18f,0.8433914458128857f,-0.5372996083468239f,10.393582818930039f,0.17364817766693094f,-0.529136819990375f,-0.8305784346607052f,-3.426526063100137f,0f,0f,0f,1f],start_interpolation:0}
execute if entity @s[tag=aj.cutscenes.locator_origin.head2] at @s on origin run tp @s ^0 ^0.125 ^2.4375 ~-180 ~-90
execute if entity @s[tag=aj.cutscenes.locator_origin.mount2] at @s on origin run tp @s ^0 ^0.125 ^2.6875 ~-180 ~-90
execute if entity @s[tag=aj.cutscenes.bone.bottom8] run data modify entity @s {} merge value {transformation:[0.9622501286096569f,0.22402208783089977f,-0.15456000179407237f,-0.20005273250540956f,-0.14415265413281164f,-0.06219217748722971f,-0.9875991825461699f,0.09260081310390082f,-0.2308564538780864f,0.9725976749012316f,-0.027551052240403343f,1.3236633031953648f,0f,0f,0f,1f],start_interpolation:0}
execute if entity @s[tag=aj.cutscenes.bone.leftleg2] run data modify entity @s {} merge value {transformation:[0.9622501286096569f,0.24092374144511677f,-0.12661137705113842f,-0.1187500000000002f,-0.14415265413281164f,0.05656045115017361f,-0.9879377144699735f,0.109375f,-0.2308564538780864f,0.9688945588523942f,0.08915509816639564f,1.625f,0f,0f,0f,1f],start_interpolation:0}
execute if entity @s[tag=aj.cutscenes.bone.projectile2] run data modify entity @s {} merge value {transformation:[-1.6044817335336945e-16f,-6.456951689933621e-16f,-1.4999999999999996f,0.6005131250000004f,-0.5130302149885031f,-1.409538931178862f,5.828670879282072e-16f,10.896245625f,-1.4095389311788624f,0.5130302149885031f,-5.167639272596499e-16f,-3.3273043749999998f,0f,0f,0f,1f],start_interpolation:0}
execute if entity @s[tag=aj.cutscenes.camera_origin.camera] at @s on origin run tp @s ^-7.71875 ^10.22375 ^-1.46875 ~-67.5 ~30