execute if entity @s[tag=aj.cutscenes.locator_origin.head] at @s on origin run tp @s ^-1.1697 ^1.25425 ^1.84247 ~-95.07881 ~-24.05568
execute if entity @s[tag=aj.cutscenes.bone.blade2] run data modify entity @s {} merge value {transformation:[7.553777366230639e-7f,7.912397779572325e-7f,-0.000009939987127194497f,-1.082900431353197f,-0.000008299478777519781f,0.000005575277349831612f,-1.8690771507142393e-7f,1.9132948146725672f,0.000005527029626889375f,0.000008263789813773867f,0.000001077831813064715f,2.8011458191833367f,0f,0f,0f,1f],start_interpolation:0}
execute if entity @s[tag=aj.cutscenes.bone.heart] run data modify entity @s {} merge value {transformation:[-0.9939987127194496f,0.00223690400792154f,0.10936889581839641f,-1.0175513639692477f,-0.01869077150714229f,-0.9885620392289556f,-0.14965209539446966f,1.842767209651151f,0.10778318130647138f,-0.1507981792196014f,0.9826712038985925f,2.369195760472798f,0f,0f,0f,1f],start_interpolation:0}
execute if entity @s[tag=aj.cutscenes.bone.bottom2] run data modify entity @s {} merge value {transformation:[0.10936889581839664f,0.00223690400792154f,0.9939987127194496f,-1.1010644238856389f,-0.14965209539446966f,-0.9885620392289556f,0.018690771507142323f,1.4181643569266418f,0.9826712038985925f,-0.1507981792196014f,-0.1077831813064716f,2.2502251678601284f,0f,0f,0f,1f],start_interpolation:0}
execute if entity @s[tag=aj.cutscenes.bone.rightarm] run data modify entity @s {} merge value {transformation:[0.10910728776117672f,0.007884089641533032f,0.9939987127194496f,-1.1059126069603291f,-0.09838155559587856f,-0.9949732280714901f,0.018690771507142323f,1.1755698971335116f,0.9891494676114094f,-0.09983043900294855f,-0.1077831813064716f,2.163445716383678f,0f,0f,0f,1f],start_interpolation:0}
execute if entity @s[tag=aj.cutscenes.bone.blade] run data modify entity @s {} merge value {transformation:[-0.47817974925962053f,0.000009037687811448398f,0.0000028561715277696074f,-0.4348400007399139f,-1.3859439299760492f,-0.000002291218896825312f,-0.0000030626171249529006f,0.6932102421030204f,-0.3170229492647969f,-0.0000036153167205139364f,0.000009080895360585508f,1.129335297641788f,0f,0f,0f,1f],start_interpolation:0}
execute if entity @s[tag=aj.cutscenes.bone.bottom] run data modify entity @s {} merge value {transformation:[0.28561715277696104f,-0.5574756202956526f,-0.7795150895367963f,-1.0033300199243218f,-0.3062617124952901f,0.7176488512168198f,-0.6254469520324095f,0.940143903908042f,0.9080895360585509f,0.4173740038899839f,0.034239383432084325f,1.391985556595252f,0f,0f,0f,1f],start_interpolation:0}
execute if entity @s[tag=aj.cutscenes.bone.leftarm] run data modify entity @s {} merge value {transformation:[0.2571836499171125f,-0.5711504139889532f,-0.7795150895367963f,-1.1300436453017406f,-0.2697366434040803f,0.7321599916674421f,-0.6254469520324095f,1.1063253616121476f,0.9279540470413457f,0.37111851368771476f,0.034239383432084325f,1.5427623129572647f,0f,0f,0f,1f],start_interpolation:0}
execute if entity @s[tag=aj.cutscenes.locator_origin.mount] at @s on origin run tp @s ^-1.27798 ^1.47942 ^1.83388 ~-98.08138 ~-25.20813
execute if entity @s[tag=aj.cutscenes.bone.head] run data modify entity @s {} merge value {transformation:[0.09991323833734675f,-0.43311932862130265f,-0.8957817769856542f,-1.1696987513572419f,0.08589266771600396f,0.9006803885114879f,-0.4259076042798759f,1.2542481019929577f,0.9912818945373574f,-0.03438727854057677f,0.1271916688977706f,1.8424748176045656f,0f,0f,0f,1f],start_interpolation:0}
execute if entity @s[tag=aj.cutscenes.bone.upper] run data modify entity @s {} merge value {transformation:[0.03860966134625836f,-0.41376500180965564f,-0.9095646306492919f,-0.8593750000000002f,0.11079125683418256f,0.9064037809610244f,-0.407624193674347f,0.5744452662721893f,0.9930934454822614f,-0.08503357652724594f,0.08083748761036284f,1.90625f,0f,0f,0f,1f],start_interpolation:0}
execute if entity @s[tag=aj.cutscenes.locator_origin.head2] at @s on origin run tp @s ^0 ^0.125 ^2.4375 ~-180 ~-90
execute if entity @s[tag=aj.cutscenes.locator_origin.mount2] at @s on origin run tp @s ^0 ^0.125 ^2.6875 ~-180 ~-90
execute if entity @s[tag=aj.cutscenes.camera_origin.camera] at @s on origin run tp @s ^3.375 ^-0.44813 ^1.90625 ~90 ~-20