execute if entity @s[tag=aj.cutscenes.locator_origin.head] at @s on origin run tp @s ^-0.00048 ^1.4999 ^-0.01243 ~0.75786 ~-0.94922
execute if entity @s[tag=aj.cutscenes.bone.blade2] run data modify entity @s {} merge value {transformation:[-0.002237378014803852f,0.01607044403106806f,1.4999122424222902f,-0.37387561134423025f,1.4983986605824349f,-0.06922855128401852f,0.0029768526804939063f,0.8593506444325973f,0.06925639396029955f,1.4983154369209977f,-0.015950027581651854f,0.3973418660026656f,0f,0f,0f,1f],start_interpolation:0}
execute if entity @s[tag=aj.cutscenes.bone.heart] run data modify entity @s {} merge value {transformation:[-1.0713629354045374e-7f,-1.4915853432023463e-8f,0.000009999414949481934f,-0.2933961930576914f,4.6152367522679017e-7f,0.0000099893244038829f,1.9845684536623827e-8f,0.6845236808744408f,-0.000009988769579473318f,4.6170929306866367e-7f,-1.0633351721101246e-7f,0.02083449464583112f,0f,0f,0f,1f],start_interpolation:0}
execute if entity @s[tag=aj.cutscenes.bone.bottom2] run data modify entity @s {} merge value {transformation:[-0.9999414949481934f,-0.001491585343202346f,-0.010713629354045151f,-0.3730061932314548f,-0.0019845684536623723f,0.99893244038829f,0.04615236752267901f,1.1250072328465845f,0.010633351721101024f,0.046170929306866365f,-0.9988769579473318f,-0.03617225551883912f,0f,0f,0f,1f],start_interpolation:0}
execute if entity @s[tag=aj.cutscenes.bone.rightarm] run data modify entity @s {} merge value {transformation:[-0.9998975403977202f,-0.009431918678298118f,-0.010767897503016476f,-0.3128705766261718f,-0.010354395917039641f,0.9959687007833058f,0.08910181561117095f,1.374646557787226f,0.009884087807313842f,0.08920418134852134f,-0.9959643160465927f,-0.014488965669665899f,0f,0f,0f,1f],start_interpolation:0}
execute if entity @s[tag=aj.cutscenes.bone.blade] run data modify entity @s {} merge value {transformation:[0.05653949061162924f,-0.07080071796958512f,-1.4972610140975315f,0.3768290517366511f,-1.4982229364755209f,0.04347815011002764f,-0.0586317583027953f,0.8954063777231337f,0.0461662064723212f,1.497697201973083f,-0.06907801808067339f,0.44484665976413607f,0f,0f,0f,1f],start_interpolation:0}
execute if entity @s[tag=aj.cutscenes.bone.bottom] run data modify entity @s {} merge value {transformation:[-0.9981740093983544f,-0.03769299374108638f,0.04720047864638986f,0.3826028948847642f,-0.03908783886853042f,0.9988152909836805f,-0.028985433406685104f,1.1273302728138905f,-0.046052012053782024f,-0.030777470981547473f,-0.9984648013153886f,-0.007576418819846059f,0f,0f,0f,1f],start_interpolation:0}
execute if entity @s[tag=aj.cutscenes.bone.leftarm] run data modify entity @s {} merge value {transformation:[-0.9984416652691199f,-0.0325026096639365f,0.04536321659296854f,0.31207463838946004f,-0.03169870754193872f,0.9993293788273923f,0.018329881413383847f,1.3751814482993674f,-0.045928564040229165f,0.01686336198662233f,-0.9988023798668637f,-0.0062311135757048f,0f,0f,0f,1f],start_interpolation:0}
execute if entity @s[tag=aj.cutscenes.locator_origin.mount] at @s on origin run tp @s ^-0.00068 ^1.74986 ^-0.01667 ~-0.30498 ~-0.97236
execute if entity @s[tag=aj.cutscenes.bone.head] run data modify entity @s {} merge value {transformation:[-0.999985515581392f,-0.0008019863537266299f,-0.005322165471494774f,-0.0004775629420270409f,-0.0007115632132845343f,0.9998557440464318f,-0.016970114176095143f,1.4998968036519558f,0.005335007517430044f,-0.016966081316693065f,-0.9998418323812743f,-0.01243204754722242f,0f,0f,0f,1f],start_interpolation:0}
execute if entity @s[tag=aj.cutscenes.bone.upper] run data modify entity @s {} merge value {transformation:[-0.999912344025011f,-0.0006367505893693879f,0.013224931572419284f,0f,-0.0008558248194263422f,0.9998624048692745f,-0.016566197297797666f,0.75f,-0.013212563350337759f,-0.01657606339629656f,-0.9997753059022788f,0f,0f,0f,0f,1f],start_interpolation:0}
execute if entity @s[tag=aj.cutscenes.bone.bottom3] run data modify entity @s {} merge value {transformation:[-0.9998331487560889f,0.0014162420675098493f,0.018211779344447693f,-0.12533948859019783f,1.0842021724855044e-19f,0.9969899348670549f,-0.07753108907906375f,0.43805654210055883f,-0.0182667634923277f,-0.07751815292040913f,-0.9968235858562554f,0.018524853949740547f,0f,0f,0f,1f],start_interpolation:0}
execute if entity @s[tag=aj.cutscenes.bone.rightleg] run data modify entity @s {} merge value {transformation:[-0.9998331487560889f,0.0010897005135112985f,0.018234231578969525f,-0.11875f,1.0842021724855044e-19f,0.9982190652782118f,-0.0596548213901706f,0.75f,-0.0182667634923277f,-0.05964486790901635f,-0.9980525111854743f,-1.4542680739874818e-17f,0f,0f,0f,1f],start_interpolation:0}
execute if entity @s[tag=aj.cutscenes.bone.bottom4] run data modify entity @s {} merge value {transformation:[-0.9999989139074702f,-0.000028789142850520202f,0.0014735518535699604f,0.12501269840393922f,0f,0.9998092026579554f,0.019533516848321764f,0.4376189237258021f,-0.0014738330569998535f,0.019533495633115038f,-0.9998081167726492f,-0.00861128878130586f,0f,0f,0f,1f],start_interpolation:0}
execute if entity @s[tag=aj.cutscenes.bone.leftleg] run data modify entity @s {} merge value {transformation:[-0.9999989139074702f,-0.000040656614456077204f,0.0014732721811011379f,0.11875f,0f,0.9996194440774333f,0.027585630721866247f,0.75f,-0.0014738330569998535f,0.027585600761318795f,-0.9996183583982226f,1.4542680739874818e-17f,0f,0f,0f,1f],start_interpolation:0}
execute if entity @s[tag=aj.cutscenes.locator_origin.head2] at @s on origin run tp @s ^0 ^0.73375 ^2.10854 ~-180 ~-35.74074
execute if entity @s[tag=aj.cutscenes.bone.bottom5] run data modify entity @s {} merge value {transformation:[0.9763825513935852f,-0.1260315724267425f,-0.17547978825436233f,0.40503180256878435f,0.11852113546416654f,0.991552884401114f,-0.0526841331343294f,0.39181209285211704f,0.18063735433856906f,0.030641804572737408f,0.9830723401815802f,2.0391579939277094f,0f,0f,0f,1f],start_interpolation:0}
execute if entity @s[tag=aj.cutscenes.bone.rightarm2] run data modify entity @s {} merge value {transformation:[0.9763825513935852f,-0.1260315724267425f,-0.17547978825436233f,0.31249999999999967f,0.11852113546416654f,0.991552884401114f,-0.0526841331343294f,0.6322927429858851f,0.18063735433856906f,0.030641804572737408f,0.9830723401815802f,2.035528610424733f,0f,0f,0f,1f],start_interpolation:0}
execute if entity @s[tag=aj.cutscenes.bone.bottom6] run data modify entity @s {} merge value {transformation:[0.9763824522960998f,0.12603197660622187f,0.17548004935314768f,-0.40503189742006207f,-0.11852152480128977f,0.9915528341453501f,-0.052684203107773886f,0.3918121297496282f,-0.1806376345256759f,0.03064176840609356f,0.9830722898250748f,2.039158020481064f,0f,0f,0f,1f],start_interpolation:0}
execute if entity @s[tag=aj.cutscenes.bone.leftarm2] run data modify entity @s {} merge value {transformation:[0.9763824522960998f,0.12603197660622187f,0.17548004935314768f,-0.31250000000000033f,-0.11852152480128977f,0.9915528341453501f,-0.052684203107773886f,0.6322927429858851f,-0.1806376345256759f,0.03064176840609356f,0.9830722898250748f,2.0355286104247328f,0f,0f,0f,1f],start_interpolation:0}
execute if entity @s[tag=aj.cutscenes.locator_origin.mount2] at @s on origin run tp @s ^0 ^0.97605 ^2.17012 ~-180 ~-14.25926
execute if entity @s[tag=aj.cutscenes.bone.head2] run data modify entity @s {} merge value {transformation:[1f,-6.03285315026393e-17f,-2.3738335997539795e-16f,-3.2718059463873623e-16f,0f,0.9691911175559904f,-0.24630992194909734f,0.7337512915830621f,2.4492935982947064e-16f,0.24630992194909734f,0.9691911175559904f,2.1085434234187703f,0f,0f,0f,1f],start_interpolation:0}
execute if entity @s[tag=aj.cutscenes.bone.upper2] run data modify entity @s {} merge value {transformation:[1f,-1.43067771237585e-16f,-1.9880141885707043e-16f,-2.1987976621054752e-16f,0f,0.8116683887774161f,-0.5841185039523001f,0.125f,2.4492935982947064e-16f,0.5841185039523001f,0.8116683887774161f,1.6704545454545454f,0f,0f,0f,1f],start_interpolation:0}
execute if entity @s[tag=aj.cutscenes.bone.bottom7] run data modify entity @s {} merge value {transformation:[0.9622501286096566f,-0.26905160752600293f,-0.0410599863416072f,0.14990824345820042f,0.14415265413281164f,0.631786054861004f,-0.7616208986035211f,0.3164112197597784f,0.23085645387808684f,0.7269509016232408f,0.6467207158673616f,1.313375937926449f,0f,0f,0f,1f],start_interpolation:0}
execute if entity @s[tag=aj.cutscenes.bone.rightleg2] run data modify entity @s {} merge value {transformation:[0.9622501286096566f,-0.08046137649404879f,0.2600012632342047f,0.1187499999999998f,0.14415265413281164f,-0.6596328501486346f,-0.737634404912932f,0.109375f,0.23085645387808684f,0.7472686731674707f,-0.6231330739138815f,1.5454545454545454f,0f,0f,0f,1f],start_interpolation:0}
execute if entity @s[tag=aj.cutscenes.bone.bottom8] run data modify entity @s {} merge value {transformation:[0.9622501596175491f,0.2690515754176501f,0.041059470056027524f,-0.1499080826063385f,-0.14415302128414476f,0.6317859954101271f,-0.7616208784285573f,0.3164112185713518f,-0.2308560953725376f,0.726950965175035f,0.6467207724052402f,1.313375915270782f,0f,0f,0f,1f],start_interpolation:0}
execute if entity @s[tag=aj.cutscenes.bone.leftleg2] run data modify entity @s {} merge value {transformation:[0.9622501596175491f,0.08046086114793162f,-0.2600013079569688f,-0.11875000000000019f,-0.14415302128414476f,-0.6596328390026429f,-0.7376343431294164f,0.109375f,-0.2308560953725376f,0.7472687384954934f,-0.6231331283896718f,1.5454545454545454f,0f,0f,0f,1f],start_interpolation:0}
execute if entity @s[tag=aj.cutscenes.camera_origin.camera] at @s on origin run tp @s ^-2.40937 ^-0.12 ^0.95 ~-90 ~0