execute if entity @s[tag=aj.cutscenes.locator_origin.head] at @s on origin run tp @s ^-0.52085 ^1.25441 ^1.81491 ~-88.93166 ~26.92815
execute if entity @s[tag=aj.cutscenes.bone.blade2] run data modify entity @s {} merge value {transformation:[2.895551486379472e-8f,0.000006222904242104514f,0.000007827810956567401f,0.05187550458526613f,-0.000001748122365885788f,-0.00000770415803682481f,0.0000061310698199839155f,0.4619861091905476f,0.000009845975308320088f,-0.0000013861499692404772f,0.0000010655320223840144f,2.0446811958030646f,0f,0f,0f,1f],start_interpolation:0}
execute if entity @s[tag=aj.cutscenes.bone.heart] run data modify entity @s {} merge value {transformation:[0.0000078278109565674f,-0.0000041827849240110165f,0.00000460756832914169f,-0.2782718631526363f,0.000006131069819983916f,0.000003916002725263845f,-0.000006861115471860867f,0.726377029191623f,0.0000010655320223840129f,0.00000819568379912209f,0.000005629867544985578f,1.9145825643930217f,0f,0f,0f,1f],start_interpolation:0}
execute if entity @s[tag=aj.cutscenes.bone.bottom2] run data modify entity @s {} merge value {transformation:[0.4607568329141688f,-0.41827849240110165f,-0.78278109565674f,-0.428911232537071f,-0.6861115471860868f,0.39160027252638446f,-0.6131069819983914f,0.9884831030896709f,0.5629867544985577f,0.819568379912209f,-0.10655320223840141f,2.2462815273733283f,0f,0f,0f,1f],start_interpolation:0}
execute if entity @s[tag=aj.cutscenes.bone.rightarm] run data modify entity @s {} merge value {transformation:[-0.19386331246081695f,-0.5913296647084039f,-0.78278109565674f,-0.5646271916853709f,0.07755243067450342f,0.7861841063779531f,-0.6131069819983914f,1.1801821027670027f,0.9779584022739393f,-0.17956552707729379f,-0.10655320223840141f,2.1402677454618835f,0f,0f,0f,1f],start_interpolation:0}
execute if entity @s[tag=aj.cutscenes.bone.blade] run data modify entity @s {} merge value {transformation:[-0.7244779855987967f,0.0000034100002466022165f,-0.000008065011842773142f,-0.2142118999182305f,-1.1638588387253144f,0.0000026020988872396747f,0.000005746832691314204f,1.0416850435756297f,0.6087398885432687f,0.000009033326059608324f,0.000001389063711271482f,2.2057378161806396f,0f,0f,0f,1f],start_interpolation:0}
execute if entity @s[tag=aj.cutscenes.bone.bottom] run data modify entity @s {} merge value {transformation:[-0.8065011842773142f,-0.0023018665066557586f,-0.5912279942373122f,-0.39202148507444523f,0.5746832691314206f,0.23188987446203976f,-0.7848351586813646f,0.9483424610671372f,0.13890637112714843f,-0.9727393214693056f,-0.18569661420640374f,1.5632324018141404f,0f,0f,0f,1f],start_interpolation:0}
execute if entity @s[tag=aj.cutscenes.bone.leftarm] run data modify entity @s {} merge value {transformation:[-0.4253349909285945f,-0.6852295997123133f,-0.5912279942373122f,-0.5899123219355608f,0.10779875874725771f,0.610256668386465f,-0.7848351586813646f,1.107644050585457f,0.8985931076434557f,-0.39755149901359327f,-0.18569661420640374f,1.5200065962884581f,0f,0f,0f,1f],start_interpolation:0}
execute if entity @s[tag=aj.cutscenes.locator_origin.mount] at @s on origin run tp @s ^-0.34327 ^1.42941 ^1.7964 ~-71.59374 ~42.90617
execute if entity @s[tag=aj.cutscenes.bone.head] run data modify entity @s {} merge value {transformation:[-0.11147237492003945f,0.7103184232161137f,-0.6949975879594549f,-0.520848708172559f,0.2157504648575303f,0.6999739224391488f,0.6807997097670593f,1.2544116683428368f,0.9700647640974522f,-0.07405569218450704f,-0.23127928552213192f,1.814914605050205f,0f,0f,0f,1f],start_interpolation:0}
execute if entity @s[tag=aj.cutscenes.bone.upper] run data modify entity @s {} merge value {transformation:[0.040456208400303756f,0.451368389103255f,-0.8914201436585354f,-0.8593750000000002f,0.11606088349047322f,0.8839887333328553f,0.4528728195244057f,0.5914201183431953f,0.9924178386774807f,-0.1217805265997267f,-0.016623381599760918f,1.90625f,0f,0f,0f,1f],start_interpolation:0}
execute if entity @s[tag=aj.cutscenes.locator_origin.head2] at @s on origin run tp @s ^0 ^0.125 ^2.4375 ~-180 ~-90
execute if entity @s[tag=aj.cutscenes.locator_origin.mount2] at @s on origin run tp @s ^0 ^0.125 ^2.6875 ~-180 ~-90
execute if entity @s[tag=aj.cutscenes.camera_origin.camera] at @s on origin run tp @s ^3.375 ^-0.44813 ^1.90625 ~90 ~0