execute if entity @s[tag=aj.cutscenes.locator_origin.head] at @s on origin run tp @s ^-1.18304 ^1.24922 ^1.84368 ~-95.22975 ~-25.17321
execute if entity @s[tag=aj.cutscenes.bone.blade2] run data modify entity @s {} merge value {transformation:[0.0000012532433385963777f,4.649343762966112e-7f,-0.000009910258178271717f,-1.1366206523806148f,-0.000008129936715852142f,0.0000057732740640053314f,-7.572552925682549e-7f,1.9196173407997974f,0.000005686256249106533f,0.000008151879697813323f,0.0000011015204318921553f,2.7936307255210626f,0f,0f,0f,1f],start_interpolation:0}
execute if entity @s[tag=aj.cutscenes.bone.heart] run data modify entity @s {} merge value {transformation:[-0.9910258178271716f,0.06098827992454799f,0.11894645060627101f,-1.0675632883367399f,-0.07572552925682538f,-0.9894385513821782f,-0.12360015071799141f,1.844659413150974f,0.11015204318921541f,-0.1314982233742399f,0.9851775193490053f,2.363005730366401f,0f,0f,0f,1f],start_interpolation:0}
execute if entity @s[tag=aj.cutscenes.bone.bottom2] run data modify entity @s {} merge value {transformation:[0.11894645060627124f,0.06098827992454799f,0.9910258178271716f,-1.1257389610503898f,-0.1236001507179914f,-0.9894385513821782f,0.07572552925682541f,1.413588999367956f,0.9851775193490053f,-0.1314982233742399f,-0.11015204318921563f,2.2525072910550157f,0f,0f,0f,1f],start_interpolation:0}
execute if entity @s[tag=aj.cutscenes.bone.rightarm] run data modify entity @s {} merge value {transformation:[0.11727583909559045f,0.0641420763961561f,0.9910258178271716f,-1.1170331818948251f,-0.09714087709565772f,-0.9923856580059285f,0.07572552925682541f,1.1715638896849525f,0.9883370010080123f,-0.1051498921527249f,-0.11015204318921563f,2.164448755453834f,0f,0f,0f,1f],start_interpolation:0}
execute if entity @s[tag=aj.cutscenes.bone.blade] run data modify entity @s {} merge value {transformation:[-0.47728030701770513f,0.000009024576068070992f,0.000002903917747106416f,-0.4496239039293173f,-1.3936706864532447f,-0.0000023596760981479016f,-0.0000028472240963757034f,0.6834780430987619f,-0.28264027712629036f,-0.0000036040193539199743f,0.0000091356760375496f,1.1317751061386059f,0f,0f,0f,1f],start_interpolation:0}
execute if entity @s[tag=aj.cutscenes.bone.bottom] run data modify entity @s {} merge value {transformation:[0.29039177471064187f,-0.5567455017403542f,-0.778271844198597f,-1.0173005521658318f,-0.28472240963757034f,0.7262111271542848f,-0.6257400005173704f,0.9355050295638784f,0.91356760375496f,0.4033011840909773f,0.05236781721855659f,1.3913284049296546f,0f,0f,0f,1f],start_interpolation:0}
execute if entity @s[tag=aj.cutscenes.bone.leftarm] run data modify entity @s {} merge value {transformation:[0.2754096203229963f,-0.5643070773623683f,-0.778271844198597f,-1.1411642202362366f,-0.2652134884228664f,0.7335606705045571f,-0.6257400005173704f,1.1023193541635885f,0.9240191267458251f,0.3787430067046079f,0.05236781721855659f,1.5437653520274206f,0f,0f,0f,1f],start_interpolation:0}
execute if entity @s[tag=aj.cutscenes.locator_origin.mount] at @s on origin run tp @s ^-1.30281 ^1.46856 ^1.837 ~-98.78006 ~-28.14696
execute if entity @s[tag=aj.cutscenes.bone.head] run data modify entity @s {} merge value {transformation:[0.10547834571566247f,-0.479085218546063f,-0.8714078677380405f,-1.1830434412786368f,0.08776707063934788f,0.8773615154156623f,-0.47173479051149103f,1.2492189995635625f,0.990540892591757f,-0.026723110563771465f,0.1345905474590305f,1.8436784644887525f,0f,0f,0f,1f],start_interpolation:0}
execute if entity @s[tag=aj.cutscenes.bone.upper] run data modify entity @s {} merge value {transformation:[0.038609661346258366f,-0.43155792170484897f,-0.9012585945579208f,-0.8593750000000002f,0.11079125683418257f,0.8982190211143357f,-0.4253561889963597f,0.5755547337278106f,0.9930934454822614f,-0.08342871401499652f,0.08249277676242016f,1.90625f,0f,0f,0f,1f],start_interpolation:0}
execute if entity @s[tag=aj.cutscenes.locator_origin.head2] at @s on origin run tp @s ^0 ^0.125 ^2.4375 ~-180 ~-90
execute if entity @s[tag=aj.cutscenes.locator_origin.mount2] at @s on origin run tp @s ^0 ^0.125 ^2.6875 ~-180 ~-90
execute if entity @s[tag=aj.cutscenes.camera_origin.camera] at @s on origin run tp @s ^3.375 ^-0.44813 ^1.90625 ~90 ~-20