execute if entity @s[tag=aj.cutscenes.locator_origin.head] at @s on origin run tp @s ^-1.17535 ^1.25182 ^1.84279 ~-94.74411 ~-24.57113
execute if entity @s[tag=aj.cutscenes.bone.blade2] run data modify entity @s {} merge value {transformation:[4.6576399321161476e-7f,8.876998097757636e-7f,-0.000009949625769361966f,-1.0734736488514538f,-0.00000846662599835824f,0.000005320723849860204f,7.837038632817531e-8f,1.8938793944186485f,0.000005300878050526345f,0.000008420325810872933f,9.994023875272314e-7f,2.8163293983350486f,0f,0f,0f,1f],start_interpolation:0}
execute if entity @s[tag=aj.cutscenes.bone.heart] run data modify entity @s {} merge value {transformation:[-0.9949625769361966f,-0.02563240622896831f,0.09691465445120612f,-1.0067149205199148f,0.007837038632817634f,-0.9836880398229572f,-0.17971205061079482f,1.8333138333436876f,0.09994023875272301f,-0.1780472410911842f,0.9789336691614333f,2.3830851463232325f,0f,0f,0f,1f],start_interpolation:0}
execute if entity @s[tag=aj.cutscenes.bone.bottom2] run data modify entity @s {} merge value {transformation:[0.09691465445120634f,-0.02563240622896831f,0.9949625769361966f,-1.1017177154714293f,-0.17971205061079482f,-0.9836880398229572f,-0.007837038632817594f,1.4147945877275074f,0.9789336691614333f,-0.1780472410911842f,-0.09994023875272323f,2.2518139551758063f,0f,0f,0f,1f],start_interpolation:0}
execute if entity @s[tag=aj.cutscenes.bone.rightarm] run data modify entity @s {} merge value {transformation:[0.09855817425343869f,-0.01832366732704993f,0.9949625769361966f,-1.1124585181940316f,-0.1057526757740068f,-0.9943615803077401f,-0.007837038632817594f,1.1728137348864478f,0.9894961636380742f,-0.10444755058679966f,-0.09994023875272323f,2.163858557301727f,0f,0f,0f,1f],start_interpolation:0}
execute if entity @s[tag=aj.cutscenes.bone.blade] run data modify entity @s {} merge value {transformation:[-0.3974401147849601f,0.000009233181280324307f,0.0000027799243208305298f,-0.4051043599237155f,-1.3968204891909553f,-0.0000017018783246603582f,-0.0000032229989468574376f,0.7402715544358459f,-0.3754116089521708f,-0.0000034426695474181084f,0.000009048994339649613f,1.138942409496928f,0f,0f,0f,1f],start_interpolation:0}
execute if entity @s[tag=aj.cutscenes.bone.bottom] run data modify entity @s {} merge value {transformation:[0.27799243208305324f,-0.6043630756393119f,-0.7466361098341951f,-0.9921188694273527f,-0.32229989468574377f,0.6735319231525145f,-0.665189842360836f,0.9487299137426192f,0.9048994339649614f,0.4255584816429662f,-0.007549378227758793f,1.3940921142594054f,0f,0f,0f,1f],start_interpolation:0}
execute if entity @s[tag=aj.cutscenes.bone.leftarm] run data modify entity @s {} merge value {transformation:[0.23563291529931046f,-0.6221026030480885f,-0.7466361098341951f,-1.132917462983168f,-0.2750626009644181f,0.6941635536173413f,-0.665189842360836f,1.1050793895866784f,0.9321039077153562f,0.36211229212792134f,-0.007549378227758793f,1.5428766815235955f,0f,0f,0f,1f],start_interpolation:0}
execute if entity @s[tag=aj.cutscenes.locator_origin.mount] at @s on origin run tp @s ^-1.32341 ^1.45321 ^1.83852 ~-98.27966 ~-35.92261
execute if entity @s[tag=aj.cutscenes.bone.head] run data modify entity @s {} merge value {transformation:[0.08391501243851215f,-0.5922543664795132f,-0.8013694753816086f,-1.1753505887063198f,0.08276389327279575f,0.8055697501862144f,-0.5866920108159387f,1.2518172356306212f,0.9930299132744058f,-0.01709219034736456f,0.11661667278462301f,1.8427911432951933f,0f,0f,0f,1f],start_interpolation:0}
execute if entity @s[tag=aj.cutscenes.bone.upper] run data modify entity @s {} merge value {transformation:[0.0327343116626181f,-0.42130078494175943f,-0.9063300245757236f,-0.8593750000000002f,0.10837495247963144f,0.9029653871524654f,-0.4158225333957213f,0.5745931952662722f,0.9935710012450103f,-0.08461180893974227f,0.07521640295130005f,1.90625f,0f,0f,0f,1f],start_interpolation:0}
execute if entity @s[tag=aj.cutscenes.locator_origin.head2] at @s on origin run tp @s ^0 ^0.125 ^2.4375 ~-180 ~-90
execute if entity @s[tag=aj.cutscenes.locator_origin.mount2] at @s on origin run tp @s ^0 ^0.125 ^2.6875 ~-180 ~-90
execute if entity @s[tag=aj.cutscenes.camera_origin.camera] at @s on origin run tp @s ^3.375 ^-0.44813 ^1.90625 ~90 ~-20