execute if entity @s[tag=aj.cutscenes.locator_origin.head] at @s on origin run tp @s ^0 ^1.45477 ^1.14714 ~0 ~20
execute if entity @s[tag=aj.cutscenes.bone.blade2] run data modify entity @s {} merge value {transformation:[0.18326602415056462f,0.2784673703385175f,1.4624874317575505f,-0.3558914725428882f,1.1382910044807493f,0.9235056365884785f,-0.3184822260464715f,1.288227870454608f,-0.959534863103083f,1.1487355060439544f,-0.09848646426635811f,1.7703708164756393f,0f,0f,0f,1f],start_interpolation:0}
execute if entity @s[tag=aj.cutscenes.bone.heart] run data modify entity @s {} merge value {transformation:[-0.0000018564491355901166f,0.0000012217734943370997f,0.000009749916211717005f,-0.3612815344426685f,-0.000006156704243923191f,0.000007588606696538329f,-0.000002123214840309812f,0.8677816171189798f,-0.000007658236706959696f,-0.000006396899087353887f,-6.565764284423861e-7f,1.6134124937743635f,0f,0f,0f,1f],start_interpolation:0}
execute if entity @s[tag=aj.cutscenes.bone.bottom2] run data modify entity @s {} merge value {transformation:[-0.9749916211717004f,0.12217734943370996f,-0.18564491355901144f,-0.39850367334125725f,0.21232148403098103f,0.7588606696538328f,-0.6156704243923191f,1.168271524126802f,0.06565764284423843f,-0.6396899087353887f,-0.7658236706959696f,1.2788476877767143f,0f,0f,0f,1f],start_interpolation:0}
execute if entity @s[tag=aj.cutscenes.bone.rightarm] run data modify entity @s {} merge value {transformation:[-0.9762960071199334f,0.0999406915850452f,-0.19198428229200917f,-0.3125000000000001f,0.20338670806338613f,0.72699213247341f,-0.6558325139125865f,1.3373078879911928f,0.07402670778046219f,-0.6793337158475701f,-0.7300861244044563f,1.1043875895785429f,0f,0f,0f,1f],start_interpolation:0}
execute if entity @s[tag=aj.cutscenes.bone.blade] run data modify entity @s {} merge value {transformation:[0.18414417903756938f,-0.2778874471396361f,-1.4624874317575505f,0.3561963477626571f,-1.141200662763532f,0.9199076687366833f,-0.3184822260464715f,1.2867056176156988f,0.9559037444401269f,1.1517588496389581f,-0.09848646426635847f,1.7707661428371304f,0f,0f,0f,1f],start_interpolation:0}
execute if entity @s[tag=aj.cutscenes.bone.bottom] run data modify entity @s {} merge value {transformation:[-0.9749916211717004f,-0.12276278602504648f,0.1852582980930905f,0.39850367334125697f,-0.21232148403098103f,0.7608004418423546f,-0.613271779157789f,1.168271524126802f,-0.06565764284423868f,-0.6372691629600846f,-0.7678392330926388f,1.2788476877767143f,0f,0f,0f,1f],start_interpolation:0}
execute if entity @s[tag=aj.cutscenes.bone.leftarm] run data modify entity @s {} merge value {transformation:[-0.9762960071199334f,-0.09994069158504504f,0.19198428229200934f,0.3124999999999999f,-0.20338670806338613f,0.72699213247341f,-0.6558325139125865f,1.3373078879911928f,-0.07402670778046244f,-0.6793337158475701f,-0.7300861244044563f,1.1043875895785429f,0f,0f,0f,1f],start_interpolation:0}
execute if entity @s[tag=aj.cutscenes.locator_origin.mount] at @s on origin run tp @s ^0 ^1.66562 ^1.28147 ~0 ~32.5
execute if entity @s[tag=aj.cutscenes.bone.head] run data modify entity @s {} merge value {transformation:[-1f,-6.580022455450642e-17f,1.0328566345430089e-16f,-1.4048414608163858e-16f,0f,0.8433914458128857f,0.5372996083468238f,1.4547694655894312f,-1.2246467991473532e-16f,0.5372996083468238f,-0.8433914458128857f,1.1471401074942515f,0f,0f,0f,1f],start_interpolation:0}
execute if entity @s[tag=aj.cutscenes.bone.upper] run data modify entity @s {} merge value {transformation:[-1f,-4.188538737676991e-17f,1.1507915602278503e-16f,-1.0907010554906114e-16f,0f,0.9396926207859084f,0.34202014332566866f,0.75f,-1.2246467991473532e-16f,0.34202014332566866f,-0.9396926207859084f,0.890625f,0f,0f,0f,1f],start_interpolation:0}
execute if entity @s[tag=aj.cutscenes.bone.bottom3] run data modify entity @s {} merge value {transformation:[-1f,0f,1.2246467991473532e-16f,-0.1250000000000001f,0f,1f,0f,0.4375f,-1.2246467991473532e-16f,0f,-1f,0.890625f,0f,0f,0f,1f],start_interpolation:0}
execute if entity @s[tag=aj.cutscenes.bone.rightleg] run data modify entity @s {} merge value {transformation:[-1f,0f,1.2246467991473532e-16f,-0.1187500000000001f,0f,1f,0f,0.75f,-1.2246467991473532e-16f,0f,-1f,0.890625f,0f,0f,0f,1f],start_interpolation:0}
execute if entity @s[tag=aj.cutscenes.bone.bottom4] run data modify entity @s {} merge value {transformation:[-1f,0f,1.2246467991473532e-16f,0.12499999999999989f,0f,1f,0f,0.4375f,-1.2246467991473532e-16f,0f,-1f,0.890625f,0f,0f,0f,1f],start_interpolation:0}
execute if entity @s[tag=aj.cutscenes.bone.leftleg] run data modify entity @s {} merge value {transformation:[-1f,0f,1.2246467991473532e-16f,0.11874999999999988f,0f,1f,0f,0.75f,-1.2246467991473532e-16f,0f,-1f,0.890625f,0f,0f,0f,1f],start_interpolation:0}
execute if entity @s[tag=aj.cutscenes.locator_origin.head2] at @s on origin run tp @s ^0 ^0.72002 ^2.14407 ~-180 ~-37.5
execute if entity @s[tag=aj.cutscenes.bone.bottom5] run data modify entity @s {} merge value {transformation:[0.9763824522960998f,-0.11502499706672469f,-0.18288399847459205f,0.40228015253518706f,0.11292007583994654f,0.9933623155785749f,-0.021917263986924063f,0.3795627635273749f,0.18419110543279588f,0.000748356981510212f,0.9828901650954052f,2.0793007479746226f,0f,0f,0f,1f],start_interpolation:0}
execute if entity @s[tag=aj.cutscenes.bone.rightarm2] run data modify entity @s {} merge value {transformation:[0.9763824522960998f,-0.11502499706672469f,-0.18288399847459205f,0.31249999999999967f,0.11292007583994654f,0.9933623155785749f,-0.021917263986924063f,0.620845837682022f,0.18419110543279588f,0.000748356981510212f,0.9828901650954052f,2.0679758931304506f,0f,0f,0f,1f],start_interpolation:0}
execute if entity @s[tag=aj.cutscenes.bone.bottom6] run data modify entity @s {} merge value {transformation:[0.9763824522960998f,0.11502499706672469f,0.18288399847459155f,-0.40228015253518773f,-0.11292007583994654f,0.9933623155785749f,-0.021917263986924063f,0.3795627635273749f,-0.1841911054327954f,0.000748356981510323f,0.9828901650954054f,2.079300747974622f,0f,0f,0f,1f],start_interpolation:0}
execute if entity @s[tag=aj.cutscenes.bone.leftarm2] run data modify entity @s {} merge value {transformation:[0.9763824522960998f,0.11502499706672469f,0.18288399847459155f,-0.31250000000000033f,-0.11292007583994654f,0.9933623155785749f,-0.021917263986924063f,0.620845837682022f,-0.1841911054327954f,0.000748356981510323f,0.9828901650954054f,2.06797589313045f,0f,0f,0f,1f],start_interpolation:0}
execute if entity @s[tag=aj.cutscenes.locator_origin.mount2] at @s on origin run tp @s ^0 ^0.95877 ^2.2182 ~-180 ~-17.24837
execute if entity @s[tag=aj.cutscenes.bone.head2] run data modify entity @s {} merge value {transformation:[1f,-7.26250725542125e-17f,-2.3391449322983317e-16f,-3.3379489266744253e-16f,0f,0.9550283942794509f,-0.29651436073150605f,0.7200150052184264f,2.4492935982947064e-16f,0.29651436073150605f,0.9550283942794509f,2.1440710717565405f,0f,0f,0f,1f],start_interpolation:0}
execute if entity @s[tag=aj.cutscenes.bone.upper2] run data modify entity @s {} merge value {transformation:[1f,-1.4910354709597969e-16f,-1.943155257561044e-16f,-2.2196723234545778e-16f,0f,0.7933533402912352f,-0.6087614290087207f,0.125f,2.4492935982947064e-16f,0.6087614290087207f,0.7933533402912352f,1.6875f,0f,0f,0f,1f],start_interpolation:0}
execute if entity @s[tag=aj.cutscenes.bone.bottom7] run data modify entity @s {} merge value {transformation:[0.9622501286096566f,-0.2690516075260029f,-0.04105998634160705f,0.14487441748775037f,0.14415265413281164f,0.6317860548610034f,-0.7616208986035214f,0.33016936604947866f,0.23085645387808687f,0.7269509016232413f,0.6467207158673609f,1.342025971275565f,0f,0f,0f,1f],start_interpolation:0}
execute if entity @s[tag=aj.cutscenes.bone.rightleg2] run data modify entity @s {} merge value {transformation:[0.9622501286096566f,-0.06435313338860871f,0.2644491713236538f,0.1187499999999998f,0.14415265413281164f,-0.7036589182756754f,-0.6957615532907613f,0.109375f,0.23085645387808687f,0.7076176940652168f,-0.6678192096283698f,1.5617136478342073f,0f,0f,0f,1f],start_interpolation:0}
execute if entity @s[tag=aj.cutscenes.bone.bottom8] run data modify entity @s {} merge value {transformation:[0.9622501286096569f,0.26905160752600255f,0.04105998634160674f,-0.14487441748775065f,-0.14415265413281164f,0.6317860548610034f,-0.7616208986035214f,0.33016936604947866f,-0.23085645387808643f,0.7269509016232415f,0.6467207158673609f,1.3420259712755649f,0f,0f,0f,1f],start_interpolation:0}
execute if entity @s[tag=aj.cutscenes.bone.leftleg2] run data modify entity @s {} merge value {transformation:[0.9622501286096569f,0.06435313338860837f,-0.2644491713236535f,-0.11875000000000019f,-0.14415265413281164f,-0.7036589182756754f,-0.6957615532907613f,0.109375f,-0.23085645387808643f,0.7076176940652168f,-0.66781920962837f,1.561713647834207f,0f,0f,0f,1f],start_interpolation:0}
execute if entity @s[tag=aj.cutscenes.camera_origin.camera] at @s on origin run tp @s ^-1.9375 ^-0.12 ^1.6875 ~-90 ~0