execute if entity @s[tag=aj.cutscenes.locator_origin.head] at @s on origin run tp @s ^-1.20126 ^1.24026 ^1.84471 ~-94.71437 ~-26.79359
execute if entity @s[tag=aj.cutscenes.bone.blade2] run data modify entity @s {} merge value {transformation:[0.0000010474827871625533f,4.983965495622452e-7f,-0.000009932491162341024f,-1.1483692706768756f,-0.000008497854327357815f,0.0000052330702951247504f,-6.335985458387263e-7f,1.8745662432570702f,0.000005166164112918229f,0.000008506854657608027f,9.716852333592572e-7f,2.828427900003461f,0f,0f,0f,1f],start_interpolation:0}
execute if entity @s[tag=aj.cutscenes.bone.heart] run data modify entity @s {} merge value {transformation:[-0.9932491162341024f,0.043557349127996664f,0.10751255943895856f,-1.076769275491218f,-0.06335985458387251f,-0.9800686454225433f,-0.18828430387775566f,1.8258217789342475f,0.0971685233359256f,-0.19382519855932648f,0.9762121032215044f,2.3944660182841773f,0f,0f,0f,1f],start_interpolation:0}
execute if entity @s[tag=aj.cutscenes.bone.bottom2] run data modify entity @s {} merge value {transformation:[0.10751255943895878f,0.043557349127996664f,0.9932491162341024f,-1.1420300574184437f,-0.18828430387775563f,-0.9800686454225433f,0.06335985458387255f,1.4038595269148795f,0.9762121032215044f,-0.19382519855932648f,-0.09716852333592582f,2.2562455283487473f,0f,0f,0f,1f],start_interpolation:0}
execute if entity @s[tag=aj.cutscenes.bone.rightarm] run data modify entity @s {} merge value {transformation:[0.10370794289230123f,0.05196975737119641f,0.9932491162341024f,-1.1355193645064134f,-0.10974397213193146f,-0.9919384000066818f,0.06335985458387255f,1.1627339251714548f,0.988534735435105f,-0.11557402351290971f,-0.09716852333592582f,2.165568601505826f,0f,0f,0f,1f],start_interpolation:0}
execute if entity @s[tag=aj.cutscenes.bone.blade] run data modify entity @s {} merge value {transformation:[-0.33910556884340337f,0.000009287451626304328f,0.000002938104942405155f,-0.41135493935537215f,-1.4086111069377178f,-0.0000012762302847846048f,-0.0000031914299495587637f,0.7662486503823979f,-0.38835829151839585f,-0.000003480585949126338f,0.000009010122875104074f,1.1355886594569191f,0f,0f,0f,1f],start_interpolation:0}
execute if entity @s[tag=aj.cutscenes.bone.bottom] run data modify entity @s {} merge value {transformation:[0.2938104942405158f,-0.6311148561095686f,-0.7178923539584068f,-1.0059559463435317f,-0.31914299495587634f,0.6431734239577089f,-0.6960428833664708f,0.947194737540724f,0.9010122875104075f,0.43361501947270653f,-0.012444783764575307f,1.3941431987785196f,0f,0f,0f,1f],start_interpolation:0}
execute if entity @s[tag=aj.cutscenes.bone.leftarm] run data modify entity @s {} merge value {transformation:[0.24822979416420582f,-0.6503941400545161f,-0.7178923539584068f,-1.1530401192218978f,-0.2726415662387641f,0.6642220117353557f,-0.6960428833664708f,1.0962101425846402f,0.9295421161238847f,0.36850587744157265f,-0.012444783764575307f,1.5443660503966554f,0f,0f,0f,1f],start_interpolation:0}
execute if entity @s[tag=aj.cutscenes.locator_origin.mount] at @s on origin run tp @s ^-1.41673 ^1.36685 ^1.85154 ~-102.60595 ~-59.12987
execute if entity @s[tag=aj.cutscenes.bone.head] run data modify entity @s {} merge value {transformation:[0.08016588793368185f,-0.8618860988276507f,-0.5007252570616516f,-1.2012606902369867f,0.08282620798763646f,0.5063645978017187f,-0.8583325191110334f,1.240255493908095f,0.9933344097947041f,0.027335814250838877f,0.11197992488410806f,1.8447107911414888f,0f,0f,0f,1f],start_interpolation:0}
execute if entity @s[tag=aj.cutscenes.bone.upper] run data modify entity @s {} merge value {transformation:[0.02803320754477506f,-0.4558475869826486f,-0.8896162749842473f,-0.8593750000000002f,0.10643805213890314f,0.886267680240379f,-0.45077770576883375f,0.5755547337278106f,0.9939240817746734f,-0.08205227847801484f,0.07336445505105724f,1.90625f,0f,0f,0f,1f],start_interpolation:0}
execute if entity @s[tag=aj.cutscenes.locator_origin.head2] at @s on origin run tp @s ^0 ^0.125 ^2.4375 ~-180 ~-90
execute if entity @s[tag=aj.cutscenes.locator_origin.mount2] at @s on origin run tp @s ^0 ^0.125 ^2.6875 ~-180 ~-90
execute if entity @s[tag=aj.cutscenes.camera_origin.camera] at @s on origin run tp @s ^3.375 ^-0.44813 ^1.90625 ~90 ~-20