execute if entity @s[tag=aj.toji.locator_origin.head] at @s on origin run tp @s ^-0.02879 ^1.46666 ^0.21925 ~0.09368 ~17.01374
execute if entity @s[tag=aj.toji.bone.blade2] run data modify entity @s {} merge value {transformation:[-0.24686028100668325f,0.3474273997204195f,0.9046293183314419f,-0.1322191230836594f,-0.9646169347150076f,-0.1773019378573232f,-0.19513634231752214f,1.8393414214277763f,0.09259681918038357f,-0.920792172401322f,0.3789031595568049f,-0.21543698084764662f,0f,0f,0f,1f],start_interpolation:0}
execute if entity @s[tag=aj.toji.bone.chain2] run data modify entity @s {} merge value {transformation:[-1.4040600878269258f,-0.38314772781245604f,-0.5392362766494009f,-0.2847954293781119f,0.3028678646386539f,-1.4971658674222517f,0.27518738271605364f,1.7701068252477183f,-0.5880892788954574f,0.1437179797695538f,1.4291461842478856f,0.11453635387596801f,0f,0f,0f,1f],start_interpolation:0}
execute if entity @s[tag=aj.toji.bone.bottom2] run data modify entity @s {} merge value {transformation:[-0.904629318331442f,-0.24686028100668306f,-0.3474273997204193f,-0.331081732066865f,0.19513634231752194f,-0.9646169347150076f,0.17730193785732315f,1.5892411499886543f,-0.3789031595568047f,0.09259681918038365f,0.9207921724013222f,0.13189825747228995f,0f,0f,0f,1f],start_interpolation:0}
execute if entity @s[tag=aj.toji.bone.rightarm] run data modify entity @s {} merge value {transformation:[-0.904629318331442f,-0.24686028100668306f,-0.3474273997204193f,-0.33625746992282063f,0.19513634231752194f,-0.9646169347150076f,0.17730193785732315f,1.3358908949150572f,-0.3789031595568047f,0.09259681918038365f,0.9207921724013222f,0.17872890973968616f,0f,0f,0f,1f],start_interpolation:0}
execute if entity @s[tag=aj.toji.bone.chain] run data modify entity @s {} merge value {transformation:[-1.3929333559766544f,0.4868099705012564f,0.48136824992856886f,0.26596018438154734f,-0.40431817896849354f,-1.4656114673692988f,0.3122058783596542f,1.6108963966089582f,0.5524727591242201f,0.15479584279717531f,1.4421424239961513f,0.13950076341827142f,0f,0f,0f,1f],start_interpolation:0}
execute if entity @s[tag=aj.toji.bone.blade] run data modify entity @s {} merge value {transformation:[-0.31364937696725265f,-0.31014330196740025f,-0.8974604172735487f,0.05840112607172693f,0.944286583003038f,-0.2011527806880994f,-0.2605003032280228f,1.8462552807371462f,-0.0997342342854283f,-0.9291655886149698f,0.35595560319412856f,-0.2130097807924963f,0f,0f,0f,1f],start_interpolation:0}
execute if entity @s[tag=aj.toji.bone.bottom] run data modify entity @s {} merge value {transformation:[-0.897460417273549f,0.3136493769672524f,0.31014330196740003f,0.26596018438154734f,-0.26050030322802264f,-0.9442865830030381f,0.20115278068809933f,1.6108963966089582f,0.35595560319412833f,0.09973423428542838f,0.9291655886149699f,0.13950076341827142f,0f,0f,0f,1f],start_interpolation:0}
execute if entity @s[tag=aj.toji.bone.leftarm] run data modify entity @s {} merge value {transformation:[-0.897460417273549f,0.3136493769672524f,0.31014330196740003f,0.28828125254376363f,-0.26050030322802264f,-0.9442865830030381f,0.20115278068809933f,1.3585434819064472f,0.35595560319412833f,0.09973423428542838f,0.9291655886149699f,0.18668154718926153f,0f,0f,0f,1f],start_interpolation:0}
execute if entity @s[tag=aj.toji.locator_origin.mount] at @s on origin run tp @s ^-0.0363 ^1.59938 ^0.43098 ~-2.57874 ~57.85185
execute if entity @s[tag=aj.toji.bone.head] run data modify entity @s {} merge value {transformation:[-0.9992619559465348f,-0.030039629175039304f,-0.023940845367942564f,-0.028785730427434195f,-0.03624413918622395f,0.5308745017632378f,0.8466750414133415f,1.4666606260929025f,-0.012724219919320599f,0.8469178732655606f,-0.5315714534949978f,0.21924627415736864f,0f,0f,0f,1f],start_interpolation:0}
execute if entity @s[tag=aj.toji.bone.upper] run data modify entity @s {} merge value {transformation:[-0.9992619559465348f,-0.038380973903245595f,0.0015634065830711988f,0f,-0.03624413918622395f,0.9555475014572034f,0.2926009822839724f,0.75f,-0.012724219919320599f,0.29232836554315816f,-0.9562333506662014f,0f,0f,0f,0f,1f],start_interpolation:0}