execute if entity @s[tag=aj.toji.locator_origin.head] at @s on origin run tp @s ^-0.01618 ^1.48982 ^0.12206 ~0.20699 ~9.37293
execute if entity @s[tag=aj.toji.bone.blade2] run data modify entity @s {} merge value {transformation:[0.20123517457302892f,0.14753824701227264f,0.9683681480630743f,-0.45129676437410665f,-0.28854857327709227f,0.9536550086120013f,-0.08533372960909487f,1.8592248612154196f,-0.9360791234582241f,-0.2622490995557264f,0.23448088281967402f,0.5302911008866144f,0f,0f,0f,1f],start_interpolation:0}
execute if entity @s[tag=aj.toji.bone.chain2] run data modify entity @s {} merge value {transformation:[-1.5029880631395633f,0.3123337605352223f,-0.2289916542169645f,-0.4744695874813072f,0.13244505949744892f,-0.447851431440487f,-1.4801520446165437f,1.491624252201181f,-0.36393387020970264f,-1.4528728062007854f,0.4070324566021171f,0.49439997801618973f,0f,0f,0f,1f],start_interpolation:0}
execute if entity @s[tag=aj.toji.bone.bottom2] run data modify entity @s {} merge value {transformation:[-0.9683681480630743f,0.20123517457302914f,-0.14753824701227242f,-0.4367379922488642f,0.08533372960909459f,-0.28854857327709227f,-0.9536550086120013f,1.437521394711726f,-0.23448088281967416f,-0.9360791234582241f,0.26224909955572645f,0.3188851423677727f,0f,0f,0f,1f],start_interpolation:0}
execute if entity @s[tag=aj.toji.bone.rightarm] run data modify entity @s {} merge value {transformation:[-0.9683681480630743f,0.20123517457302914f,-0.14753824701227242f,-0.3259061893516648f,0.08533372960909459f,-0.28854857327709227f,-0.9536550086120013f,1.3600508932918844f,-0.23448088281967416f,-0.9360791234582241f,0.26224909955572645f,0.09952041667944632f,0f,0f,0f,1f],start_interpolation:0}
execute if entity @s[tag=aj.toji.bone.chain] run data modify entity @s {} merge value {transformation:[-1.5011839597882695f,-0.27307795959176745f,0.2843199262639173f,0.4033805077156606f,-0.19465049994490807f,-0.459973155963245f,-1.4695232397874907f,1.454917056465528f,0.34281274094864056f,-1.4569886057857564f,0.41064132873454307f,0.32479161050238503f,0f,0f,0f,1f],start_interpolation:0}
execute if entity @s[tag=aj.toji.bone.blade] run data modify entity @s {} merge value {transformation:[0.17594284644838684f,-0.1831859927606449f,-0.9672057727494889f,0.3974986308905799f,0.2963585434394061f,0.9468069195946247f,-0.12541240264906856f,1.876800187571518f,0.9387309137948496f,-0.2645742789162156f,0.22087263846355346f,0.5362585772312755f,0f,0f,0f,1f],start_interpolation:0}
execute if entity @s[tag=aj.toji.bone.bottom] run data modify entity @s {} merge value {transformation:[-0.9672057727494889f,-0.17594284644838706f,0.18318599276064468f,0.4033805077156606f,-0.12541240264906828f,-0.29635854343940615f,-0.9468069195946247f,1.454917056465528f,0.22087263846355362f,-0.9387309137948496f,0.26457427891621565f,0.32479161050238503f,0f,0f,0f,1f],start_interpolation:0}
execute if entity @s[tag=aj.toji.bone.leftarm] run data modify entity @s {} merge value {transformation:[-0.9672057727494889f,-0.17594284644838706f,0.18318599276064468f,0.29894443530672077f,-0.12541240264906828f,-0.29635854343940615f,-0.9468069195946247f,1.3729891454401097f,0.22087263846355362f,-0.9387309137948496f,0.26457427891621565f,0.1039134219576447f,0f,0f,0f,1f],start_interpolation:0}
execute if entity @s[tag=aj.toji.locator_origin.mount] at @s on origin run tp @s ^-0.02149 ^1.70143 ^0.25509 ~-0.34284 ~32.14974
execute if entity @s[tag=aj.toji.bone.head] run data modify entity @s {} merge value {transformation:[-0.9997609994534169f,-0.021266839805943655f,-0.0050661125701266015f,-0.016177052426966418f,-0.0207012034371606f,0.8464072076591483f,0.5321337228544125f,1.4898240232391966f,-0.007028808445117438f,0.5321114172307447f,-0.8466451650511743f,0.12206030318225462f,0f,0f,0f,1f],start_interpolation:0}
execute if entity @s[tag=aj.toji.bone.upper] run data modify entity @s {} merge value {transformation:[-0.9997609994534169f,-0.02156940323595522f,0.0035643815662227594f,0f,-0.0207012034371606f,0.9864320309855954f,0.16285978147439167f,0.75f,-0.007028808445117438f,0.16274707090967283f,-0.9866427857954285f,0f,0f,0f,0f,1f],start_interpolation:0}