execute if entity @s[tag=aj.toji.locator_origin.head] at @s on origin run tp @s ^-0.00056 ^1.46008 ^0.24143 ~0.00898 ~18.77841
execute if entity @s[tag=aj.toji.bone.blade2] run data modify entity @s {} merge value {transformation:[-0.4463698604851827f,0.18902351337582257f,0.8746565377572495f,-0.04740207170178423f,-0.7674207602454312f,-0.5835764345319155f,-0.26552574602727574f,1.5965249417355778f,0.4602383343385933f,-0.7897522753687242f,0.4055515000035877f,-0.3600951868515893f,0f,0f,0f,1f],start_interpolation:0}
execute if entity @s[tag=aj.toji.bone.chain2] run data modify entity @s {} merge value {transformation:[-1.3575398346440646f,-0.6928032209613771f,-0.29338024471872437f,-0.17234709774308976f,0.41211808497983415f,-1.19110097163093f,0.9057592577630772f,1.6938668305201219f,-0.6294497239639013f,0.7143282480880252f,1.2257613440618742f,-0.02562746444075366f,0f,0f,0f,1f],start_interpolation:0}
execute if entity @s[tag=aj.toji.bone.bottom2] run data modify entity @s {} merge value {transformation:[-0.8746565377572496f,-0.4463698604851825f,-0.18902351337582238f,-0.25604144658406147f,0.2655257460272757f,-0.7674207602454313f,0.5835764345319154f,1.5499754379741035f,-0.4055515000035874f,0.4602383343385934f,0.7897522753687243f,0.060667223247732605f,0f,0f,0f,1f],start_interpolation:0}
execute if entity @s[tag=aj.toji.bone.rightarm] run data modify entity @s {} merge value {transformation:[-0.8746565377572496f,-0.4463698604851825f,-0.18902351337582238f,-0.312967878095529f,0.2655257460272757f,-0.7674207602454313f,0.5835764345319154f,1.341524888786041f,-0.4055515000035874f,0.4602383343385934f,0.7897522753687243f,0.20107377558260517f,0f,0f,0f,1f],start_interpolation:0}
execute if entity @s[tag=aj.toji.bone.chain] run data modify entity @s {} merge value {transformation:[-1.3574737142239228f,0.6938326845354442f,0.291245591679183f,0.25493702611052543f,-0.41391401993990284f,-1.190183779385747f,0.9061459203656764f,1.5503132221187481f,0.6284130591413648f,0.7148576437085273f,1.2259846042847333f,0.06086215896196673f,0f,0f,0f,1f],start_interpolation:0}
execute if entity @s[tag=aj.toji.bone.blade] run data modify entity @s {} merge value {transformation:[-0.44703313902954805f,-0.18764816645101742f,-0.8746139366811849f,0.0465576232856415f,0.7668298175908167f,-0.5838255594302345f,-0.26668285848476964f,1.596586896910148f,-0.46057942144978925f,-0.7898961208814387f,0.4048835817286648f,-0.3600594754356266f,0f,0f,0f,1f],start_interpolation:0}
execute if entity @s[tag=aj.toji.bone.bottom] run data modify entity @s {} merge value {transformation:[-0.874613936681185f,0.4470331390295479f,0.18764816645101723f,0.25493702611052543f,-0.2666828584847696f,-0.7668298175908168f,0.5838255594302344f,1.5503132221187481f,0.4048835817286645f,0.46057942144978936f,0.7898961208814388f,0.06086215896196673f,0f,0f,0f,1f],start_interpolation:0}
execute if entity @s[tag=aj.toji.bone.leftarm] run data modify entity @s {} merge value {transformation:[-0.874613936681185f,0.4470331390295479f,0.18764816645101723f,0.31203193982533833f,-0.2666828584847696f,-0.7668298175908168f,0.5838255594302344f,1.3419380890657457f,0.4048835817286645f,0.46057942144978936f,0.7898961208814388f,0.2013122381824556f,0f,0f,0f,1f],start_interpolation:0}
execute if entity @s[tag=aj.toji.locator_origin.mount] at @s on origin run tp @s ^-0.00072 ^1.56817 ^0.46686 ~-0.05714 ~64.38288
execute if entity @s[tag=aj.toji.bone.head] run data modify entity @s {} merge value {transformation:[-0.9999997086733877f,-0.0006298747662594685f,-0.0004311738842725669f,-0.0005615629621143869f,-0.0006611204475274221f,0.4323546827573171f,0.9017033831685304f,1.460077786711072f,-0.0003815401597607443f,0.9017034055362099f,-0.43235497322397937f,0.24143160825903645f,0f,0f,0f,1f],start_interpolation:0}
execute if entity @s[tag=aj.toji.bone.upper] run data modify entity @s {} merge value {transformation:[-0.9999997086733877f,-0.0007487506161525158f,0.00014841042571309162f,0f,-0.0006611204475274221f,0.9467703822814294f,0.3219090029098749f,0.75f,-0.0003815401597607443f,0.3219088110120486f,-0.9467706014763638f,0f,0f,0f,0f,1f],start_interpolation:0}