execute if entity @s[tag=aj.toji.locator_origin.head] at @s on origin run tp @s ^0.03271 ^1.4541 ^0.25627 ~0 ~20
execute if entity @s[tag=aj.toji.bone.blade2] run data modify entity @s {} merge value {transformation:[-0.4820848585083175f,0.12895983267814742f,0.8665815315090899f,-0.019114961884034193f,-0.7252412748488223f,-0.6136761287010654f,-0.31213250762797556f,1.572975412575539f,0.49154784350322417f,-0.7789550504477759f,0.3893709631305756f,-0.3561325888767722f,0f,0f,0f,1f],start_interpolation:0}
execute if entity @s[tag=aj.toji.bone.chain2] run data modify entity @s {} merge value {transformation:[-1.3450067520297335f,-0.7482358741431177f,-0.2001564069692077f,-0.128189632401362f,0.48445566288092035f,-1.1256348953382764f,0.9524764914214451f,1.6863592717615004f,-0.6043361823589138f,0.7629232154372961f,1.2090031512158192f,-0.02116665492686852f,0f,0f,0f,1f],start_interpolation:0}
execute if entity @s[tag=aj.toji.bone.bottom2] run data modify entity @s {} merge value {transformation:[-0.86658153150909f,-0.48208485850831734f,-0.12895983267814723f,-0.21858054337167152f,0.3121325076279755f,-0.7252412748488224f,0.6136761287010652f,1.5503765327273462f,-0.38937096313057534f,0.4915478435032243f,0.778955050447776f,0.07099856572998603f,0f,0f,0f,1f],start_interpolation:0}
execute if entity @s[tag=aj.toji.bone.rightarm] run data modify entity @s {} merge value {transformation:[-0.86658153150909f,-0.48208485850831734f,-0.12895983267814723f,-0.28494041227943273f,0.3121325076279755f,-0.7252412748488224f,0.6136761287010652f,1.3495579322883922f,-0.38937096313057534f,0.4915478435032243f,0.778955050447776f,0.21822121180145307f,0f,0f,0f,1f],start_interpolation:0}
execute if entity @s[tag=aj.toji.bone.chain] run data modify entity @s {} merge value {transformation:[-1.3615508898709197f,0.675941574405199f,0.313440322698658f,0.28541578191206046f,-0.3734119449109964f,-1.1840656112455745f,0.9314047569529267f,1.5296985776768026f,0.644752175103431f,0.741656450027487f,1.2013338488709666f,0.0634724106494049f,0f,0f,0f,1f],start_interpolation:0}
execute if entity @s[tag=aj.toji.bone.blade] run data modify entity @s {} merge value {transformation:[-0.4355059808248264f,-0.20194812737631676f,-0.8772408417960286f,0.07582793949669753f,0.7628879106011754f,-0.6000997091777245f,-0.24058756182185004f,1.5690799861192635f,-0.4778457664606626f,-0.7740137549772669f,0.41541079738207654f,-0.35755050058590754f,0f,0f,0f,1f],start_interpolation:0}
execute if entity @s[tag=aj.toji.bone.bottom] run data modify entity @s {} merge value {transformation:[-0.8772408417960287f,0.43550598082482617f,0.20194812737631657f,0.28541578191206046f,-0.24058756182185f,-0.7628879106011754f,0.6000997091777245f,1.5296985776768026f,0.41541079738207626f,0.47784576646066274f,0.774013754977267f,0.0634724106494049f,0f,0f,0f,1f],start_interpolation:0}
execute if entity @s[tag=aj.toji.bone.leftarm] run data modify entity @s {} merge value {transformation:[-0.8772408417960287f,0.43550598082482617f,0.20194812737631657f,0.3394647245060152f,-0.24058756182185f,-0.7628879106011754f,0.6000997091777245f,1.3239398774126432f,0.41541079738207626f,0.47784576646066274f,0.774013754977267f,0.20889702710095034f,0f,0f,0f,1f],start_interpolation:0}
execute if entity @s[tag=aj.toji.locator_origin.mount] at @s on origin run tp @s ^0.04008 ^1.54962 ^0.48719 ~4.80069 ~67.40148
execute if entity @s[tag=aj.toji.bone.head] run data modify entity @s {} merge value {transformation:[-0.9990482188567168f,0.029468846559408308f,0.03215965611880407f,0.03271458733594948f,0.04098888780119821f,0.3820792214211596f,0.9232201144012305f,1.4540986858206213f,0.014918695520804355f,0.9236595994416225f,-0.38292346086822493f,0.25627094334144207f,0f,0f,0f,1f],start_interpolation:0}
execute if entity @s[tag=aj.toji.bone.upper] run data modify entity @s {} merge value {transformation:[-0.9990482188567168f,0.04361944978126597f,3.604396434156897e-8f,0f,0.04098888780119821f,0.9387982477608283f,0.34202011794340276f,0.75f,0.014918695520804355f,0.34169459112192274f,-0.9396926300242966f,0f,0f,0f,0f,1f],start_interpolation:0}