execute if entity @s[tag=aj.toji.locator_origin.head] at @s on origin run tp @s ^-0.02296 ^1.47946 ^0.1728 ~0.17739 ~13.33235
execute if entity @s[tag=aj.toji.bone.blade2] run data modify entity @s {} merge value {transformation:[0.03794005642141153f,0.3438516966934955f,0.9382571943767575f,-0.2938436093044094f,-0.8681747285125497f,0.476267047870272f,-0.13943579126285072f,2.018721571826539f,-0.49480621751439363f,-0.8092809832153115f,0.3165929520933121f,0.12535508149639074f,0f,0f,0f,1f],start_interpolation:0}
execute if entity @s[tag=aj.toji.bone.chain2] run data modify entity @s {} merge value {transformation:[-1.4562533537722593f,0.05888612923739948f,-0.5336864875763625f,-0.4067212865138955f,0.21641596768921575f,-1.34747952654552f,-0.7392061472153182f,1.7373350028709516f,-0.49137864439482815f,-0.7679804834337984f,1.2560715260320983f,0.33757098330040336f,0f,0f,0f,1f],start_interpolation:0}
execute if entity @s[tag=aj.toji.bone.bottom2] run data modify entity @s {} merge value {transformation:[-0.9382571943767576f,0.03794005642141174f,-0.3438516966934953f,-0.3996075259348808f,0.1394357912628504f,-0.8681747285125497f,-0.4762670478702721f,1.5745522412748485f,-0.31659295209331206f,-0.4948062175143936f,0.8092809832153116f,0.24479481751645454f,0f,0f,0f,1f],start_interpolation:0}
execute if entity @s[tag=aj.toji.bone.rightarm] run data modify entity @s {} merge value {transformation:[-0.9382571943767576f,0.03794005642141174f,-0.3438516966934953f,-0.3314814371809805f,0.1394357912628504f,-0.8681747285125497f,-0.4762670478702721f,1.3487938221927829f,-0.31659295209331206f,-0.4948062175143936f,0.8092809832153116f,0.14088032264368816f,0f,0f,0f,1f],start_interpolation:0}
execute if entity @s[tag=aj.toji.bone.chain] run data modify entity @s {} merge value {transformation:[-1.450725610857044f,0.03491319740590321f,0.5505805520189249f,0.3460177924431149f,-0.3010139848300942f,-1.3481771630311843f,-0.7076521685326813f,1.5962510362992512f,0.46232938101668974f,-0.7682200722053512f,1.2669065228818739f,0.2522457007962561f,0f,0f,0f,1f],start_interpolation:0}
execute if entity @s[tag=aj.toji.bone.blade] run data modify entity @s {} merge value {transformation:[-0.02249440906689086f,-0.35473646304575046f,-0.9346956955857463f,0.2170110980528369f,0.8686242124227763f,0.4559369676452174f,-0.19394189626636968f,2.033588147374165f,0.4949605834343202f,-0.8162619207829521f,0.29787664817182696f,0.1304599262434013f,0f,0f,0f,1f],start_interpolation:0}
execute if entity @s[tag=aj.toji.bone.bottom] run data modify entity @s {} merge value {transformation:[-0.9346956955857464f,0.022494409066890653f,0.35473646304575024f,0.3460177924431149f,-0.19394189626636937f,-0.8686242124227763f,-0.45593696764521746f,1.5962510362992512f,0.2978766481718269f,-0.49496058343432014f,0.8162619207829522f,0.2522457007962561f,0f,0f,0f,1f],start_interpolation:0}
execute if entity @s[tag=aj.toji.bone.leftarm] run data modify entity @s {} merge value {transformation:[-0.9346956955857464f,0.022494409066890653f,0.35473646304575024f,0.29322291373572845f,-0.19394189626636937f,-0.8686242124227763f,-0.45593696764521746f,1.3669736146769091f,0.2978766481718269f,-0.49496058343432014f,0.8162619207829522f,0.1471228454484152f,0f,0f,0f,1f],start_interpolation:0}
execute if entity @s[tag=aj.toji.locator_origin.mount] at @s on origin run tp @s ^-0.02983 ^1.65425 ^0.35141 ~-1.12988 ~45.5926
execute if entity @s[tag=aj.toji.bone.head] run data modify entity @s {} merge value {transformation:[-0.9995269614667343f,-0.027485579033584943f,-0.013798414628722912f,-0.02295511406715123f,-0.029087667974602282f,0.6991508484933012f,0.7143822496555301f,1.4794604621218153f,-0.00998803648756328f,0.7144456830272581f,-0.699619614598417f,0.17280190085526204f,0f,0f,0f,1f],start_interpolation:0}
execute if entity @s[tag=aj.toji.bone.upper] run data modify entity @s {} merge value {transformation:[-0.9995269614667343f,-0.03060681875620164f,0.0030126311925992785f,0f,-0.029087667974602282f,0.9726139494957536f,0.2305992472192197f,0.75f,-0.00998803648756328f,0.2304025344736827f,-0.9730441466013896f,0f,0f,0f,0f,1f],start_interpolation:0}