execute if entity @s[tag=aj.toji.locator_origin.head] at @s on origin run tp @s ^0 ^1.45477 ^0.25652 ~0 ~20
execute if entity @s[tag=aj.toji.bone.blade2] run data modify entity @s {} merge value {transformation:[-0.45923243859808327f,0.1656119863487883f,0.8727417930389644f,-0.04751658181447363f,-0.7445422472382656f,-0.6076361483510554f,-0.2764690819865529f,1.5716091953193696f,0.48452286779537096f,-0.7767567065656418f,0.4023513506733217f,-0.3566298318300154f,0f,0f,0f,1f],start_interpolation:0}
execute if entity @s[tag=aj.toji.bone.chain2] run data modify entity @s {} merge value {transformation:[-1.3545679912792263f,-0.7127670140741083f,-0.25704360381218155f,-0.16613217017827395f,0.4291030543332956f,-1.1555916129010584f,0.9431019385865338f,1.6803244387820937f,-0.6244828255242176f,0.7520198677240656f,1.2055911383154234f,-0.023363124499014565f,0f,0f,0f,1f],start_interpolation:0}
execute if entity @s[tag=aj.toji.bone.bottom2] run data modify entity @s {} merge value {transformation:[-0.8727417930389645f,-0.4592324385980831f,-0.1656119863487881f,-0.25223825241541453f,0.27646908198655284f,-0.7445422472382657f,0.6076361483510553f,1.5407227674249189f,-0.4023513506733214f,0.48452286779537107f,0.7767567065656419f,0.06748491321261751f,0f,0f,0f,1f],start_interpolation:0}
execute if entity @s[tag=aj.toji.bone.rightarm] run data modify entity @s {} merge value {transformation:[-0.8727417930389645f,-0.4592324385980831f,-0.1656119863487881f,-0.3125f,0.27646908198655284f,-0.7445422472382657f,0.6076361483510553f,1.3373078879911928f,-0.4023513506733214f,0.48452286779537107f,0.7767567065656419f,0.21376258957854288f,0f,0f,0f,1f],start_interpolation:0}
execute if entity @s[tag=aj.toji.bone.chain] run data modify entity @s {} merge value {transformation:[-1.3545681124814806f,0.7127672116903202f,0.257042417119581f,0.25223822546524294f,-0.42910381303611467f,-1.1555912659743872f,0.9431020184755677f,1.540722742095904f,0.6244820412928923f,0.752020213527555f,1.2055913288340054f,0.0674848890925116f,0f,0f,0f,1f],start_interpolation:0}
execute if entity @s[tag=aj.toji.bone.blade] run data modify entity @s {} merge value {transformation:[-0.45923256592128026f,-0.1656112217683208f,-0.8727418711290074f,0.04751677729405346f,0.7445420237150412f,-0.6076361998231846f,-0.27646957081521484f,1.5716090804181835f,-0.4845230905949346f,-0.7767568293158691f,0.4023508453967631f,-0.35662996984080775f,0f,0f,0f,1f],start_interpolation:0}
execute if entity @s[tag=aj.toji.bone.bottom] run data modify entity @s {} merge value {transformation:[-0.8727418711290075f,0.4592325659212801f,0.1656112217683206f,0.25223822546524294f,-0.2764695708152148f,-0.7445420237150413f,0.6076361998231845f,1.540722742095904f,0.4023508453967628f,0.4845230905949347f,0.7767568293158692f,0.0674848890925116f,0f,0f,0f,1f],start_interpolation:0}
execute if entity @s[tag=aj.toji.bone.leftarm] run data modify entity @s {} merge value {transformation:[-0.8727418711290075f,0.4592325659212801f,0.1656112217683206f,0.3125f,-0.2764695708152148f,-0.7445420237150413f,0.6076361998231845f,1.3373078879911928f,0.4023508453967628f,0.4845230905949347f,0.7767568293158692f,0.21376258957854294f,0f,0f,0f,1f],start_interpolation:0}
execute if entity @s[tag=aj.toji.locator_origin.mount] at @s on origin run tp @s ^0 ^1.55044 ^0.48748 ~0 ~67.5
execute if entity @s[tag=aj.toji.bone.head] run data modify entity @s {} merge value {transformation:[-1f,-1.1314261122877003e-16f,4.686520405326299e-17f,-3.1414040532577434e-17f,0f,0.38268343236508984f,0.9238795325112867f,1.4547694655894312f,-1.2246467991473532e-16f,0.9238795325112867f,-0.38268343236508984f,0.2565151074942515f,0f,0f,0f,1f],start_interpolation:0}
execute if entity @s[tag=aj.toji.bone.upper] run data modify entity @s {} merge value {transformation:[-1f,-4.188538737676991e-17f,1.1507915602278503e-16f,0f,0f,0.9396926207859084f,0.34202014332566866f,0.75f,-1.2246467991473532e-16f,0.34202014332566866f,-0.9396926207859084f,0f,0f,0f,0f,1f],start_interpolation:0}