execute if entity @s[tag=aj.toji.locator_origin.head] at @s on origin run tp @s ^0.00056 ^1.46008 ^0.24143 ~-0.00898 ~18.77841
execute if entity @s[tag=aj.toji.bone.blade2] run data modify entity @s {} merge value {transformation:[-0.4470328400437522f,0.1876490329372933f,0.8746139035941034f,-0.04655750645621265f,-0.7668301228230378f,-0.5838254565082859f,-0.2666822061257487f,1.5965870593450766f,0.4605792034532406f,-0.7898959911093296f,0.40488408288766814f,-0.360059337495587f,0f,0f,0f,1f],start_interpolation:0}
execute if entity @s[tag=aj.toji.bone.chain2] run data modify entity @s {} merge value {transformation:[-1.357473662870015f,-0.6938322204845736f,-0.29124693653809036f,-0.17111845393136133f,0.4139130074243391f,-1.19018425313159f,0.9061457606222353f,1.6940938990151313f,-0.6284138369819012f,0.7148573053597175f,1.2259844028676057f,-0.025496418508816454f,0f,0f,0f,1f],start_interpolation:0}
execute if entity @s[tag=aj.toji.bone.bottom2] run data modify entity @s {} merge value {transformation:[-0.8746139035941035f,-0.44703284004375204f,-0.1876490329372931f,-0.2549371114395648f,0.26668220612574867f,-0.7668301228230379f,0.5838254565082858f,1.5503132509858117f,-0.40488408288766786f,0.4605792034532407f,0.7898959911093297f,0.06086218213866618f,0f,0f,0f,1f],start_interpolation:0}
execute if entity @s[tag=aj.toji.bone.rightarm] run data modify entity @s {} merge value {transformation:[-0.8746139035941035f,-0.44703284004375204f,-0.1876490329372931f,-0.31203195247587134f,0.26668220612574867f,-0.7668301228230379f,0.5838254565082858f,1.341938082397193f,-0.40488408288766786f,0.4605792034532407f,0.7898959911093297f,0.20131223818245558f,0f,0f,0f,1f],start_interpolation:0}
execute if entity @s[tag=aj.toji.bone.chain] run data modify entity @s {} merge value {transformation:[-1.3575398879302254f,0.6928036858963051f,0.2933789002263049f,0.2560413611992629f,-0.4121190974159627f,-1.191100498487595f,0.9057594193044667f,1.5499754092208917f,0.6294489461700249f,0.7143285861018066f,1.2257615464903233f,0.06066720012311863f,0f,0f,0f,1f],start_interpolation:0}
execute if entity @s[tag=aj.toji.bone.blade] run data modify entity @s {} merge value {transformation:[-0.44637016004057256f,-0.18902264712567313f,-0.8746565720892725f,0.04740218821103387f,0.7674204554014034f,-0.5835765386122739f,-0.26552639833511693f,1.5965247791405146f,-0.46023855211928466f,-0.7897524057924229f,0.40555099887464713f,-0.3600953248944626f,0f,0f,0f,1f],start_interpolation:0}
execute if entity @s[tag=aj.toji.bone.bottom] run data modify entity @s {} merge value {transformation:[-0.8746565720892726f,0.4463701600405724f,0.18902264712567293f,0.2560413611992629f,-0.2655263983351169f,-0.7674204554014035f,0.5835765386122738f,1.5499754092208917f,0.40555099887464685f,0.46023855211928477f,0.789752405792423f,0.06066720012311863f,0f,0f,0f,1f],start_interpolation:0}
execute if entity @s[tag=aj.toji.bone.leftarm] run data modify entity @s {} merge value {transformation:[-0.8746565720892726f,0.4463701600405724f,0.18902264712567293f,0.3129678654538265f,-0.2655263983351169f,-0.7674204554014035f,0.5835765386122738f,1.341524895474596f,0.40555099887464685f,0.46023855211928477f,0.789752405792423f,0.20107377558260525f,0f,0f,0f,1f],start_interpolation:0}
execute if entity @s[tag=aj.toji.locator_origin.mount] at @s on origin run tp @s ^0.00072 ^1.56817 ^0.46686 ~0.05714 ~64.38288
execute if entity @s[tag=aj.toji.bone.head] run data modify entity @s {} merge value {transformation:[-0.9999997086875165f,0.000629865526243637f,0.0004311546136282901f,0.0005615477867731166f,0.0006610990761550535f,0.4323546827707782f,0.901703383177745f,1.4600777867230734f,0.00038154015976050136f,0.90170340553621f,-0.4323549732239793f,0.24143160825903648f,0f,0f,0f,1f],start_interpolation:0}
execute if entity @s[tag=aj.toji.bone.upper] run data modify entity @s {} merge value {transformation:[-0.9999997086875165f,0.0007487303823641555f,-0.00014841730535203573f,0f,0.0006610990761550535f,0.946770382297431f,0.32190900290670316f,0.75f,0.00038154015976050136f,0.32190881101204866f,-0.9467706014763638f,0f,0f,0f,0f,1f],start_interpolation:0}