execute if entity @s[tag=aj.toji.locator_origin.head] at @s on origin run tp @s ^0.00199 ^1.49982 ^0.01615 ~-0.04967 ~1.23404
execute if entity @s[tag=aj.toji.bone.blade2] run data modify entity @s {} merge value {transformation:[0.018948338006384825f,-0.026524886446887507f,0.9994685542255821f,-0.39380483997408694f,0.9717614276499337f,0.23565152387658145f,-0.012169101298279125f,0.9013052146194189f,-0.23520350383988456f,0.9714755733901005f,0.030241066248012913f,0.48123886397446686f,0f,0f,0f,1f],start_interpolation:0}
execute if entity @s[tag=aj.toji.bone.chain2] run data modify entity @s {} merge value {transformation:[-1.551258485204289f,0.029409399614076796f,0.041168834172773665f,-0.381594182441301f,0.018887459306704314f,1.508254715831668f,-0.3657508026834442f,0.951292421673946f,-0.04693665490577046f,-0.3650554382514875f,-1.5078110461992187f,0.11475893389261135f,0f,0f,0f,1f],start_interpolation:0}
execute if entity @s[tag=aj.toji.bone.bottom2] run data modify entity @s {} merge value {transformation:[-0.9994685542255821f,0.018948338006385047f,0.02652488644688773f,-0.3780413690651038f,0.012169101298279288f,0.9717614276499337f,-0.23565152387658145f,1.1334976893583086f,-0.03024106624801318f,-0.23520350383988456f,-0.9714755733901005f,0.07065827692263299f,0f,0f,0f,1f],start_interpolation:0}
execute if entity @s[tag=aj.toji.bone.rightarm] run data modify entity @s {} merge value {transformation:[-0.9994685542255821f,0.018948338006385047f,0.02652488644688773f,-0.3108374999244087f,0.012169101298279288f,0.9717614276499337f,-0.23565152387658145f,1.3756774774396496f,-0.03024106624801318f,-0.23520350383988456f,-0.9714755733901005f,0.013747467603162677f,0f,0f,0f,1f],start_interpolation:0}
execute if entity @s[tag=aj.toji.bone.chain] run data modify entity @s {} merge value {transformation:[-1.5512471921438025f,-0.02212366997660042f,-0.045884264229104674f,0.3801899314537387f,-0.010700726338563962f,1.508390698721812f,-0.36552109115133496f,1.131496891914265f,0.04980278037325816f,-0.36500783121379976f,-1.5077306257520946f,0.06995780846711142f,0f,0f,0f,1f],start_interpolation:0}
execute if entity @s[tag=aj.toji.bone.blade] run data modify entity @s {} merge value {transformation:[0.014254176629218839f,0.029563015879154463f,-0.9994612781597653f,0.3954863612054056f,-0.9718490407872077f,0.23550352181562517f,-0.0068944277080678915f,0.8992224578257659f,0.23517283084915955f,0.9714237588738327f,0.03208769742169626f,0.48050970203236665f,0f,0f,0f,1f],start_interpolation:0}
execute if entity @s[tag=aj.toji.bone.bottom] run data modify entity @s {} merge value {transformation:[-0.9994612781597653f,-0.014254176629219061f,-0.029563015879154685f,0.3801899314537387f,-0.006894427708068055f,0.9718490407872077f,-0.23550352181562517f,1.131496891914265f,0.03208769742169653f,-0.23517283084915955f,-0.9714237588738327f,0.06995780846711142f,0f,0f,0f,1f],start_interpolation:0}
execute if entity @s[tag=aj.toji.bone.leftarm] run data modify entity @s {} merge value {transformation:[-0.9994612781597653f,-0.014254176629219061f,-0.029563015879154685f,0.3141600574114486f,-0.006894427708068055f,0.9718490407872077f,-0.23550352181562517f,1.3740282503793126f,0.03208769742169653f,-0.23517283084915955f,-0.9714237588738327f,0.01317008184367756f,0f,0f,0f,1f],start_interpolation:0}
execute if entity @s[tag=aj.toji.locator_origin.mount] at @s on origin run tp @s ^0.00267 ^1.74915 ^0.03448 ~-0.04182 ~4.20437
execute if entity @s[tag=aj.toji.bone.head] run data modify entity @s {} merge value {transformation:[-0.9999960917373716f,0.002699390373598832f,-0.0007278747097815941f,0.0019935344922239638f,0.00263876329653908f,0.9973053968134948f,0.07331427156388019f,1.4998234366913774f,0.0009238172151761888f,0.07331206434338386f,-0.9973086221343244f,0.016150529668104145f,0f,0f,0f,1f],start_interpolation:0}
execute if entity @s[tag=aj.toji.bone.upper] run data modify entity @s {} merge value {transformation:[-0.9999960917373716f,0.002658045989631952f,-0.0008667764990002785f,0f,0.00263876329653908f,0.9997645822551698f,0.021536410945434105f,0.75f,0.0009238172151761888f,0.02153403955747219f,-0.9997676888668138f,0f,0f,0f,0f,1f],start_interpolation:0}