execute if entity @s[tag=aj.toji.locator_origin.head] at @s on origin run tp @s ^-0.00492 ^1.44772 ^0.27507 ~0.06019 ~21.51713
execute if entity @s[tag=aj.toji.bone.blade2] run data modify entity @s {} merge value {transformation:[-0.4707390588444395f,0.14245978684635172f,0.8706950945135405f,-0.05287082231543924f,-0.7181220250361874f,-0.6351853990236139f,-0.2843242269401913f,1.5398141562065564f,0.512548042271333f,-0.7591078434576368f,0.40131008754443154f,-0.35209755721025576f,0f,0f,0f,1f],start_interpolation:0}
execute if entity @s[tag=aj.toji.bone.chain2] run data modify entity @s {} merge value {transformation:[-1.351391344609558f,-0.7306262475814737f,-0.22110946083444144f,-0.16506333711346283f,0.44129489389675536f,-1.1145852263582494f,0.985860671401234f,1.661584877106304f,-0.6228666983762527f,0.795517273941965f,1.1781986320332074f,-0.02112914280466953f,0f,0f,0f,1f],start_interpolation:0}
execute if entity @s[tag=aj.toji.bone.bottom2] run data modify entity @s {} merge value {transformation:[-0.8706950945135407f,-0.47073905884443934f,-0.14245978684635152f,-0.2533269106467952f,0.2843242269401913f,-0.7181220250361875f,0.6351853990236138f,1.5269369974120188f,-0.40131008754443126f,0.5125480422713331f,0.7591078434576369f,0.07497361512120543f,0f,0f,0f,1f],start_interpolation:0}
execute if entity @s[tag=aj.toji.bone.rightarm] run data modify entity @s {} merge value {transformation:[-0.8706950945135407f,-0.47073905884443934f,-0.14245978684635152f,-0.31659323195080874f,0.2843242269401913f,-0.7181220250361875f,0.6351853990236138f,1.32963622696921f,-0.40131008754443126f,0.5125480422713331f,0.7591078434576369f,0.22819250616056566f,0f,0f,0f,1f],start_interpolation:0}
execute if entity @s[tag=aj.toji.bone.chain] run data modify entity @s {} merge value {transformation:[-1.3503326067681256f,0.7380924558933993f,0.20195061590190982f,0.24388145494342106f,-0.4568158443390915f,-1.106147747857528f,0.988291008702191f,1.5297932748735836f,0.6139086325103054f,0.8003870064375619f,1.179601417626461f,0.07662203343555593f,0f,0f,0f,1f],start_interpolation:0}
execute if entity @s[tag=aj.toji.bone.blade] run data modify entity @s {} merge value {transformation:[-0.4755495017836668f,-0.13011583306431793f,-0.8700129546962418f,0.04612699156512917f,0.7126857972773332f,-0.6367512539289285f,-0.2943243023929717f,1.5403828101177275f,-0.5156855880403082f,-0.7600116516251022f,0.3955384477918748f,-0.35176947530565816f,0f,0f,0f,1f],start_interpolation:0}
execute if entity @s[tag=aj.toji.bone.bottom] run data modify entity @s {} merge value {transformation:[-0.870012954696242f,0.4755495017836666f,0.13011583306431773f,0.24388145494342106f,-0.2943243023929717f,-0.7126857972773333f,0.6367512539289284f,1.5297932748735836f,0.3955384477918745f,0.5156855880403083f,0.7600116516251023f,0.07662203343555593f,0f,0f,0f,1f],start_interpolation:0}
execute if entity @s[tag=aj.toji.bone.leftarm] run data modify entity @s {} merge value {transformation:[-0.870012954696242f,0.4755495017836666f,0.13011583306431773f,0.3083930207208226f,-0.2943243023929717f,-0.7126857972773333f,0.6367512539289284f,1.3332265566546897f,0.3955384477918745f,0.5156855880403083f,0.7600116516251023f,0.23026458343262515f,0f,0f,0f,1f],start_interpolation:0}
execute if entity @s[tag=aj.toji.locator_origin.mount] at @s on origin run tp @s ^-0.00616 ^1.52758 ^0.51197 ~-0.78629 ~71.36766
execute if entity @s[tag=aj.toji.bone.head] run data modify entity @s {} merge value {transformation:[-0.9999780042746101f,-0.004976732370112804f,-0.0043844157973593f,-0.004920126737991692f,-0.005744527496767304f,0.31944262100944953f,0.9475882081824637f,1.44771767017434f,-0.003315323635295167f,0.9475925516895589f,-0.31946418361322415f,0.2750742537559145f,0f,0f,0f,1f],start_interpolation:0}
execute if entity @s[tag=aj.toji.bone.upper] run data modify entity @s {} merge value {transformation:[-0.9999780042746101f,-0.006560168983988923f,0.0009773176911179588f,0f,-0.005744527496767304f,0.9302902268991198f,0.36677935348084023f,0.75f,-0.003315323635295167f,0.36676567167455265f,-0.930307449561868f,0f,0f,0f,0f,1f],start_interpolation:0}