execute if entity @s[tag=aj.toji.locator_origin.head] at @s on origin run tp @s ^0.03493 ^1.42786 ^0.31903 ~0.08736 ~25.19982
execute if entity @s[tag=aj.toji.bone.blade2] run data modify entity @s {} merge value {transformation:[-0.5317171202279454f,-0.10485536140530656f,0.8404060073803991f,-0.0677273289997396f,-0.4264294614673041f,-0.8241989338291782f,-0.37263122771387663f,1.311858424831844f,0.7317341173194029f,-0.556508284448137f,0.393527268294569f,-0.3638092972822257f,0f,0f,0f,1f],start_interpolation:0}
execute if entity @s[tag=aj.toji.bone.chain2] run data modify entity @s {} merge value {transformation:[-1.304380157288328f,-0.82526928035379f,0.16274425884781984f,-0.10295015574634868f,0.5783547180142462f,-0.6618540599857117f,1.2792254285473703f,1.5380921172599968f,-0.6107871143321953f,1.1357123279228234f,0.8637472331538796f,-0.07306365403782702f,0f,0f,0f,1f],start_interpolation:0}
execute if entity @s[tag=aj.toji.bone.bottom2] run data modify entity @s {} merge value {transformation:[-0.8404060073803992f,-0.5317171202279452f,0.10485536140530674f,-0.2026471157890884f,0.3726312277138767f,-0.42642946146730415f,0.8241989338291781f,1.4581365932348773f,-0.39352726829456874f,0.731734117319403f,0.5565082844481372f,0.06413649295956103f,0f,0f,0f,1f],start_interpolation:0}
execute if entity @s[tag=aj.toji.bone.rightarm] run data modify entity @s {} merge value {transformation:[-0.8404060073803992f,-0.5317171202279452f,0.10485536140530674f,-0.28305102038479973f,0.3726312277138767f,-0.42642946146730415f,0.8241989338291781f,1.328239776135934f,-0.39352726829456874f,0.731734117319403f,0.5565082844481372f,0.2716654765578223f,0f,0f,0f,1f],start_interpolation:0}
execute if entity @s[tag=aj.toji.bone.chain] run data modify entity @s {} merge value {transformation:[-1.3254114625418147f,0.8073511321108272f,-0.020767235089079832f,0.2645992617096691f,-0.46586321079001897f,-0.731690862090175f,1.287075221102971f,1.4381497355897128f,0.6597109953656174f,1.1053394525774485f,0.8671613291542725f,0.05544380013957487f,0f,0f,0f,1f],start_interpolation:0}
execute if entity @s[tag=aj.toji.bone.blade] run data modify entity @s {} merge value {transformation:[-0.5201725414942244f,0.013380232003702251f,-0.8539563785504307f,0.10188996259381719f,0.4714249849708509f,-0.8292565182945317f,-0.30015347809289805f,1.3046029351864972f,-0.7121650164257385f,-0.558707970461813f,0.4250486950006665f,-0.3669649910658034f,0f,0f,0f,1f],start_interpolation:0}
execute if entity @s[tag=aj.toji.bone.bottom] run data modify entity @s {} merge value {transformation:[-0.8539563785504308f,0.5201725414942242f,-0.01338023200370244f,0.2645992617096691f,-0.3001534780928981f,-0.47142498497085095f,0.8292565182945316f,1.4381497355897128f,0.4250486950006662f,0.7121650164257386f,0.5587079704618131f,0.05544380013957487f,0f,0f,0f,1f],start_interpolation:0}
execute if entity @s[tag=aj.toji.bone.leftarm] run data modify entity @s {} merge value {transformation:[-0.8539563785504308f,0.5201725414942242f,-0.01338023200370244f,0.3412701234238232f,-0.3001534780928981f,-0.47142498497085095f,0.8292565182945316f,1.301533896966194f,0.4250486950006662f,0.7121650164257386f,0.5587079704618131f,0.26005059768355115f,0f,0f,0f,1f],start_interpolation:0}
execute if entity @s[tag=aj.toji.locator_origin.mount] at @s on origin run tp @s ^0.04103 ^1.46278 ^0.5665 ~15.77482 ~81.60237
execute if entity @s[tag=aj.toji.bone.head] run data modify entity @s {} merge value {transformation:[-0.9989138300937968f,0.02438982405018208f,0.03970260105008958f,0.0349314618234141f,0.04272940667158394f,0.13965128990923736f,0.9892783809586565f,1.4278642038612768f,0.01858380619883378f,0.9899003251385907f,-0.14054176759126408f,0.3190296445448241f,0f,0f,0f,1f],start_interpolation:0}
execute if entity @s[tag=aj.toji.bone.upper] run data modify entity @s {} merge value {transformation:[-0.9989138300937968f,0.04657528243121879f,0.0013795339044825863f,0f,0.04272940667158394f,0.9038189384817024f,0.425776378216668f,0.75f,0.01858380619883378f,0.42537285939309877f,-0.9048273717339144f,0f,0f,0f,0f,1f],start_interpolation:0}