execute if entity @s[tag=aj.toji.locator_origin.head] at @s on origin run tp @s ^0.03515 ^1.3914 ^0.38713 ~0.04208 ~31.11213
execute if entity @s[tag=aj.toji.bone.blade2] run data modify entity @s {} merge value {transformation:[-0.51775507857067f,-0.1154074609443739f,0.8477091462126924f,-0.0796292367238556f,-0.48892398761177386f,-0.7731957933342732f,-0.40388315080971865f,1.3360826378788515f,0.7020562747758053f,-0.6235778885821373f,0.34390057272322466f,-0.30845958970038834f,0f,0f,0f,1f],start_interpolation:0}
execute if entity @s[tag=aj.toji.bone.chain2] run data modify entity @s {} merge value {transformation:[-1.31571523735095f,-0.8035990281982271f,0.17912199667408066f,-0.1093274358064483f,0.6268603069859177f,-0.7588507724391076f,1.2000643042375698f,1.5362890757236183f,-0.5337623472475046f,1.0896498431416148f,0.9678448479035258f,0.0013641656768535737f,0f,0f,0f,1f],start_interpolation:0}
execute if entity @s[tag=aj.toji.bone.bottom2] run data modify entity @s {} merge value {transformation:[-0.8477091462126926f,-0.5177550785706698f,0.1154074609443741f,-0.2064065130384489f,0.4038831508097187f,-0.48892398761177397f,0.7731957933342731f,1.4446158280464108f,-0.3439005727232244f,0.7020562747758055f,0.6235778885821374f,0.1329997171973171f,0f,0f,0f,1f],start_interpolation:0}
execute if entity @s[tag=aj.toji.bone.rightarm] run data modify entity @s {} merge value {transformation:[-0.8477091462126926f,-0.5177550785706698f,0.1154074609443741f,-0.28286346104282306f,0.4038831508097187f,-0.48892398761177397f,0.7731957933342731f,1.29714213421786f,-0.3439005727232244f,0.7020562747758055f,0.6235778885821374f,0.33000757168647f,0f,0f,0f,1f],start_interpolation:0}
execute if entity @s[tag=aj.toji.bone.chain] run data modify entity @s {} merge value {transformation:[-1.335342530627288f,0.7902899246842537f,-0.03556451112526015f,0.2679267324092417f,-0.5195012748814861f,-0.8233981339816346f,1.2087582934413246f,1.4254072120401835f,0.596608267547084f,1.0518650205749924f,0.972934338584238f,0.12175509999679171f,0f,0f,0f,1f],start_interpolation:0}
execute if entity @s[tag=aj.toji.bone.blade] run data modify entity @s {} merge value {transformation:[-0.5091800857026066f,0.02291404743640903f,-0.8603549190618766f,0.11205090437156301f,0.5305115494109859f,-0.7787972897340077f,-0.33471223079612517f,1.3283205880547293f,-0.6777116911087198f,-0.6268570235173612f,0.3843919039229537f,-0.3130036428491364f,0f,0f,0f,1f],start_interpolation:0}
execute if entity @s[tag=aj.toji.bone.bottom] run data modify entity @s {} merge value {transformation:[-0.8603549190618767f,0.5091800857026064f,-0.02291404743640922f,0.2679267324092417f,-0.3347122307961252f,-0.530511549410986f,0.7787972897340076f,1.4254072120401835f,0.38439190392295336f,0.6777116911087199f,0.6268570235173613f,0.12175509999679171f,0f,0f,0f,1f],start_interpolation:0}
execute if entity @s[tag=aj.toji.bone.leftarm] run data modify entity @s {} merge value {transformation:[-0.8603549190618767f,0.5091800857026064f,-0.02291404743640922f,0.341449571393526f,-0.3347122307961252f,-0.530511549410986f,0.7787972897340076f,1.2718598102626792f,0.38439190392295336f,0.6777116911087199f,0.6268570235173613f,0.31520751676915626f,0f,0f,0f,1f],start_interpolation:0}
execute if entity @s[tag=aj.toji.locator_origin.mount] at @s on origin run tp @s ^0.04002 ^1.36598 ^0.63579 ~157.06508 ~83.71772
execute if entity @s[tag=aj.toji.bone.head] run data modify entity @s {} merge value {transformation:[-0.9989008518981585f,0.019461301539617334f,0.04264206631388106f,0.03515166621042174f,0.04045171832828932f,-0.10167552592070167f,0.9939948419951874f,1.3914011666883235f,0.023680087867701916f,0.9946272393068334f,0.1007765263711996f,0.38712905307337575f,0f,0f,0f,1f],start_interpolation:0}
execute if entity @s[tag=aj.toji.bone.upper] run data modify entity @s {} merge value {transformation:[-0.9989008518981585f,0.04686888828056232f,0.000628799234660718f,0f,0.04045171832828932f,0.8552015555844313f,0.5167145806054418f,0.75f,0.023680087867701916f,0.516172070764501f,-0.8561574894850041f,0f,0f,0f,0f,1f],start_interpolation:0}