execute if entity @s[tag=aj.toji.locator_origin.head] at @s on origin run tp @s ^0.0014 ^1.45921 ^0.24395 ~-0.02208 ~18.98207
execute if entity @s[tag=aj.toji.bone.blade2] run data modify entity @s {} merge value {transformation:[-0.4496869016097901f,0.1828841892666207f,0.8742625828873599f,-0.04595449269027119f,-0.7626767561113976f,-0.5880594912851855f,-0.2692771813518628f,1.5925041094427785f,0.46487187074287706f,-0.78787017206244f,0.4039241708121936f,-0.35947818054643943f,0f,0f,0f,1f],start_interpolation:0}
execute if entity @s[tag=aj.toji.bone.chain2] run data modify entity @s {} merge value {transformation:[-1.3569283838564234f,-0.6979515452068615f,-0.2838515020909006f,-0.169232105198161f,0.4179406252232037f,-1.183737881881232f,0.912717335432215f,1.6920292642525692f,-0.6269239734480918f,0.7215198827155074f,1.222840162888579f,-0.025034262985155945f,0f,0f,0f,1f],start_interpolation:0}
execute if entity @s[tag=aj.toji.bone.bottom2] run data modify entity @s {} merge value {transformation:[-0.87426258288736f,-0.4496869016097899f,-0.1828841892666205f,-0.2535483992499966f,0.26927718135186274f,-0.7626767561113977f,0.5880594912851854f,1.549027372481682f,-0.40392417081219334f,0.46487187074287717f,0.7878701720624401f,0.062129212779133525f,0f,0f,0f,1f],start_interpolation:0}
execute if entity @s[tag=aj.toji.bone.rightarm] run data modify entity @s {} merge value {transformation:[-0.87426258288736f,-0.4496869016097899f,-0.1828841892666205f,-0.3113287132219841f,0.26927718135186274f,-0.7626767561113977f,0.5880594912851854f,1.3415283596193412f,-0.40392417081219334f,0.46487187074287717f,0.7878701720624401f,0.2035924411406149f,0f,0f,0f,1f],start_interpolation:0}
execute if entity @s[tag=aj.toji.bone.chain] run data modify entity @s {} merge value {transformation:[-1.3571041059523514f,0.695410430065507f,0.28919794773560825f,0.25630621804316756f,-0.4134559071494333f,-1.1860403443387642f,0.9117703592764659f,1.5481846685960394f,0.6295119792836512f,0.7201911614064722f,1.2222937587100278f,0.06164286357962828f,0f,0f,0f,1f],start_interpolation:0}
execute if entity @s[tag=aj.toji.bone.blade] run data modify entity @s {} merge value {transformation:[-0.44804967306234017f,-0.18632887907797596f,-0.8743757998082262f,0.04805344402607231f,0.7641602218558479f,-0.5874493589969176f,-0.26638769856607786f,1.5923485807479305f,-0.46401578184578063f,-0.7875181264171989f,0.4055916108136279f,-0.3595679883483836f,0f,0f,0f,1f],start_interpolation:0}
execute if entity @s[tag=aj.toji.bone.bottom] run data modify entity @s {} merge value {transformation:[-0.8743757998082263f,0.44804967306234f,0.18632887907797577f,0.25630621804316756f,-0.2663876985660778f,-0.764160221855848f,0.5874493589969175f,1.5481846685960394f,0.4055916108136276f,0.46401578184578074f,0.787518126417199f,0.06164286357962828f,0f,0f,0f,1f],start_interpolation:0}
execute if entity @s[tag=aj.toji.bone.leftarm] run data modify entity @s {} merge value {transformation:[-0.8743757998082263f,0.44804967306234f,0.18632887907797577f,0.3136701488207384f,-0.2663876985660778f,-0.764160221855848f,0.5874493589969175f,1.3404953819716976f,0.4055916108136276f,0.46401578184578074f,0.787518126417199f,0.20299628471692518f,0f,0f,0f,1f],start_interpolation:0}
execute if entity @s[tag=aj.toji.locator_origin.mount] at @s on origin run tp @s ^0.0018 ^1.56525 ^0.47035 ~0.14753 ~64.90233
execute if entity @s[tag=aj.toji.bone.head] run data modify entity @s {} merge value {transformation:[-0.9999981792683559f,0.001564831884314238f,0.0010921360478677179f,0.001404861359252606f,0.0016527642362303098f,0.4241593217404721f,0.90558607440212f,1.4592142449546233f,0.0009538502779035123f,0.9055862306162987f,-0.42416113575834713f,0.24395323551452402f,0f,0f,0f,1f],start_interpolation:0}
execute if entity @s[tag=aj.toji.bone.upper] run data modify entity @s {} merge value {transformation:[-0.9999981792683559f,0.0018731484790034747f,-0.0003643826955626957f,0f,0.0016527642362303098f,0.945618993272831f,0.3252721751580619f,0.75f,0.0009538502779035123f,0.32527098068603205f,-0.945620367427222f,0f,0f,0f,0f,1f],start_interpolation:0}