execute if entity @s[tag=aj.toji.locator_origin.head] at @s on origin run tp @s ^0.02423 ^1.47703 ^0.18261 ~-0.164 ~14.10423
execute if entity @s[tag=aj.toji.bone.blade2] run data modify entity @s {} merge value {transformation:[-0.0818187573530958f,0.36520620785726154f,0.9273241702272802f,-0.17789768122104616f,-0.9241137583691075f,0.32066200668748496f,-0.20782117086591395f,2.0180809682214687f,-0.373255210999283f,-0.8739566941271604f,0.31125591440518313f,0.048409176913527585f,0f,0f,0f,1f],start_interpolation:0}
execute if entity @s[tag=aj.toji.bone.chain2] run data modify entity @s {} merge value {transformation:[-1.4392843892069247f,-0.12698952964178378f,-0.5668304684451244f,-0.31430706950118603f,0.32255577561480353f,-1.434301562468719f,-0.4976941562128674f,1.7827242215475847f,-0.4830951171497112f,-0.5793231920718038f,1.3564536190098637f,0.299317607946485f,0f,0f,0f,1f],start_interpolation:0}
execute if entity @s[tag=aj.toji.bone.bottom2] run data modify entity @s {} merge value {transformation:[-0.9273241702272803f,-0.08181875735309559f,-0.3652062078572613f,-0.32964808650489147f,0.20782117086591367f,-0.9241137583691075f,-0.320662006687485f,1.609452891853377f,-0.311255914405183f,-0.37325521099928294f,0.8739566941271605f,0.22933225588411943f,0f,0f,0f,1f],start_interpolation:0}
execute if entity @s[tag=aj.toji.bone.rightarm] run data modify entity @s {} merge value {transformation:[-0.9273241702272803f,-0.08181875735309559f,-0.3652062078572613f,-0.29214501520396036f,0.20782117086591367f,-0.9241137583691075f,-0.320662006687485f,1.3654356290819805f,-0.311255914405183f,-0.37325521099928294f,0.8739566941271605f,0.15547194778462262f,0f,0f,0f,1f],start_interpolation:0}
execute if entity @s[tag=aj.toji.bone.chain] run data modify entity @s {} merge value {transformation:[-1.4458229607263622f,0.026599454187773392f,0.5637828561463007f,0.3864629425539957f,-0.23406651745075788f,-1.4390122839121733f,-0.5323712856357449f,1.5874888467049602f,0.5135869013672778f,-0.5809464600097797f,1.3445045105752431f,0.22176379310405225f,0f,0f,0f,1f],start_interpolation:0}
execute if entity @s[tag=aj.toji.bone.blade] run data modify entity @s {} merge value {transformation:[-0.017137903369303868f,-0.3632426455707711f,-0.9315369411391324f,0.25625114322101605f,0.9271488540642189f,0.3430043182619564f,-0.15080795755216642f,2.0047650040713476f,0.37430107490562986f,-0.8662579396994853f,0.33090162772656834f,0.043820693737129324f,0f,0f,0f,1f],start_interpolation:0}
execute if entity @s[tag=aj.toji.bone.bottom] run data modify entity @s {} merge value {transformation:[-0.9315369411391325f,0.01713790336930366f,0.3632426455707709f,0.3864629425539957f,-0.15080795755216614f,-0.9271488540642189f,-0.34300431826195643f,1.5874888467049602f,0.3309016277265682f,-0.3743010749056298f,0.8662579396994854f,0.22176379310405225f,0f,0f,0f,1f],start_interpolation:0}
execute if entity @s[tag=aj.toji.bone.leftarm] run data modify entity @s {} merge value {transformation:[-0.9315369411391325f,0.01713790336930366f,0.3632426455707709f,0.33252635957512583f,-0.15080795755216614f,-0.9271488540642189f,-0.34300431826195643f,1.346276135841895f,0.3309016277265682f,-0.3743010749056298f,0.8662579396994854f,0.14886987611055533f,0f,0f,0f,1f],start_interpolation:0}
execute if entity @s[tag=aj.toji.locator_origin.mount] at @s on origin run tp @s ^0.03131 ^1.64352 ^0.36896 ~1.3594 ~48.1881
execute if entity @s[tag=aj.toji.bone.head] run data modify entity @s {} merge value {transformation:[-0.9994741996465379f,0.028304909003419244f,0.015816332293568193f,0.02422880662269926f,0.030655189184137097f,0.6659821823530883f,0.7453375021856224f,1.4770270589543255f,0.01056331467850766f,0.7454304561221833f,-0.6664997010265472f,0.18260509433710678f,0f,0f,0f,1f],start_interpolation:0}
execute if entity @s[tag=aj.toji.bone.upper] run data modify entity @s {} merge value {transformation:[-0.9994741996465379f,0.032305075496932345f,-0.002776029187511028f,0f,0.030655189184137097f,0.9693694119391005f,0.24368668936346755f,0.75f,0.01056331467850766f,0.24347345911614238f,-0.969850035360634f,0f,0f,0f,0f,1f],start_interpolation:0}