execute if entity @s[tag=aj.toji.locator_origin.head] at @s on origin run tp @s ^0.00962 ^1.44054 ^0.29251 ~-0.0985 ~22.95859
execute if entity @s[tag=aj.toji.bone.blade2] run data modify entity @s {} merge value {transformation:[-0.488764457800905f,0.09520361935331131f,0.8672056132501779f,-0.04647540749408144f,-0.6812647349609208f,-0.6625829714336292f,-0.3112268736224571f,1.5102803748389186f,0.5449657472623519f,-0.7429132364066565f,0.38870587528692435f,-0.3466957413771268f,0f,0f,0f,1f],start_interpolation:0}
execute if entity @s[tag=aj.toji.bone.chain2] run data modify entity @s {} merge value {transformation:[-1.3459753788987139f,-0.7586031688784878f,-0.147763950871285f,-0.14482013338423996f,0.48305004343485536f,-1.057379640720596f,1.028383986912612f,1.646453585377694f,-0.6033039106015802f,0.8458322535634423f,1.1530632523394984f,-0.016937448379893943f,0f,0f,0f,1f],start_interpolation:0}
execute if entity @s[tag=aj.toji.bone.bottom2] run data modify entity @s {} merge value {transformation:[-0.867205613250178f,-0.48876445780090483f,-0.09520361935331112f,-0.2364634692219096f,0.3112268736224571f,-0.6812647349609209f,0.6625829714336291f,1.5187164475725214f,-0.3887058752869241f,0.544965747262352f,0.7429132364066566f,0.08524362923179707f,0f,0f,0f,1f],start_interpolation:0}
execute if entity @s[tag=aj.toji.bone.rightarm] run data modify entity @s {} merge value {transformation:[-0.867205613250178f,-0.48876445780090483f,-0.09520361935331112f,-0.3044542328439997f,0.3112268736224571f,-0.6812647349609209f,0.6625829714336291f,1.3289485842308877f,-0.3887058752869241f,0.544965747262352f,0.7429132364066566f,0.24577918325281783f,0f,0f,0f,1f],start_interpolation:0}
execute if entity @s[tag=aj.toji.bone.chain] run data modify entity @s {} merge value {transformation:[-1.3485456507533908f,0.7456025844624716f,0.18564505780685045f,0.25470032121248354f,-0.4528755295451339f,-1.0742245198379474f,1.0246502375587767f,1.513216125396149f,0.6207181777461009f,0.8361107227113678f,1.150908544061493f,0.08206915147333521f,0f,0f,0f,1f],start_interpolation:0}
execute if entity @s[tag=aj.toji.bone.blade] run data modify entity @s {} merge value {transformation:[-0.48038824233823685f,-0.11961023858696423f,-0.8688616273310436f,0.05900467131605691f,0.6921178114392142f,-0.6601773342660575f,-0.2917855760827708f,1.5090991533955587f,-0.5387022106059818f,-0.7415249679859282f,0.39992580579614584f,-0.34737760187038075f,0f,0f,0f,1f],start_interpolation:0}
execute if entity @s[tag=aj.toji.bone.bottom] run data modify entity @s {} merge value {transformation:[-0.8688616273310437f,0.4803882423382367f,0.11961023858696404f,0.25470032121248354f,-0.2917855760827708f,-0.6921178114392144f,0.6601773342660574f,1.513216125396149f,0.39992580579614556f,0.5387022106059819f,0.7415249679859283f,0.08206915147333521f,0f,0f,0f,1f],start_interpolation:0}
execute if entity @s[tag=aj.toji.bone.leftarm] run data modify entity @s {} merge value {transformation:[-0.8688616273310437f,0.4803882423382367f,0.11961023858696404f,0.32049353008885245f,-0.2917855760827708f,-0.6921178114392144f,0.6601773342660574f,1.321950074031172f,0.39992580579614556f,0.5387022106059819f,0.7415249679859283f,0.24174006698708977f,0f,0f,0f,1f],start_interpolation:0}
execute if entity @s[tag=aj.toji.locator_origin.mount] at @s on origin run tp @s ^0.01191 ^1.50504 ^0.53404 ~2.03053 ~75.03333
execute if entity @s[tag=aj.toji.bone.head] run data modify entity @s {} merge value {transformation:[-0.9999164206925635f,0.009133398276535195f,0.009150555463718431f,0.009623578346911674f,0.011197616319545271f,0.2580141757918164f,0.96607623844044f,1.440539194957236f,0.006462586025164905f,0.9660979588666938f,-0.2580948834352891f,0.2925115501439446f,0f,0f,0f,1f],start_interpolation:0}
execute if entity @s[tag=aj.toji.bone.upper] run data modify entity @s {} merge value {transformation:[-0.9999164206925635f,0.012831437795882231f,-0.0015829824581492513f,0f,0.011197616319545271f,0.9207189266096478f,0.3900657272454709f,0.75f,0.006462586025164905f,0.3900154001919261f,-0.9207856550766845f,0f,0f,0f,0f,1f],start_interpolation:0}