execute if entity @s[tag=aj.toji.locator_origin.head] at @s on origin run tp @s ^0.00479 ^1.49904 ^0.03765 ~-0.10551 ~2.87815
execute if entity @s[tag=aj.toji.bone.blade2] run data modify entity @s {} merge value {transformation:[0.06405426032061846f,-0.04346481684887988f,0.9969994290023799f,-0.42297490166416873f,0.8442241412013892f,0.5350982266362644f,-0.030910957013682638f,1.0791679399958758f,-0.5321490873313184f,0.8436709652151236f,0.07096936878278187f,0.6229387721179762f,0f,0f,0f,1f],start_interpolation:0}
execute if entity @s[tag=aj.toji.bone.chain2] run data modify entity @s {} merge value {transformation:[-1.547426197097444f,0.09941754987262692f,0.06746101781753266f,-0.39883901184436027f,0.04797638119832004f,1.310306219156323f,-0.8305170392583687f,1.008746900965414f,-0.11015037446494318f,-0.8259397292954839f,-1.30944764392764f,0.26042850155481934f,0f,0f,0f,1f],start_interpolation:0}
execute if entity @s[tag=aj.toji.bone.bottom2] run data modify entity @s {} merge value {transformation:[-0.9969994290023799f,0.06405426032061869f,0.0434648168488801f,-0.3868288380342443f,0.030910957013682707f,0.8442241412013892f,-0.5350982266362644f,1.1670389274406745f,-0.07096936878278218f,-0.5321490873313184f,-0.8436709652151236f,0.16065054768019715f,0f,0f,0f,1f],start_interpolation:0}
execute if entity @s[tag=aj.toji.bone.rightarm] run data modify entity @s {} merge value {transformation:[-0.9969994290023799f,0.06405426032061869f,0.0434648168488801f,-0.30850280864144086f,0.030910957013682707f,0.8442241412013892f,-0.5350982266362644f,1.3761630279276666f,-0.07096936878278218f,-0.5321490873313184f,-0.8436709652151236f,0.03204886139629145f,0f,0f,0f,1f],start_interpolation:0}
execute if entity @s[tag=aj.toji.bone.chain] run data modify entity @s {} merge value {transformation:[-1.5474172639150126f,-0.08650489051587498f,-0.08354273676223888f,0.39272917436506477f,-0.028527906761685255f,1.3114745853252778f,-0.8295681070248533f,1.1621400258223638f,0.11682740896161675f,-0.825538605744055f,-1.3091218585573263f,0.15896865700279825f,0f,0f,0f,1f],start_interpolation:0}
execute if entity @s[tag=aj.toji.bone.blade] run data modify entity @s {} merge value {transformation:[0.05573469456056352f,0.05382619281325435f,-0.9969936733949073f,0.4297623644778297f,-0.8449769140350782f,0.5344868340562813f,-0.018380396302830698f,1.0738091681779491f,0.5318906453116059f,0.8434610632315659f,0.07527135074037021f,0.6210989992463809f,0f,0f,0f,1f],start_interpolation:0}
execute if entity @s[tag=aj.toji.bone.bottom] run data modify entity @s {} merge value {transformation:[-0.9969936733949073f,-0.05573469456056374f,-0.05382619281325457f,0.39272917436506477f,-0.018380396302830768f,0.8449769140350782f,-0.5344868340562813f,1.1621400258223638f,0.07527135074037052f,-0.5318906453116059f,-0.8434610632315659f,0.15896865700279825f,0f,0f,0f,1f],start_interpolation:0}
execute if entity @s[tag=aj.toji.bone.leftarm] run data modify entity @s {} merge value {transformation:[-0.9969936733949073f,-0.05573469456056374f,-0.05382619281325457f,0.3164833961377421f,-0.018380396302830768f,0.8449769140350782f,-0.5344868340562813f,1.3722354795622065f,0.07527135074037052f,-0.5318906453116059f,-0.8434610632315659f,0.030700455096169914f,0f,0f,0f,1f],start_interpolation:0}
execute if entity @s[tag=aj.toji.locator_origin.mount] at @s on origin run tp @s ^0.00643 ^1.74535 ^0.08042 ~-0.0611 ~9.85033
execute if entity @s[tag=aj.toji.bone.head] run data modify entity @s {} merge value {transformation:[-0.9999779276466927f,0.006560519926915631f,-0.0010506177775136587f,0.004788352497780746f,0.006284077384736264f,0.9852379520129348f,0.17107509545454178f,1.499039104493924f,0.002157450080194454f,0.17106471726117714f,-0.985257432307671f,0.037649589895476815f,0f,0f,0f,1f],start_interpolation:0}
execute if entity @s[tag=aj.toji.bone.upper] run data modify entity @s {} merge value {transformation:[-0.9999779276466927f,0.006384469997040995f,-0.0018392287195365827f,0f,0.006284077384736264f,0.9987188059918986f,0.05021211934920947f,0.75f,0.002157450080194454f,0.05019945319396909f,-0.9987368824210799f,0f,0f,0f,0f,1f],start_interpolation:0}