execute if entity @s[tag=aj.toji.locator_origin.head] at @s on origin run tp @s ^-0.03515 ^1.3914 ^0.38713 ~-0.04207 ~31.11213
execute if entity @s[tag=aj.toji.bone.blade2] run data modify entity @s {} merge value {transformation:[-0.5091808834805182f,-0.022914753185087115f,0.860354428119287f,-0.11205055868273803f,-0.5305109192906191f,-0.7787973109279906f,-0.3347131802077003f,1.3283203460463884f,0.677711584976545f,-0.6268569713880484f,0.3843921760530279f,-0.3130035812735386f,0f,0f,0f,1f],start_interpolation:0}
execute if entity @s[tag=aj.toji.bone.chain2] run data modify entity @s {} merge value {transformation:[-1.335341768643477f,-0.7902911629020539f,0.035565606506020926f,-0.17245498542633816f,0.5195027484473683f,-0.8233971559823153f,1.208758326336152f,1.524877977431066f,-0.5966086899156365f,1.051864855849013f,0.9729342576752004f,-0.0053158126613965795f,0f,0f,0f,1f],start_interpolation:0}
execute if entity @s[tag=aj.toji.bone.bottom2] run data modify entity @s {} merge value {transformation:[-0.8603544281192871f,-0.5091808834805179f,0.022914753185087306f,-0.2679264010789353f,0.33471318020770036f,-0.5305109192906192f,0.7787973109279905f,1.4254071800640749f,-0.38439217605302756f,0.6777115849765452f,0.6268569713880485f,0.12175510952170565f,0f,0f,0f,1f],start_interpolation:0}
execute if entity @s[tag=aj.toji.bone.rightarm] run data modify entity @s {} merge value {transformation:[-0.8603544281192871f,-0.5091808834805179f,0.022914753185087306f,-0.3414494701916093f,0.33471318020770036f,-0.5305109192906192f,0.7787973109279905f,1.2718598764784388f,-0.38439217605302756f,0.6777115849765452f,0.6268569713880485f,0.31520751676915615f,0f,0f,0f,1f],start_interpolation:0}
execute if entity @s[tag=aj.toji.bone.chain] run data modify entity @s {} merge value {transformation:[-1.3157160954248794f,0.8035978660949588f,-0.1791209073744581f,0.206406840880972f,-0.62685889382954f,-0.7588518377971206f,1.2000643687360473f,1.4446158878876352f,0.5337618917437118f,1.0896499582391914f,0.9678449695290112f,0.13299971700054475f,0f,0f,0f,1f],start_interpolation:0}
execute if entity @s[tag=aj.toji.bone.blade] run data modify entity @s {} merge value {transformation:[-0.5177543298329937f,0.11540675911374461f,-0.8477096990656939f,0.07962956449101916f,0.4889246740169366f,-0.7731958348903393f,-0.4038822403197035f,1.336082904302549f,-0.7020563489326332f,-0.6235779669448661f,0.34390027924427097f,-0.3084596406639652f,0f,0f,0f,1f],start_interpolation:0}
execute if entity @s[tag=aj.toji.bone.bottom] run data modify entity @s {} merge value {transformation:[-0.847709699065694f,0.5177543298329935f,-0.1154067591137448f,0.206406840880972f,-0.40388224031970354f,-0.48892467401693673f,0.7731958348903392f,1.4446158878876352f,0.3439002792442707f,0.7020563489326334f,0.6235779669448662f,0.13299971700054475f,0f,0f,0f,1f],start_interpolation:0}
execute if entity @s[tag=aj.toji.bone.leftarm] run data modify entity @s {} merge value {transformation:[-0.847709699065694f,0.5177543298329935f,-0.1154067591137448f,0.2828635671476145f,-0.40388224031970354f,-0.48892467401693673f,0.7731958348903392f,1.2971420793634194f,0.3439002792442707f,0.7020563489326334f,0.6235779669448662f,0.33000757168647f,0f,0f,0f,1f],start_interpolation:0}
execute if entity @s[tag=aj.toji.locator_origin.mount] at @s on origin run tp @s ^-0.04002 ^1.36598 ^0.63579 ~-157.06517 ~83.71772
execute if entity @s[tag=aj.toji.bone.head] run data modify entity @s {} merge value {transformation:[-0.9989008597427582f,-0.019461321257091598f,-0.042641873552960924f,-0.03515154182639688f,-0.04045152461596892f,-0.1016755221466576f,0.9939948502645515f,1.3914011735051148f,-0.023680087867702152f,0.9946272393068334f,0.10077652637119949f,0.38712905307337564f,0f,0f,0f,1f],start_interpolation:0}
execute if entity @s[tag=aj.toji.bone.upper] run data modify entity @s {} merge value {transformation:[-0.9989008597427582f,-0.046868722435195846f,-0.0006286990305413395f,0f,-0.04045152461596892f,0.8552015646734865f,0.5167145807273722f,0.75f,-0.023680087867702152f,0.5161720707645009f,-0.8561574894850041f,0f,0f,0f,0f,1f],start_interpolation:0}