execute if entity @s[tag=aj.toji.locator_origin.head] at @s on origin run tp @s ^-0.00946 ^1.49642 ^0.07254 ~0.17032 ~5.5531
execute if entity @s[tag=aj.toji.bone.blade2] run data modify entity @s {} merge value {transformation:[0.1471259988654488f,-0.028057879212788902f,0.9887197256411567f,-0.47655777674871336f,0.4526758920575912f,0.8906814429830446f,-0.04208448497374486f,1.418581399646603f,-0.8794535105437398f,0.4537613056880478f,0.14374352247169309f,0.7099367584044993f,0f,0f,0f,1f],start_interpolation:0}
execute if entity @s[tag=aj.toji.bone.chain2] run data modify entity @s {} merge value {transformation:[-1.5345754075055456f,0.22835181073908237f,0.04354816669484979f,-0.4465198654398878f,0.06531862771966634f,0.7025907074643863f,-1.3824118229632674f,1.1727703694454839f,-0.2231019255029408f,-1.3649851361564296f,-0.7042753598699908f,0.4349276285652075f,0f,0f,0f,1f],start_interpolation:0}
execute if entity @s[tag=aj.toji.bone.bottom2] run data modify entity @s {} merge value {transformation:[-0.9887197256411567f,0.14712599886544903f,0.02805787921278912f,-0.4189337406526161f,0.04208448497374476f,0.4526758920575912f,-0.8906814429830446f,1.2576470992062823f,-0.1437435224716934f,-0.8794535105437398f,-0.45376130568804773f,0.2700300953382563f,0f,0f,0f,1f],start_interpolation:0}
execute if entity @s[tag=aj.toji.bone.rightarm] run data modify entity @s {} merge value {transformation:[-0.9887197256411567f,0.14712599886544903f,0.02805787921278912f,-0.32035725808368154f,0.04208448497374476f,0.4526758920575912f,-0.8906814429830446f,1.368185791909821f,-0.1437435224716934f,-0.8794535105437398f,-0.45376130568804773f,0.05915068785680216f,0f,0f,0f,1f],start_interpolation:0}
execute if entity @s[tag=aj.toji.bone.chain] run data modify entity @s {} merge value {transformation:[-1.5343160780933232f,-0.23414265240755908f,-0.0037502585228476443f,0.4040890773137992f,-0.10297176641086295f,0.6969162310724252f,-1.3829921387343977f,1.2677449332702093f,0.2103180007456849f,-1.3669117231198473f,-0.7044723936187841f,0.2734584832823654f,0f,0f,0f,1f],start_interpolation:0}
execute if entity @s[tag=aj.toji.bone.blade] run data modify entity @s {} merge value {transformation:[0.15085701094715193f,0.0024162739476063164f,-0.9885526409191879f,0.45408095144184835f,-0.4490198535768645f,0.8910553377080682f,-0.06634422533854266f,1.4299996035340932f,0.8806948014731901f,0.4538882536067334f,0.13550689980930003f,0.7138134370446916f,0f,0f,0f,1f],start_interpolation:0}
execute if entity @s[tag=aj.toji.bone.bottom] run data modify entity @s {} merge value {transformation:[-0.9885526409191879f,-0.15085701094715215f,-0.002416273947606536f,0.4040890773137992f,-0.06634422533854256f,0.4490198535768645f,-0.8910553377080682f,1.2677449332702093f,0.13550689980930034f,-0.8806948014731901f,-0.45388825360673335f,0.2734584832823654f,0f,0f,0f,1f],start_interpolation:0}
execute if entity @s[tag=aj.toji.bone.leftarm] run data modify entity @s {} merge value {transformation:[-0.9885526409191879f,-0.15085701094715215f,-0.002416273947606536f,0.30459028451956194f,-0.06634422533854256f,0.4490198535768645f,-0.8910553377080682f,1.3758533825807666f,0.13550689980930034f,-0.8806948014731901f,-0.45388825360673335f,0.0617539641521491f,0f,0f,0f,1f],start_interpolation:0}
execute if entity @s[tag=aj.toji.locator_origin.mount] at @s on origin run tp @s ^-0.0127 ^1.73271 ^0.15415 ~-0.00411 ~19.05277
execute if entity @s[tag=aj.toji.bone.head] run data modify entity @s {} merge value {transformation:[-0.9999160681651896f,-0.012955772313231194f,-0.00006774094369026845f,-0.00946018413847177f,-0.01226814507351282f,0.945138724093163f,0.3264387918676383f,1.4964235046943526f,-0.0041652420725551f,0.32641222431660816f,-0.9452183401601777f,0.07254279120537074f,0f,0f,0f,1f],start_interpolation:0}
execute if entity @s[tag=aj.toji.bone.upper] run data modify entity @s {} merge value {transformation:[-0.9999160681651896f,-0.012613578851295694f,0.0029587587988692114f,0f,-0.01226814507351282f,0.9952313395924701f,0.09676814201705375f,0.75f,-0.0041652420725551f,0.096723721607161f,-0.9953025532153212f,0f,0f,0f,0f,1f],start_interpolation:0}