execute if entity @s[tag=aj.toji.locator_origin.head] at @s on origin run tp @s ^-0.01223 ^1.43637 ^0.30206 ~0.11158 ~23.75525
execute if entity @s[tag=aj.toji.bone.blade2] run data modify entity @s {} merge value {transformation:[-0.4851620863977017f,0.10665462825709086f,0.8678954661671939f,-0.06283242564300087f,-0.6773904838609756f,-0.6734856348311931f,-0.29590409265607887f,1.491928735534558f,0.5529555879967409f,-0.7314655767343844f,0.39899652599466556f,-0.3445964832986973f,0f,0f,0f,1f],start_interpolation:0}
execute if entity @s[tag=aj.toji.bone.chain2] run data modify entity @s {} merge value {transformation:[-1.3470460881136659f,-0.7530119882630993f,-0.16553687094069283f,-0.1646361429474299f,0.45926781047662246f,-1.0513664801592228f,1.045305829060914f,1.6323895869647211f,-0.6192758580542201f,0.8582331522032752f,1.1352955305564927f,-0.01769877370468645f,0f,0f,0f,1f],start_interpolation:0}
execute if entity @s[tag=aj.toji.bone.bottom2] run data modify entity @s {} merge value {transformation:[-0.867895466167194f,-0.48516208639770153f,-0.10665462825709067f,-0.25560403414699895f,0.29590409265607887f,-0.6773904838609757f,0.673485634831193f,1.5053788712407883f,-0.3989965259946653f,0.552955587996741f,0.7314655767343845f,0.0859803990447025f,0f,0f,0f,1f],start_interpolation:0}
execute if entity @s[tag=aj.toji.bone.rightarm] run data modify entity @s {} merge value {transformation:[-0.867895466167194f,-0.48516208639770153f,-0.10665462825709067f,-0.32265108911097473f,0.29590409265607887f,-0.6773904838609757f,0.673485634831193f,1.3175372444845395f,-0.3989965259946653f,0.552955587996741f,0.7314655767343845f,0.24915657891855436f,0f,0f,0f,1f],start_interpolation:0}
execute if entity @s[tag=aj.toji.bone.chain] run data modify entity @s {} merge value {transformation:[-1.3434271889820688f,0.7684058091166814f,0.11712631655860543f,0.23259246812779033f,-0.4975029030598986f,-1.029745254919977f,1.049322755413164f,1.5123167678817897f,0.5972076045746751f,0.8707122923771322f,1.1376141061681018f,0.08998460746440584f,0f,0f,0f,1f],start_interpolation:0}
execute if entity @s[tag=aj.toji.bone.blade] run data modify entity @s {} merge value {transformation:[-0.49508025285370094f,-0.07546393550084664f,-0.8655638264582455f,0.04736840762433067f,0.6634600300155555f,-0.6760737216084817f,-0.32053878317953194f,1.4934948618618462f,-0.5609958393839239f,-0.732959424108307f,0.3847780539541534f,-0.3436927311972816f,0f,0f,0f,1f],start_interpolation:0}
execute if entity @s[tag=aj.toji.bone.bottom] run data modify entity @s {} merge value {transformation:[-0.8655638264582456f,0.4950802528537008f,0.07546393550084644f,0.23259246812779033f,-0.32053878317953194f,-0.6634600300155556f,0.6760737216084816f,1.5123167678817897f,0.3847780539541531f,0.560995839383924f,0.7329594241083071f,0.08998460746440584f,0f,0f,0f,1f],start_interpolation:0}
execute if entity @s[tag=aj.toji.bone.leftarm] run data modify entity @s {} merge value {transformation:[-0.8655638264582456f,0.4950802528537008f,0.07546393550084644f,0.3022647921875752f,-0.32053878317953194f,-0.6634600300155556f,0.6760737216084816f,1.3264180864291801f,0.3847780539541531f,0.560995839383924f,0.7329594241083071f,0.2542821956825214f,0f,0f,0f,1f],start_interpolation:0}
execute if entity @s[tag=aj.toji.locator_origin.mount] at @s on origin run tp @s ^-0.01502 ^1.49227 ^0.54572 ~-3.07406 ~77.05309
execute if entity @s[tag=aj.toji.bone.head] run data modify entity @s {} merge value {transformation:[-0.9998654100776798f,-0.011171498775557695f,-0.01201496339157928f,-0.012231778154039738f,-0.01420934711142506f,0.22359710128109733f,0.9745780783258762f,1.4363731985482318f,-0.008200986822347272f,0.9746176347233814f,-0.2237257470684617f,0.30206326476064543f,0f,0f,0f,1f],start_interpolation:0}
execute if entity @s[tag=aj.toji.bone.upper] run data modify entity @s {} merge value {transformation:[-0.9998654100776798f,-0.01630903753871965f,0.0017824210372161255f,0f,-0.01420934711142506f,0.9151642647309758f,0.40283056365434755f,0.75f,-0.008200986822347272f,0.4027510196808606f,-0.9152728336191164f,0f,0f,0f,0f,1f],start_interpolation:0}