execute if entity @s[tag=aj.toji.locator_origin.head] at @s on origin run tp @s ^-0.03396 ^1.39146 ^0.38714 ~-0.02123 ~31.11157
execute if entity @s[tag=aj.toji.bone.blade2] run data modify entity @s {} merge value {transformation:[-0.5096112694104994f,-0.024443667375686307f,0.8600574755300056f,-0.11134523353814402f,-0.529730235224729f,-0.7787680123008861f,-0.3360152688579493f,1.3284866285910701f,0.6779986961481358f,-0.6268356165233062f,0.3839204056562686f,-0.31294800167449893f,0f,0f,0f,1f],start_interpolation:0}
execute if entity @s[tag=aj.toji.bone.chain2] run data modify entity @s {} merge value {transformation:[-1.334880873478863f,-0.790959157730879f,0.037938608739346756f,-0.1712810977208013f,0.5215236985399423f,-0.8221854692550483f,1.2087128524253337f,1.525138892159644f,-0.5958764629456664f,1.0523104763132527f,0.9729011131455485f,-0.005229072134356583f,0f,0f,0f,1f],start_interpolation:0}
execute if entity @s[tag=aj.toji.bone.bottom2] run data modify entity @s {} merge value {transformation:[-0.8600574755300057f,-0.5096112694104992f,0.024443667375686498f,-0.2668332107352699f,0.33601526885794936f,-0.5297302352247291f,0.778768012300886f,1.4258144730550073f,-0.3839204056562683f,0.6779986961481359f,0.6268356165233063f,0.12189568339341889f,0f,0f,0f,1f],start_interpolation:0}
execute if entity @s[tag=aj.toji.bone.rightarm] run data modify entity @s {} merge value {transformation:[-0.8600574755300057f,-0.5096112694104992f,0.024443667375686498f,-0.34048243586726934f,0.33601526885794936f,-0.5297302352247291f,0.778768012300886f,1.2723809599452032f,-0.3839204056562683f,0.6779986961481359f,0.6268356165233063f,0.31539038278396964f,0f,0f,0f,1f],start_interpolation:0}
execute if entity @s[tag=aj.toji.bone.chain] run data modify entity @s {} merge value {transformation:[-1.3163712710271978f,0.8030466777151649f,-0.17676363833092948f,0.20753479273450975f,-0.6248548928331686f,-0.7600600625598132f,1.2003448412081972f,1.4443030275662594f,0.5344957561363801f,1.0892141241846434f,0.9679305512070534f,0.13287797450136504f,0f,0f,0f,1f],start_interpolation:0}
execute if entity @s[tag=aj.toji.bone.blade] run data modify entity @s {} merge value {transformation:[-0.5173992017493682f,0.11388798174341744f,-0.8481318256282614f,0.08034893724117445f,0.4897031275553157f,-0.7733765419864895f,-0.40259107189251125f,1.3359581697651732f,-0.7017755430988304f,-0.6236331068179671f,0.34437310462478204f,-0.3085100642522781f,0f,0f,0f,1f],start_interpolation:0}
execute if entity @s[tag=aj.toji.bone.bottom] run data modify entity @s {} merge value {transformation:[-0.8481318256282615f,0.5173992017493679f,-0.11388798174341763f,0.20753479273450975f,-0.4025910718925113f,-0.4897031275553158f,0.7733765419864894f,1.4443030275662594f,0.34437310462478177f,0.7017755430988305f,0.6236331068179672f,0.13287797450136504f,0f,0f,0f,1f],start_interpolation:0}
execute if entity @s[tag=aj.toji.bone.leftarm] run data modify entity @s {} merge value {transformation:[-0.8481318256282615f,0.5173992017493679f,-0.11388798174341763f,0.2838763540700854f,-0.4025910718925113f,-0.4897031275553158f,0.7733765419864894f,1.2967153036841486f,0.34437310462478177f,0.7017755430988305f,0.6236331068179672f,0.32984517931512153f,0f,0f,0f,1f],start_interpolation:0}
execute if entity @s[tag=aj.toji.locator_origin.mount] at @s on origin run tp @s ^-0.03873 ^1.36605 ^0.6358 ~-157.82654 ~83.75165
execute if entity @s[tag=aj.toji.bone.head] run data modify entity @s {} merge value {transformation:[-0.9989740638997676f,-0.019066065462057944f,-0.04107681588657567f,-0.03396364907831035f,-0.038934949982312686f,-0.10163570901158259f,0.9940594812804652f,1.391457758177611f,-0.023127674449843077f,0.9946389635448177f,0.10078910096351018f,0.38714133725945465f,0f,0f,0f,1f],start_interpolation:0}
execute if entity @s[tag=aj.toji.bone.upper] run data modify entity @s {} merge value {transformation:[-0.9989740638997676f,-0.04528486543774713f,-0.00031720319709941443f,0f,-0.038934949982312686f,0.8552770109034814f,0.516706206939573f,0.75f,-0.023127674449843077f,0.5161884496792729f,-0.8561627153130711f,0f,0f,0f,0f,1f],start_interpolation:0}