execute if entity @s[tag=aj.toji.locator_origin.head] at @s on origin run tp @s ^-0.00141 ^1.45746 ^0.24899 ~0.02132 ~19.38926
execute if entity @s[tag=aj.toji.bone.blade2] run data modify entity @s {} merge value {transformation:[-0.4523103690707984f,0.17881000710460732f,0.8737518591627079f,-0.04816724023366284f,-0.7566850132375749f,-0.5954932731125601f,-0.26984357027607897f,1.5840553304011267f,0.47206262378278724f,-0.7832079819798444f,0.4046506347336804f,-0.3584352593372751f,0f,0f,0f,1f],start_interpolation:0}
execute if entity @s[tag=aj.toji.bone.chain2] run data modify entity @s {} merge value {transformation:[-1.3561356980754533f,-0.7020233853286348f,-0.27752803186027564f,-0.1703954508976413f,0.41881970803266416f,-1.174438197629153f,0.9242551843101192f,1.6869505689348139f,-0.6280515059928994f,0.732680530662868f,1.2156040553645504f,-0.0246266396398883f,0f,0f,0f,1f],start_interpolation:0}
execute if entity @s[tag=aj.toji.bone.bottom2] run data modify entity @s {} merge value {transformation:[-0.873751859162708f,-0.45231036907079825f,-0.17881000710460712f,-0.255203645098416f,0.2698435702760789f,-0.756685013237575f,0.59549327311256f,1.5450721289527685f,-0.4046506347336801f,0.47206262378278735f,0.7832079819798445f,0.06388510231938432f,0f,0f,0f,1f],start_interpolation:0}
execute if entity @s[tag=aj.toji.bone.rightarm] run data modify entity @s {} merge value {transformation:[-0.873751859162708f,-0.45231036907079825f,-0.17881000710460712f,-0.3136717461684463f,0.2698435702760789f,-0.756685013237575f,0.59549327311256f,1.3390356525011198f,-0.4046506347336801f,0.47206262378278735f,0.7832079819798445f,0.20719142293593618f,0f,0f,0f,1f],start_interpolation:0}
execute if entity @s[tag=aj.toji.bone.chain] run data modify entity @s {} merge value {transformation:[-1.3559396123571543f,0.7045030205973072f,0.2721505745375374f,0.25245171438175695f,-0.42330304685587505f,-1.1721131130351372f,0.9251637986782251f,1.5459111423687806f,0.6254638053271944f,0.7340224913662123f,1.2161285639295196f,0.06436930671028196f,0f,0f,0f,1f],start_interpolation:0}
execute if entity @s[tag=aj.toji.bone.blade] run data modify entity @s {} merge value {transformation:[-0.4539079864251108f,-0.17534533661478938f,-0.8736255220556159f,0.046093829780029655f,0.7551869721568668f,-0.5960786890812726f,-0.2727321644172081f,1.5842109840783252f,-0.47292724275943865f,-0.7835459203841199f,0.40298339135174965f,-0.3583454864919679f,0f,0f,0f,1f],start_interpolation:0}
execute if entity @s[tag=aj.toji.bone.bottom] run data modify entity @s {} merge value {transformation:[-0.873625522055616f,0.45390798642511065f,0.17534533661478918f,0.25245171438175695f,-0.27273216441720805f,-0.7551869721568669f,0.5960786890812725f,1.5459111423687806f,0.4029833913517494f,0.47292724275943876f,0.78354592038412f,0.06436930671028196f,0f,0f,0f,1f],start_interpolation:0}
execute if entity @s[tag=aj.toji.bone.leftarm] run data modify entity @s {} merge value {transformation:[-0.873625522055616f,0.45390798642511065f,0.17534533661478918f,0.31132711585955863f,-0.27273216441720805f,-0.7551869721568669f,0.5960786890812725f,1.3400686390534884f,0.4029833913517494f,0.47292724275943876f,0.78354592038412f,0.207787579359626f,0f,0f,0f,1f],start_interpolation:0}
execute if entity @s[tag=aj.toji.locator_origin.mount] at @s on origin run tp @s ^-0.00179 ^1.55938 ^0.47727 ~-0.15746 ~65.94136
execute if entity @s[tag=aj.toji.bone.head] run data modify entity @s {} merge value {transformation:[-0.9999981792448078f,-0.0015447760290338128f,-0.0011203455222649308f,-0.0014067781853326035f,-0.0016527784837900945f,0.40766803919755057f,0.9131287084196335f,1.457462574932765f,-0.0009538502779037558f,0.9131288975187702f,-0.40766985010643464f,0.24898740137733733f,0f,0f,0f,1f],start_interpolation:0}
execute if entity @s[tag=aj.toji.bone.upper] run data modify entity @s {} merge value {transformation:[-0.9999981792448078f,-0.0018757042471101379f,0.00035105647196647066f,0f,-0.0016527784837900945f,0.9432834332436865f,0.3319843865173287f,0.75f,-0.0009538502779037558f,0.33198320183644975f,-0.9432848158790994f,0f,0f,0f,0f,1f],start_interpolation:0}