execute if entity @s[tag=aj.toji.locator_origin.head] at @s on origin run tp @s ^0.00141 ^1.45746 ^0.24899 ~-0.02132 ~19.38926
execute if entity @s[tag=aj.toji.bone.blade2] run data modify entity @s {} merge value {transformation:[-0.4539077751917909f,0.175346154262168f,0.8736254676953431f,-0.04609367185464072f,-0.7551872374970051f,-0.5960786139775133f,-0.2727315938432665f,1.5842111225848727f,0.47292702179308843f,-0.7835457945417833f,0.40298389535290974f,-0.3583453483848812f,0f,0f,0f,1f],start_interpolation:0}
execute if entity @s[tag=aj.toji.bone.chain2] run data modify entity @s {} merge value {transformation:[-1.3559395279854807f,-0.7045026927455919f,-0.2721518435944063f,-0.16734406224939932f,0.42330216127756987f,-1.1721135248651435f,0.925163682110932f,1.6875087767468875f,-0.6254645875789949f,0.7340221484080229f,1.2161283686117264f,-0.024304486134407055f,0f,0f,0f,1f],start_interpolation:0}
execute if entity @s[tag=aj.toji.bone.bottom2] run data modify entity @s {} merge value {transformation:[-0.8736254676953432f,-0.4539077751917907f,-0.17534615426216782f,-0.2524517700978601f,0.27273159384326645f,-0.7551872374970052f,0.5960786139775132f,1.5459111697161991f,-0.40298389535290946f,0.47292702179308854f,0.7835457945417834f,0.06436933045179705f,0f,0f,0f,1f],start_interpolation:0}
execute if entity @s[tag=aj.toji.bone.rightarm] run data modify entity @s {} merge value {transformation:[-0.8736254676953432f,-0.4539077751917907f,-0.17534615426216782f,-0.3113271221648488f,0.27273159384326645f,-0.7551872374970052f,0.5960786139775132f,1.3400686357267437f,-0.40298389535290946f,0.47292702179308854f,0.7835457945417834f,0.20778757935962602f,0f,0f,0f,1f],start_interpolation:0}
execute if entity @s[tag=aj.toji.bone.chain] run data modify entity @s {} merge value {transformation:[-1.3561357868660975f,0.7020237151935914f,0.2775267635705961f,0.2552035892470157f,-0.41882059331199445f,-1.1744377868712537f,0.9242553050958658f,1.5450721017910531f,0.6280507239148532f,0.7326808730176122f,1.2156042530837448f,0.06388507866807183f,0f,0f,0f,1f],start_interpolation:0}
execute if entity @s[tag=aj.toji.bone.blade] run data modify entity @s {} merge value {transformation:[-0.4523105816012402f,-0.17880918995152517f,-0.8737519163701029f,0.048167397436568005f,0.7566847485881901f,-0.5954933509342492f,-0.26984414065739243f,1.5840551913664358f,-0.47206284436034057f,-0.7832081093693924f,0.4046501308444694f,-0.35843539776195166f,0f,0f,0f,1f],start_interpolation:0}
execute if entity @s[tag=aj.toji.bone.bottom] run data modify entity @s {} merge value {transformation:[-0.873751916370103f,0.45231058160124005f,0.17880918995152498f,0.2552035892470157f,-0.2698441406573924f,-0.7566847485881902f,0.595493350934249f,1.5450721017910531f,0.4046501308444691f,0.4720628443603407f,0.7832081093693926f,0.06388507866807183f,0f,0f,0f,1f],start_interpolation:0}
execute if entity @s[tag=aj.toji.bone.leftarm] run data modify entity @s {} merge value {transformation:[-0.873751916370103f,0.45231058160124005f,0.17880918995152498f,0.3136717398741943f,-0.2698441406573924f,-0.7566847485881902f,0.595493350934249f,1.3390356558529186f,0.4046501308444691f,0.4720628443603407f,0.7832081093693926f,0.20719142293593631f,0f,0f,0f,1f],start_interpolation:0}
execute if entity @s[tag=aj.toji.locator_origin.mount] at @s on origin run tp @s ^0.00179 ^1.55938 ^0.47727 ~0.15746 ~65.94136
execute if entity @s[tag=aj.toji.bone.head] run data modify entity @s {} merge value {transformation:[-0.9999981792624689f,0.0015447716728195832f,0.0011203357648553645f,0.001406770625607276f,0.0016527677981202523f,0.4076680392140575f,0.9131287084316051f,1.4574625749477972f,0.0009538502779035082f,0.9131288975187701f,-0.4076698501064345f,0.24898740137733738f,0f,0f,0f,1f],start_interpolation:0}
execute if entity @s[tag=aj.toji.bone.upper] run data modify entity @s {} merge value {transformation:[-0.9999981792624689f,0.001875694167476368f,-0.00035106001944824324f,0f,0.0016527677981202523f,0.9432834332637297f,0.3319843865135775f,0.75f,0.0009538502779035082f,0.33198320183644986f,-0.9432848158790993f,0f,0f,0f,0f,1f],start_interpolation:0}