execute if entity @s[tag=aj.toji.locator_origin.head] at @s on origin run tp @s ^0.03473 ^1.44064 ^0.29036 ~0.06915 ~22.79985
execute if entity @s[tag=aj.toji.bone.blade2] run data modify entity @s {} merge value {transformation:[-0.5311713323688418f,-0.03520035549342652f,0.846532899917449f,-0.04459503283427055f,-0.5064258582785741f,-0.7878232019211081f,-0.3505245392002995f,1.3795678541607457f,0.6792568481335455f,-0.6148947369167418f,0.40064272959305264f,-0.3787444484626694f,0f,0f,0f,1f],start_interpolation:0}
execute if entity @s[tag=aj.toji.bone.chain2] run data modify entity @s {} merge value {transformation:[-1.3138896050802076f,-0.8244221721141397f,0.05463388508875604f,-0.10374210089178089f,0.5440432952171317f,-0.7860151342032038f,1.222767261315053f,1.5824790178512884f,-0.6218309032225501f,1.0542632330406072f,0.95436787292286f,-0.0749615586066954f,0f,0f,0f,1f],start_interpolation:0}
execute if entity @s[tag=aj.toji.bone.bottom2] run data modify entity @s {} merge value {transformation:[-0.8465328999174491f,-0.5311713323688416f,0.035200355493426705f,-0.2033367257109387f,0.3505245392002996f,-0.5064258582785742f,0.787823201921108f,1.4875241694240557f,-0.40064272959305236f,0.6792568481335456f,0.6148947369167419f,0.05239910041834439f,0f,0f,0f,1f],start_interpolation:0}
execute if entity @s[tag=aj.toji.bone.rightarm] run data modify entity @s {} merge value {transformation:[-0.8465328999174491f,-0.5311713323688416f,0.035200355493426705f,-0.28322125255830854f,0.3505245392002996f,-0.5064258582785742f,0.787823201921108f,1.3390099211543935f,-0.40064272959305236f,0.6792568481335456f,0.6148947369167419f,0.24725348305129657f,0f,0f,0f,1f],start_interpolation:0}
execute if entity @s[tag=aj.toji.bone.chain] run data modify entity @s {} merge value {transformation:[-1.334099580172262f,0.7888079617931448f,0.0832044662686427f,0.2677736440772386f,-0.429735652157543f,-0.855654683805061f,1.2215338738480825f,1.4671873063031051f,0.6666845228892274f,1.0269370648220444f,0.9538839999946315f,0.04441889658018616f,0f,0f,0f,1f],start_interpolation:0}
execute if entity @s[tag=aj.toji.bone.blade] run data modify entity @s {} merge value {transformation:[-0.5082252639741069f,-0.05360824672342099f,-0.8595540919230679f,0.08583800457483404f,0.5512942929213814f,-0.7870285361705767f,-0.2768766617927793f,1.373937285418734f,-0.6616507263282969f,-0.6145829798623127f,0.42954170602258973f,-0.3809540074560397f,0f,0f,0f,1f],start_interpolation:0}
execute if entity @s[tag=aj.toji.bone.bottom] run data modify entity @s {} merge value {transformation:[-0.859554091923068f,0.5082252639741067f,0.053608246723420794f,0.2677736440772386f,-0.27687666179277937f,-0.5512942929213815f,0.7870285361705766f,1.4671873063031051f,0.42954170602258945f,0.661650726328297f,0.6145829798623128f,0.04441889658018616f,0f,0f,0f,1f],start_interpolation:0}
execute if entity @s[tag=aj.toji.bone.leftarm] run data modify entity @s {} merge value {transformation:[-0.859554091923068f,0.5082252639741067f,0.053608246723420794f,0.3411078293255735f,-0.27687666179277937f,-0.5512942929213815f,0.7870285361705766f,1.3120589417107111f,0.42954170602258945f,0.661650726328297f,0.6145829798623128f,0.23667793478867227f,0f,0f,0f,1f],start_interpolation:0}
execute if entity @s[tag=aj.toji.locator_origin.mount] at @s on origin run tp @s ^0.04149 ^1.50227 ^0.53255 ~8.642 ~75.5074
execute if entity @s[tag=aj.toji.bone.head] run data modify entity @s {} merge value {transformation:[-0.9989265310142112f,0.027051321979129534f,0.03760334579655711f,0.03473194606035898f,0.04312156710989224f,0.2465118571767249f,0.9681799598841473f,1.440641317719063f,0.016920877220198898f,0.9687621639238722f,-0.2474137297395509f,0.29035885070398126f,0f,0f,0f,1f],start_interpolation:0}
execute if entity @s[tag=aj.toji.bone.upper] run data modify entity @s {} merge value {transformation:[-0.9989265310142112f,0.046309261413811975f,0.0011126289683496967f,0f,0.04312156710989224f,0.9208550902920837f,0.3875131393038763f,0.75f,0.016920877220198898f,0.38714513427197506f,-0.9218635088361147f,0f,0f,0f,0f,1f],start_interpolation:0}