execute if entity @s[tag=aj.toji.locator_origin.head] at @s on origin run tp @s ^0.03064 ^1.46142 ^0.23546 ~-0.05401 ~18.31498
execute if entity @s[tag=aj.toji.bone.blade2] run data modify entity @s {} merge value {transformation:[-0.40127256417639556f,0.24120009110640042f,0.8836304913760982f,-0.0295487812282709f,-0.86871403089056f,-0.40604326559395015f,-0.2836631787872304f,1.730188532926165f,0.2903726257297265f,-0.8814484570955157f,0.372467925747653f,-0.29293981333030666f,0f,0f,0f,1f],start_interpolation:0}
execute if entity @s[tag=aj.toji.bone.chain2] run data modify entity @s {} merge value {transformation:[-1.371468158489986f,-0.6228084589821137f,-0.3743626414047254f,-0.16637938620625445f,0.44026889207601383f,-1.348316568778057f,0.6302129851406101f,1.7526733652661877f,-0.5781012597541694f,0.4506825128513465f,1.3680814594503319f,0.05017412989453081f,0f,0f,0f,1f],start_interpolation:0}
execute if entity @s[tag=aj.toji.bone.bottom2] run data modify entity @s {} merge value {transformation:[-0.8836304913760983f,-0.40127256417639534f,-0.24120009110640023f,-0.24161799198932857f,0.28366317878723035f,-0.8687140308905601f,0.4060432655939501f,1.5897894844742075f,-0.3724679257476527f,0.29037262572972655f,0.8814484570955158f,0.10461899721885454f,0f,0f,0f,1f],start_interpolation:0}
execute if entity @s[tag=aj.toji.bone.rightarm] run data modify entity @s {} merge value {transformation:[-0.8836304913760983f,-0.40127256417639534f,-0.24120009110640023f,-0.28670922732242127f,0.28366317878723035f,-0.8687140308905601f,0.4060432655939501f,1.3548820280773657f,-0.3724679257476527f,0.29037262572972655f,0.8814484570955158f,0.20049139901051446f,0f,0f,0f,1f],start_interpolation:0}
execute if entity @s[tag=aj.toji.bone.chain] run data modify entity @s {} merge value {transformation:[-1.3849503956911784f,0.5293273098123298f,0.4590072702831649f,0.3082779266291007f,-0.33406562642759086f,-1.3927077437794841f,0.5981036459237746f,1.5686021229631828f,0.6158532555126276f,0.43490276282706286f,1.3566676188997058f,0.09708745071633243f,0f,0f,0f,1f],start_interpolation:0}
execute if entity @s[tag=aj.toji.bone.blade] run data modify entity @s {} merge value {transformation:[-0.3410430989394878f,-0.2957362278334487f,-0.8923170334654569f,0.09684588847564135f,0.8973150563948353f,-0.38535536918578767f,-0.21523691367146802f,1.725318457437764f,-0.2802058069221343f,-0.874094573250817f,0.39679135925645825f,-0.29467106489682204f,0f,0f,0f,1f],start_interpolation:0}
execute if entity @s[tag=aj.toji.bone.bottom] run data modify entity @s {} merge value {transformation:[-0.8923170334654571f,0.3410430989394876f,0.2957362278334485f,0.3082779266291007f,-0.2152369136714679f,-0.8973150563948353f,0.3853553691857876f,1.5686021229631828f,0.39679135925645803f,0.2802058069221344f,0.8740945732508171f,0.09708745071633243f,0f,0f,0f,1f],start_interpolation:0}
execute if entity @s[tag=aj.toji.bone.leftarm] run data modify entity @s {} merge value {transformation:[-0.8923170334654571f,0.3410430989394876f,0.2957362278334485f,0.33776888677238154f,-0.2152369136714679f,-0.8973150563948353f,0.3853553691857876f,1.3308210517600072f,0.39679135925645803f,0.2802058069221344f,0.8740945732508171f,0.19193836240039466f,0f,0f,0f,1f],start_interpolation:0}
execute if entity @s[tag=aj.toji.locator_origin.mount] at @s on origin run tp @s ^0.03816 ^1.57808 ^0.45644 ~3.38481 ~62.08179
execute if entity @s[tag=aj.toji.bone.head] run data modify entity @s {} merge value {transformation:[-0.9991649825516844f,0.0300856989073547f,0.02764395709279408f,0.03063579566997616f,0.03849756210777347f,0.46662536094642365f,0.8836168345122097f,1.4614218479024237f,0.013684858576191722f,0.8839432239928511f,-0.4673939466904484f,0.2354578568465455f,0f,0f,0f,1f],start_interpolation:0}
execute if entity @s[tag=aj.toji.bone.upper] run data modify entity @s {} merge value {transformation:[-0.9991649825516844f,0.04084772755996821f,-0.000894871878459368f,0f,0.03849756210777347f,0.9485624638698982f,0.3142406559451312f,0.75f,0.013684858576191722f,0.3139438091287273f,-0.9493429355904508f,0f,0f,0f,0f,1f],start_interpolation:0}