execute if entity @s[tag=aj.toji.locator_origin.head] at @s on origin run tp @s ^0.03415 ^1.41636 ^0.3425 ~0.06369 ~27.19993
execute if entity @s[tag=aj.toji.bone.blade2] run data modify entity @s {} merge value {transformation:[-0.5268418958092436f,-0.10801773115765466f,0.8430716378669576f,-0.072442373393615f,-0.4472946591109674f,-0.8081996502658481f,-0.3830676353347596f,1.3198274603669264f,0.7227482997219195f,-0.5789175200887545f,0.3774776817023238f,-0.34539663114880853f,0f,0f,0f,1f],start_interpolation:0}
execute if entity @s[tag=aj.toji.bone.chain2] run data modify entity @s {} merge value {transformation:[-1.3085174379393407f,-0.8177025257872632f,0.1676525202342768f,-0.10591599599090143f,0.5945528923424916f,-0.6942385854951475f,1.2543932071834516f,1.5377260215093158f,-0.5858768184754813f,1.121765590193396f,0.8985282343044213f,-0.04815078370668238f,0f,0f,0f,1f],start_interpolation:0}
execute if entity @s[tag=aj.toji.bone.bottom2] run data modify entity @s {} merge value {transformation:[-0.8430716378669577f,-0.5268418958092433f,0.10801773115765484f,-0.20469885145513456f,0.3830676353347597f,-0.4472946591109675f,0.808199650265848f,1.4538582729260094f,-0.37747768170232354f,0.7227482997219196f,0.5789175200887546f,0.08736452249117754f,0f,0f,0f,1f],start_interpolation:0}
execute if entity @s[tag=aj.toji.bone.rightarm] run data modify entity @s {} merge value {transformation:[-0.8430716378669577f,-0.5268418958092433f,0.10801773115765484f,-0.28371734804076054f,0.3830676353347597f,-0.4472946591109675f,0.808199650265848f,1.3180928809398451f,-0.37747768170232354f,0.7227482997219196f,0.5789175200887546f,0.29164395252805264f,0f,0f,0f,1f],start_interpolation:0}
execute if entity @s[tag=aj.toji.bone.chain] run data modify entity @s {} merge value {transformation:[-1.3283980503936195f,0.802188623131796f,-0.02854305939202088f,0.26491505515426295f,-0.4864596020604644f,-0.7606418164006743f,1.2624356444258733f,1.4346078074024933f,0.6384969450864408f,1.0894402754037087f,0.9024434669577293f,0.07799313963461682f,0f,0f,0f,1f],start_interpolation:0}
execute if entity @s[tag=aj.toji.bone.blade] run data modify entity @s {} merge value {transformation:[-0.5168463612124324f,0.018390159071368966f,-0.8558806230723989f,0.1050057248102084f,0.49007794882191086f,-0.8133813547978781f,-0.3134236362268763f,1.312553593705873f,-0.7019212512668188f,-0.5814400860935703f,0.4113805820691165f,-0.3489377983308961f,0f,0f,0f,1f],start_interpolation:0}
execute if entity @s[tag=aj.toji.bone.bottom] run data modify entity @s {} merge value {transformation:[-0.855880623072399f,0.5168463612124322f,-0.018390159071369157f,0.26491505515426295f,-0.31342363622687636f,-0.4900779488219109f,0.813381354797878f,1.4346078074024933f,0.4113805820691162f,0.7019212512668189f,0.5814400860935705f,0.07799313963461682f,0f,0f,0f,1f],start_interpolation:0}
execute if entity @s[tag=aj.toji.bone.leftarm] run data modify entity @s {} merge value {transformation:[-0.855880623072399f,0.5168463612124322f,-0.018390159071369157f,0.3406341065153461f,-0.31342363622687636f,-0.4900779488219109f,0.813381354797878f,1.2924993429328357f,0.4113805820691162f,0.7019212512668189f,0.5814400860935705f,0.2791847388306413f,0f,0f,0f,1f],start_interpolation:0}
execute if entity @s[tag=aj.toji.locator_origin.mount] at @s on origin run tp @s ^0.03973 ^1.43089 ^0.59201 ~33.94678 ~85.92207
execute if entity @s[tag=aj.toji.bone.head] run data modify entity @s {} merge value {transformation:[-0.9989623272897705f,0.02229999066492921f,0.039711195803570264f,0.03415005508475136f,0.04094966081121496f,0.05813954477976879f,0.9974682544383293f,1.4163553343236084f,0.01993474191585814f,0.9980593688499425f,-0.058992392014587836f,0.3424972148152164f,0f,0f,0f,1f],start_interpolation:0}
execute if entity @s[tag=aj.toji.bone.upper] run data modify entity @s {} merge value {transformation:[-0.9989623272897705f,0.045533406779668474f,0.0009886975486299242f,0f,0.04094966081121496f,0.8884737790981445f,0.4570967831154666f,0.75f,0.01993474191585814f,0.4566629530869552f,-0.8894164116670265f,0f,0f,0f,0f,1f],start_interpolation:0}