execute if entity @s[tag=aj.toji.locator_origin.head] at @s on origin run tp @s ^-0.02037 ^1.4225 ^0.3314 ~0.11403 ~26.2358
execute if entity @s[tag=aj.toji.bone.blade2] run data modify entity @s {} merge value {transformation:[-0.49735470576503105f,0.06498858814543301f,0.8651096925039293f,-0.07674533929781441f,-0.6300383635942273f,-0.7125781195437736f,-0.3086812011557691f,1.4376690855862713f,0.5963974824333923f,-0.6985763429707045f,0.3953493847077403f,-0.3351515470133905f,0f,0f,0f,1f],start_interpolation:0}
execute if entity @s[tag=aj.toji.bone.chain2] run data modify entity @s {} merge value {transformation:[-1.342722335240474f,-0.7719359495728084f,-0.10086770451739054f,-0.16583964952710456f,0.4790989476271833f,-0.9778720434952072f,1.1059806230418985f,1.5979862460543897f,-0.6136151908484715f,0.9256585925268279f,1.0842486989857811f,-0.013723526885238702f,0f,0f,0f,1f],start_interpolation:0}
execute if entity @s[tag=aj.toji.bone.bottom2] run data modify entity @s {} merge value {transformation:[-0.8651096925039294f,-0.4973547057650309f,-0.06498858814543282f,-0.25909365685804786f,0.3086812011557691f,-0.6300383635942274f,0.7125781195437735f,1.479854052880472f,-0.39534938470774f,0.5963974824333924f,0.6985763429707046f,0.09810100107102238f,0f,0f,0f,1f],start_interpolation:0}
execute if entity @s[tag=aj.toji.bone.rightarm] run data modify entity @s {} merge value {transformation:[-0.8651096925039294f,-0.4973547057650309f,-0.06498858814543282f,-0.32936297751780996f,0.3086812011557691f,-0.6300383635942274f,0.7125781195437735f,1.3030518869096797f,-0.39534938470774f,0.5963974824333924f,0.6985763429707046f,0.2719097082236042f,0f,0f,0f,1f],start_interpolation:0}
execute if entity @s[tag=aj.toji.bone.chain] run data modify entity @s {} merge value {transformation:[-1.3348439611363017f,0.7917008406471134f,0.019080145379777848f,0.22163518252484476f,-0.5422554928700591f,-0.9409901866406201f,1.1088097775134438f,1.4911932467179092f,0.5771596429769746f,0.946947686609887f,1.0858818991741164f,0.10464606933285353f,0f,0f,0f,1f],start_interpolation:0}
execute if entity @s[tag=aj.toji.bone.blade] run data modify entity @s {} merge value {transformation:[-0.5100891322290129f,-0.012293248029924172f,-0.8600336930811069f,0.05333461837284606f,0.6062755564932852f,-0.7144009304784605f,-0.3493726665471521f,1.4407374628765308f,-0.610113945735229f,-0.6996286061792963f,0.3718612464818094f,-0.3333806248164505f,0f,0f,0f,1f],start_interpolation:0}
execute if entity @s[tag=aj.toji.bone.bottom] run data modify entity @s {} merge value {transformation:[-0.860033693081107f,0.5100891322290126f,0.012293248029923981f,0.22163518252484476f,-0.34937266654715216f,-0.6062755564932854f,0.7144009304784604f,1.4911932467179092f,0.3718612464818091f,0.6101139457352291f,0.6996286061792965f,0.10464606933285353f,0f,0f,0f,1f],start_interpolation:0}
execute if entity @s[tag=aj.toji.bone.leftarm] run data modify entity @s {} merge value {transformation:[-0.860033693081107f,0.5100891322290126f,0.012293248029923981f,0.29540535976452875f,-0.34937266654715216f,-0.6062755564932854f,0.7144009304784604f,1.3177885659353907f,0.3718612464818091f,0.6101139457352291f,0.6996286061792965f,0.2804158836717739f,0f,0f,0f,1f],start_interpolation:0}
execute if entity @s[tag=aj.toji.locator_origin.mount] at @s on origin run tp @s ^-0.02443 ^1.45122 ^0.57971 ~-10.7437 ~83.26684
execute if entity @s[tag=aj.toji.bone.head] run data modify entity @s {} merge value {transformation:[-0.9996293396517419f,-0.016232049592097366f,-0.021856437803587692f,-0.020374570651968692f,-0.023578686441137673f,0.11485017590587004f,0.993102956717027f,1.4225042717070422f,-0.013609880717071554f,0.9932501989229251f,-0.11519033590730027f,0.33139535513722684f,0f,0f,0f,1f],start_interpolation:0}
execute if entity @s[tag=aj.toji.bone.upper] run data modify entity @s {} merge value {transformation:[-0.9996293396517419f,-0.027166094202624922f,0.0017851143370983828f,0f,-0.023578686441137673f,0.8966723622760563f,0.44206642066095386f,0.75f,-0.013609880717071554f,0.4418604735163025f,-0.8969805422030157f,0f,0f,0f,0f,1f],start_interpolation:0}