execute if entity @s[tag=aj.toji.locator_origin.head] at @s on origin run tp @s ^0.03271 ^1.3989 ^0.37464 ~0 ~30
execute if entity @s[tag=aj.toji.bone.blade2] run data modify entity @s {} merge value {transformation:[-0.5188540385232204f,-0.08708957887246109f,0.8504151291927737f,-0.0714900552205249f,-0.5155815528664996f,-0.7616235217359921f,-0.3925624453284263f,1.3600317641384223f,0.6818842636781651f,-0.6421409630215802f,0.3502696597734442f,-0.31469814672803975f,0f,0f,0f,1f],start_interpolation:0}
execute if entity @s[tag=aj.toji.bone.chain2] run data modify entity @s {} merge value {transformation:[-1.3199151484346179f,-0.8053047056245815f,0.13517028387496596f,-0.11109274052134033f,0.6092896286868285f,-0.8002255351782133f,1.182103174361071f,1.5526576581266638f,-0.5436477011066994f,1.0583412009171524f,0.9966562863564112f,-0.0011981428022148355f,0f,0f,0f,1f],start_interpolation:0}
execute if entity @s[tag=aj.toji.bone.bottom2] run data modify entity @s {} merge value {transformation:[-0.8504151291927738f,-0.5188540385232202f,0.08708957887246128f,-0.2083778727444441f,0.3925624453284264f,-0.5155815528664998f,0.761623521735992f,1.455986116964195f,-0.3502696597734439f,0.6818842636781652f,0.6421409630215803f,0.12665515663744115f,0f,0f,0f,1f],start_interpolation:0}
execute if entity @s[tag=aj.toji.bone.rightarm] run data modify entity @s {} merge value {transformation:[-0.8504151291927738f,-0.5188540385232202f,0.08708957887246128f,-0.2849404368007008f,0.3925624453284264f,-0.5155815528664998f,0.761623521735992f,1.3025555759145433f,-0.3502696597734439f,0.6818842636781652f,0.6421409630215803f,0.3190180762928227f,0f,0f,0f,1f],start_interpolation:0}
execute if entity @s[tag=aj.toji.bone.chain] run data modify entity @s {} merge value {transformation:[-1.3371908057772783f,0.7879590258296731f,-0.0019990421149850535f,0.26639173603082855f,-0.5088193605883857f,-0.8604700326059046f,1.1872897097544188f,1.4380344270578937f,0.6016529571490955f,1.0235597540993189f,0.9996508503237529f,0.11629072377758767f,0f,0f,0f,1f],start_interpolation:0}
execute if entity @s[tag=aj.toji.bone.blade] run data modify entity @s {} merge value {transformation:[-0.5076782985211319f,0.0012879734432116553f,-0.8615457540578436f,0.10354914214456945f,0.5543967995313209f,-0.7649651821236524f,-0.32782992360057056f,1.3534135072147044f,-0.6594747408962053f,-0.6440703465173171f,0.38764217373364573f,-0.31851939609726565f,0f,0f,0f,1f],start_interpolation:0}
execute if entity @s[tag=aj.toji.bone.bottom] run data modify entity @s {} merge value {transformation:[-0.8615457540578437f,0.5076782985211317f,-0.0012879734432118465f,0.26639173603082855f,-0.3278299236005706f,-0.554396799531321f,0.7649651821236523f,1.4380344270578937f,0.3876421737336454f,0.6594747408962054f,0.6440703465173172f,0.11629072377758767f,0f,0f,0f,1f],start_interpolation:0}
execute if entity @s[tag=aj.toji.bone.leftarm] run data modify entity @s {} merge value {transformation:[-0.8615457540578437f,0.5076782985211317f,-0.0012879734432118465f,0.33946470103249626f,-0.3278299236005706f,-0.554396799531321f,0.7649651821236523f,1.2789458569500278f,0.3876421737336454f,0.6594747408962054f,0.6440703465173172f,0.30538704485999185f,0f,0f,0f,1f],start_interpolation:0}
execute if entity @s[tag=aj.toji.locator_origin.mount] at @s on origin run tp @s ^0.03767 ^1.38581 ^0.62425 ~142.99824 ~86.29807
execute if entity @s[tag=aj.toji.bone.head] run data modify entity @s {} merge value {transformation:[-0.9990482205331153f,0.019816307338529047f,0.03885829400631092f,0.032714558539077315f,0.03777555034322486f,-0.05236181297334391f,0.9979134473181586f,1.3989008597187427f,0.021809650292529303f,0.9984315472307601f,0.05156340415942362f,0.3746430726916887f,0f,0f,0f,1f],start_interpolation:0}
execute if entity @s[tag=aj.toji.bone.upper] run data modify entity @s {} merge value {transformation:[-0.9990482205331153f,0.043619411385436416f,6.323762392231383e-8f,0f,0.03777555034322486f,0.8652011462916569f,0.4999999842518692f,0.75f,0.021809650292529303f,0.49952409692225164f,-0.8660254128766237f,0f,0f,0f,0f,1f],start_interpolation:0}