execute if entity @s[tag=aj.toji.locator_origin.head] at @s on origin run tp @s ^-0.0014 ^1.45921 ^0.24395 ~0.02208 ~18.98207
execute if entity @s[tag=aj.toji.bone.blade2] run data modify entity @s {} merge value {transformation:[-0.44804940253583103f,0.18632972927914818f,0.8743757572543079f,-0.04805331378429467f,-0.7641605132719852f,-0.5874492633128949f,-0.2663870736147549f,1.5923487355884085f,0.46401556314759596f,-0.7875179966323919f,0.40559211301124054f,-0.35956785006772496f,0f,0f,0f,1f],start_interpolation:0}
execute if entity @s[tag=aj.toji.bone.chain2] run data modify entity @s {} merge value {transformation:[-1.3571040399051242f,-0.6954100101858209f,-0.2891992673186776f,-0.1722970305561236f,0.41345493717290077f,-1.186040796640894f,0.9117702107668889f,1.6914647930428102f,-0.6295127587361958f,0.7201908219686648f,1.2222935572731919f,-0.025360031223350676f,0f,0f,0f,1f],start_interpolation:0}
execute if entity @s[tag=aj.toji.bone.bottom2] run data modify entity @s {} merge value {transformation:[-0.874375757254308f,-0.44804940253583087f,-0.18632972927914798f,-0.2563062935315919f,0.26638707361475483f,-0.7641605132719853f,0.5874492633128948f,1.548184696804313f,-0.40559211301124026f,0.46401556314759607f,0.787517996632392f,0.06164288686682359f,0f,0f,0f,1f],start_interpolation:0}
execute if entity @s[tag=aj.toji.bone.rightarm] run data modify entity @s {} merge value {transformation:[-0.874375757254308f,-0.44804940253583087f,-0.18632972927914798f,-0.31367015933715536f,0.26638707361475483f,-0.7641605132719853f,0.5874492633128948f,1.3404953763853944f,-0.40559211301124026f,0.46401556314759607f,0.787517996632392f,0.20299628471692513f,0f,0f,0f,1f],start_interpolation:0}
execute if entity @s[tag=aj.toji.bone.chain] run data modify entity @s {} merge value {transformation:[-1.3569284452098653f,0.6979519629409211f,0.2838501816422959f,0.25354832389976806f,-0.4179415954316447f,-1.1837374282192055f,0.9127174795368737f,1.5490273440220035f,0.6269231938599023f,0.7215202229120175f,1.2228403618382095f,0.06212918937519332f,0f,0f,0f,1f],start_interpolation:0}
execute if entity @s[tag=aj.toji.bone.blade] run data modify entity @s {} merge value {transformation:[-0.44968717075388215f,-0.18288333850778815f,-0.8742626224170943f,0.045954623706681796f,0.7626764638190853f,-0.5880595841311401f,-0.26927780645260335f,1.5925039550463167f,-0.46487208992989026f,-0.7878703002447522f,0.4039236685271856f,-0.3594783185492748f,0f,0f,0f,1f],start_interpolation:0}
execute if entity @s[tag=aj.toji.bone.bottom] run data modify entity @s {} merge value {transformation:[-0.8742626224170944f,0.449687170753882f,0.18288333850778796f,0.25354832389976806f,-0.2692778064526033f,-0.7626764638190854f,0.58805958413114f,1.5490273440220035f,0.4039236685271853f,0.4648720899298904f,0.7878703002447524f,0.06212918937519332f,0f,0f,0f,1f],start_interpolation:0}
execute if entity @s[tag=aj.toji.bone.leftarm] run data modify entity @s {} merge value {transformation:[-0.8742626224170944f,0.449687170753882f,0.18288333850778796f,0.31132870268717017f,-0.2692778064526033f,-0.7626764638190854f,0.58805958413114f,1.3415283651639445f,0.4039236685271853f,0.4648720899298904f,0.7878703002447524f,0.203592441140615f,0f,0f,0f,1f],start_interpolation:0}
execute if entity @s[tag=aj.toji.locator_origin.mount] at @s on origin run tp @s ^-0.0018 ^1.56525 ^0.47035 ~-0.14753 ~64.90233
execute if entity @s[tag=aj.toji.bone.head] run data modify entity @s {} merge value {transformation:[-0.9999981792389209f,-0.001564839438372332f,-0.0010921521758866504f,-0.0014048739899911082f,-0.0016527820456800433f,0.4241593217126033f,0.9055860743826696f,1.4592142449296035f,-0.0009538502779037562f,0.9055862306162988f,-0.424161135758347f,0.24395323551452408f,0f,0f,0f,1f],start_interpolation:0}
execute if entity @s[tag=aj.toji.bone.upper] run data modify entity @s {} merge value {transformation:[-0.9999981792389209f,-0.0018731653199881445f,0.00036437690263392574f,0f,-0.0016527820456800433f,0.9456189932394712f,0.3252721751645513f,0.75f,-0.0009538502779037562f,0.3252709806860321f,-0.945620367427222f,0f,0f,0f,0f,1f],start_interpolation:0}