execute if entity @s[tag=aj.toji.locator_origin.head] at @s on origin run tp @s ^0.01618 ^1.48982 ^0.12206 ~-0.20699 ~9.37293
execute if entity @s[tag=aj.toji.bone.blade2] run data modify entity @s {} merge value {transformation:[0.1759431726615945f,0.18318566645934053f,0.967205775208988f,-0.39749893703365097f,-0.2963584835624118f,0.9468069907016321f,-0.12541200731631463f,1.8768001496209326f,-0.938730871557104f,-0.2645742503766511f,0.22087285216448185f,0.5362585494179136f,0f,0f,0f,1f],start_interpolation:0}
execute if entity @s[tag=aj.toji.bone.chain2] run data modify entity @s {} merge value {transformation:[-1.501183963605617f,0.2730784659018502f,-0.2843194198171011f,-0.4363699410924876f,0.1946498863555296f,-0.4599730630291601f,-1.4695233501514917f,1.5104842291949567f,-0.3428130726302898f,-1.4569885402292553f,0.4106412844387607f,0.5008036250035977f,0f,0f,0f,1f],start_interpolation:0}
execute if entity @s[tag=aj.toji.bone.bottom2] run data modify entity @s {} merge value {transformation:[-0.967205775208988f,0.17594317266159473f,-0.1831856664593403f,-0.4033805962184386f,0.12541200731631436f,-0.29635848356241185f,-0.9468069907016321f,1.4549170135270044f,-0.22087285216448202f,-0.938730871557104f,0.26457425037665117f,0.32479158658664065f,0f,0f,0f,1f],start_interpolation:0}
execute if entity @s[tag=aj.toji.bone.rightarm] run data modify entity @s {} merge value {transformation:[-0.967205775208988f,0.17594317266159473f,-0.1831856664593403f,-0.2989444421024781f,0.12541200731631436f,-0.29635848356241185f,-0.9468069907016321f,1.3729891421791318f,-0.22087285216448202f,-0.938730871557104f,0.26457425037665117f,0.10391342195764475f,0f,0f,0f,1f],start_interpolation:0}
execute if entity @s[tag=aj.toji.bone.chain] run data modify entity @s {} merge value {transformation:[-1.5029880893841046f,-0.31233325948136603f,0.22899216537335051f,0.436737905944407f,-0.1324456725682463f,-0.44785154545636424f,-1.4801519552604736f,1.437521441319199f,0.36393353871081335f,-1.4528728787699234f,0.40703249396987096f,0.3188851674057101f,0f,0f,0f,1f],start_interpolation:0}
execute if entity @s[tag=aj.toji.bone.blade] run data modify entity @s {} merge value {transformation:[0.20123485174638323f,-0.14753857634793074f,-0.9683681649723089f,0.4512964604859268f,0.2885486467369863f,0.9536549510403051f,-0.08533412460772943f,1.8592249118791981f,0.9360791702141787f,-0.26224912363159464f,0.23448066923649702f,0.5302911328173096f,0f,0f,0f,1f],start_interpolation:0}
execute if entity @s[tag=aj.toji.bone.bottom] run data modify entity @s {} merge value {transformation:[-0.9683681649723089f,-0.20123485174638345f,0.14753857634793052f,0.436737905944407f,-0.08533412460772916f,-0.2885486467369863f,-0.9536549510403051f,1.437521441319199f,0.23448066923649716f,-0.9360791702141787f,0.2622491236315947f,0.3188851674057101f,0f,0f,0f,1f],start_interpolation:0}
execute if entity @s[tag=aj.toji.bone.leftarm] run data modify entity @s {} merge value {transformation:[-0.9683681649723089f,-0.20123485174638345f,0.14753857634793052f,0.3259061826970418f,-0.08533412460772916f,-0.2885486467369863f,-0.9536549510403051f,1.3600508968469693f,0.23448066923649716f,-0.9360791702141787f,0.2622491236315947f,0.0995204166794465f,0f,0f,0f,1f],start_interpolation:0}
execute if entity @s[tag=aj.toji.locator_origin.mount] at @s on origin run tp @s ^0.02149 ^1.70143 ^0.25509 ~0.34284 ~32.14974
execute if entity @s[tag=aj.toji.bone.head] run data modify entity @s {} merge value {transformation:[-0.9997609996792319f,0.021266830573073166f,0.005066106765448376f,0.016177044356738217f,0.020701192531459883f,0.8464072078911331f,0.5321337229096756f,1.4898240234156608f,0.007028808445117198f,0.5321114172307453f,-0.8466451650511739f,0.12206030318225475f,0f,0f,0f,1f],start_interpolation:0}
execute if entity @s[tag=aj.toji.bone.upper] run data modify entity @s {} merge value {transformation:[-0.9997609996792319f,0.021569392475650956f,-0.0035643833427471444f,0f,0.020701192531459883f,0.986432031220881f,0.16285978143551044f,0.75f,0.007028808445117198f,0.162747070909673f,-0.9866427857954284f,0f,0f,0f,0f,1f],start_interpolation:0}