execute if entity @s[tag=aj.toji.locator_origin.head] at @s on origin run tp @s ^0.01208 ^1.49426 ^0.09184 ~-0.19234 ~7.03755
execute if entity @s[tag=aj.toji.bone.blade2] run data modify entity @s {} merge value {transformation:[0.18252765640134688f,0.05744425538325215f,0.9815211725541612f,-0.44894793123047166f,0.16545021622835077f,0.9822612772377466f,-0.08825536351555523f,1.6243795822247185f,-0.9691800042296702f,0.1785019348991335f,0.1697856844337639f,0.6838493526582049f,0f,0f,0f,1f],start_interpolation:0}
execute if entity @s[tag=aj.toji.bone.chain2] run data modify entity @s {} merge value {transformation:[-1.5234026532351044f,0.2832981333729242f,-0.08915827137608895f,-0.4435958589861929f,0.13697967878976774f,0.2567925231044194f,-1.5245513573794194f,1.3082124170157292f,-0.26352153104823817f,-1.5042481315648009f,-0.2770498781246968f,0.4915864099321023f,0f,0f,0f,1f],start_interpolation:0}
execute if entity @s[tag=aj.toji.bone.bottom2] run data modify entity @s {} merge value {transformation:[-0.9815211725541612f,0.1825276564013471f,-0.05744425538325194f,-0.40937192341094036f,0.08825536351555505f,0.16545021622835074f,-0.9822612772377466f,1.339234332558545f,-0.16978568443376416f,-0.9691800042296702f,-0.17850193489913346f,0.3098651591390391f,0f,0f,0f,1f],start_interpolation:0}
execute if entity @s[tag=aj.toji.bone.rightarm] run data modify entity @s {} merge value {transformation:[-0.9815211725541612f,0.1825276564013471f,-0.05744425538325194f,-0.3023949360259685f,0.08825536351555505f,0.16545021622835074f,-0.9822612772377466f,1.3750809263959105f,-0.16978568443376416f,-0.9691800042296702f,-0.17850193489913346f,0.07818176335873178f,0f,0f,0f,1f],start_interpolation:0}
execute if entity @s[tag=aj.toji.bone.chain] run data modify entity @s {} merge value {transformation:[-1.5240625501274367f,-0.2910278612875404f,0.03871434959502172f,0.4307691984568961f,-0.08952116559281854f,0.2657365746680839f,-1.5265427302914543f,1.3261506247461767f,0.279610403635252f,-1.5012160172504105f,-0.27772498148502506f,0.30542964655636784f,0f,0f,0f,1f],start_interpolation:0}
execute if entity @s[tag=aj.toji.bone.blade] run data modify entity @s {} merge value {transformation:[0.1875078837825761f,-0.02494347356457797f,-0.9819463410217041f,0.4831503842641877f,-0.1712128266317856f,0.9835443094495275f,-0.057678066422218836f,1.6098638125813594f,0.9672264272217409f,0.1789369008225665f,0.18015166945626948f,0.6789283603776033f,0f,0f,0f,1f],start_interpolation:0}
execute if entity @s[tag=aj.toji.bone.bottom] run data modify entity @s {} merge value {transformation:[-0.9819463410217041f,-0.18750788378257632f,0.02494347356457775f,0.4307691984568961f,-0.057678066422218656f,0.1712128266317856f,-0.9835443094495275f,1.3261506247461767f,0.18015166945626973f,-0.9672264272217409f,-0.17893690082256647f,0.30542964655636784f,0f,0f,0f,1f],start_interpolation:0}
execute if entity @s[tag=aj.toji.bone.leftarm] run data modify entity @s {} merge value {transformation:[-0.9819463410217041f,-0.18750788378257632f,0.02494347356457775f,0.3225205811973955f,-0.057678066422218656f,0.1712128266317856f,-0.9835443094495275f,1.3653489522527344f,0.18015166945626973f,-0.9672264272217409f,-0.17893690082256647f,0.07488251909194951f,0f,0f,0f,1f],start_interpolation:0}
execute if entity @s[tag=aj.toji.locator_origin.mount] at @s on origin run tp @s ^0.01617 ^1.72234 ^0.19412 ~0.09762 ~24.15226
execute if entity @s[tag=aj.toji.bone.head] run data modify entity @s {} merge value {transformation:[-0.9998648275573825f,0.01636794533542254f,0.001554663674978652f,0.012075387102856185f,0.015571158629081703f,0.9123285142541356f,0.40916282956518607f,1.494257927189187f,0.005278790826851626f,0.4091317299407834f,-0.9124600604536443f,0.09183856947040878f,0f,0f,0f,1f],start_interpolation:0}
execute if entity @s[tag=aj.toji.bone.upper] run data modify entity @s {} merge value {transformation:[-0.9998648275573825f,0.01610051613714158f,-0.003331665313821613f,0f,0.015571158629081703f,0.9923439029189159f,0.12251986515908828f,0.75f,0.005278790826851626f,0.12245142596054504f,-0.9924604690604233f,0f,0f,0f,0f,1f],start_interpolation:0}