execute if entity @s[tag=aj.toji.locator_origin.head] at @s on origin run tp @s ^-0.03381 ^1.41288 ^0.3492 ~-0.05036 ~27.77774
execute if entity @s[tag=aj.toji.bone.blade2] run data modify entity @s {} merge value {transformation:[-0.5146680713286564f,-0.013057428420196032f,0.8572900792135021f,-0.1042253563794962f,-0.5065476440781796f,-0.802092114802142f,-0.3163190219557987f,1.3233831689470048f,0.6917559256223879f,-0.5970575708717533f,0.4061969921491719f,-0.3427074060700761f,0f,0f,0f,1f],start_interpolation:0}
execute if entity @s[tag=aj.toji.bone.chain2] run data modify entity @s {} merge value {transformation:[-1.33058564377929f,-0.7988077357080186f,0.020266217027179557f,-0.16876869443814063f,0.49095348199389605f,-0.7862041559130083f,1.2449138031824913f,1.5312120909573126f,-0.6304515815648601f,1.0736628428930814f,0.926683104790534f,-0.043380399491020766f,0f,0f,0f,1f],start_interpolation:0}
execute if entity @s[tag=aj.toji.bone.bottom2] run data modify entity @s {} merge value {transformation:[-0.8572900792135022f,-0.5146680713286562f,0.013057428420196223f,-0.2652689578122637f,0.31631902195579875f,-0.5065476440781798f,0.8020921148021419f,1.4362344076926539f,-0.4061969921491716f,0.691755925622388f,0.5970575708717534f,0.08632383656317696f,0f,0f,0f,1f],start_interpolation:0}
execute if entity @s[tag=aj.toji.bone.rightarm] run data modify entity @s {} merge value {transformation:[-0.8572900792135022f,-0.5146680713286562f,0.013057428420196223f,-0.34035534569358383f,0.31631902195579875f,-0.5065476440781798f,0.8020921148021419f,1.2898275578008715f,-0.4061969921491716f,0.691755925622388f,0.5970575708717534f,0.2846501299780972f,0f,0f,0f,1f],start_interpolation:0}
execute if entity @s[tag=aj.toji.bone.chain] run data modify entity @s {} merge value {transformation:[-1.3112971421210542f,0.8151858702233366f,-0.15790654091736897f,0.2055079689324686f,-0.5973823456651046f,-0.7211841803278239f,1.2377359915360202f,1.4551998993790125f,0.5767120700695667f,1.1064935827397366f,0.9230589435149681f,0.0958999414588142f,0f,0f,0f,1f],start_interpolation:0}
execute if entity @s[tag=aj.toji.bone.blade] run data modify entity @s {} merge value {transformation:[-0.5252204264526197f,0.10173844247025095f,-0.8448625882122227f,0.07161168238621052f,0.46465557927161794f,-0.7974674844795835f,-0.3848906388177854f,1.3304669840270043f,-0.7129086170672126f,-0.5947225407881672f,0.37157287736025796f,-0.33913078743422387f,0f,0f,0f,1f],start_interpolation:0}
execute if entity @s[tag=aj.toji.bone.bottom] run data modify entity @s {} merge value {transformation:[-0.8448625882122228f,0.5252204264526195f,-0.10173844247025114f,0.2055079689324686f,-0.38489063881778546f,-0.46465557927161805f,0.7974674844795834f,1.4551998993790125f,0.3715728773602577f,0.7129086170672128f,0.5947225407881673f,0.0958999414588142f,0f,0f,0f,1f],start_interpolation:0}
execute if entity @s[tag=aj.toji.bone.leftarm] run data modify entity @s {} merge value {transformation:[-0.8448625882122228f,0.5252204264526195f,-0.10173844247025114f,0.2840091637823595f,-0.38489063881778546f,-0.46465557927161805f,0.7974674844795834f,1.3149803396349964f,0.3715728773602577f,0.7129086170672128f,0.5947225407881673f,0.2973504005606335f,0f,0f,0f,1f],start_interpolation:0}
execute if entity @s[tag=aj.toji.locator_origin.mount] at @s on origin run tp @s ^-0.03925 ^1.4218 ^0.59898 ~-47.25079 ~86.91774
execute if entity @s[tag=aj.toji.bone.head] run data modify entity @s {} merge value {transformation:[-0.9989832151615093f,-0.021759890229561287f,-0.03948471859809932f,-0.033807709146734616f,-0.040244450934599364f,0.0356588278018552f,0.9985533697147941f,1.4128847384615209f,-0.020320432932058114f,0.9991270966083319f,-0.036498285281073795f,0.3492003183232384f,0f,0f,0f,1f],start_interpolation:0}
execute if entity @s[tag=aj.toji.bone.upper] run data modify entity @s {} merge value {transformation:[-0.9989832151615093f,-0.045076945528979485f,-0.000777693610018439f,0f,-0.040244450934599364f,0.8838463179486944f,0.466042992027032f,0.75f,-0.020320432932058114f,0.46560042443098454f,-0.8847617333356709f,0f,0f,0f,0f,1f],start_interpolation:0}