execute if entity @s[tag=aj.toji.locator_origin.head] at @s on origin run tp @s ^-0.00378 ^1.49939 ^0.02996 ~0.08693 ~2.29009
execute if entity @s[tag=aj.toji.bone.blade2] run data modify entity @s {} merge value {transformation:[0.0384577467688175f,-0.047966641704409556f,0.9981083122572751f,-0.41708317216461327f,0.9017853098626707f,0.4319578730940325f,-0.013987522581456371f,1.0063844107248732f,-0.43046980919613f,0.9006173422467948f,0.05986773935072997f,0.5774326791183456f,0f,0f,0f,1f],start_interpolation:0}
execute if entity @s[tag=aj.toji.bone.chain2] run data modify entity @s {} merge value {transformation:[-1.5491472763159793f,0.05968962779743584f,0.07444822514538602f,-0.39485115805921417f,0.02170980067330224f,1.399645949682687f,-0.670434615531363f,0.9792822012138582f,-0.09291972045061261f,-0.6681250163564935f,-1.3978331666122128f,0.20902181070139017f,0f,0f,0f,1f],start_interpolation:0}
execute if entity @s[tag=aj.toji.bone.bottom2] run data modify entity @s {} merge value {transformation:[-0.9981083122572751f,0.03845774676881772f,0.04796664170440978f,-0.38764033054006086f,0.013987522581456475f,0.9017853098626707f,-0.4319578730940325f,1.148366946813109f,-0.05986773935073027f,-0.43046980919613f,-0.9006173422467948f,0.1283087214771158f,0f,0f,0f,1f],start_interpolation:0}
execute if entity @s[tag=aj.toji.bone.rightarm] run data modify entity @s {} merge value {transformation:[-0.9981083122572751f,0.03845774676881772f,0.04796664170440978f,-0.31564412433177674f,0.013987522581456475f,0.9017853098626707f,-0.4319578730940325f,1.3729390541174356f,-0.05986773935073027f,-0.43046980919613f,-0.9006173422467948f,0.024433002887503965f,0f,0f,0f,1f],start_interpolation:0}
execute if entity @s[tag=aj.toji.bone.chain] run data modify entity @s {} merge value {transformation:[-1.5491645203205289f,-0.07131384203246112f,-0.06297855607860897f,0.38321648447340034f,-0.03711782974403071f,1.3989944645875676f,-0.671118043550872f,1.1522004184697985f,0.08760267864780426f,-0.6683498317490818f,-1.3980690064177144f,0.12963158282576906f,0f,0f,0f,1f],start_interpolation:0}
execute if entity @s[tag=aj.toji.bone.blade] run data modify entity @s {} merge value {transformation:[0.04594717339004183f,0.040576787809036424f,-0.9981194224883944f,0.41252837807508896f,-0.9013655610765535f,0.4323982025562665f,-0.02391484332501297f,1.0105100717559508f,0.43061465669739496f,0.9007692927255071f,0.05644199429657157f,0.5788563699267145f,0f,0f,0f,1f],start_interpolation:0}
execute if entity @s[tag=aj.toji.bone.bottom] run data modify entity @s {} merge value {transformation:[-0.9981194224883944f,-0.045947173390042055f,-0.040576787809036646f,0.38321648447340034f,-0.023914843325013074f,0.9013655610765535f,-0.4323982025562665f,1.1522004184697985f,0.05644199429657187f,-0.43061465669739496f,-0.9007692927255071f,0.12963158282576906f,0f,0f,0f,1f],start_interpolation:0}
execute if entity @s[tag=aj.toji.bone.leftarm] run data modify entity @s {} merge value {transformation:[-0.9981194224883944f,-0.045947173390042055f,-0.040576787809036646f,0.3093472272203652f,-0.023914843325013074f,0.9013655610765535f,-0.4323982025562665f,1.3760471310311235f,0.05644199429657187f,-0.43061465669739496f,-0.9007692927255071f,0.025505543294956055f,0f,0f,0f,1f],start_interpolation:0}
execute if entity @s[tag=aj.toji.locator_origin.mount] at @s on origin run tp @s ^-0.00507 ^1.74706 ^0.06401 ~0.05915 ~7.82844
execute if entity @s[tag=aj.toji.bone.head] run data modify entity @s {} merge value {transformation:[-0.999986162483427f,-0.005160315223086045f,0.0010227357760223344f,-0.0037781382668469407f,-0.0049729230619011975f,0.9906678608865811f,0.13620741331743333f,1.4993917110891355f,-0.001716064651923348f,0.13620044255876734f,-0.9906798143542171f,0.029963127709476012f,0f,0f,0f,1f],start_interpolation:0}
execute if entity @s[tag=aj.toji.bone.upper] run data modify entity @s {} merge value {transformation:[-0.999986162483427f,-0.0050375176891292546f,0.0015160003960683667f,0f,-0.0049729230619011975f,0.9991889481188473f,0.03995892883163943f,0.75f,-0.001716064651923348f,0.039950836945968016f,-0.999200173013109f,0f,0f,0f,0f,1f],start_interpolation:0}