execute if entity @s[tag=aj.toji.locator_origin.head] at @s on origin run tp @s ^0.02774 ^1.4693 ^0.21055 ~-0.11305 ~16.31974
execute if entity @s[tag=aj.toji.bone.blade2] run data modify entity @s {} merge value {transformation:[-0.26066526432438464f,0.3367345788071054f,0.904800222927857f,-0.08092025609107872f,-0.9653753468602305f,-0.0810103554511026f,-0.24796725990375293f,1.900740061215366f,-0.01020096315001958f,-0.9381082803947992f,0.3461918465324172f,-0.15994197692451445f,0f,0f,0f,1f],start_interpolation:0}
execute if entity @s[tag=aj.toji.bone.chain2] run data modify entity @s {} merge value {transformation:[-1.404325346002612f,-0.404574212336805f,-0.5226401275235278f,-0.23167577584968818f,0.38486585130894957f,-1.4983429862726496f,0.12573482252306542f,1.7981967164811126f,-0.5373185951388556f,-0.015832744889092774f,1.4560222268627616f,0.16210304460558234f,0f,0f,0f,1f],start_interpolation:0}
execute if entity @s[tag=aj.toji.bone.bottom2] run data modify entity @s {} merge value {transformation:[-0.9048002229278572f,-0.2606652643243844f,-0.33673457880710517f,-0.28055051291051025f,0.24796725990375273f,-0.9653753468602305f,0.08101035545110255f,1.6171888389448195f,-0.34619184653241697f,-0.010200963150019504f,0.9381082803947993f,0.16019036401495368f,0f,0f,0f,1f],start_interpolation:0}
execute if entity @s[tag=aj.toji.bone.rightarm] run data modify entity @s {} merge value {transformation:[-0.9048002229278572f,-0.2606652643243844f,-0.33673457880710517f,-0.2891668150586153f,0.24796725990375273f,-0.9653753468602305f,0.08101035545110255f,1.3603470484857774f,-0.34619184653241697f,-0.010200963150019504f,0.9381082803947993f,0.17927711363572488f,0f,0f,0f,1f],start_interpolation:0}
execute if entity @s[tag=aj.toji.bone.chain] run data modify entity @s {} merge value {transformation:[-1.4142574480339158f,0.2983625291319954f,0.5655248407467757f,0.3442959060942865f,-0.2862388469137095f,-1.5229399418492806f,0.0876580267216393f,1.5953242197092135f,0.5717568248908069f,-0.024421472952729128f,1.4427267234167094f,0.152555681851226f,0f,0f,0f,1f],start_interpolation:0}
execute if entity @s[tag=aj.toji.bone.blade] run data modify entity @s {} merge value {transformation:[-0.19223357581658782f,-0.36436499806503686f,-0.9111994296057443f,0.15721782096746578f,0.9812230497820867f,-0.05647765480051932f,-0.18442234432024257f,1.8924070370170594f,0.015734640291691332f,-0.9295420499866045f,0.3683802361712583f,-0.1628517380520033f,0f,0f,0f,1f],start_interpolation:0}
execute if entity @s[tag=aj.toji.bone.bottom] run data modify entity @s {} merge value {transformation:[-0.9111994296057444f,0.19223357581658762f,0.36436499806503664f,0.3442959060942865f,-0.18442234432024235f,-0.9812230497820867f,0.05647765480051928f,1.5953242197092135f,0.3683802361712581f,-0.01573464029169125f,0.9295420499866046f,0.152555681851226f,0f,0f,0f,1f],start_interpolation:0}
execute if entity @s[tag=aj.toji.bone.leftarm] run data modify entity @s {} merge value {transformation:[-0.9111994296057444f,0.19223357581658762f,0.36436499806503664f,0.3354043356980744f,-0.18442234432024235f,-0.9812230497820867f,0.05647765480051928f,1.3384920607436765f,0.3683802361712581f,-0.01573464029169125f,0.9295420499866046f,0.17164578653900683f,0f,0f,0f,1f],start_interpolation:0}
execute if entity @s[tag=aj.toji.locator_origin.mount] at @s on origin run tp @s ^0.0352 ^1.61039 ^0.4168 ~2.2256 ~55.56811
execute if entity @s[tag=aj.toji.bone.head] run data modify entity @s {} merge value {transformation:[-0.9993138412107034f,0.029827794528451825f,0.02195790149985951f,0.027742512383675443f,0.034967980387361375f,0.5643439138211606f,0.8247988768667448f,1.4693034655376724f,0.012210123354748853f,0.8250007573369754f,-0.5649997020185753f,0.21055374010483904f,0f,0f,0f,1f],start_interpolation:0}
execute if entity @s[tag=aj.toji.bone.upper] run data modify entity @s {} merge value {transformation:[-0.9993138412107034f,0.036990016511567254f,-0.0018935266523222977f,0f,0.034967980387361375f,0.9590712873835632f,0.2809973417384296f,0.75f,0.012210123354748853f,0.2807383201397854f,-0.9597066783620677f,0f,0f,0f,0f,1f],start_interpolation:0}