execute if entity @s[tag=aj.toji.locator_origin.head] at @s on origin run tp @s ^0.02299 ^1.41776 ^0.34069 ~-0.10207 ~27.03347
execute if entity @s[tag=aj.toji.bone.blade2] run data modify entity @s {} merge value {transformation:[-0.5133800638988452f,-0.008480111623338749f,0.8581194542125669f,-0.05627268139441799f,-0.5873971605690221f,-0.7255204576957822f,-0.3585870064856693f,1.4236643661303872f,0.6256240770196336f,-0.6881483511364094f,0.36748654544292253f,-0.3297393834182343f,0f,0f,0f,1f],start_interpolation:0}
execute if entity @s[tag=aj.toji.bone.chain2] run data modify entity @s {} merge value {transformation:[-1.3318729028924219f,-0.796808640842999f,0.013161839915390647f,-0.1222189161514751f,0.5565569163162994f,-0.9116893429665034f,1.1260682103819952f,1.5941722171918105f,-0.5703697424062022f,0.9710207028742233f,1.0680635866596357f,-0.007973121937824332f,0f,0f,0f,1f],start_interpolation:0}
execute if entity @s[tag=aj.toji.bone.bottom2] run data modify entity @s {} merge value {transformation:[-0.858119454212567f,-0.5133800638988449f,0.00848011162333894f,-0.2184776781325085f,0.3585870064856694f,-0.5873971605690222f,0.7255204576957821f,1.4840352495851188f,-0.3674865454429222f,0.6256240770196337f,0.6881483511364095f,0.109331392503357f,0f,0f,0f,1f],start_interpolation:0}
execute if entity @s[tag=aj.toji.bone.rightarm] run data modify entity @s {} merge value {transformation:[-0.858119454212567f,-0.5133800638988449f,0.00848011162333894f,-0.2931902282189343f,0.3585870064856694f,-0.5873971605690222f,0.7255204576957821f,1.3147742715375088f,-0.3674865454429222f,0.6256240770196337f,0.6881483511364095f,0.2887053208484481f,0f,0f,0f,1f],start_interpolation:0}
execute if entity @s[tag=aj.toji.bone.chain] run data modify entity @s {} merge value {transformation:[-1.3414455181482268f,0.7766391441046547f,0.07948732789279184f,0.26043685775184483f,-0.4854415429464255f,-0.9535461702825365f,1.1243037325973855f,1.4712953434924296f,0.6114189266230975f,0.9468600818468422f,1.0670452451434111f,0.10197745762188942f,0f,0f,0f,1f],start_interpolation:0}
execute if entity @s[tag=aj.toji.bone.blade] run data modify entity @s {} merge value {transformation:[-0.5003849519063549f,-0.05121331193092647f,-0.864287045249864f,0.08185740596761548f,0.6143653177659294f,-0.7243836129486511f,-0.3127677055225291f,1.4199900209956287f,-0.6100575023979653f,-0.6874922384816607f,0.39393434198535165f,-0.33186052375853353f,0f,0f,0f,1f],start_interpolation:0}
execute if entity @s[tag=aj.toji.bone.bottom] run data modify entity @s {} merge value {transformation:[-0.8642870452498641f,0.5003849519063547f,0.05121331193092628f,0.26043685775184483f,-0.31276770552252914f,-0.6143653177659295f,0.724383612948651f,1.4712953434924296f,0.3939343419853514f,0.6100575023979654f,0.6874922384816609f,0.10197745762188942f,0f,0f,0f,1f],start_interpolation:0}
execute if entity @s[tag=aj.toji.bone.leftarm] run data modify entity @s {} merge value {transformation:[-0.8642870452498641f,0.5003849519063547f,0.05121331193092628f,0.331515155400317f,-0.31276770552252914f,-0.6143653177659295f,0.724383612948651f,1.2981560324557893f,0.3939343419853514f,0.6100575023979654f,0.6874922384816609f,0.27911272959546524f,0f,0f,0f,1f],start_interpolation:0}
execute if entity @s[tag=aj.toji.locator_origin.mount] at @s on origin run tp @s ^0.02735 ^1.43764 ^0.58986 ~17.54701 ~85.18999
execute if entity @s[tag=aj.toji.bone.head] run data modify entity @s {} merge value {transformation:[-0.9995286137908022f,0.01741990673830976f,0.02528036911649074f,0.02299495630882962f,0.02658918253075132f,0.07952461888723816f,0.9964782237275364f,1.417758182395979f,0.01534814600477262f,0.9966806819839884f,-0.07995031315853662f,0.34069083026634794f,0f,0f,0f,1f],start_interpolation:0}
execute if entity @s[tag=aj.toji.bone.upper] run data modify entity @s {} merge value {transformation:[-0.9995286137908022f,0.03065994174510616f,-0.0015868792090532396f,0f,0.02658918253075132f,0.8903442431946387f,0.4545108843388821f,0.75f,0.01534814600477262f,0.45425444035513063f,-0.8907397699844009f,0f,0f,0f,0f,1f],start_interpolation:0}