execute if entity @s[tag=aj.toji.locator_origin.head] at @s on origin run tp @s ^0.03396 ^1.39146 ^0.38714 ~0.02123 ~31.11157
execute if entity @s[tag=aj.toji.bone.blade2] run data modify entity @s {} merge value {transformation:[-0.5173999514859753f,-0.11388868368078926f,0.848131273996996f,-0.08034860909864708f,-0.4897024422133947f,-0.7733765015621842f,-0.4025919831810784f,1.3359579038069396f,0.7017754685742064f,-0.6236330287604192f,0.34437339784971593f,-0.3085100131672862f,0f,0f,0f,1f],start_interpolation:0}
execute if entity @s[tag=aj.toji.bone.chain2] run data modify entity @s {} merge value {transformation:[-1.3163704148495043f,-0.8030478413688572f,0.17676472779622532f,-0.11052197389775478f,0.6248563072289656f,-0.76005899885204f,1.2003447784663066f,1.5361221761521722f,-0.5344962112459128f,1.0892140085162163f,0.9679304300552342f,0.001295074448298933f,0f,0f,0f,1f],start_interpolation:0}
execute if entity @s[tag=aj.toji.bone.bottom2] run data modify entity @s {} merge value {transformation:[-0.8481312739969961f,-0.5173999514859751f,0.11388868368078946f,-0.2075344648013751f,0.40259198318107847f,-0.4897024422133948f,0.7733765015621841f,1.4443029682371606f,-0.34437339784971566f,0.7017754685742065f,0.6236330287604193f,0.13287797480596264f,0f,0f,0f,1f],start_interpolation:0}
execute if entity @s[tag=aj.toji.bone.rightarm] run data modify entity @s {} merge value {transformation:[-0.8481312739969961f,-0.5173999514859751f,0.11388868368078946f,-0.2838762480480566f,0.40259198318107847f,-0.4897024422133948f,0.7733765015621841f,1.2967153587349944f,-0.34437339784971566f,0.7017754685742065f,0.6236330287604193f,0.3298451793151215f,0f,0f,0f,1f],start_interpolation:0}
execute if entity @s[tag=aj.toji.bone.chain] run data modify entity @s {} merge value {transformation:[-1.3348816374646308f,0.790957920910753f,-0.03793751335281643f,0.26683354202211457f,-0.5215222260731984f,-0.8221864490189745f,1.2087128212988953f,1.425814505547141f,0.5958760401983888f,1.0523106404523421f,0.9729011945307602f,0.12189567397828821f,0f,0f,0f,1f],start_interpolation:0}
execute if entity @s[tag=aj.toji.bone.blade] run data modify entity @s {} merge value {transformation:[-0.5096104725331028f,0.02444296162329093f,-0.8600579677624466f,0.11134557889246824f,0.5297308664820237f,-0.7787679922462681f,-0.33601432015454386f,1.328486871089872f,-0.67799880190218f,-0.6268356689594158f,0.3839201332821837f,-0.3129480631239527f,0f,0f,0f,1f],start_interpolation:0}
execute if entity @s[tag=aj.toji.bone.bottom] run data modify entity @s {} merge value {transformation:[-0.8600579677624467f,0.5096104725331025f,-0.02444296162329112f,0.26683354202211457f,-0.3360143201545439f,-0.5297308664820238f,0.778767992246268f,1.425814505547141f,0.3839201332821834f,0.6779988019021801f,0.6268356689594159f,0.12189567397828821f,0f,0f,0f,1f],start_interpolation:0}
execute if entity @s[tag=aj.toji.bone.leftarm] run data modify entity @s {} merge value {transformation:[-0.8600579677624467f,0.5096104725331025f,-0.02444296162329112f,0.3404825371702373f,-0.3360143201545439f,-0.5297308664820238f,0.778767992246268f,1.272380893916976f,0.3839201332821834f,0.6779988019021801f,0.6268356689594159f,0.3153903827839697f,0f,0f,0f,1f],start_interpolation:0}
execute if entity @s[tag=aj.toji.locator_origin.mount] at @s on origin run tp @s ^0.03873 ^1.36605 ^0.6358 ~157.82645 ~83.75165
execute if entity @s[tag=aj.toji.bone.head] run data modify entity @s {} merge value {transformation:[-0.9989740563492702f,0.01906604575230446f,0.04107700866002944f,0.03396377347330843f,0.038935143708829265f,-0.10163571270897642f,0.9940594733146056f,1.3914577515911823f,0.023127674449842834f,0.9946389635448177f,0.10078910096351018f,0.38714133725945465f,0f,0f,0f,1f],start_interpolation:0}
execute if entity @s[tag=aj.toji.bone.upper] run data modify entity @s {} merge value {transformation:[-0.9989740563492702f,0.045285031297744575f,0.0003173033995949149f,0f,0.038935143708829265f,0.8552770021215764f,0.5167062068780496f,0.75f,0.023127674449842834f,0.5161884496792729f,-0.8561627153130711f,0f,0f,0f,0f,1f],start_interpolation:0}