execute if entity @s[tag=aj.gojo.locator_origin.head] at @s on origin run tp @s ^0 ^1.5 ^0 ~0 ~0
execute if entity @s[tag=aj.gojo.bone.bottom2] run data modify entity @s {} merge value {transformation:[-0.6019336225350215f,-0.7984824847957182f,-0.010081445150476626f,-0.30110226842818744f,0.3732504487961873f,-0.27016810748535813f,-0.8875208708369763f,1.201354854529369f,0.7059461852969469f,-0.5379915567852676f,0.4606572134379892f,0.19006237178752758f,0f,0f,0f,1f],start_interpolation:0}
execute if entity @s[tag=aj.gojo.bone.rightarm] run data modify entity @s {} merge value {transformation:[-0.6019336225350215f,-0.1960743319210057f,-0.774099974437151f,-0.3125f,0.3732504487961873f,0.7878931940815702f,-0.48980446832729696f,1.375f,0.7059461852969469f,-0.5837629408258737f,-0.40107457209728037f,-3.827021247335479e-17f,0f,0f,0f,1f],start_interpolation:0}
execute if entity @s[tag=aj.gojo.bone.bottom] run data modify entity @s {} merge value {transformation:[-0.6022780076559805f,0.7982805571259737f,0.0030583669804976343f,0.2994403633073773f,-0.39309559008385087f,-0.2932396452803958f,-0.8714851504715708f,1.2079553598389128f,-0.6947928169969605f,-0.5260785707006818f,0.49041235598112326f,0.19578504560591337f,0f,0f,0f,1f],start_interpolation:0}
execute if entity @s[tag=aj.gojo.bone.leftarm] run data modify entity @s {} merge value {transformation:[-0.6022780076559805f,0.2028080486844861f,0.7720946165352622f,0.3125f,-0.39309559008385087f,0.7664524581653118f,-0.5079630758519559f,1.375f,-0.6947928169969605f,-0.6094419781744133f,-0.3818945098954504f,3.827021247335479e-17f,0f,0f,0f,1f],start_interpolation:0}
execute if entity @s[tag=aj.gojo.bone.head] run data modify entity @s {} merge value {transformation:[-0.9999872019654776f,-0.005002960251064316f,0.0007525250702461653f,0f,-0.004417057908113937f,0.9358712776524195f,0.35231440683665527f,1.5f,-0.0024668815722378437f,0.3523065739579012f,-0.9358813987046406f,0f,0f,0f,0f,1f],start_interpolation:0}
execute if entity @s[tag=aj.gojo.locator_origin.purple] at @s on origin run tp @s ^-0.42188 ^1.28125 ^0.57813 ~0 ~0
execute if entity @s[tag=aj.gojo.locator_origin.blue] at @s on origin run tp @s ^-0.01562 ^1.78125 ^-0.53125 ~0 ~0
execute if entity @s[tag=aj.gojo.bone.blue] run data modify entity @s {} merge value {transformation:[-0.2777777777777779f,1.360718665719282e-16f,3.401796664298205e-17f,-0.015624999999999934f,1.360718665719282e-16f,0.2777777777777779f,0f,1.78125f,-3.401796664298205e-17f,1.6663997585131758e-32f,-0.2777777777777779f,-0.53125f,0f,0f,0f,1f],start_interpolation:0}
execute if entity @s[tag=aj.gojo.locator_origin.red] at @s on origin run tp @s ^0.01563 ^1.78125 ^-0.53125 ~0 ~0
execute if entity @s[tag=aj.gojo.bone.red] run data modify entity @s {} merge value {transformation:[-0.2777777777777779f,-1.360718665719282e-16f,3.401796664298205e-17f,0.015625000000000066f,-1.360718665719282e-16f,0.2777777777777779f,0f,1.78125f,-3.401796664298205e-17f,-1.6663997585131758e-32f,-0.2777777777777779f,-0.53125f,0f,0f,0f,1f],start_interpolation:0}
execute if entity @s[tag=aj.gojo.camera_origin.camera] at @s on origin run tp @s ^0 ^1.755 ^2.3125 ~-180 ~0