execute if entity @s[tag=aj.gojo.locator_origin.head] at @s on origin run tp @s ^0 ^1.5 ^0 ~0 ~0
execute if entity @s[tag=aj.gojo.bone.bottom2] run data modify entity @s {} merge value {transformation:[-0.613522121599782f,-0.7894630223516392f,-0.01840496256767346f,-0.2992454212221763f,0.371299164091104f,-0.2678242577250257f,-0.8890484225953537f,1.2040844387812994f,0.6969415592809411f,-0.5522846216521462f,0.4574430670953446f,0.19240175954164f,0f,0f,0f,1f],start_interpolation:0}
execute if entity @s[tag=aj.gojo.bone.rightarm] run data modify entity @s {} merge value {transformation:[-0.613522121599782f,-0.20639884551124044f,-0.7622270809144277f,-0.3125f,0.371299164091104f,0.7764870358975784f,-0.5091216100581866f,1.375f,0.6969415592809411f,-0.5953716483463247f,-0.39975625485091604f,-3.827021247335479e-17f,0f,0f,0f,1f],start_interpolation:0}
execute if entity @s[tag=aj.gojo.bone.bottom] run data modify entity @s {} merge value {transformation:[-0.6138311818789773f,0.789316202840202f,0.01382794586996225f,0.29817794668826214f,-0.3851208621214354f,-0.2841163778885441f,-0.8780431682863528f,1.208742399582183f,-0.689124953627352f,-0.5442957061647822f,0.47838162855473554f,0.1963658297470445f,0f,0f,0f,1f],start_interpolation:0}
execute if entity @s[tag=aj.gojo.bone.leftarm] run data modify entity @s {} merge value {transformation:[-0.6138311818789773f,0.21074600871669572f,0.7607873552859826f,0.3125f,-0.3851208621214354f,0.7613106172016265f,-0.5216206147142968f,1.375f,-0.689124953627352f,-0.6131820805813399f,-0.3861535113682628f,3.827021247335479e-17f,0f,0f,0f,1f],start_interpolation:0}
execute if entity @s[tag=aj.gojo.bone.head] run data modify entity @s {} merge value {transformation:[-0.9999938381690407f,-0.003469676941212018f,0.0005338219496123599f,0f,-0.003064907327633139f,0.9370558246851999f,0.3491661320440643f,1.5f,-0.0017117146442345522f,0.349162344426577f,-0.9370606849438905f,0f,0f,0f,0f,1f],start_interpolation:0}
execute if entity @s[tag=aj.gojo.locator_origin.purple] at @s on origin run tp @s ^-0.42188 ^1.28125 ^0.57813 ~0 ~0
execute if entity @s[tag=aj.gojo.locator_origin.blue] at @s on origin run tp @s ^-0.99381 ^1.78371 ^-0.53723 ~0 ~0
execute if entity @s[tag=aj.gojo.bone.blue] run data modify entity @s {} merge value {transformation:[-0.8077302759108409f,1.1416431633829465f,1.7126576292602558e-16f,-0.9938124999999998f,1.1416431633829465f,0.8077302759108409f,0f,1.7837109375f,-9.891842969686198e-17f,1.3981096458053842e-16f,-1.3984910836762687f,-0.5372265625000001f,0f,0f,0f,1f],start_interpolation:0}
execute if entity @s[tag=aj.gojo.locator_origin.red] at @s on origin run tp @s ^0.9955 ^1.78125 ^-0.53125 ~0 ~0
execute if entity @s[tag=aj.gojo.bone.red] run data modify entity @s {} merge value {transformation:[-0.017573494733991148f,-1.3983806646993011f,1.7126576292602558e-16f,0.9955f,-1.3983806646993011f,0.017573494733991148f,0f,1.78125f,-2.1521324075815128e-18f,-1.7125224050135472e-16f,-1.3984910836762687f,-0.5312499999999999f,0f,0f,0f,1f],start_interpolation:0}
execute if entity @s[tag=aj.gojo.camera_origin.camera] at @s on origin run tp @s ^0 ^1.74188 ^3.04446 ~-180 ~0