execute if entity @s[tag=aj.gojo.locator_origin.head] at @s on origin run tp @s ^0 ^1.5 ^0 ~0 ~0
execute if entity @s[tag=aj.gojo.bone.bottom2] run data modify entity @s {} merge value {transformation:[-0.6223587913593174f,-0.7823432115747522f,-0.024670511155473945f,-0.2978900633283304f,0.3696229863840057f,-0.2659623476648235f,-0.890304935154908f,1.2062202361603485f,0.6899625951849412f,-0.5632078913931502f,0.45469603947928f,0.19418082054796568f,0f,0f,0f,1f],start_interpolation:0}
execute if entity @s[tag=aj.gojo.bone.rightarm] run data modify entity @s {} merge value {transformation:[-0.6223587913593174f,-0.21402944452650774f,-0.7529016746517732f,-0.3125f,0.3696229863840057f,0.7675248019546078f,-0.523721802411461f,1.375f,0.6899625951849412f,-0.6042326333956275f,-0.39856560562277144f,-3.827021247335479e-17f,0f,0f,0f,1f],start_interpolation:0}
execute if entity @s[tag=aj.gojo.bone.bottom] run data modify entity @s {} merge value {transformation:[-0.6225996060730731f,0.7822370359586268f,0.02179334972683042f,0.2972278386369866f,-0.378795541399835f,-0.2768885536001179f,-0.8830892744795626f,1.2093416334321248f,-0.6847508074717839f,-0.5580662581270224f,0.4686986059365266f,0.19680019480012095f,0f,0f,0f,1f],start_interpolation:0}
execute if entity @s[tag=aj.gojo.bone.leftarm] run data modify entity @s {} merge value {transformation:[-0.6225996060730731f,0.21673854697032194f,0.7519269464348565f,0.3125f,-0.378795541399835f,0.7573323516214597f,-0.5319413943312886f,1.375f,-0.6847508074717839f,-0.6160130773325377f,-0.3894152285440783f,3.827021247335479e-17f,0f,0f,0f,1f],start_interpolation:0}
execute if entity @s[tag=aj.gojo.bone.head] run data modify entity @s {} merge value {transformation:[-0.9999973015311168f,-0.002295195451022051f,0.0003591772909176368f,0f,-0.002028250951157406f,0.9379551648341105f,0.3467506235886187f,1.5f,-0.0011327526490069785f,0.34674895939116873f,-0.9379572890236408f,0f,0f,0f,0f,1f],start_interpolation:0}
execute if entity @s[tag=aj.gojo.locator_origin.purple] at @s on origin run tp @s ^-0.42188 ^1.28125 ^0.57813 ~0 ~0
execute if entity @s[tag=aj.gojo.locator_origin.blue] at @s on origin run tp @s ^-1.13787 ^1.78125 ^-0.53125 ~0 ~0
execute if entity @s[tag=aj.gojo.bone.blue] run data modify entity @s {} merge value {transformation:[0.9621924613320775f,-1.6038924495473859f,2.290543087294123e-16f,-1.137875f,-1.6038924495473859f,-0.9621924613320775f,0f,1.78125f,1.1783459179340422e-16f,-1.9642017545148138e-16f,-1.87037037037037f,-0.5312500000000001f,0f,0f,0f,1f],start_interpolation:0}
execute if entity @s[tag=aj.gojo.locator_origin.red] at @s on origin run tp @s ^1.13788 ^1.78125 ^-0.53125 ~0 ~0
execute if entity @s[tag=aj.gojo.bone.red] run data modify entity @s {} merge value {transformation:[0.6224958147559568f,1.7637415578736904f,2.290543087294123e-16f,1.137875f,1.7637415578736904f,-0.6224958147559568f,0f,1.78125f,7.623375070235062e-17f,2.1599604533731811e-16f,-1.87037037037037f,-0.5312499999999999f,0f,0f,0f,1f],start_interpolation:0}
execute if entity @s[tag=aj.gojo.camera_origin.camera] at @s on origin run tp @s ^0 ^2.005 ^3.125 ~-180 ~0