execute if entity @s[tag=aj.gojo.locator_origin.head] at @s on origin run tp @s ^-0.00008 ^1.42145 ^0.00037 ~12.60896 ~0.02894
execute if entity @s[tag=aj.gojo.bone.torso] run data modify entity @s {} merge value {transformation:[-0.9758826427882301f,-0.00011024249824480255f,0.21829579783232525f,-0.00008268187368360191f,0f,0.9999998724803058f,0.0005050142296893458f,1.4214462349500785f,-0.21829582566934216f,0.0004928346211149011f,-0.9758825183439739f,0.00036962596583617585f,0f,0f,0f,1f],start_interpolation:0}
execute if entity @s[tag=aj.gojo.bone.bottom2] run data modify entity @s {} merge value {transformation:[-0.9983914796693666f,0.050773379046302275f,-0.025229294556796f,-0.38012503967363587f,0.030059401864598097f,0.09673435574453276f,-0.9948562191483915f,1.2741413745704444f,-0.04807167235655177f,-0.9940143501976773f,-0.09810497397142337f,0.1775896841436622f,0f,0f,0f,1f],start_interpolation:0}
execute if entity @s[tag=aj.gojo.bone.rightarm] run data modify entity @s {} merge value {transformation:[-0.9983914796693666f,0.050773379046302275f,-0.025229294556796f,-0.3050322274327249f,0.030059401864598097f,0.09673435574453276f,-0.9948562191483915f,1.2964462508900403f,-0.04807167235655177f,-0.9940143501976773f,-0.09810497397142337f,-0.06790942388347262f,0f,0f,0f,1f],start_interpolation:0}
execute if entity @s[tag=aj.gojo.bone.bottom] run data modify entity @s {} merge value {transformation:[-0.4034733233669181f,0.907055965601232f,0.12024455330064214f,0.19948644805264976f,0.4696003306871477f,0.31806643673589335f,-0.8235953322115499f,1.1547552857079473f,-0.7852928159290495f,-0.2758318638035653f,-0.5542851036793931f,0.2561929361765125f,0f,0f,0f,1f],start_interpolation:0}
execute if entity @s[tag=aj.gojo.bone.leftarm] run data modify entity @s {} merge value {transformation:[-0.7783425835374607f,0.6162175509134418f,0.12024455330064214f,0.3048944243099189f,0.2683588568958117f,0.4996741465044192f,-0.8235953322115499f,1.2964462508900403f,-0.5675969931014473f,-0.6087706277912233f,-0.5542851036793931f,0.06852546715986624f,0f,0f,0f,1f],start_interpolation:0}
execute if entity @s[tag=aj.gojo.bone.head] run data modify entity @s {} merge value {transformation:[-0.9809678369845382f,0.021728988444294633f,0.19295065136729758f,-0.00008268187368360191f,0.061420292992873896f,0.97741805341904f,0.20219173192592285f,1.4214462349500785f,-0.1842000282588095f,0.2101946714636754f,-0.9601502745288009f,0.00036962596583617585f,0f,0f,0f,1f],start_interpolation:0}
execute if entity @s[tag=aj.gojo.bone.bottom3] run data modify entity @s {} merge value {transformation:[-0.9854604047564963f,0.15943520056804733f,0.05872143967060932f,-0.17800441818440033f,0.16203084086901745f,0.7778794241832457f,0.6071652230156313f,0.3789553424369626f,0.05112530943125556f,0.6078519706739204f,-0.7924027918195328f,-0.09291527471291389f,0f,0f,0f,1f],start_interpolation:0}
execute if entity @s[tag=aj.gojo.bone.rightleg] run data modify entity @s {} merge value {transformation:[-0.9854604047564963f,0.16990493009495117f,0.00032463301164531666f,-0.11875f,0.16203084086901745f,0.939211778906617f,0.302699919012786f,0.671446330589849f,0.05112530943125556f,0.2983513852699495f,-0.9530858584844603f,-1.4542680739874818e-17f,0f,0f,0f,1f],start_interpolation:0}
execute if entity @s[tag=aj.gojo.bone.bottom4] run data modify entity @s {} merge value {transformation:[-0.9964029619300204f,-0.07742180765183582f,0.0344528831450223f,0.16535982901618257f,-0.07753720686732388f,0.9969874044519677f,-0.002024083827917189f,0.42656619156218845f,-0.0341923823138465f,-0.004688183448922467f,-0.9994042735188062f,0.2514073909508643f,0f,0f,0f,1f],start_interpolation:0}
execute if entity @s[tag=aj.gojo.bone.leftleg] run data modify entity @s {} merge value {transformation:[-0.991350991727604f,-0.12932443301723218f,-0.022324923862522786f,0.11874999999999998f,-0.08866021369731074f,0.78538964916246f,-0.6126193479605546f,0.671446330589849f,0.09676041395035061f,-0.6053414656317864f,-0.7900627394573911f,0.06284293552812073f,0f,0f,0f,1f],start_interpolation:0}
execute if entity @s[tag=aj.gojo.locator_origin.purple] at @s on origin run tp @s ^-0.42188 ^1.28125 ^0.57813 ~0 ~0
execute if entity @s[tag=aj.gojo.bone.purple] run data modify entity @s {} merge value {transformation:[2.691481372938574f,1.879375921865322f,4.0201492686938513e-16f,-0.42187500000000006f,1.879375921865322f,-2.691481372938574f,0f,1.28125f,3.296114048333948e-16f,2.301571707106973e-16f,-3.2827009971306307f,0.578125f,0f,0f,0f,1f],start_interpolation:0}
execute if entity @s[tag=aj.gojo.locator_origin.blue] at @s on origin run tp @s ^-0.39063 ^1.23438 ^0.79688 ~0 ~0
execute if entity @s[tag=aj.gojo.locator_origin.red] at @s on origin run tp @s ^0.01563 ^1.78125 ^-0.53125 ~0 ~0
execute if entity @s[tag=aj.gojo.camera_origin.camera] at @s on origin run tp @s ^0 ^1.59875 ^0 ~0 ~0