execute if entity @s[tag=aj.gojo.locator_origin.head] at @s on origin run tp @s ^-0.00042 ^1.41927 ^0.00185 ~12.91421 ~0.14519
execute if entity @s[tag=aj.gojo.bone.torso] run data modify entity @s {} merge value {transformation:[-0.974705782662444f,-0.0005663188632664971f,0.22349120011163212f,-0.0004247391474498729f,-5.421010862427522e-20f,0.9999967895263273f,0.0025339567948618347f,1.4192679968086686f,-0.2234919176265497f,0.002469862340968623f,-0.9747026533951901f,0.0018523967557264672f,0f,0f,0f,1f],start_interpolation:0}
execute if entity @s[tag=aj.gojo.bone.bottom2] run data modify entity @s {} merge value {transformation:[-0.9981364845365462f,0.05662164482260043f,-0.022749671967047257f,-0.38148844786073954f,0.029690207490245694f,0.12492636703232594f,-0.9917216819245662f,1.2648924443279366f,-0.05331087896678438f,-0.9905490357158941f,-0.1263746731987902f,0.1760077686983581f,0f,0f,0f,1f],start_interpolation:0}
execute if entity @s[tag=aj.gojo.bone.rightarm] run data modify entity @s {} merge value {transformation:[-0.9981364845365462f,0.05662164482260043f,-0.022749671967047257f,-0.3049495063715553f,0.029690207490245694f,0.12492636703232594f,-0.9917216819245662f,1.2942683981178777f,-0.05331087896678438f,-0.9905490357158941f,-0.1263746731987902f,-0.06829756029519139f,0f,0f,0f,1f],start_interpolation:0}
execute if entity @s[tag=aj.gojo.bone.bottom] run data modify entity @s {} merge value {transformation:[-0.36222325806728284f,0.9257192785159383f,0.10880316493123385f,0.19123543742574609f,0.4712057881086613f,0.28258048127763713f,-0.8355317928444099f,1.1585785864484255f,-0.8042135391598539f,-0.25138036714276135f,-0.5385615047950907f,0.25906581551065827f,0f,0f,0f,1f],start_interpolation:0}
execute if entity @s[tag=aj.gojo.bone.leftarm] run data modify entity @s {} merge value {transformation:[-0.7591120874431048f,0.6418027033276805f,0.10880316493123385f,0.30424160779247217f,0.2799546247337321f,0.4727705904943759f,-0.8355317928444099f,1.2942683981178777f,-0.5876854998959624f,-0.6038023341830339f,-0.5385615047950907f,0.07138488822140217f,0f,0f,0f,1f],start_interpolation:0}
execute if entity @s[tag=aj.gojo.bone.head] run data modify entity @s {} merge value {transformation:[-0.9800591188224578f,0.018670380501599172f,0.19782704694978703f,-0.0004247391474498729f,0.06255945851238254f,0.9739395451067218f,0.21800934986359957f,1.4192679968086686f,-0.18860126660122203f,0.22603800425865864f,-0.9556863412580392f,0.0018523967557264672f,0f,0f,0f,1f],start_interpolation:0}
execute if entity @s[tag=aj.gojo.bone.bottom3] run data modify entity @s {} merge value {transformation:[-0.9846465413820246f,0.1626732659746132f,0.06331348262076429f,-0.17945105001589473f,0.16646536377540883f,0.765877534971397f,0.6210643155819352f,0.37787765078685825f,0.052540186595955905f,0.6220683322299002f,-0.7811981303287743f,-0.09539894137205143f,0f,0f,0f,1f],start_interpolation:0}
execute if entity @s[tag=aj.gojo.bone.rightleg] run data modify entity @s {} merge value {transformation:[-0.9846465413820246f,0.17455042922322264f,0.0018265274172063943f,-0.11875f,0.16646536377540883f,0.935786119682116f,0.3107951429372881f,0.6692704046639232f,0.052540186595955905f,0.30632741612248365f,-0.9504751669160982f,-1.4542680739874818e-17f,0f,0f,0f,1f],start_interpolation:0}
execute if entity @s[tag=aj.gojo.bone.bottom4] run data modify entity @s {} merge value {transformation:[-0.9959959447873263f,-0.08200122784696963f,0.035607254861765456f,0.16659160771249248f,-0.08212253549375192f,0.9966203219056609f,-0.0019552822646439205f,0.42806092947249574f,-0.035326578256021424f,-0.004871611257720454f,-0.999363947855072f,0.2575201480655649f,0f,0f,0f,1f],start_interpolation:0}
execute if entity @s[tag=aj.gojo.bone.leftleg] run data modify entity @s {} merge value {transformation:[-0.9908666819299936f,-0.13327581104137612f,-0.020512845543909763f,0.11874999999999998f,-0.09108519464899244f,0.7736920245055476f,-0.6269801739546972f,0.6692704046639232f,0.09943191618791246f,-0.6193853480732092f,-0.7787651023482174f,0.06458367626886147f,0f,0f,0f,1f],start_interpolation:0}
execute if entity @s[tag=aj.gojo.locator_origin.purple] at @s on origin run tp @s ^-0.42188 ^1.28125 ^0.57813 ~0 ~0
execute if entity @s[tag=aj.gojo.bone.purple] run data modify entity @s {} merge value {transformation:[3.5173501725759766f,1.9942565978044537f,4.951695684672319e-16f,-0.42187500000000006f,1.9942565978044537f,-3.5173501725759766f,0f,1.28125f,4.3075116303255604e-16f,2.4422599591797146e-16f,-4.043366371528413f,0.578125f,0f,0f,0f,1f],start_interpolation:0}
execute if entity @s[tag=aj.gojo.locator_origin.blue] at @s on origin run tp @s ^-0.39063 ^1.23438 ^0.79688 ~0 ~0
execute if entity @s[tag=aj.gojo.locator_origin.red] at @s on origin run tp @s ^0.01563 ^1.78125 ^-0.53125 ~0 ~0
execute if entity @s[tag=aj.gojo.camera_origin.camera] at @s on origin run tp @s ^0 ^1.59875 ^0 ~0 ~0