execute if entity @s[tag=aj.gojo.locator_origin.head] at @s on origin run tp @s ^0 ^1.5 ^0 ~0 ~0
execute if entity @s[tag=aj.gojo.bone.bottom2] run data modify entity @s {} merge value {transformation:[-0.6129657368746435f,-0.7899042446516271f,-0.018008045398316935f,-0.2993325253320145f,0.371399222035428f,-0.2679392489843686f,-0.8889719774690151f,1.203951538327864f,0.6973776762194243f,-0.5515975372815174f,0.45760740113743864f,0.19228960286625943f,0f,0f,0f,1f],start_interpolation:0}
execute if entity @s[tag=aj.gojo.bone.rightarm] run data modify entity @s {} merge value {transformation:[-0.6129657368746435f,-0.2059113328906029f,-0.7628063505274065f,-0.3125f,0.371399222035428f,0.7770436521974009f,-0.5081985639995487f,1.375f,0.6973776762194243f,-0.5948139924101817f,-0.3998258260090961f,-3.827021247335479e-17f,0f,0f,0f,1f],start_interpolation:0}
execute if entity @s[tag=aj.gojo.bone.bottom] run data modify entity @s {} merge value {transformation:[-0.6132778786560241f,0.7897549262142521f,0.013319161816266467f,0.29823812487618323f,-0.38551199854766616f,-0.28456346323657716f,-0.8777266854588558f,1.2087046408837998f,-0.6893988268969937f,-0.543425056388759f,0.47897647704446056f,0.19633823482543247f,0f,0f,0f,1f],start_interpolation:0}
execute if entity @s[tag=aj.gojo.bone.leftarm] run data modify entity @s {} merge value {transformation:[-0.6132778786560241f,0.21036697015927305f,0.7613382831679846f,0.3125f,-0.38551199854766616f,0.7615594361017173f,-0.5209680645300808f,1.375f,-0.6893988268969937f,-0.6130032325774813f,-0.3859485643484205f,3.827021247335479e-17f,0f,0f,0f,1f],start_interpolation:0}
execute if entity @s[tag=aj.gojo.bone.head] run data modify entity @s {} merge value {transformation:[-0.9999935736120846f,-0.003543466995352271f,0.0005445880875938444f,0f,-0.0031300111609797576f,0.9369990891237913f,0.3493177779777571f,1.5f,-0.0017480745591770745f,0.3493138285594177f,-0.9370041586954122f,0f,0f,0f,0f,1f],start_interpolation:0}
execute if entity @s[tag=aj.gojo.locator_origin.purple] at @s on origin run tp @s ^-0.42188 ^1.28125 ^0.57813 ~0 ~0
execute if entity @s[tag=aj.gojo.locator_origin.blue] at @s on origin run tp @s ^-0.03007 ^1.64892 ^-0.20987 ~-180 ~0
execute if entity @s[tag=aj.gojo.bone.blue] run data modify entity @s {} merge value {transformation:[-0.03592647516354575f,-0.058058187455049884f,-8.361266266367915e-18f,-0.030065597667638475f,-0.058058187455049884f,0.03592647516354575f,0f,1.6489158163265307f,-4.399724281368319e-18f,-7.110077343112386e-18f,0.0682749203459263f,-0.20986698250728886f,0f,0f,0f,1f],start_interpolation:0}
execute if entity @s[tag=aj.gojo.locator_origin.red] at @s on origin run tp @s ^0.01563 ^1.78125 ^-0.53125 ~0 ~0
execute if entity @s[tag=aj.gojo.camera_origin.camera] at @s on origin run tp @s ^0 ^1.755 ^2.3125 ~-180 ~0