execute if entity @s[tag=aj.gojo.locator_origin.head] at @s on origin run tp @s ^0 ^1.42188 ^0 ~12.4447 ~0
execute if entity @s[tag=aj.gojo.bone.torso] run data modify entity @s {} merge value {transformation:[-0.9765044430241658f,0f,0.21549726855360304f,0f,0f,1f,0f,1.421875f,-0.21549726855360304f,0f,-0.9765044430241658f,0f,0f,0f,0f,1f],start_interpolation:0}
execute if entity @s[tag=aj.gojo.bone.bottom2] run data modify entity @s {} merge value {transformation:[-0.998521065709591f,0.04777661760459684f,-0.025943711076995682f,-0.3795093594530505f,0.030157597560990346f,0.08970339825700835f,-0.9955118380262962f,1.27633400028331f,-0.04523494935922712f,-0.9948219414304297f,-0.09101156083190459f,0.17853540459965478f,0f,0f,0f,1f],start_interpolation:0}
execute if entity @s[tag=aj.gojo.bone.rightarm] run data modify entity @s {} merge value {transformation:[-0.998521065709591f,0.04777661760459684f,-0.025943711076995682f,-0.30515763844505184f,0.030157597560990346f,0.08970339825700835f,-0.9955118380262962f,1.296875f,-0.04523494935922712f,-0.9948219414304297f,-0.09101156083190459f,-0.06734289642300095f,0f,0f,0f,1f],start_interpolation:0}
execute if entity @s[tag=aj.gojo.bone.bottom] run data modify entity @s {} merge value {transformation:[-0.4176570731019411f,0.8997947208662616f,0.12622214381449284f,0.20296044782141665f,0.47094892453366455f,0.33318270128387556f,-0.8168209094077872f,1.1521326962024634f,-0.7770261770162603f,-0.2817068473899532f,-0.5629134679194566f,0.25445689835769847f,0f,0f,0f,1f],start_interpolation:0}
execute if entity @s[tag=aj.gojo.bone.leftarm] run data modify entity @s {} merge value {transformation:[-0.7859453129511309f,0.6052750907323236f,0.12622214381449284f,0.30515763844505184f,0.26389014766326113f,0.5129966782743313f,-0.8168209094077872f,1.296875f,-0.5591528905553572f,-0.6086677850999508f,-0.5629134679194566f,0.06734289642300095f,0f,0f,0f,1f],start_interpolation:0}
execute if entity @s[tag=aj.gojo.bone.head] run data modify entity @s {} merge value {transformation:[-0.9814553261925024f,0.022617126377517623f,0.19035206403607044f,0f,0.06076356191614304f,0.9785120775822295f,0.19703274745323912f,1.421875f,-0.18180547910234146f,0.2049453088512451f,-0.9617401874457757f,0f,0f,0f,0f,1f],start_interpolation:0}
execute if entity @s[tag=aj.gojo.locator_origin.purple] at @s on origin run tp @s ^-0.42188 ^1.28125 ^0.57813 ~0 ~0
execute if entity @s[tag=aj.gojo.bone.purple] run data modify entity @s {} merge value {transformation:[-1.0964396047017158f,0.2080915854784995f,1.3667200465742282e-16f,-0.42187500000000006f,0.2080915854784995f,1.0964396047017158f,0f,1.28125f,-1.3427512523563455e-16f,2.5483869408574228e-17f,-1.1160116104707023f,0.578125f,0f,0f,0f,1f],start_interpolation:0}
execute if entity @s[tag=aj.gojo.locator_origin.blue] at @s on origin run tp @s ^-0.41468 ^1.1993 ^0.88206 ~0 ~0
execute if entity @s[tag=aj.gojo.bone.blue] run data modify entity @s {} merge value {transformation:[-0.000006923641308281477f,0.000007215482730507943f,1.2246467991473532e-21f,-0.41467836307819883f,0.000007215482730507943f,0.000006923641308281477f,0f,1.1992971788442937f,-8.479015166631304e-22f,8.836417830219558e-22f,-0.00001f,0.8820639942352873f,0f,0f,0f,1f],start_interpolation:0}
execute if entity @s[tag=aj.gojo.locator_origin.red] at @s on origin run tp @s ^0.01563 ^1.78125 ^-0.53125 ~0 ~0
execute if entity @s[tag=aj.gojo.camera_origin.camera] at @s on origin run tp @s ^0 ^1.59875 ^0 ~0 ~0