execute if entity @s[tag=aj.gojo.locator_origin.head] at @s on origin run tp @s ^0 ^1.44502 ^0 ~8.7963 ~0
execute if entity @s[tag=aj.gojo.bone.torso] run data modify entity @s {} merge value {transformation:[-0.9882382686653837f,0f,0.15292195507920062f,0f,0f,1f,0f,1.4450231481481481f,-0.15292195507920062f,0f,-0.9882382686653837f,0f,0f,0f,0f,1f],start_interpolation:0}
execute if entity @s[tag=aj.gojo.bone.bottom2] run data modify entity @s {} merge value {transformation:[-0.9999205895558045f,0.011885872182813062f,-0.004188152913421624f,-0.37429096385087346f,0.004893791107081422f,0.05997360872594071f,-0.9981879668003356f,1.3053356079108556f,-0.011613155943696857f,-0.9981291961959843f,-0.060027013170619904f,0.20101836584026483f,0f,0f,0f,1f],start_interpolation:0}
execute if entity @s[tag=aj.gojo.bone.rightarm] run data modify entity @s {} merge value {transformation:[-0.9999205895558045f,0.011885872182813062f,-0.004188152913421624f,-0.3088244589579324f,0.004893791107081422f,0.05997360872594071f,-0.9981879668003356f,1.3200231481481481f,-0.011613155943696857f,-0.9981291961959843f,-0.060027013170619904f,-0.04778811096225019f,0f,0f,0f,1f],start_interpolation:0}
execute if entity @s[tag=aj.gojo.bone.bottom] run data modify entity @s {} merge value {transformation:[-0.754210455752993f,0.6505163205857718f,0.08941535150303898f,0.21491305367142f,0.36454853188284625f,0.5280801883329517f,-0.766965242101815f,1.1767405262993176f,-0.5461418829708302f,-0.5458569696740931f,-0.635428369152096f,0.2402900284416287f,0f,0f,0f,1f],start_interpolation:0}
execute if entity @s[tag=aj.gojo.bone.leftarm] run data modify entity @s {} merge value {transformation:[-0.814462576232762f,0.5792612652042403f,0.03327309048278071f,0.3088244589579324f,0.31800957444003247f,0.49362809378531414f,-0.809445004673169f,1.3200231481481481f,-0.4853046697495933f,-0.6486815024801157f,-0.5862522374024496f,0.04778811096225019f,0f,0f,0f,1f],start_interpolation:0}
execute if entity @s[tag=aj.gojo.bone.head] run data modify entity @s {} merge value {transformation:[-0.991050523407406f,0.04022726617923056f,0.12728168410911397f,0f,0.0641897038096143f,0.9796481655513354f,0.1901818962381471f,1.4450231481481481f,-0.1170407705833353f,0.19665004141278153f,-0.9734630035258713f,0f,0f,0f,0f,1f],start_interpolation:0}
execute if entity @s[tag=aj.gojo.bone.bottom3] run data modify entity @s {} merge value {transformation:[-0.9994047905551079f,0.03434809827932983f,0.003205114677249104f,-0.13577404841134055f,0.03291359133726066f,0.9215714677028461f,0.38681096858970493f,0.4385055178186338f,0.010332478927373557f,0.3866862268824885f,-0.9221534589311043f,-0.10005574299044608f,0f,0f,0f,1f],start_interpolation:0}
execute if entity @s[tag=aj.gojo.bone.rightleg] run data modify entity @s {} merge value {transformation:[-0.9994047905551079f,0.03448885910518761f,0.0007636839158552337f,-0.11875f,0.03291359133726066f,0.9466593648071169f,0.3205506863637479f,0.7341308593749999f,0.010332478927373557f,0.32038502714797484f,-0.9472310564263646f,-1.4542680739874818e-17f,0f,0f,0f,1f],start_interpolation:0}
execute if entity @s[tag=aj.gojo.bone.bottom4] run data modify entity @s {} merge value {transformation:[-0.9923054250989749f,-0.12364907706998034f,0.006391326848531794f,0.16856216568861854f,-0.09725925881990152f,0.7464985780713345f,-0.6582404648084763f,0.49195034700316503f,0.07661970955926486f,-0.6537971999612859f,-0.752780606438447f,0.27630775654424694f,0f,0f,0f,1f],start_interpolation:0}
execute if entity @s[tag=aj.gojo.bone.leftleg] run data modify entity @s {} merge value {transformation:[-0.9902035674281462f,-0.13959485885501635f,0.003189111760469818f,0.11875f,-0.09430047350092359f,0.6517189731339644f,-0.7525754452244057f,0.6950231481481481f,0.10297725841210918f,-0.7455036253690915f,-0.6584983134461824f,0.04398148148148152f,0f,0f,0f,1f],start_interpolation:0}
execute if entity @s[tag=aj.gojo.locator_origin.purple] at @s on origin run tp @s ^-0.42188 ^1.28125 ^0.57813 ~0 ~0
execute if entity @s[tag=aj.gojo.locator_origin.blue] at @s on origin run tp @s ^-0.30942 ^1.32526 ^0.57617 ~-180 ~0
execute if entity @s[tag=aj.gojo.bone.blue] run data modify entity @s {} merge value {transformation:[-0.0138742196044766f,0.01506777547312767f,-2.508379879910369e-18f,-0.30942226220845487f,0.01506777547312767f,0.0138742196044766f,0f,1.3252551020408165f,-1.6991018629289727e-18f,1.8452703003436797e-18f,0.020482476103777847f,0.5761661807580174f,0f,0f,0f,1f],start_interpolation:0}
execute if entity @s[tag=aj.gojo.locator_origin.red] at @s on origin run tp @s ^0.01563 ^1.78125 ^-0.53125 ~0 ~0
execute if entity @s[tag=aj.gojo.camera_origin.camera] at @s on origin run tp @s ^0.91875 ^1.755 ^1.875 ~152 ~0