execute if entity @s[tag=aj.gojo.locator_origin.head] at @s on origin run tp @s ^0 ^1.5 ^0 ~0 ~0
execute if entity @s[tag=aj.gojo.bone.bottom2] run data modify entity @s {} merge value {transformation:[-0.6049942267874754f,-0.7961349857169526f,-0.012291056557215768f,-0.3006032053992854f,0.372762102482056f,-0.2695592551099891f,-0.887911157119734f,1.2020679019310876f,0.7035839683413645f,-0.5417627640416196f,0.4598507442540484f,0.1906809002908064f,0f,0f,0f,1f],start_interpolation:0}
execute if entity @s[tag=aj.gojo.bone.rightarm] run data modify entity @s {} merge value {transformation:[-0.6049942267874754f,-0.19883573509972713f,-0.7710034604339829f,-0.3125f,0.372762102482056f,0.7849189178961637f,-0.494924951161156f,1.375f,0.7035839683413645f,-0.5868276090778846f,-0.400752987159112f,-3.827021247335479e-17f,0f,0f,0f,1f],start_interpolation:0}
execute if entity @s[tag=aj.gojo.bone.bottom] run data modify entity @s {} merge value {transformation:[-0.6053351058007833f,0.7959485885411668f,0.005937515008747479f,0.299105086901704f,-0.39102432959479827f,-0.2908681034477624f,-0.8732100091396344f,1.208163334400846f,-0.6933032405449243f,-0.5309063860945982f,0.4873079374008602f,0.19593966753785516f,0f,0f,0f,1f],start_interpolation:0}
execute if entity @s[tag=aj.gojo.bone.leftarm] run data modify entity @s {} merge value {transformation:[-0.6053351058007833f,0.2049134288433799f,0.7691423121664831f,0.3125f,-0.39102432959479827f,0.7651027447953153f,-0.5115835841498565f,1.375f,-0.6933032405449243f,-0.6104328600151895f,-0.38301741483068785f,3.827021247335479e-17f,0f,0f,0f,1f],start_interpolation:0}
execute if entity @s[tag=aj.gojo.bone.head] run data modify entity @s {} merge value {transformation:[-0.9999891836507572f,-0.004598730511673757f,0.0006958873279335658f,0f,-0.004060711212020227f,0.9361847179335849f,0.3514849705635598f,1.5f,-0.0022678637403404363f,0.3514783429818898f,-0.9361932659492699f,0f,0f,0f,0f,1f],start_interpolation:0}
execute if entity @s[tag=aj.gojo.locator_origin.purple] at @s on origin run tp @s ^-0.42188 ^1.28125 ^0.57813 ~0 ~0
execute if entity @s[tag=aj.gojo.locator_origin.blue] at @s on origin run tp @s ^-0.58348 ^1.8117 ^-0.60521 ~0 ~0
execute if entity @s[tag=aj.gojo.bone.blue] run data modify entity @s {} merge value {transformation:[1.2163959448858745f,-0.18743857889758433f,1.5072374078497791e-16f,-0.5834785156249996f,-0.18743857889758433f,-1.2163959448858745f,0f,1.8117041015625f,1.4896554004003065e-16f,-2.295460556836553e-17f,-1.2307527434842247f,-0.6052099609375001f,0f,0f,0f,1f],start_interpolation:0}
execute if entity @s[tag=aj.gojo.locator_origin.red] at @s on origin run tp @s ^0.60436 ^1.78125 ^-0.53125 ~0 ~0
execute if entity @s[tag=aj.gojo.bone.red] run data modify entity @s {} merge value {transformation:[0.5833592715953377f,1.0837178026763714f,1.5072374078497791e-16f,0.6043613281249999f,1.0837178026763714f,-0.5833592715953377f,0f,1.78125f,7.144090647121619e-17f,1.327171538226621e-16f,-1.2307527434842247f,-0.5312499999999999f,0f,0f,0f,1f],start_interpolation:0}
execute if entity @s[tag=aj.gojo.camera_origin.camera] at @s on origin run tp @s ^0 ^1.73867 ^2.74292 ~-180 ~0