execute if entity @s[tag=aj.gojo.locator_origin.head] at @s on origin run tp @s ^0 ^1.5 ^0 ~0 ~0
execute if entity @s[tag=aj.gojo.bone.bottom2] run data modify entity @s {} merge value {transformation:[-0.6370493396825551f,-0.7700317507359019f,-0.034917641223636026f,-0.2957556701669486f,0.3664694767951421f,-0.26270685624223733f,-0.8925722549243928f,1.2098754144433732f,0.678135872364466f,-0.5814088153287f,0.44955036210703037f,0.19712876163359372f,0f,0f,0f,1f],start_interpolation:0}
execute if entity @s[tag=aj.gojo.bone.rightarm] run data modify entity @s {} merge value {transformation:[-0.6370493396825551f,-0.22623965425284445f,-0.7368743160496056f,-0.3125f,0.3664694767951421f,0.7521157114252925f,-0.5477427125984614f,1.375f,0.678135872364466f,-0.6189810784432584f,-0.39622488960400404f,-3.827021247335479e-17f,0f,0f,0f,1f],start_interpolation:0}
execute if entity @s[tag=aj.gojo.bone.bottom] run data modify entity @s {} merge value {transformation:[-0.637093368106869f,0.770012395076909f,0.03453913348894874f,0.2956709418829675f,-0.3678005971806805f,-0.26432046467432535f,-0.8915477624153871f,1.2103355433175353f,-0.6773734280496838f,-0.5807026807087002f,0.4516078338447519f,0.1975060746112946f,0f,0f,0f,1f],start_interpolation:0}
execute if entity @s[tag=aj.gojo.bone.leftarm] run data modify entity @s {} merge value {transformation:[-0.637093368106869f,0.22658957449484718f,0.7367287187591436f,0.3125f,-0.3678005971806805f,0.7506079760250287f,-0.5489174683330315f,1.375f,-0.6773734280496838f,-0.6206809414327573f,-0.3948675827595445f,3.827021247335479e-17f,0f,0f,0f,1f],start_interpolation:0}
execute if entity @s[tag=aj.gojo.bone.head] run data modify entity @s {} merge value {transformation:[-0.9999999436985694f,-0.00033130187704218236f,0.00005330970127633001f,0f,-0.0002929699625507904f,0.9394434641552785f,0.3427037960462811f,1.5f,-0.00016361986133973266f,0.34270376113342593f,-0.9394435083247661f,0f,0f,0f,0f,1f],start_interpolation:0}
execute if entity @s[tag=aj.gojo.locator_origin.purple] at @s on origin run tp @s ^-0.42188 ^1.28125 ^0.57813 ~0 ~0
execute if entity @s[tag=aj.gojo.locator_origin.blue] at @s on origin run tp @s ^-1.0625 ^1.78125 ^-0.53125 ~0 ~0
execute if entity @s[tag=aj.gojo.locator_origin.red] at @s on origin run tp @s ^1.0625 ^1.78125 ^-0.53125 ~0 ~0
execute if entity @s[tag=aj.gojo.camera_origin.camera] at @s on origin run tp @s ^0 ^1.755 ^3.125 ~-180 ~0