execute if entity @s[tag=aj.gojo.locator_origin.head] at @s on origin run tp @s ^-0.00053 ^1.41812 ^0.0023 ~13.06424 ~0.18
execute if entity @s[tag=aj.gojo.bone.torso] run data modify entity @s {} merge value {transformation:[-0.9741172373912788f,-0.0007101350411943386f,0.22604226048552595f,-0.000532601280895754f,-5.421010862427522e-20f,0.9999950652018582f,0.003141587485879563f,1.4181212989013936f,-0.22604337596395763f,0.0030602745227680133f,-0.9741124303193458f,0.00229520589207601f,0f,0f,0f,1f],start_interpolation:0}
execute if entity @s[tag=aj.gojo.bone.bottom2] run data modify entity @s {} merge value {transformation:[-0.9979984145521861f,0.059360933806550914f,-0.021804680436484383f,-0.38207060544667043f,0.029575384013555066f,0.1333515458791034f,-0.9906274081975041f,1.2616324907822327f,-0.0558968801613621f,-0.9892894645902521f,-0.13484025377816022f,0.17510292772547115f,0f,0f,0f,1f],start_interpolation:0}
execute if entity @s[tag=aj.gojo.bone.rightarm] run data modify entity @s {} merge value {transformation:[-0.9979984145521861f,0.059360933806550914f,-0.021804680436484383f,-0.3048554710855211f,0.029575384013555066f,0.1333515458791034f,-0.9906274081975041f,1.2931219157511613f,-0.0558968801613621f,-0.9892894645902521f,-0.13484025377816022f,-0.06872588341200675f,0f,0f,0f,1f],start_interpolation:0}
execute if entity @s[tag=aj.gojo.bone.bottom] run data modify entity @s {} merge value {transformation:[-0.3437875984272933f,0.9334249049310055f,0.10260620849703844f,0.18789520376856558f,0.4707913740368731f,0.26586795060249757f,-0.8412310710945602f,1.1603806231631186f,-0.812505734933648f,-0.24089869177098383f,-0.5308504977891245f,0.2604691637506218f,0f,0f,0f,1f],start_interpolation:0}
execute if entity @s[tag=aj.gojo.bone.leftarm] run data modify entity @s {} merge value {transformation:[-0.7511719122628402f,0.6520833721275603f,0.10260620849703844f,0.30396780228402814f,0.2843142505617611f,0.45988660771173057f,-0.8412310710945602f,1.2931219157511613f,-0.5957400147336858f,-0.6027367450571988f,-0.5308504977891245f,0.07255122656546675f,0f,0f,0f,1f],start_interpolation:0}
execute if entity @s[tag=aj.gojo.bone.head] run data modify entity @s {} merge value {transformation:[-0.9796003163742759f,0.017591403005558136f,0.20018432181295948f,-0.000532601280895754f,0.06314690247594217f,0.972647902701529f,0.22353640884207396f,1.4181212989013936f,-0.19077654171074682f,0.23161735666960073f,-0.9539170358172008f,0.00229520589207601f,0f,0f,0f,1f],start_interpolation:0}
execute if entity @s[tag=aj.gojo.bone.bottom3] run data modify entity @s {} merge value {transformation:[-0.9842093135446087f,0.16432973924891361f,0.06578574260760599f,-0.18021028423788554f,0.16879793525001613f,0.7594504291633907f,0.6282852080853669f,0.3773219800317793f,0.05328493396243908f,0.6294686508809835f,-0.7751967062434494f,-0.09670341017131172f,0f,0f,0f,1f],start_interpolation:0}
execute if entity @s[tag=aj.gojo.bone.rightleg] run data modify entity @s {} merge value {transformation:[-0.9842093135446087f,0.17698872329034157f,0.0026493320110986592f,-0.11875f,0.16879793525001613f,0.9339456226033065f,0.3150441732129853f,0.668125f,0.05328493396243908f,0.3105166112274462f,-0.9490733111643386f,-1.4542680739874818e-17f,0f,0f,0f,1f],start_interpolation:0}
execute if entity @s[tag=aj.gojo.bone.bottom4] run data modify entity @s {} merge value {transformation:[-0.9957686104561754f,-0.08446520798217531f,0.03620087113186081f,0.16723673878564002f,-0.08458952777482881f,0.9964140452700414f,-0.001913682163565411f,0.42888239890232804f,-0.0359094168848396f,-0.004967799222949987f,-0.9993427013541807f,0.26071097940933885f,0f,0f,0f,1f],start_interpolation:0}
execute if entity @s[tag=aj.gojo.bone.leftleg] run data modify entity @s {} merge value {transformation:[-0.9906064908268706f,-0.1353454342975107f,-0.019503685459198606f,0.11874999999999998f,-0.09236069107772332f,0.7674235373341047f,-0.634453006210275f,0.668125f,0.10083790495304085f,-0.6266918922089452f,-0.7727153351424141f,0.06550000000000002f,0f,0f,0f,1f],start_interpolation:0}
execute if entity @s[tag=aj.gojo.locator_origin.purple] at @s on origin run tp @s ^-0.42188 ^1.28125 ^0.57813 ~0 ~0
execute if entity @s[tag=aj.gojo.bone.purple] run data modify entity @s {} merge value {transformation:[1.6844651994250535f,4.00018187657971f,5.31542958334946e-16f,-0.42187500000000006f,4.00018187657971f,-1.6844651994250535f,0f,1.28125f,2.0628749147509996e-16f,4.898809931160594e-16f,-4.340377639536778f,0.578125f,0f,0f,0f,1f],start_interpolation:0}
execute if entity @s[tag=aj.gojo.locator_origin.blue] at @s on origin run tp @s ^-0.39063 ^1.23438 ^0.79688 ~0 ~0
execute if entity @s[tag=aj.gojo.locator_origin.red] at @s on origin run tp @s ^0.01563 ^1.78125 ^-0.53125 ~0 ~0
execute if entity @s[tag=aj.gojo.camera_origin.camera] at @s on origin run tp @s ^0 ^1.59875 ^0 ~0 ~0