execute if entity @s[tag=aj.gojo.locator_origin.head] at @s on origin run tp @s ^-0.00055 ^1.41785 ^0.00234 ~13.10083 ~0.18384
execute if entity @s[tag=aj.gojo.bone.torso] run data modify entity @s {} merge value {transformation:[-0.9739726728642042f,-0.0007272908298079776f,0.22666429706022717f,-0.0005454681223559831f,-5.421010862427522e-20f,0.9999948522595836f,0.0032086530403609634f,1.4178476481110114f,-0.22666546387519654f,0.0031251403780142226f,-0.9739676591057116f,0.002343855283510667f,0f,0f,0f,1f],start_interpolation:0}
execute if entity @s[tag=aj.gojo.bone.bottom2] run data modify entity @s {} merge value {transformation:[-0.9979631750564251f,0.06000689260771591f,-0.021648881515340616f,-0.38219543863164934f,0.029561267811163087f,0.1342810854970423f,-0.9905022572024422f,1.2611255994425006f,-0.05652992726597034f,-0.9891247458825919f,-0.13578145825554394f,0.17486832129178478f,0f,0f,0f,1f],start_interpolation:0}
execute if entity @s[tag=aj.gojo.bone.rightarm] run data modify entity @s {} merge value {transformation:[-0.9979631750564251f,0.06000689260771591f,-0.021648881515340616f,-0.3048210170386938f,0.029561267811163087f,0.1342810854970423f,-0.9905022572024422f,1.2928482915785635f,-0.05652992726597034f,-0.9891247458825919f,-0.13578145825554394f,-0.06887974472474004f,0f,0f,0f,1f],start_interpolation:0}
execute if entity @s[tag=aj.gojo.bone.bottom] run data modify entity @s {} merge value {transformation:[-0.3398287668560762f,0.9350445286783995f,0.10103533345156354f,0.18722286423964696f,0.4704750870976669f,0.2620349092704981f,-0.8426095766985114f,1.160814544980239f,-0.8143522589380601f,-0.23880836608500927f,-0.5289621561608039f,0.2608207624279709f,0f,0f,0f,1f],start_interpolation:0}
execute if entity @s[tag=aj.gojo.bone.leftarm] run data modify entity @s {} merge value {transformation:[-0.7495843525097062f,0.654152245174574f,0.10103533345156354f,0.3039119035014338f,0.2851176836945685f,0.4568555654696562f,-0.8426095766985114f,1.2928482915785635f,-0.5973535007993579f,-0.6027999937230131f,-0.5289621561608039f,0.0727861701972578f,0f,0f,0f,1f],start_interpolation:0}
execute if entity @s[tag=aj.gojo.bone.head] run data modify entity @s {} merge value {transformation:[-0.979486627575784f,0.01742475644481372f,0.20075438790486366f,-0.0005454681223559831f,0.06329610787026792f,0.9724347651064789f,0.22441976370360683f,1.4178476481110114f,-0.19131008632242302f,0.23252312890365606f,-0.9535897678751387f,0.002343855283510667f,0f,0f,0f,1f],start_interpolation:0}
execute if entity @s[tag=aj.gojo.bone.bottom3] run data modify entity @s {} merge value {transformation:[-0.9841040173462212f,0.16472026804389633f,0.06638159638465528f,-0.18039132870072228f,0.1693547073374712f,0.757904768670393f,0.6299994799436881f,0.37719048519558035f,0.05346275475195603f,0.631227054966931f,-0.7737532804015161f,-0.0970145782118283f,0f,0f,0f,1f],start_interpolation:0}
execute if entity @s[tag=aj.gojo.bone.rightleg] run data modify entity @s {} merge value {transformation:[-0.9841040173462212f,0.17757017149538687f,0.0028490767148730087f,-0.11875f,0.1693547073374712f,0.9335023700531283f,0.3160574444746267f,0.6678515089163237f,0.05346275475195603f,0.31151590537288965f,-0.9487357769969682f,-1.4542680739874818e-17f,0f,0f,0f,1f],start_interpolation:0}
execute if entity @s[tag=aj.gojo.bone.bottom4] run data modify entity @s {} merge value {transformation:[-0.9957129593609599f,-0.0850589648338157f,0.03634109329724157f,0.16739041756811082f,-0.0851839927086694f,0.9963634202530947f,-0.0019031993494976196f,0.42908204950992374f,-0.03604705184683577f,-0.004990719682999356f,-0.9993376320194276f,0.26147008285905143f,0f,0f,0f,1f],start_interpolation:0}
execute if entity @s[tag=aj.gojo.bone.leftleg] run data modify entity @s {} merge value {transformation:[-0.9905438290192436f,-0.13583845963756977f,-0.01925709415222329f,0.11874999999999998f,-0.09266513989894216f,0.7659155728984588f,-0.6362283450453422f,0.6678515089163237f,0.10117358666867922f,-0.6284275997081269f,-0.7712604341502793f,0.06571879286694103f,0f,0f,0f,1f],start_interpolation:0}
execute if entity @s[tag=aj.gojo.locator_origin.purple] at @s on origin run tp @s ^-0.42188 ^1.28125 ^0.57813 ~0 ~0
execute if entity @s[tag=aj.gojo.bone.purple] run data modify entity @s {} merge value {transformation:[4.288886844126016f,-1.0243547579870218f,5.400102665438245e-16f,-0.42187500000000006f,-1.0243547579870218f,-4.288886844126016f,0f,1.28125f,5.252371545564118e-16f,-1.2544727755601679e-16f,-4.409518458055014f,0.578125f,0f,0f,0f,1f],start_interpolation:0}
execute if entity @s[tag=aj.gojo.locator_origin.blue] at @s on origin run tp @s ^-0.39063 ^1.23438 ^0.79688 ~0 ~0
execute if entity @s[tag=aj.gojo.locator_origin.red] at @s on origin run tp @s ^0.01563 ^1.78125 ^-0.53125 ~0 ~0
execute if entity @s[tag=aj.gojo.camera_origin.camera] at @s on origin run tp @s ^0 ^1.59875 ^0 ~0 ~0