execute if entity @s[tag=aj.gojo.locator_origin.head] at @s on origin run tp @s ^0 ^1.42188 ^0 ~12.43892 ~0
execute if entity @s[tag=aj.gojo.bone.torso] run data modify entity @s {} merge value {transformation:[-0.976526195659023f,0f,0.21539867499990697f,0f,0f,1f,0f,1.421875f,-0.21539867499990697f,0f,-0.976526195659023f,0f,0f,0f,0f,1f],start_interpolation:0}
execute if entity @s[tag=aj.gojo.bone.bottom2] run data modify entity @s {} merge value {transformation:[-0.9985255980567441f,0.047676589959266685f,-0.025953281011800146f,-0.37949143351180786f,0.030158012585013688f,0.08970333780953355f,-0.995511830900442f,1.27633404133418f,-0.04513451342757199f,-0.9948267456978045f,-0.0910089102339527f,0.17857369339775694f,0f,0f,0f,1f],start_interpolation:0}
execute if entity @s[tag=aj.gojo.bone.rightarm] run data modify entity @s {} merge value {transformation:[-0.9985255980567441f,0.047676589959266685f,-0.025953281011800146f,-0.3051644361434447f,0.030158012585013688f,0.08970333780953355f,-0.995511830900442f,1.296875f,-0.04513451342757199f,-0.9948267456978045f,-0.0910089102339527f,-0.06731208593747093f,0f,0f,0f,1f],start_interpolation:0}
execute if entity @s[tag=aj.gojo.bone.bottom] run data modify entity @s {} merge value {transformation:[-0.41796146792072986f,0.8996230343736955f,0.12643815625756852f,0.20305237627974998f,0.4710637441907013f,0.33362067582253707f,-0.8165758957823523f,1.1520285939490118f,-0.776792868300544f,-0.2817368287746179f,-0.5632203823277665f,0.25439200438011267f,0f,0f,0f,1f],start_interpolation:0}
execute if entity @s[tag=aj.gojo.bone.leftarm] run data modify entity @s {} merge value {transformation:[-0.7861360384531063f,0.6049822490680554f,0.12643815625756852f,0.3051644361434447f,0.2637897598070553f,0.5134381842521891f,-0.8165758957823523f,1.296875f,-0.5589320993342501f,-0.6085866489370043f,-0.5632203823277665f,0.06731208593747093f,0f,0f,0f,1f],start_interpolation:0}
execute if entity @s[tag=aj.gojo.bone.head] run data modify entity @s {} merge value {transformation:[-0.9814725883649676f,0.02262691905618127f,0.19026187432640232f,0f,0.06073913905241728f,0.9785296029360416f,0.1969532258304082f,1.421875f,-0.1817204316397631f,0.20486053478368563f,-0.961774321768262f,0f,0f,0f,0f,1f],start_interpolation:0}
execute if entity @s[tag=aj.gojo.locator_origin.purple] at @s on origin run tp @s ^-0.42188 ^1.28125 ^0.57813 ~0 ~0
execute if entity @s[tag=aj.gojo.bone.purple] run data modify entity @s {} merge value {transformation:[1.2689151365938671f,0.17968289989477734f,1.5694753301813964e-16f,-0.42187500000000006f,0.17968289989477734f,-1.2689151365938671f,0f,1.28125f,1.5539728604193058e-16f,2.2004808821765336e-17f,-1.2815738638063858f,0.578125f,0f,0f,0f,1f],start_interpolation:0}
execute if entity @s[tag=aj.gojo.locator_origin.blue] at @s on origin run tp @s ^-0.41202 ^1.20317 ^0.87265 ~0 ~0
execute if entity @s[tag=aj.gojo.bone.blue] run data modify entity @s {} merge value {transformation:[-0.00000753798528408173f,0.0000065710560686214875f,1.2246467991473532e-21f,-0.4120205738060926f,0.0000065710560686214875f,0.00000753798528408173f,0f,1.2031731215327819f,-9.231369550170542e-22f,8.047222781455095e-22f,-0.00001f,0.872650990563244f,0f,0f,0f,1f],start_interpolation:0}
execute if entity @s[tag=aj.gojo.locator_origin.red] at @s on origin run tp @s ^0.01563 ^1.78125 ^-0.53125 ~0 ~0
execute if entity @s[tag=aj.gojo.camera_origin.camera] at @s on origin run tp @s ^0 ^1.59875 ^0 ~0 ~0