execute if entity @s[tag=aj.gojo.locator_origin.head] at @s on origin run tp @s ^0 ^1.5 ^0 ~0 ~0
execute if entity @s[tag=aj.gojo.bone.bottom2] run data modify entity @s {} merge value {transformation:[-0.789476327020197f,-0.5453411897585244f,-0.28165602395023653f,-0.3487901849080051f,0.3204698814108532f,0.02512892934715788f,-0.9469253360315053f,1.191350285785074f,0.5234751036899585f,-0.8378374088465033f,0.15492673156742365f,0.1770933509427127f,0f,0f,0f,1f],start_interpolation:0}
execute if entity @s[tag=aj.gojo.bone.rightarm] run data modify entity @s {} merge value {transformation:[-0.789476327020197f,-0.052208342123028786f,-0.6115565534662055f,-0.3125f,0.3204698814108532f,0.8147163272124173f,-0.4832559997372233f,1.375f,0.5234751036899585f,-0.5775046278483612f,-0.6264680523622198f,-3.827021247335479e-17f,0f,0f,0f,1f],start_interpolation:0}
execute if entity @s[tag=aj.gojo.bone.bottom] run data modify entity @s {} merge value {transformation:[-0.7436852194999607f,0.6144826829439232f,0.26333121094798717f,0.3328418011156921f,-0.34030403744572774f,-0.008911225562851122f,-0.9402732327132921f,1.198531384833471f,-0.5754350149195232f,-0.788879979731395f,0.21573808468502265f,0.18668499936678679f,0f,0f,0f,1f],start_interpolation:0}
execute if entity @s[tag=aj.gojo.bone.leftarm] run data modify entity @s {} merge value {transformation:[-0.7436852194999607f,0.10455410041222177f,0.6603035168649992f,0.3125f,-0.34030403744572774f,0.7909504700275474f,-0.5085179604117623f,1.375f,-0.5754350149195232f,-0.6028812437372663f,-0.5526379914142485f,3.827021247335479e-17f,0f,0f,0f,1f],start_interpolation:0}
execute if entity @s[tag=aj.gojo.bone.head] run data modify entity @s {} merge value {transformation:[-1f,-3.481417620134676e-17f,1.1741197111896282e-16f,0f,0f,0.9587415016371218f,0.28427932221425595f,1.5f,-1.2246467991473532e-16f,0.28427932221425595f,-0.9587415016371218f,0f,0f,0f,0f,1f],start_interpolation:0}
execute if entity @s[tag=aj.gojo.locator_origin.purple] at @s on origin run tp @s ^-0.42188 ^1.28125 ^0.57813 ~0 ~0
execute if entity @s[tag=aj.gojo.locator_origin.blue] at @s on origin run tp @s ^-1.0625 ^1.78125 ^-0.53125 ~0 ~0
execute if entity @s[tag=aj.gojo.locator_origin.red] at @s on origin run tp @s ^1.0625 ^1.78125 ^-0.53125 ~0 ~0
execute if entity @s[tag=aj.gojo.camera_origin.camera] at @s on origin run tp @s ^0 ^1.755 ^3.60875 ~-180 ~0