execute if entity @s[tag=aj.gojo.locator_origin.head] at @s on origin run tp @s ^0 ^1.42188 ^0 ~12.43274 ~0
execute if entity @s[tag=aj.gojo.bone.torso] run data modify entity @s {} merge value {transformation:[-0.9765494235007398f,0f,0.21529334281480436f,0f,0f,1f,0f,1.421875f,-0.21529334281480436f,0f,-0.9765494235007398f,0f,0f,0f,0f,1f],start_interpolation:0}
execute if entity @s[tag=aj.gojo.bone.bottom2] run data modify entity @s {} merge value {transformation:[-0.9985304289059489f,0.047569727593192f,-0.025963504494030114f,-0.37947227854890103f,0.030158455964765546f,0.08970327323174343f,-0.9955118232875654f,1.276334085189862f,-0.04502721491190978f,-0.9948318670952501f,-0.09100607742923549f,0.17861459621219178f,0f,0f,0f,1f],start_interpolation:0}
execute if entity @s[tag=aj.gojo.bone.rightarm] run data modify entity @s {} merge value {transformation:[-0.9985304289059489f,0.047569727593192f,-0.025963504494030114f,-0.3051716948439812f,0.030158455964765546f,0.08970327323174343f,-0.9955118232875654f,1.296875f,-0.04502721491190978f,-0.9948318670952501f,-0.09100607742923549f,-0.06727916962962636f,0f,0f,0f,1f],start_interpolation:0}
execute if entity @s[tag=aj.gojo.bone.bottom] run data modify entity @s {} merge value {transformation:[-0.41828665577415786f,0.8994394514664055f,0.12666864942472245f,0.20315061349701208f,0.47118629895976677f,0.3340884373139286f,-0.816313902690463f,1.1519174242485541f,-0.7765434600032819f,-0.28176868030167795f,-0.5635482814517159f,0.2543226142970591f,0f,0f,0f,1f],start_interpolation:0}
execute if entity @s[tag=aj.gojo.bone.leftarm] run data modify entity @s {} merge value {transformation:[-0.78633971444906f,0.6046692540001416f,0.12666864942472245f,0.3051716948439812f,0.26368247899489927f,0.5139096832570583f,-0.816313902690463f,1.296875f,-0.5586961640742448f,-0.6084997376511698f,-0.5635482814517159f,0.06727916962962636f,0f,0f,0f,1f],start_interpolation:0}
execute if entity @s[tag=aj.gojo.bone.head] run data modify entity @s {} merge value {transformation:[-0.9814910211639643f,0.022637363477858462f,0.19016552040075513f,0f,0.06071304746681566f,0.978548317739723f,0.19686826995747775f,1.421875f,-0.18162957149597334f,0.20476996758199054f,-0.9618107709599949f,0f,0f,0f,0f,1f],start_interpolation:0}
execute if entity @s[tag=aj.gojo.locator_origin.purple] at @s on origin run tp @s ^-0.42188 ^1.28125 ^0.57813 ~0 ~0
execute if entity @s[tag=aj.gojo.bone.purple] run data modify entity @s {} merge value {transformation:[1.1376380672030098f,1.1646272882476691f,1.9937976136376234e-16f,-0.42187500000000006f,1.1646272882476691f,-1.1376380672030098f,0f,1.28125f,1.3932048175883474e-16f,1.4262570807521698e-16f,-1.6280593025072885f,0.578125f,0f,0f,0f,1f],start_interpolation:0}
execute if entity @s[tag=aj.gojo.locator_origin.blue] at @s on origin run tp @s ^-0.40564 ^1.21248 ^0.85005 ~0 ~0
execute if entity @s[tag=aj.gojo.bone.blue] run data modify entity @s {} merge value {transformation:[-0.000008760818927564791f,0.00000482162334887562f,1.2246467991473532e-21f,-0.4056389182279432f,0.00000482162334887562f,0.000008760818927564791f,0f,1.2124797025842498f,-1.072890885755177e-21f,5.904785600894669e-22f,-0.00001f,0.8500492937239652f,0f,0f,0f,1f],start_interpolation:0}
execute if entity @s[tag=aj.gojo.locator_origin.red] at @s on origin run tp @s ^0.01563 ^1.78125 ^-0.53125 ~0 ~0
execute if entity @s[tag=aj.gojo.camera_origin.camera] at @s on origin run tp @s ^0 ^1.59875 ^0 ~0 ~0