execute if entity @s[tag=aj.gojo.locator_origin.head] at @s on origin run tp @s ^0 ^1.5 ^0 ~0 ~0
execute if entity @s[tag=aj.gojo.bone.bottom2] run data modify entity @s {} merge value {transformation:[-0.6388643585348514f,-0.7684687343369273f,-0.03616815920742841f,-0.29550245644556106f,0.36604760969827543f,-0.2622896283424895f,-0.892868018409293f,1.2103361026402553f,0.6766546230005613f,-0.5836608220624026f,0.4488636384932604f,0.19749211229670513f,0f,0f,0f,1f],start_interpolation:0}
execute if entity @s[tag=aj.gojo.bone.rightarm] run data modify entity @s {} merge value {transformation:[-0.6388643585348514f,-0.22770626385146864f,-0.7348484121209342f,-0.3125f,0.36604760969827543f,0.7501674918635478f,-0.5506885522555676f,1.375f,0.6766546230005613f,-0.6208047934366803f,-0.39590393988694883f,-3.827021247335479e-17f,0f,0f,0f,1f],start_interpolation:0}
execute if entity @s[tag=aj.gojo.bone.bottom] run data modify entity @s {} merge value {transformation:[-0.6388765709883525f,0.7684632264098615f,0.03606933181957264f,0.29548045876373774f,-0.36639983507128265f,-0.2627176708647725f,-0.8925976620376762f,1.2104581093545108f,-0.6764524284100853f,-0.5834755308246737f,0.4494089641150515f,0.19759188100454694f,0f,0f,0f,1f],start_interpolation:0}
execute if entity @s[tag=aj.gojo.bone.leftarm] run data modify entity @s {} merge value {transformation:[-0.6388765709883525f,0.22779730769213705f,0.7348095764552736f,0.3125f,-0.36639983507128265f,0.7497675213497776f,-0.5509989335640747f,1.375f,-0.6764524284100853f,-0.6212544169156663f,-0.395544007110301f,3.827021247335479e-17f,0f,0f,0f,1f],start_interpolation:0}
execute if entity @s[tag=aj.gojo.bone.head] run data modify entity @s {} merge value {transformation:[-0.9999999960634285f,-0.00008759630644459247f,0.000014143200246157548f,0f,-0.00007746802093889376f,0.9396267974350313f,0.3422009286087524f,1.5f,-0.00004326486736081576f,0.3422009261660083f,-0.9396268005220356f,0f,0f,0f,0f,1f],start_interpolation:0}
execute if entity @s[tag=aj.gojo.locator_origin.purple] at @s on origin run tp @s ^-0.42188 ^1.28125 ^0.57813 ~0 ~0
execute if entity @s[tag=aj.gojo.locator_origin.blue] at @s on origin run tp @s ^-1.0625 ^1.78125 ^-0.53125 ~0 ~0
execute if entity @s[tag=aj.gojo.locator_origin.red] at @s on origin run tp @s ^1.0625 ^1.78125 ^-0.53125 ~0 ~0
execute if entity @s[tag=aj.gojo.camera_origin.camera] at @s on origin run tp @s ^0 ^1.755 ^3.125 ~-180 ~0