execute if entity @s[tag=aj.gojo.locator_origin.head] at @s on origin run tp @s ^0 ^1.5 ^0 ~0 ~0
execute if entity @s[tag=aj.gojo.bone.bottom2] run data modify entity @s {} merge value {transformation:[-0.6032769788193805f,-0.7974551613446553f,-0.011052260914882983f,-0.3008824603208812f,0.37303848011340635f,-0.26990173862315886f,-0.8876910182281197f,1.2016671304486088f,0.7049107597286627f,-0.5396464742152645f,0.46030696680127886f,0.19033391475216527f,0f,0f,0f,1f],start_interpolation:0}
execute if entity @s[tag=aj.gojo.bone.rightarm] run data modify entity @s {} merge value {transformation:[-0.6032769788193805f,-0.1972894034213204f,-0.7727443161384109f,-0.3125f,0.37303848011340635f,0.7865910982339162f,-0.4920535911197494f,1.375f,0.7049107597286627f,-0.5851079690764955f,-0.4009357621140054f,-3.827021247335479e-17f,0f,0f,0f,1f],start_interpolation:0}
execute if entity @s[tag=aj.gojo.bone.bottom] run data modify entity @s {} merge value {transformation:[-0.6036203321332875f,0.7972601758761105f,0.004325112402325165f,0.2992930369171378f,-0.39218954144527957f,-0.2922020257937202f,-0.8722415604080026f,1.2080466525688895f,-0.6941396532515923f,-0.5281990042437028f,0.4890561866490596f,0.19585302118597717f,0f,0f,0f,1f],start_interpolation:0}
execute if entity @s[tag=aj.gojo.bone.leftarm] run data modify entity @s {} merge value {transformation:[-0.6036203321332875f,0.20373293536477058f,0.7708017810584986f,0.3125f,-0.39218954144527957f,0.7658607750857618f,-0.5095533698897274f,1.375f,-0.6941396532515923f,-0.6098771714310105f,-0.3823872089271144f,3.827021247335479e-17f,0f,0f,0f,1f],start_interpolation:0}
execute if entity @s[tag=aj.gojo.bone.head] run data modify entity @s {} merge value {transformation:[-0.9999880919119176f,-0.004825597746215186f,0.0007277642158590929f,0f,-0.004260716205532335f,0.9360089062035415f,0.3519505274965016f,1.5f,-0.002379565459926711f,0.35194323564183116f,-0.9360183206295593f,0f,0f,0f,0f,1f],start_interpolation:0}
execute if entity @s[tag=aj.gojo.locator_origin.purple] at @s on origin run tp @s ^-0.42188 ^1.28125 ^0.57813 ~0 ~0
execute if entity @s[tag=aj.gojo.locator_origin.blue] at @s on origin run tp @s ^-0.44824 ^1.81847 ^-0.62165 ~0 ~0
execute if entity @s[tag=aj.gojo.bone.blue] run data modify entity @s {} merge value {transformation:[0.7990210035544287f,0.8616567560870628f,1.4390964808396086e-16f,-0.4482402343750002f,0.8616567560870628f,-0.7990210035544287f,0f,1.8184716796875f,9.78518514454437e-17f,1.0552251883057131e-16f,-1.1751114540466392f,-0.6216455078124999f,0f,0f,0f,1f],start_interpolation:0}
execute if entity @s[tag=aj.gojo.locator_origin.red] at @s on origin run tp @s ^0.47376 ^1.78125 ^-0.53125 ~0 ~0
execute if entity @s[tag=aj.gojo.bone.red] run data modify entity @s {} merge value {transformation:[1.1691783362700774f,0.11793620066943088f,1.4390964808396086e-16f,0.4737636718750003f,0.11793620066943088f,-1.1691783362700774f,0f,1.78125f,1.431830507145578e-16f,1.4443019065341846e-17f,-1.1751114540466392f,-0.5312499999999999f,0f,0f,0f,1f],start_interpolation:0}
execute if entity @s[tag=aj.gojo.camera_origin.camera] at @s on origin run tp @s ^0 ^1.74188 ^2.6465 ~-180 ~0