execute if entity @s[tag=aj.gojo.locator_origin.head] at @s on origin run tp @s ^-0.00046 ^1.41898 ^0.00199 ~12.95187 ~0.15625
execute if entity @s[tag=aj.gojo.bone.torso] run data modify entity @s {} merge value {transformation:[-0.9745586663762974f,-0.0006112259900534293f,0.22413172955572744f,-0.00045841949254007194f,0f,0.9999962815279418f,0.002727073576053814f,1.418978692627438f,-0.2241325629864002f,0.0026576931873890453f,-0.9745550425071275f,0.001993269890541784f,0f,0f,0f,1f],start_interpolation:0}
execute if entity @s[tag=aj.gojo.bone.bottom2] run data modify entity @s {} merge value {transformation:[-0.9981027258639366f,0.05732114534675323f,-0.02247743132824718f,-0.38164330618956066f,0.029654437480470985f,0.12760494757437912f,-0.9913816579361636f,1.26393132288538f,-0.05395890066241632f,-0.9901672907396387f,-0.12906267232870677f,0.17578902370237676f,0f,0f,0f,1f],start_interpolation:0}
execute if entity @s[tag=aj.gojo.bone.rightarm] run data modify entity @s {} merge value {transformation:[-0.9981027258639366f,0.05732114534675323f,-0.02247743132824718f,-0.3049315994863763f,0.029654437480470985f,0.12760494757437912f,-0.9913816579361636f,1.2939791574364452f,-0.05395890066241632f,-0.9901672907396387f,-0.12906267232870677f,-0.06838036769113191f,0f,0f,0f,1f],start_interpolation:0}
execute if entity @s[tag=aj.gojo.bone.bottom] run data modify entity @s {} merge value {transformation:[-0.3573391598857584f,0.9277924070053414f,0.10728454835331709f,0.19032491493047654f,0.47121609925484176f,0.2782713234424762f,-0.8369710020978167f,1.1590339682193218f,-0.8063895538852119f,-0.24852830835300738f,-0.5366279598865501f,0.2594147546245938f,0f,0f,0f,1f],start_interpolation:0}
execute if entity @s[tag=aj.gojo.bone.leftarm] run data modify entity @s {} merge value {transformation:[-0.756948426062874f,0.6446077147890508f,0.10728454835331709f,0.3041675669988096f,0.28118144480475804f,0.46948539566730385f,-0.8369710020978167f,1.2939791574364452f,-0.5898864936396208f,-0.6033774583869971f,-0.5366279598865501f,0.07170248417536822f,0f,0f,0f,1f],start_interpolation:0}
execute if entity @s[tag=aj.gojo.bone.head] run data modify entity @s {} merge value {transformation:[-0.9799449161122956f,0.018352292884462114f,0.19842165892751973f,-0.00045841949254007194f,0.0627039881655061f,0.9735661342049329f,0.2196296705761824f,1.418978692627438f,-0.18914589938406304f,0.22766680846171947f,-0.9551919456690623f,0.001993269890541784f,0f,0f,0f,1f],start_interpolation:0}
execute if entity @s[tag=aj.gojo.bone.bottom3] run data modify entity @s {} merge value {transformation:[-0.9845368255264468f,0.16309426869899538f,0.06393354909471788f,-0.17964271470320045f,0.16705385981399662f,0.7642633910719845f,0.622892026749738f,0.3777367299347735f,0.052728048546787275f,0.623940484809802f,-0.7796909800117973f,-0.09572818024265865f,0f,0f,0f,1f],start_interpolation:0}
execute if entity @s[tag=aj.gojo.bone.rightleg] run data modify entity @s {} merge value {transformation:[-0.9845368255264468f,0.17516595053971248f,0.00203198273265366f,-0.11875f,0.16705385981399662f,0.9353242821457457f,0.31186775266094935f,0.6689814814814815f,0.052728048546787275f,0.30738473774744335f,-0.9501233477272217f,-1.4542680739874818e-17f,0f,0f,0f,1f],start_interpolation:0}
execute if entity @s[tag=aj.gojo.bone.bottom4] run data modify entity @s {} merge value {transformation:[-0.9959394671402801f,-0.08261929163405027f,0.035757942365616274f,0.16675456383905685f,-0.08274136595544854f,0.9965691560511547f,-0.0019451394078394135f,0.42826589999723763f,-0.035474556405422866f,-0.004895902100444438f,-0.9993585872900985f,0.2583267864892419f,0f,0f,0f,1f],start_interpolation:0}
execute if entity @s[tag=aj.gojo.bone.leftleg] run data modify entity @s {} merge value {transformation:[-0.9908013913303138f,-0.13379857645837565f,-0.0202618823317756f,0.11874999999999998f,-0.09140699928792431f,0.772118000735339f,-0.628870855916889f,0.6689814814814815f,0.09978658937498526f,-0.6212340411456663f,-0.7772457157828101f,0.06481481481481483f,0f,0f,0f,1f],start_interpolation:0}
execute if entity @s[tag=aj.gojo.locator_origin.purple] at @s on origin run tp @s ^-0.42188 ^1.28125 ^0.57813 ~0 ~0
execute if entity @s[tag=aj.gojo.bone.purple] run data modify entity @s {} merge value {transformation:[2.59060312750378f,-3.2042452602149742f,5.046141086886762e-16f,-0.42187500000000006f,-3.2042452602149742f,-2.59060312750378f,0f,1.28125f,3.172573827958627e-16f,-3.924068701605346e-16f,-4.1204868949970574f,0.578125f,0f,0f,0f,1f],start_interpolation:0}
execute if entity @s[tag=aj.gojo.locator_origin.blue] at @s on origin run tp @s ^-0.39063 ^1.23438 ^0.79688 ~0 ~0
execute if entity @s[tag=aj.gojo.locator_origin.red] at @s on origin run tp @s ^0.01563 ^1.78125 ^-0.53125 ~0 ~0
execute if entity @s[tag=aj.gojo.camera_origin.camera] at @s on origin run tp @s ^0 ^1.59875 ^0 ~0 ~0