execute if entity @s[tag=aj.gojo.locator_origin.head] at @s on origin run tp @s ^0 ^1.5 ^0 ~0 ~0
execute if entity @s[tag=aj.gojo.bone.bottom2] run data modify entity @s {} merge value {transformation:[-0.6025791878502594f,-0.7979893849234577f,-0.010548171367752601f,-0.30099648892819086f,0.3731490482147193f,-0.27004026889092825f,-0.8876024115524723f,1.2015047868323114f,0.7054488714188796f,-0.538786780393503f,0.4604896253847987f,0.19019287642001495f,0f,0f,0f,1f],start_interpolation:0}
execute if entity @s[tag=aj.gojo.bone.rightarm] run data modify entity @s {} merge value {transformation:[-0.6025791878502594f,-0.1966588412498013f,-0.7734491725562885f,-0.3125f,0.3731490482147193f,0.7872681147244338f,-0.4908856316441589f,1.375f,0.7054488714188796f,-0.5844092878253401f,-0.40100832175568124f,-3.827021247335479e-17f,0f,0f,0f,1f],start_interpolation:0}
execute if entity @s[tag=aj.gojo.bone.bottom] run data modify entity @s {} merge value {transformation:[-0.6029231758003716f,0.7977908197092606f,0.0036677064250378866f,0.299369531121244f,-0.39266077582416714f,-0.2927416457791696f,-0.8718485212212419f,1.2079992332826937f,-0.694479055992301f,-0.5270978436819196f,0.489761884974641f,0.19581773337176556f,0f,0f,0f,1f],start_interpolation:0}
execute if entity @s[tag=aj.gojo.bone.leftarm] run data modify entity @s {} merge value {transformation:[-0.6029231758003716f,0.2032526694651169f,0.7714739117028508f,0.3125f,-0.39266077582416714f,0.7661682608252672f,-0.5087275412567601f,1.375f,-0.694479055992301f,-0.6096511694889869f,-0.38213125013371174f,3.827021247335479e-17f,0f,0f,0f,1f],start_interpolation:0}
execute if entity @s[tag=aj.gojo.bone.head] run data modify entity @s {} merge value {transformation:[-0.9999876335696473f,-0.004917738558238076f,0.0007406451578181758f,0f,-0.004341938797367636f,0.9359374271969247f,0.3521395745148237f,1.5f,-0.0024249278869473024f,0.3521320039693552f,-0.9359472055117581f,0f,0f,0f,0f,1f],start_interpolation:0}
execute if entity @s[tag=aj.gojo.locator_origin.purple] at @s on origin run tp @s ^-0.42188 ^1.28125 ^0.57813 ~0 ~0
execute if entity @s[tag=aj.gojo.locator_origin.blue] at @s on origin run tp @s ^-0.38225 ^1.82063 ^-0.62688 ~0 ~0
execute if entity @s[tag=aj.gojo.bone.blue] run data modify entity @s {} merge value {transformation:[0.3446046471920386f,1.0916174933906093f,1.401876205608321e-16f,-0.3822499999999998f,1.0916174933906093f,-0.3446046471920386f,0f,1.8206250000000002f,4.22018978155033e-17f,1.3368458691740667e-16f,-1.144718792866941f,-0.6268750000000001f,0f,0f,0f,1f],start_interpolation:0}
execute if entity @s[tag=aj.gojo.locator_origin.red] at @s on origin run tp @s ^0.40925 ^1.78125 ^-0.53125 ~0 ~0
execute if entity @s[tag=aj.gojo.bone.red] run data modify entity @s {} merge value {transformation:[1.0697336711107404f,-0.40749354305888613f,1.401876205608321e-16f,0.40924999999999995f,-0.40749354305888613f,-1.0697336711107404f,0f,1.78125f,1.3100459162659157e-16f,-4.990356631802791e-17f,-1.144718792866941f,-0.53125f,0f,0f,0f,1f],start_interpolation:0}
execute if entity @s[tag=aj.gojo.camera_origin.camera] at @s on origin run tp @s ^0 ^1.74377 ^2.59921 ~-180 ~0