execute if entity @s[tag=aj.gojo.locator_origin.head] at @s on origin run tp @s ^0 ^1.42188 ^0 ~12.45554 ~0
execute if entity @s[tag=aj.gojo.bone.torso] run data modify entity @s {} merge value {transformation:[-0.9764636807249975f,0f,0.21568189591384393f,0f,0f,1f,0f,1.421875f,-0.21568189591384393f,0f,-0.9764636807249975f,0f,0f,0f,0f,1f],start_interpolation:0}
execute if entity @s[tag=aj.gojo.bone.bottom2] run data modify entity @s {} merge value {transformation:[-0.9985125509420382f,0.04796393515279404f,-0.02592578901176015f,-0.37954291844863763f,0.030156820357738923f,0.08970351145434674f,-0.9955118513702742f,1.276333923408772f,-0.04542303157138239f,-0.9948129175666239f,-0.09101652182679111f,0.17846369744536836f,0f,0f,0f,1f],start_interpolation:0}
execute if entity @s[tag=aj.gojo.bone.rightarm] run data modify entity @s {} merge value {transformation:[-0.9985125509420382f,0.04796393515279404f,-0.02592578901176015f,-0.3051449002265617f,0.030156820357738923f,0.08970351145434674f,-0.9955118513702742f,1.296875f,-0.04542303157138239f,-0.9948129175666239f,-0.09101652182679111f,-0.06740059247307623f,0f,0f,0f,1f],start_interpolation:0}
execute if entity @s[tag=aj.gojo.bone.bottom] run data modify entity @s {} merge value {transformation:[-0.41708703214596654f,0.9001158277515315f,0.12581694737532165f,0.20278836426096805f,0.4707336381546232f,0.33236218652170213f,-0.8172791560294596f,1.1523277552322182f,-0.777462699764678f,-0.28165026824359374f,-0.5623387563319197f,0.2545782716315889f,0f,0f,0f,1f],start_interpolation:0}
execute if entity @s[tag=aj.gojo.bone.leftarm] run data modify entity @s {} merge value {transformation:[-0.7855879511067999f,0.6058231316390746f,0.12581694737532165f,0.3051449002265617f,0.2640780578663882f,0.5121694646045301f,-0.8172791560294596f,1.296875f,-0.5595662163045019f,-0.6088191625579253f,-0.5623387563319197f,0.06740059247307623f,0f,0f,0f,1f],start_interpolation:0}
execute if entity @s[tag=aj.gojo.bone.head] run data modify entity @s {} merge value {transformation:[-0.9814229784594364f,0.022598745741330757f,0.19052095434026986f,0f,0.060809297707610885f,0.9784792390463629f,0.19718166260471026f,1.421875f,-0.1819647401671974f,0.20510406004311404f,-0.9616762230032075f,0f,0f,0f,0f,1f],start_interpolation:0}
execute if entity @s[tag=aj.gojo.locator_origin.purple] at @s on origin run tp @s ^-0.42188 ^1.28125 ^0.57813 ~0 ~0
execute if entity @s[tag=aj.gojo.bone.purple] run data modify entity @s {} merge value {transformation:[0.5529612054506537f,0.6839424004537791f,1.0770929088500038e-16f,-0.42187500000000006f,0.6839424004537791f,-0.5529612054506537f,0f,1.28125f,6.771821703078051e-17f,8.375878715168777e-17f,-0.8795131050029428f,0.578125f,0f,0f,0f,1f],start_interpolation:0}
execute if entity @s[tag=aj.gojo.locator_origin.blue] at @s on origin run tp @s ^-0.4175 ^1.19518 ^0.89205 ~0 ~0
execute if entity @s[tag=aj.gojo.bone.blue] run data modify entity @s {} merge value {transformation:[-0.0000062117337916817f,0.000007836731672150048f,1.2246467991473532e-21f,-0.4174990252304899f,0.000007836731672150048f,0.0000062117337916817f,0f,1.1951837132055356f,-7.607179905138446e-22f,9.597228358075242e-22f,-0.00001f,0.8920538393579847f,0f,0f,0f,1f],start_interpolation:0}
execute if entity @s[tag=aj.gojo.locator_origin.red] at @s on origin run tp @s ^0.01563 ^1.78125 ^-0.53125 ~0 ~0
execute if entity @s[tag=aj.gojo.camera_origin.camera] at @s on origin run tp @s ^0.2625 ^1.63 ^0.3375 ~28 ~0