execute if entity @s[tag=aj.gojo.locator_origin.head] at @s on origin run tp @s ^0.0043 ^1.41588 ^-0.0179 ~13.495 ~-1.40625
execute if entity @s[tag=aj.gojo.bone.torso] run data modify entity @s {} merge value {transformation:[-0.9723902886462545f,0.005726953547291643f,0.23329022386186896f,0.004295215160468733f,4.336808689942018e-19f,0.9996988186962042f,-0.024541228522912285f,1.4158817957779832f,-0.23336050768382763f,-0.023863652287128372f,-0.9720974228713217f,-0.01789773921534628f,0f,0f,0f,1f],start_interpolation:0}
execute if entity @s[tag=aj.gojo.bone.bottom2] run data modify entity @s {} merge value {transformation:[-0.9973466873961527f,0.05364016744930872f,-0.049217045583118624f,-0.376036829059484f,0.03426955874463186f,-0.2505374262183743f,-0.9675001785050591f,1.3556956474170905f,-0.06422758350871433f,-0.9666197445220551f,0.2480344472381777f,0.14980077083056775f,0f,0f,0f,1f],start_interpolation:0}
execute if entity @s[tag=aj.gojo.bone.rightarm] run data modify entity @s {} merge value {transformation:[-0.9973466873961527f,0.05364016744930872f,-0.049217045583118624f,-0.30029261923489725f,0.03426955874463186f,-0.2505374262183743f,-0.9675001785050591f,1.2909194434409574f,-0.06422758350871433f,-0.9666197445220551f,0.2480344472381777f,-0.08783994133065136f,0f,0f,0f,1f],start_interpolation:0}
execute if entity @s[tag=aj.gojo.bone.bottom] run data modify entity @s {} merge value {transformation:[-0.4826928255459089f,0.872258777421957f,0.07856374085326698f,0.2303106974990554f,0.3989403896020407f,0.2988488044831817f,-0.8669117357627275f,1.1642663357401253f,-0.7796500507988687f,-0.3871098258496231f,-0.4922314303455192f,0.2687580118596529f,0f,0f,0f,1f],start_interpolation:0}
execute if entity @s[tag=aj.gojo.bone.leftarm] run data modify entity @s {} merge value {transformation:[-0.8499090288161041f,0.5210397118838517f,0.07856374085326698f,0.3074513111690118f,0.19982000518913962f,0.45665742950604366f,-0.8669117357627275f,1.2909194434409574f,-0.4875721569809732f,-0.7210975043064047f,-0.4922314303455192f,0.0580103759717409f,0f,0f,0f,1f],start_interpolation:0}
execute if entity @s[tag=aj.gojo.bone.head] run data modify entity @s {} merge value {transformation:[-0.9778605518132255f,0.05185129360295618f,0.20273180450840528f,0.004295215160468733f,0.06726817902460909f,0.9952829389682053f,0.06990610480870049f,1.4158817957779832f,-0.19815078424837834f,0.08199582154300249f,-0.9767358660104792f,-0.01789773921534628f,0f,0f,0f,1f],start_interpolation:0}
execute if entity @s[tag=aj.gojo.bone.bottom3] run data modify entity @s {} merge value {transformation:[-0.9834244919817929f,0.16716438091016075f,0.07023060817959105f,-0.18154346188307777f,0.1729031154994167f,0.7479501115392244f,0.6408394052327441f,0.3763627701738462f,0.05459653121717461f,0.6423602574905957f,-0.7644557007280851f,-0.0989958577774186f,0f,0f,0f,1f],start_interpolation:0}
execute if entity @s[tag=aj.gojo.bone.rightleg] run data modify entity @s {} merge value {transformation:[-0.9834244919817929f,0.181270588186213f,0.004152400387358613f,-0.11875f,0.1729031154994167f,0.9306417793723363f,0.3225064203039796f,0.6661076817558299f,0.05459653121717461f,0.31787867551208293f,-0.9465581685420795f,-1.4542680739874818e-17f,0f,0f,0f,1f],start_interpolation:0}
execute if entity @s[tag=aj.gojo.bone.bottom4] run data modify entity @s {} merge value {transformation:[-0.9953454132685837f,-0.08889389270876305f,0.03722074857220132f,0.1683668180328394f,-0.08902332554057996f,0.9960278578273075f,-0.0018313769794344181f,0.4303866215966783f,-0.0369101042383794f,-0.00513636749345292f,-0.9993053897253252f,0.2662848004326788f,0f,0f,0f,1f],start_interpolation:0}
execute if entity @s[tag=aj.gojo.bone.leftleg] run data modify entity @s {} merge value {transformation:[-0.9901394356861468f,-0.13897102899136318f,-0.01763380277196046f,0.11874999999999998f,-0.09460539876548382f,0.7561995004845949f,-0.6474659326877924f,0.6661076817558299f,0.10331367975027556f,-0.6394133002745023f,-0.7618903562905405f,0.06711385459533609f,0f,0f,0f,1f],start_interpolation:0}
execute if entity @s[tag=aj.gojo.locator_origin.purple] at @s on origin run tp @s ^-0.42188 ^1.28125 ^0.57813 ~0 ~0
execute if entity @s[tag=aj.gojo.locator_origin.blue] at @s on origin run tp @s ^-0.39063 ^1.23438 ^0.79688 ~0 ~0
execute if entity @s[tag=aj.gojo.locator_origin.red] at @s on origin run tp @s ^0.01563 ^1.78125 ^-0.53125 ~0 ~0
execute if entity @s[tag=aj.gojo.camera_origin.camera] at @s on origin run tp @s ^0 ^1.59875 ^0 ~0 ~0