execute if entity @s[tag=aj.gojo.locator_origin.head] at @s on origin run tp @s ^0 ^1.42188 ^0 ~12.49526 ~0
execute if entity @s[tag=aj.gojo.bone.torso] run data modify entity @s {} merge value {transformation:[-0.9763139203200072f,0f,0.21635879688466247f,0f,0f,1f,0f,1.421875f,-0.21635879688466247f,0f,-0.9763139203200072f,0f,0f,0f,0f,1f],start_interpolation:0}
execute if entity @s[tag=aj.gojo.bone.bottom2] run data modify entity @s {} merge value {transformation:[-0.9984810270244429f,0.0486507515282337f,-0.025860066665650116f,-0.3796658521710884f,0.03015397061383855f,0.08970392650139325f,-0.9955119002937395f,1.2763336415380166f,-0.04611265258509395f,-0.9947795283106556f,-0.09103468199315978f,0.17820071726463851f,0f,0f,0f,1f],start_interpolation:0}
execute if entity @s[tag=aj.gojo.bone.rightarm] run data modify entity @s {} merge value {transformation:[-0.9984810270244429f,0.0486507515282337f,-0.025860066665650116f,-0.30509810010000227f,0.03015397061383855f,0.08970392650139325f,-0.9955119002937395f,1.296875f,-0.04611265258509395f,-0.9947795283106556f,-0.09103468199315978f,-0.06761212402645703f,0f,0f,0f,1f],start_interpolation:0}
execute if entity @s[tag=aj.gojo.bone.bottom] run data modify entity @s {} merge value {transformation:[-0.4149967847025257f,0.9012886819462511f,0.1243236923605264f,0.20215815655518715f,0.4699412807635705f,0.32934993195377604f,-0.8189528771280665f,1.1530441936486149f,-0.7790589588220269f,-0.2814379756138684f,-0.5602319203343443f,0.25502161462738854f,0f,0f,0f,1f],start_interpolation:0}
execute if entity @s[tag=aj.gojo.bone.leftarm] run data modify entity @s {} merge value {transformation:[-0.7842754427783835f,0.6078286348738563f,0.1243236923605264f,0.30509810010000227f,0.2647661326462264f,0.5091316922439839f,-0.8189528771280665f,1.296875f,-0.561080141208305f,-0.6093679271016498f,-0.5602319203343443f,0.06761212402645703f,0f,0f,0f,1f],start_interpolation:0}
execute if entity @s[tag=aj.gojo.bone.head] run data modify entity @s {} merge value {transformation:[-0.9813041317889619f,0.02253087963552361f,0.19114015903718706f,0f,0.060976993459964476f,0.978358615604257f,0.19772765497396977f,1.421875f,-0.18254864338716698f,0.20568611702244594f,-0.9614412171639687f,0f,0f,0f,0f,1f],start_interpolation:0}
execute if entity @s[tag=aj.gojo.locator_origin.purple] at @s on origin run tp @s ^-0.42188 ^1.28125 ^0.57813 ~0 ~0
execute if entity @s[tag=aj.gojo.bone.purple] run data modify entity @s {} merge value {transformation:[-0.13856647169418684f,-0.10675655873866885f,2.1421740075455423e-17f,-0.42187500000000006f,-0.10675655873866885f,0.13856647169418684f,0f,1.28125f,-1.6969498602942823e-17f,-1.3073907794729721e-17f,-0.17492178226709998f,0.578125f,0f,0f,0f,1f],start_interpolation:0}
execute if entity @s[tag=aj.gojo.locator_origin.blue] at @s on origin run tp @s ^-0.40675 ^1.21086 ^0.85398 ~0 ~0
execute if entity @s[tag=aj.gojo.bone.blue] run data modify entity @s {} merge value {transformation:[-0.000008575367384799349f,0.0000051442272710018924f,1.2246467991473532e-21f,-0.406749415138294f,0.0000051442272710018924f,0.000008575367384799349f,0f,1.2108602279233214f,-1.0501796219307131e-21f,6.2998614615189915e-22f,-0.00001f,0.8539823036147907f,0f,0f,0f,1f],start_interpolation:0}
execute if entity @s[tag=aj.gojo.locator_origin.red] at @s on origin run tp @s ^0.01563 ^1.78125 ^-0.53125 ~0 ~0
execute if entity @s[tag=aj.gojo.camera_origin.camera] at @s on origin run tp @s ^1.3125 ^1.755 ^1.6875 ~140 ~0