execute if entity @s[tag=aj.gojo.locator_origin.head] at @s on origin run tp @s ^-0.00034 ^1.41961 ^0.0014 ~13.72792 ~0.10986
execute if entity @s[tag=aj.gojo.bone.torso] run data modify entity @s {} merge value {transformation:[-0.9714335947111008f,-0.0004550389163979449f,0.23731111226879661f,-0.00034127918729845864f,-2.710505431213761e-20f,0.999998161643487f,0.001917474809855421f,1.4196051027140968f,-0.2373115485320275f,0.001862699447305836f,-0.971431808869825f,0.001397024585479377f,0f,0f,0f,1f],start_interpolation:0}
execute if entity @s[tag=aj.gojo.bone.bottom2] run data modify entity @s {} merge value {transformation:[-0.9978324003800843f,0.059257414152777105f,-0.02861921766306043f,-0.38103627623191727f,0.03142267620995012f,0.04693134174653294f,-0.9984037582970503f,1.2848364143351494f,-0.05781968671243398f,-0.9971389111000516f,-0.04869163992596272f,0.17267532559379334f,0f,0f,0f,1f],start_interpolation:0}
execute if entity @s[tag=aj.gojo.bone.rightarm] run data modify entity @s {} merge value {transformation:[-0.9978324003800843f,0.059257414152777105f,-0.02861921766306043f,-0.3038573976699677f,0.03142267620995012f,0.04693134174653294f,-0.9984037582970503f,1.2946053325086608f,-0.05781968671243398f,-0.9971389111000516f,-0.04869163992596272f,-0.07299567176169244f,0f,0f,0f,1f],start_interpolation:0}
execute if entity @s[tag=aj.gojo.bone.bottom] run data modify entity @s {} merge value {transformation:[-0.3250327844132218f,0.9429210208856373f,0.072481980026595f,0.18007690219476424f,0.4500063859040997f,0.2216200304884941f,-0.8650889056806876f,1.1742909578577905f,-0.8317739727246332f,-0.24856490190343994f,-0.4963542563931681f,0.26702584318476574f,0f,0f,0f,1f],start_interpolation:0}
execute if entity @s[tag=aj.gojo.bone.leftarm] run data modify entity @s {} merge value {transformation:[-0.7331942612259226f,0.6761453526253048f,0.072481980026595f,0.3032885990244703f,0.29116355008787487f,0.4084666110815131f,-0.8650889056806876f,1.2946053325086608f,-0.6145323119296487f,-0.6131741104733519f,-0.4963542563931681f,0.07532404607082474f,0f,0f,0f,1f],start_interpolation:0}
execute if entity @s[tag=aj.gojo.bone.head] run data modify entity @s {} merge value {transformation:[-0.9774002325315715f,0.017236813942374155f,0.21069332616944933f,-0.00034127918729845864f,0.06513114863036017f,0.9727405881492763f,0.22256163560930628f,1.4196051027140968f,-0.20111369651348943f,0.23125449273931017f,-0.9518795305407952f,0.001397024585479377f,0f,0f,0f,1f],start_interpolation:0}
execute if entity @s[tag=aj.gojo.bone.bottom3] run data modify entity @s {} merge value {transformation:[-0.9847736769682555f,0.16218088754207577f,0.06259524635694493f,-0.17922797815290892f,0.16578072505569388f,0.7677490941749833f,0.6189330170490996f,0.37804221218647077f,0.05232166234391333f,0.619886028322592f,-0.7829455635866469f,-0.0950158067323681f,0f,0f,0f,1f],start_interpolation:0}
execute if entity @s[tag=aj.gojo.bone.rightleg] run data modify entity @s {} merge value {transformation:[-0.9847736769682555f,0.1738340565499435f,0.0015893186631689411f,-0.11875f,0.16578072505569388f,0.9363212762451483f,0.30954679589791456f,0.6696064814814815f,0.05232166234391333f,0.30509701479045614f,-0.9508828819657664f,-1.4542680739874818e-17f,0f,0f,0f,1f],start_interpolation:0}
execute if entity @s[tag=aj.gojo.bone.bottom4] run data modify entity @s {} merge value {transformation:[-0.996060912365331f,-0.08128523777375456f,0.035431186517088764f,0.1664018715683096f,-0.08140564803866768f,0.9966791119672782f,-0.0019667830389474283f,0.4278244154789814f,-0.03515365308682882f,-0.00484333440740109f,-0.9993701830585446f,0.25658037126110095f,0f,0f,0f,1f],start_interpolation:0}
execute if entity @s[tag=aj.gojo.bone.leftleg] run data modify entity @s {} merge value {transformation:[-0.9909423383789834f,-0.13266714225101106f,-0.020801715673049864f,0.11874999999999998f,-0.09071081394753058f,0.7755168274869508f,-0.6247761187157777f,0.6696064814814815f,0.09901934276174985f,-0.6172301674833505f,-0.7805268029398518f,0.06431481481481484f,0f,0f,0f,1f],start_interpolation:0}
execute if entity @s[tag=aj.gojo.locator_origin.purple] at @s on origin run tp @s ^-0.42188 ^1.28125 ^0.57813 ~0 ~0
execute if entity @s[tag=aj.gojo.locator_origin.blue] at @s on origin run tp @s ^-0.39063 ^1.23438 ^0.79688 ~0 ~0
execute if entity @s[tag=aj.gojo.locator_origin.red] at @s on origin run tp @s ^0.01563 ^1.78125 ^-0.53125 ~0 ~0
execute if entity @s[tag=aj.gojo.camera_origin.camera] at @s on origin run tp @s ^0 ^1.59875 ^0 ~0 ~0