execute if entity @s[tag=aj.gojo.locator_origin.head] at @s on origin run tp @s ^0 ^1.5 ^0 ~0 ~0
execute if entity @s[tag=aj.gojo.bone.bottom2] run data modify entity @s {} merge value {transformation:[-0.6238366142926125f,-0.7811317540950414f,-0.025711114568103238f,-0.2976685877245223f,0.36932659701244147f,-0.26564419715364906f,-0.8905228942917767f,1.2065820236180698f,0.6887857020925594f,-0.5650365857738745f,0.45421130911709257f,0.19447792790270668f,0f,0f,0f,1f],start_interpolation:0}
execute if entity @s[tag=aj.gojo.bone.rightarm] run data modify entity @s {} merge value {transformation:[-0.6238366142926125f,-0.21528480267506397f,-0.7513190616542943f,-0.3125f,0.36932659701244147f,0.7660035547808315f,-0.5261524672586259f,1.375f,0.6887857020925594f,-0.605715286087687f,-0.39835066059010327f,-3.827021247335479e-17f,0f,0f,0f,1f],start_interpolation:0}
execute if entity @s[tag=aj.gojo.bone.bottom] run data modify entity @s {} merge value {transformation:[-0.6240624132265259f,0.7810328486933443f,0.023103974979305608f,0.29706996544558106f,-0.3777167691362164f,-0.2756559996795873f,-0.8839365430583496f,1.2094417557840054f,-0.6840147269695172f,-0.5603583309834939f,0.46703575257811925f,0.1968721204380309f,0f,0f,0f,1f],start_interpolation:0}
execute if entity @s[tag=aj.gojo.bone.leftarm] run data modify entity @s {} merge value {transformation:[-0.6240624132265259f,0.21773574152430733f,0.7504247139192212f,0.3125f,-0.3777167691362164f,0.7566621691480326f,-0.5336594458018075f,1.375f,-0.6840147269695172f,-0.6164848000097441f,-0.3899619784616992f,3.827021247335479e-17f,0f,0f,0f,1f],start_interpolation:0}
execute if entity @s[tag=aj.gojo.bone.head] run data modify entity @s {} merge value {transformation:[-0.9999977443544003f,-0.0020982974445275895f,0.000329293100284855f,0f,-0.001854378916242266f,0.9381052562177157f,0.34634533277572704f,1.5f,-0.0010356471149008154f,0.3463439409092188f,-0.9381070312232634f,0f,0f,0f,0f,1f],start_interpolation:0}
execute if entity @s[tag=aj.gojo.locator_origin.purple] at @s on origin run tp @s ^-0.42188 ^1.28125 ^0.57813 ~0 ~0
execute if entity @s[tag=aj.gojo.locator_origin.blue] at @s on origin run tp @s ^-1.12793 ^1.78125 ^-0.53125 ~0 ~0
execute if entity @s[tag=aj.gojo.bone.blue] run data modify entity @s {} merge value {transformation:[0.17431148549531672f,-1.992389396183491f,2.4492935982947064e-16f,-1.1279296875f,-1.992389396183491f,-0.17431148549531672f,0f,1.78125f,2.134700027664599e-17f,-2.4399732966912404e-16f,-2f,-0.5312500000000001f,0f,0f,0f,1f],start_interpolation:0}
execute if entity @s[tag=aj.gojo.locator_origin.red] at @s on origin run tp @s ^1.12793 ^1.78125 ^-0.53125 ~0 ~0
execute if entity @s[tag=aj.gojo.bone.red] run data modify entity @s {} merge value {transformation:[-0.11628965782095158f,1.9966163165425364f,2.4492935982947064e-16f,1.1279296875f,1.9966163165425364f,0.11628965782095158f,0f,1.78125f,-1.424137572243693e-17f,2.4451497811791957e-16f,-2f,-0.5312499999999999f,0f,0f,0f,1f],start_interpolation:0}
execute if entity @s[tag=aj.gojo.camera_origin.camera] at @s on origin run tp @s ^0 ^2.03278 ^3.125 ~-180 ~0