execute if entity @s[tag=aj.gojo.locator_origin.head] at @s on origin run tp @s ^0 ^1.5 ^0 ~0 ~0
execute if entity @s[tag=aj.gojo.bone.bottom2] run data modify entity @s {} merge value {transformation:[-0.6392213096581961f,-0.7681602446787678f,-0.03641367564413378f,-0.2954529330544763f,0.3659638002946287f,-0.26220716549845047f,-0.8929265922992669f,1.2104269398971215f,0.6763627829447549f,-0.5841037928795907f,0.4487272501095766f,0.19756354774332519f,0f,0f,0f,1f],start_interpolation:0}
execute if entity @s[tag=aj.gojo.bone.rightarm] run data modify entity @s {} merge value {transformation:[-0.6392213096581961f,-0.22799359519664386f,-0.734448798643016f,-0.3125f,0.3659638002946287f,0.7497831904851715f,-0.5512673254781113f,1.375f,0.6763627829447549f,-0.6211634952371121f,-0.3958399904406331f,-3.827021247335479e-17f,0f,0f,0f,1f],start_interpolation:0}
execute if entity @s[tag=aj.gojo.bone.bottom] run data modify entity @s {} merge value {transformation:[-0.6392270658188961f,0.7681575669637538f,0.03636908908524275f,0.2954430442452471f,-0.36612324402470126f,-0.2624011251815704f,-0.8928042448870159f,1.2104822072699133f,-0.6762710466295253f,-0.5840202066878948f,0.4489742416562834f,0.19760871978635106f,0f,0f,0f,1f],start_interpolation:0}
execute if entity @s[tag=aj.gojo.bone.leftarm] run data modify entity @s {} merge value {transformation:[-0.6392270658188961f,0.2280345894737356f,0.7344310616580083f,0.3125f,-0.36612324402470126f,0.7496019819265225f,-0.5514078697993513f,1.375f,-0.6762710466295253f,-0.6213671174880228f,-0.3956771117909551f,3.827021247335479e-17f,0f,0f,0f,1f],start_interpolation:0}
execute if entity @s[tag=aj.gojo.bone.head] run data modify entity @s {} merge value {transformation:[-0.9999999991938724f,-0.00003963886639071642f,0.0000064043304931952794f,0f,-0.000035056235791979255f,0.9396628393486094f,0.342101954274409f,1.5f,-0.00001957844503284903f,0.3421019537741194f,-0.9396628399807108f,0f,0f,0f,0f,1f],start_interpolation:0}
execute if entity @s[tag=aj.gojo.locator_origin.purple] at @s on origin run tp @s ^-0.42188 ^1.28125 ^0.57813 ~0 ~0
execute if entity @s[tag=aj.gojo.locator_origin.blue] at @s on origin run tp @s ^-1.0625 ^1.78125 ^-0.53125 ~0 ~0
execute if entity @s[tag=aj.gojo.locator_origin.red] at @s on origin run tp @s ^1.0625 ^1.78125 ^-0.53125 ~0 ~0
execute if entity @s[tag=aj.gojo.camera_origin.camera] at @s on origin run tp @s ^0 ^1.755 ^3.125 ~-180 ~0