execute if entity @s[tag=aj.gojo.locator_origin.head] at @s on origin run tp @s ^0 ^1.5 ^0 ~0 ~0
execute if entity @s[tag=aj.gojo.bone.bottom2] run data modify entity @s {} merge value {transformation:[-0.6059972975841407f,-0.7953602481811901f,-0.013013490456981941f,-0.3004409896803863f,0.37259785108577276f,-0.2693581641357096f,-0.8880411143520914f,1.2023028195919117f,0.70280731120769f,-0.5429993140203728f,0.4595798388598238f,0.19088350936947815f,0f,0f,0f,1f],start_interpolation:0}
execute if entity @s[tag=aj.gojo.bone.rightarm] run data modify entity @s {} merge value {transformation:[-0.6059972975841407f,-0.19973536567449f,-0.7699825056581456f,-0.3125f,0.37259785108577276f,0.7839381844037961f,-0.49660020579933706f,1.375f,0.70280731120769f,-0.5878322096759903f,-0.40064345318557215f,-3.827021247335479e-17f,0f,0f,0f,1f],start_interpolation:0}
execute if entity @s[tag=aj.gojo.bone.bottom] run data modify entity @s {} merge value {transformation:[-0.6063361279829441f,0.7951787372481836f,0.006875734945075207f,0.29899549910637685f,-0.3903400753154942f,-0.290085013197545f,-0.8737764649616483f,1.2082314791129085f,-0.6928139183831005f,-0.5324861133837804f,0.4862791518748163f,0.1959901499992942f,0f,0f,0f,1f],start_interpolation:0}
execute if entity @s[tag=aj.gojo.bone.leftarm] run data modify entity @s {} merge value {transformation:[-0.6063361279829441f,0.20560203557022858f,0.7681694493222373f,0.3125f,-0.3903400753154942f,0.76465910237724f,-0.5127680594131504f,1.375f,-0.6928139183831005f,-0.6107571204014016f,-0.38338572531282733f,3.827021247335479e-17f,0f,0f,0f,1f],start_interpolation:0}
execute if entity @s[tag=aj.gojo.bone.head] run data modify entity @s {} merge value {transformation:[-0.9999897974776212f,-0.004466140126481074f,0.0006771506750460755f,0f,-0.003943806738222026f,0.936287349288678f,0.3512128214493211f,1.5f,-0.002202573285417374f,0.35120656764125546f,-0.9362954103895685f,0f,0f,0f,0f,1f],start_interpolation:0}
execute if entity @s[tag=aj.gojo.locator_origin.purple] at @s on origin run tp @s ^-0.42188 ^1.28125 ^0.57813 ~0 ~0
execute if entity @s[tag=aj.gojo.locator_origin.blue] at @s on origin run tp @s ^-0.65088 ^1.8075 ^-0.595 ~0 ~0
execute if entity @s[tag=aj.gojo.bone.blue] run data modify entity @s {} merge value {transformation:[0.9781501621884692f,-0.7887040973145144f,1.5387880219739036e-16f,-0.6508750000000001f,-0.7887040973145144f,-0.9781501621884692f,0f,1.8075f,1.197888465209573e-16f,-9.658839482506227e-17f,-1.2565157750342937f,-0.5950000000000001f,0f,0f,0f,1f],start_interpolation:0}
execute if entity @s[tag=aj.gojo.locator_origin.red] at @s on origin run tp @s ^0.66888 ^1.78125 ^-0.53125 ~0 ~0
execute if entity @s[tag=aj.gojo.bone.red] run data modify entity @s {} merge value {transformation:[-0.01578942734314304f,1.2564165658308581f,1.5387880219739036e-16f,0.6688750000000002f,1.2564165658308581f,0.01578942734314304f,0f,1.78125f,-1.9336471656149823e-18f,1.5386665257404703e-16f,-1.2565157750342937f,-0.5312499999999999f,0f,0f,0f,1f],start_interpolation:0}
execute if entity @s[tag=aj.gojo.camera_origin.camera] at @s on origin run tp @s ^0 ^1.73751 ^2.791 ~-180 ~0