execute if entity @s[tag=aj.gojo.locator_origin.head] at @s on origin run tp @s ^0 ^1.5 ^0 ~0 ~0
execute if entity @s[tag=aj.gojo.bone.bottom2] run data modify entity @s {} merge value {transformation:[-0.624082573573409f,-0.7809295453097844f,-0.025884099834527163f,-0.2976318722202518f,0.36927681847691674f,-0.26559105153316453f,-0.8905593886322652f,1.2066423653300902f,0.688589553142913f,-0.565340993213619f,0.45412992490550774f,0.1945273647194098f,0f,0f,0f,1f],start_interpolation:0}
execute if entity @s[tag=aj.gojo.bone.rightarm] run data modify entity @s {} merge value {transformation:[-0.624082573573409f,-0.2154931545123451f,-0.7510550191033338f,-0.3125f,0.36927681847691674f,0.7657497432988681f,-0.526556703473884f,1.375f,0.688589553142913f,-0.605962070591911f,-0.3983144440092615f,-3.827021247335479e-17f,0f,0f,0f,1f],start_interpolation:0}
execute if entity @s[tag=aj.gojo.bone.bottom] run data modify entity @s {} merge value {transformation:[-0.6243057715939789f,0.7808318712576353f,0.023321500439426157f,0.2970437179268113f,-0.377536638436595f,-0.275450187311628f,-0.8840776441851613f,1.2094584167418065f,-0.6838920895817135f,-0.5607394966812029f,0.46675778158405584f,0.19688407136394928f,0f,0f,0f,1f],start_interpolation:0}
execute if entity @s[tag=aj.gojo.bone.leftarm] run data modify entity @s {} merge value {transformation:[-0.6243057715939789f,0.2179015711912497f,0.7501741190062686f,0.3125f,-0.377536638436595f,0.7565504926419225f,-0.5339451645265272f,1.375f,-0.6838920895817135f,-0.6165632630603686f,-0.39005301236102363f,3.827021247335479e-17f,0f,0f,0f,1f],start_interpolation:0}
execute if entity @s[tag=aj.gojo.bone.head] run data modify entity @s {} merge value {transformation:[-0.9999978142398824f,-0.0020655131877127296f,0.00032430036847790495f,0f,-0.0018254263163558695f,0.9381302280342946f,0.34627784085483443f,1.5f,-0.0010194774255301335f,0.3462764919881132f,-0.9381319479487866f,0f,0f,0f,0f,1f],start_interpolation:0}
execute if entity @s[tag=aj.gojo.locator_origin.purple] at @s on origin run tp @s ^-0.42188 ^1.28125 ^0.57813 ~0 ~0
execute if entity @s[tag=aj.gojo.locator_origin.blue] at @s on origin run tp @s ^-0.09653 ^1.55644 ^0.01471 ~-180 ~0
execute if entity @s[tag=aj.gojo.bone.blue] run data modify entity @s {} merge value {transformation:[-0.03008768327975957f,0.06632075329262892f,-8.918684017459093e-18f,-0.09652879008746362f,0.06632075329262892f,0.03008768327975957f,0f,1.5564413265306123f,-3.68467850223169e-18f,8.121949823685929e-18f,0.07282658170232126f,0.014713921282798902f,0f,0f,0f,1f],start_interpolation:0}
execute if entity @s[tag=aj.gojo.locator_origin.red] at @s on origin run tp @s ^0.01563 ^1.78125 ^-0.53125 ~0 ~0
execute if entity @s[tag=aj.gojo.camera_origin.camera] at @s on origin run tp @s ^0 ^1.755 ^2.3125 ~-180 ~0