execute if entity @s[tag=aj.gojo.locator_origin.head] at @s on origin run tp @s ^0 ^1.48639 ^0 ~2.17764 ~0
execute if entity @s[tag=aj.gojo.bone.torso] run data modify entity @s {} merge value {transformation:[-0.9992778209746326f,0f,0.037997848731081064f,0f,0f,1f,0f,1.4863897462277091f,-0.037997848731081064f,0f,-0.9992778209746326f,0f,0f,0f,0f,1f],start_interpolation:0}
execute if entity @s[tag=aj.gojo.bone.bottom2] run data modify entity @s {} merge value {transformation:[-0.8341582010824817f,-0.5325433412851344f,-0.14344924265991413f,-0.29289185793254113f,0.28465400854159306f,-0.19293363059436036f,-0.9390147547333223f,1.2519354794488011f,0.4723898718093358f,-0.8241202605436563f,0.3125277670438509f,0.22061294866477246f,0f,0f,0f,1f],start_interpolation:0}
execute if entity @s[tag=aj.gojo.bone.rightarm] run data modify entity @s {} merge value {transformation:[-0.8341582010824817f,-0.28606939475874665f,-0.47153408885169945f,-0.3122743190545727f,0.28465400854159306f,0.50898056925103f,-0.8123489863021311f,1.3613897462277091f,0.4723898718093358f,-0.8118516376206073f,-0.34313951609323207f,-0.011874327728462832f,0f,0f,0f,1f],start_interpolation:0}
execute if entity @s[tag=aj.gojo.bone.bottom] run data modify entity @s {} merge value {transformation:[-0.7870646780942149f,0.6028327490620496f,0.13085056039139364f,0.2700443033311889f,-0.19018971778103777f,-0.03535431946318812f,-0.9811105663204653f,1.208278671022323f,-0.586819447314776f,-0.7970839032081798f,0.14247872648081272f,0.21480257717011483f,0f,0f,0f,1f],start_interpolation:0}
execute if entity @s[tag=aj.gojo.bone.leftarm] run data modify entity @s {} merge value {transformation:[-0.7788943667414081f,0.36364365457888737f,0.510966591807147f,0.3122743190545727f,-0.1751192086567462f,0.6562241029857314f,-0.7339640246088409f,1.3613897462277091f,-0.6022099536025088f,-0.6611605093659808f,-0.4474482681126179f,0.011874327728462832f,0f,0f,0f,1f],start_interpolation:0}
execute if entity @s[tag=aj.gojo.bone.head] run data modify entity @s {} merge value {transformation:[-0.9994195168959534f,0.014721985535859287f,0.030722831727253458f,0f,0.02295858960659411f,0.957321765550737f,0.28811098619472286f,1.4863897462277091f,-0.025170069740371614f,0.288649095520325f,-0.9571040524648107f,0f,0f,0f,0f,1f],start_interpolation:0}
execute if entity @s[tag=aj.gojo.bone.bottom3] run data modify entity @s {} merge value {transformation:[-0.9999667585852661f,-0.008008290519258008f,0.001532647198611843f,-0.12249720145388979f,-0.007779453548173425f,0.9933601416487433f,0.11478287801793666f,0.4432763341500917f,-0.0024416852721148f,0.11476713931499677f,-0.9933894210763894f,-0.035879991568887215f,0f,0f,0f,1f],start_interpolation:0}
execute if entity @s[tag=aj.gojo.bone.rightleg] run data modify entity @s {} merge value {transformation:[-0.9999667585852661f,-0.008008290519258008f,0.001532647198611843f,-0.11875f,-0.007779453548173425f,0.9933601416487433f,0.11478287801793666f,0.75375f,-0.0024416852721148f,0.11476713931499677f,-0.9933894210763894f,-1.4542680739874818e-17f,0f,0f,0f,1f],start_interpolation:0}
execute if entity @s[tag=aj.gojo.bone.bottom4] run data modify entity @s {} merge value {transformation:[-0.9987875443673683f,-0.043010541367972006f,-0.023948581332438355f,0.1384332163297873f,-0.03332675676489854f,0.9488047103334388f,-0.3141002211597638f,0.44009656647829015f,0.036232147329902153f,-0.31292126003247717f,-0.9490877285686244f,0.10844964585716989f,0f,0f,0f,1f],start_interpolation:0}
execute if entity @s[tag=aj.gojo.bone.leftleg] run data modify entity @s {} merge value {transformation:[-0.9987875443673683f,-0.043010541367972006f,-0.023948581332438355f,0.11875f,-0.03332675676489854f,0.9488047103334388f,-0.3141002211597638f,0.7363897462277091f,0.036232147329902153f,-0.31292126003247717f,-0.9490877285686244f,0.010888203017832668f,0f,0f,0f,1f],start_interpolation:0}
execute if entity @s[tag=aj.gojo.locator_origin.purple] at @s on origin run tp @s ^-0.42188 ^1.28125 ^0.57813 ~0 ~0
execute if entity @s[tag=aj.gojo.locator_origin.blue] at @s on origin run tp @s ^-0.22608 ^1.41175 ^0.36611 ~-180 ~0
execute if entity @s[tag=aj.gojo.bone.blue] run data modify entity @s {} merge value {transformation:[-0.0055102969450420355f,-0.04518184079812926f,-5.574177510911943e-18f,-0.22607564231049565f,-0.04518184079812926f,0.0055102969450420355f,0f,1.4117506377551021f,-6.748167516097168e-19f,-5.533179671301429e-18f,0.04551661356395087f,0.36610559402332343f,0f,0f,0f,1f],start_interpolation:0}
execute if entity @s[tag=aj.gojo.locator_origin.red] at @s on origin run tp @s ^0.01563 ^1.78125 ^-0.53125 ~0 ~0
execute if entity @s[tag=aj.gojo.camera_origin.camera] at @s on origin run tp @s ^0.39375 ^1.755 ^2.125 ~168 ~0