execute if entity @s[tag=aj.gojo.locator_origin.head] at @s on origin run tp @s ^0 ^1.42188 ^0 ~12.46885 ~0
execute if entity @s[tag=aj.gojo.bone.torso] run data modify entity @s {} merge value {transformation:[-0.9764135419358829f,0f,0.21590876574197704f,0f,0f,1f,0f,1.421875f,-0.21590876574197704f,0f,-0.9764135419358829f,0f,0f,0f,0f,1f],start_interpolation:0}
execute if entity @s[tag=aj.gojo.bone.bottom2] run data modify entity @s {} merge value {transformation:[-0.9985020390037358f,0.048194119058469403f,-0.02590376408092886f,-0.37958413905731425f,0.030155865287293596f,0.08970365055596452f,-0.9955118677673856f,1.2763338289414647f,-0.04565415527810074f,-0.9948017802382102f,-0.09102261334817618f,0.1783755710603034f,0f,0f,0f,1f],start_interpolation:0}
execute if entity @s[tag=aj.gojo.bone.rightarm] run data modify entity @s {} merge value {transformation:[-0.9985020390037358f,0.048194119058469403f,-0.02590376408092886f,-0.30512923185496343f,0.030155865287293596f,0.08970365055596452f,-0.9955118677673856f,1.296875f,-0.04565415527810074f,-0.9948017802382102f,-0.09102261334817618f,-0.06747148929436783f,0f,0f,0f,1f],start_interpolation:0}
execute if entity @s[tag=aj.gojo.bone.bottom] run data modify entity @s {} merge value {transformation:[-0.41638651769534907f,0.9005096966165914f,0.12531781270448167f,0.2025770205387828f,0.4704686059264209f,0.33135329919575257f,-0.8178412327278075f,1.1525676504284383f,-0.7779984310518824f,-0.2815799662823774f,-0.5616325879694165f,0.25472715092784837f,0f,0f,0f,1f],start_interpolation:0}
execute if entity @s[tag=aj.gojo.bone.leftarm] run data modify entity @s {} merge value {transformation:[-0.7851484556025421f,0.606495959165358f,0.12531781270448167f,0.30512923185496343f,0.2643088237324991f,0.5111521923531216f,-0.8178412327278075f,1.296875f,-0.5600738775930241f,-0.609004177135666f,-0.5616325879694165f,0.06747148929436783f,0f,0f,0f,1f],start_interpolation:0}
execute if entity @s[tag=aj.gojo.bone.head] run data modify entity @s {} merge value {transformation:[-0.9813831896143191f,0.02257608329051721f,0.19072848661299938f,0f,0.06086550005274249f,0.9784388507326249f,0.19736465306723422f,1.421875f,-0.18216044039734605f,0.20529913745624884f,-0.9615975447732619f,0f,0f,0f,0f,1f],start_interpolation:0}
execute if entity @s[tag=aj.gojo.locator_origin.purple] at @s on origin run tp @s ^-0.42188 ^1.28125 ^0.57813 ~0 ~0
execute if entity @s[tag=aj.gojo.bone.purple] run data modify entity @s {} merge value {transformation:[1.942284363089826f,-1.6470899431142816f,3.1187341731028334e-16f,-0.42187500000000006f,-1.6470899431142816f,-1.942284363089826f,0f,1.28125f,2.378612328291911e-16f,-2.0171034267427011e-16f,-2.5466397129966105f,0.578125f,0f,0f,0f,1f],start_interpolation:0}
execute if entity @s[tag=aj.gojo.locator_origin.blue] at @s on origin run tp @s ^-0.39176 ^1.23272 ^0.80089 ~0 ~0
execute if entity @s[tag=aj.gojo.bone.blue] run data modify entity @s {} merge value {transformation:[-0.000009992797054876383f,3.7948256884064267e-7f,1.2246467991473532e-21f,-0.39175770684855793f,3.7948256884064267e-7f,0.000009992797054876383f,0f,1.2327231358458532f,-1.223764692778346e-21f,4.6473211326290814e-23f,-0.00001f,0.8008866700886421f,0f,0f,0f,1f],start_interpolation:0}
execute if entity @s[tag=aj.gojo.locator_origin.red] at @s on origin run tp @s ^0.01563 ^1.78125 ^-0.53125 ~0 ~0
execute if entity @s[tag=aj.gojo.camera_origin.camera] at @s on origin run tp @s ^0 ^1.59875 ^0 ~0 ~0