execute if entity @s[tag=aj.gojo.locator_origin.head] at @s on origin run tp @s ^0 ^1.42188 ^0 ~12.43479 ~0
execute if entity @s[tag=aj.gojo.bone.torso] run data modify entity @s {} merge value {transformation:[-0.9765417271607234f,0f,0.21532824968858888f,0f,0f,1f,0f,1.421875f,-0.21532824968858888f,0f,-0.9765417271607234f,0f,0f,0f,0f,1f],start_interpolation:0}
execute if entity @s[tag=aj.gojo.bone.bottom2] run data modify entity @s {} merge value {transformation:[-0.9985288292623725f,0.04760514134529262f,-0.025960116513803068f,-0.3794786269029475f,0.03015830903077231f,0.08970329463256399f,-0.995511825810456f,1.2763340706562822f,-0.04506277319828372f,-0.9948301711596598f,-0.09100701633457675f,0.17860104143733818f,0f,0f,0f,1f],start_interpolation:0}
execute if entity @s[tag=aj.gojo.bone.rightarm] run data modify entity @s {} merge value {transformation:[-0.9985288292623725f,0.04760514134529262f,-0.025960116513803068f,-0.30516928973772606f,0.03015830903077231f,0.08970329463256399f,-0.995511825810456f,1.296875f,-0.04506277319828372f,-0.9948301711596598f,-0.09100701633457675f,-0.06729007802768402f,0f,0f,0f,1f],start_interpolation:0}
execute if entity @s[tag=aj.gojo.bone.bottom] run data modify entity @s {} merge value {transformation:[-0.4181788905121604f,0.8995003090066138f,0.12659229687080034f,0.20311805494694776f,0.4711456974379127f,0.33393343899180516f,-0.8164007533735187f,1.1519542602034587f,-0.7766261309766505f,-0.28175814525956944f,-0.5634396154550423f,0.25434561698470237f,0f,0f,0f,1f],start_interpolation:0}
execute if entity @s[tag=aj.gojo.bone.leftarm] run data modify entity @s {} merge value {transformation:[-0.7862722263790242f,0.6047729957578692f,0.12659229687080034f,0.30516928973772606f,0.26371803526546544f,0.513753450369799f,-0.8164007533735187f,1.296875f,-0.558774358664296f,-0.6085285661619992f,-0.5634396154550423f,0.06729007802768402f,0f,0f,0f,1f],start_interpolation:0}
execute if entity @s[tag=aj.gojo.bone.head] run data modify entity @s {} merge value {transformation:[-0.9814849136245659f,0.0226339042275078f,0.19019745189354742f,0f,0.060721694105968414f,0.9785421166489054f,0.1968964240639762f,1.421875f,-0.18165968235213745f,0.20479998125903223f,-0.9617986938460775f,0f,0f,0f,0f,1f],start_interpolation:0}
execute if entity @s[tag=aj.gojo.locator_origin.purple] at @s on origin run tp @s ^-0.42188 ^1.28125 ^0.57813 ~0 ~0
execute if entity @s[tag=aj.gojo.bone.purple] run data modify entity @s {} merge value {transformation:[-1.2957494111903112f,-0.6563953367787362f,1.7788269298733833e-16f,-0.42187500000000006f,-0.6563953367787362f,1.2957494111903112f,0f,1.28125f,-1.5868353689112821e-16f,-8.038524481613282e-17f,-1.4525224179835947f,0.578125f,0f,0f,0f,1f],start_interpolation:0}
execute if entity @s[tag=aj.gojo.locator_origin.blue] at @s on origin run tp @s ^-0.40895 ^1.20765 ^0.86177 ~0 ~0
execute if entity @s[tag=aj.gojo.bone.blue] run data modify entity @s {} merge value {transformation:[-0.00000817340609972684f,0.000005761547771992184f,1.2246467991473532e-21f,-0.4089481990207886f,0.000005761547771992184f,0.00000817340609972684f,0f,1.2076536680946834f,-1.0009535618161927e-21f,7.0558610371047925e-22f,-0.00001f,0.861769663198626f,0f,0f,0f,1f],start_interpolation:0}
execute if entity @s[tag=aj.gojo.locator_origin.red] at @s on origin run tp @s ^0.01563 ^1.78125 ^-0.53125 ~0 ~0
execute if entity @s[tag=aj.gojo.camera_origin.camera] at @s on origin run tp @s ^0 ^1.59875 ^0 ~0 ~0