execute if entity @s[tag=aj.gojo.locator_origin.head] at @s on origin run tp @s ^0 ^1.42188 ^0 ~12.5 ~0
execute if entity @s[tag=aj.gojo.bone.torso] run data modify entity @s {} merge value {transformation:[-0.9762960071199334f,0f,0.216439613938103f,0f,0f,1f,0f,1.421875f,-0.216439613938103f,0f,-0.9762960071199334f,0f,0f,0f,0f,1f],start_interpolation:0}
execute if entity @s[tag=aj.gojo.bone.bottom2] run data modify entity @s {} merge value {transformation:[-0.9984772311435619f,0.04873275790659942f,-0.025852218371019267f,-0.37968051864810165f,0.030153630346052424f,0.08970397605821423f,-0.9955119061348793f,1.2763336078820746f,-0.046194993937002826f,-0.9947755098443889f,-0.0910368472048334f,0.17816931098437738f,0f,0f,0f,1f],start_interpolation:0}
execute if entity @s[tag=aj.gojo.bone.rightarm] run data modify entity @s {} merge value {transformation:[-0.9984772311435619f,0.04873275790659942f,-0.025852218371019267f,-0.3050925022249792f,0.030153630346052424f,0.08970397605821423f,-0.9955119061348793f,1.296875f,-0.046194993937002826f,-0.9947755098443889f,-0.0910368472048334f,-0.06763737935565718f,0f,0f,0f,1f],start_interpolation:0}
execute if entity @s[tag=aj.gojo.bone.bottom] run data modify entity @s {} merge value {transformation:[-0.4147471937884337f,0.901428246079105f,0.12414460284429646f,0.2020829887473672f,0.4698463589951619f,0.3289898721741829f,-0.8191520389682273f,1.1531298665994305f,-0.7792491027801115f,-0.28141211981285275f,-0.5599804055847203f,0.2550743734543627f,0f,0f,0f,1f],start_interpolation:0}
execute if entity @s[tag=aj.gojo.bone.leftarm] run data modify entity @s {} merge value {transformation:[-0.7841184964785236f,0.6080676780300789f,0.12414460284429646f,0.3050925022249792f,0.2648481931132524f,0.5087684853239646f,-0.8191520389682273f,1.296875f,-0.5612607398392525f,-0.609432791435009f,-0.5599804055847203f,0.06763737935565718f,0f,0f,0f,1f],start_interpolation:0}
execute if entity @s[tag=aj.gojo.bone.head] run data modify entity @s {} merge value {transformation:[-0.9812899161162039f,0.022522726812908497f,0.19121408762317887f,0f,0.06099701660733142f,0.9783441901761205f,0.19779284495055885f,1.421875f,-0.18261835749359528f,0.205755613108226f,-0.9614131074521501f,0f,0f,0f,0f,1f],start_interpolation:0}
execute if entity @s[tag=aj.gojo.locator_origin.purple] at @s on origin run tp @s ^-0.42188 ^1.28125 ^0.57813 ~0 ~0
execute if entity @s[tag=aj.gojo.bone.purple] run data modify entity @s {} merge value {transformation:[0.5918320568763871f,2.7631080519717033f,3.4605821464985514e-16f,-0.42187500000000006f,2.7631080519717033f,-0.5918320568763871f,0f,1.28125f,7.247852340864617e-17f,3.383831431545425e-16f,-2.825779766793122f,0.578125f,0f,0f,0f,1f],start_interpolation:0}
execute if entity @s[tag=aj.gojo.locator_origin.blue] at @s on origin run tp @s ^-0.39063 ^1.23438 ^0.79688 ~0 ~0
execute if entity @s[tag=aj.gojo.bone.blue] run data modify entity @s {} merge value {transformation:[-0.00001f,0f,1.2246467991473532e-21f,-0.3906250000000001f,0f,0.00001f,0f,1.234375f,-1.2246467991473532e-21f,0f,-0.00001f,0.796875f,0f,0f,0f,1f],start_interpolation:0}
execute if entity @s[tag=aj.gojo.locator_origin.red] at @s on origin run tp @s ^0.01563 ^1.78125 ^-0.53125 ~0 ~0
execute if entity @s[tag=aj.gojo.camera_origin.camera] at @s on origin run tp @s ^0 ^1.59875 ^0 ~0 ~0