execute if entity @s[tag=aj.gojo.locator_origin.head] at @s on origin run tp @s ^0 ^1.5 ^0 ~0 ~0
execute if entity @s[tag=aj.gojo.bone.bottom2] run data modify entity @s {} merge value {transformation:[-0.604084722233225f,-0.7968351579423717f,-0.011635266707860054f,-0.3007508645674495f,0.3729092373764841f,-0.2697409227981827f,-0.887794196448295f,1.2018554206830236f,0.704287121168417f,-0.5406418089964375f,0.4600935614865341f,0.19049714556847003f,0f,0f,0f,1f],start_interpolation:0}
execute if entity @s[tag=aj.gojo.bone.rightarm] run data modify entity @s {} merge value {transformation:[-0.604084722233225f,-0.1980177222885082f,-0.7719265703576207f,-0.3125f,0.3729092373764841f,0.7858056266120265f,-0.49340472014784115f,1.375f,0.704287121168417f,-0.585916801981776f,-0.40085053587559527f,-3.827021247335479e-17f,0f,0f,0f,1f],start_interpolation:0}
execute if entity @s[tag=aj.gojo.bone.bottom] run data modify entity @s {} merge value {transformation:[-0.6044270736972756f,0.7966442495577442f,0.005084508661301945f,0.29920457759579755f,-0.3916424375333547f,-0.29157564085952803f,-0.8726968813856778f,1.208101539182423f,-0.6937464332915022f,-0.5294729316064554f,0.48823590710985737f,0.19589381184666757f,0f,0f,0f,1f],start_interpolation:0}
execute if entity @s[tag=aj.gojo.bone.leftarm] run data modify entity @s {} merge value {transformation:[-0.6044270736972756f,0.20428845804112858f,0.770022167533459f,0.3125f,-0.3916424375333547f,0.7655044526536463f,-0.5105087012876213f,1.375f,-0.6937464332915022f,-0.6101386390637946f,-0.38268358655252f,3.827021247335479e-17f,0f,0f,0f,1f],start_interpolation:0}
execute if entity @s[tag=aj.gojo.bone.head] run data modify entity @s {} merge value {transformation:[-0.9999886118563767f,-0.004718905733880765f,0.000712801677589364f,0f,-0.004166660689265395f,0.9360916199515291f,0.3517315993697788f,1.5f,-0.002327035938131896f,0.35172462379707914f,-0.9361006216847342f,0f,0f,0f,0f,1f],start_interpolation:0}
execute if entity @s[tag=aj.gojo.locator_origin.purple] at @s on origin run tp @s ^-0.42188 ^1.28125 ^0.57813 ~0 ~0
execute if entity @s[tag=aj.gojo.locator_origin.blue] at @s on origin run tp @s ^-0.51562 ^1.81543 ^-0.61426 ~0 ~0
execute if entity @s[tag=aj.gojo.bone.blue] run data modify entity @s {} merge value {transformation:[1.131111487983038f,0.41169091326237806f,1.4741118878625545e-16f,-0.5156249999999999f,0.41169091326237806f,-1.131111487983038f,0f,1.8154296875f,1.3852120632372273e-16f,5.041759591648219e-17f,-1.2037037037037035f,-0.6142578125000001f,0f,0f,0f,1f],start_interpolation:0}
execute if entity @s[tag=aj.gojo.locator_origin.red] at @s on origin run tp @s ^0.53906 ^1.78125 ^-0.53125 ~0 ~0
execute if entity @s[tag=aj.gojo.bone.red] run data modify entity @s {} merge value {transformation:[1.0056797729970526f,0.6614459921222673f,1.4741118878625545e-16f,0.5390625000000001f,0.6614459921222673f,-1.0056797729970526f,0f,1.78125f,1.2316025149680772e-16f,8.100377170613801e-17f,-1.2037037037037035f,-0.5312499999999999f,0f,0f,0f,1f],start_interpolation:0}
execute if entity @s[tag=aj.gojo.camera_origin.camera] at @s on origin run tp @s ^0 ^1.74015 ^2.69458 ~-180 ~0