execute if entity @s[tag=aj.gojo.locator_origin.head] at @s on origin run tp @s ^0 ^1.5 ^0 ~0 ~0
execute if entity @s[tag=aj.gojo.bone.bottom2] run data modify entity @s {} merge value {transformation:[-0.6178858254955896f,-0.7859736043585015f,-0.021508135747655116f,-0.2985695017510539f,0.37049195277201585f,-0.26691331628328097f,-0.8896589203294933f,1.2051332441286076f,0.6935076204215871f,-0.5576762276109383f,0.4561188502735015f,0.19328082281557288f,0f,0f,0f,1f],start_interpolation:0}
execute if entity @s[tag=aj.gojo.bone.rightarm] run data modify entity @s {} merge value {transformation:[-0.6178858254955896f,-0.2101934493696818f,-0.7576515165257104f,-0.3125f,0.37049195277201585f,0.7720900116785735f,-0.5163455497991231f,1.375f,0.6935076204215871f,-0.5997463861568949f,-0.3991884927060555f,-3.827021247335479e-17f,0f,0f,0f,1f],start_interpolation:0}
execute if entity @s[tag=aj.gojo.bone.bottom] run data modify entity @s {} merge value {transformation:[-0.6181657574042366f,0.7858464600479944f,0.017788693119017374f,0.29770744644052294f,-0.38202401052347534f,-0.2805772952016855f,-0.880530542798412f,1.209038424577623f,-0.6869707066217644f,-0.5511095377938424f,0.47365549252199285f,0.19658124489002668f,0f,0f,0f,1f],start_interpolation:0}
execute if entity @s[tag=aj.gojo.bone.leftarm] run data modify entity @s {} merge value {transformation:[-0.6181657574042366f,0.21371165358896746f,0.7564379852262284f,0.3125f,-0.38202401052347534f,0.7593523043203776f,-0.5267273804416213f,1.375f,-0.6869707066217644f,-0.6145823029046655f,-0.38776260933719764f,3.827021247335479e-17f,0f,0f,0f,1f],start_interpolation:0}
execute if entity @s[tag=aj.gojo.bone.head] run data modify entity @s {} merge value {transformation:[-0.9999957225214409f,-0.00289030078333479f,0.0004484419732023625f,0f,-0.002553622304635086f,0.9375003410358711f,0.34797498411631633f,1.5f,-0.0014261668719843142f,0.3479723505093576f,-0.9375037116348106f,0f,0f,0f,0f,1f],start_interpolation:0}
execute if entity @s[tag=aj.gojo.locator_origin.purple] at @s on origin run tp @s ^-0.42188 ^1.28125 ^0.57813 ~0 ~0
execute if entity @s[tag=aj.gojo.locator_origin.blue] at @s on origin run tp @s ^-1.1049 ^1.78125 ^-0.53125 ~0 ~0
execute if entity @s[tag=aj.gojo.bone.blue] run data modify entity @s {} merge value {transformation:[1.2951898034318288f,0.7014755193858907f,1.803844678733805e-16f,-1.1048984375000002f,0.7014755193858907f,-1.2951898034318288f,0f,1.78125f,1.5861500470610786e-16f,8.590597494961582e-17f,-1.4729509602194788f,-0.5312500000000001f,0f,0f,0f,1f],start_interpolation:0}
execute if entity @s[tag=aj.gojo.locator_origin.red] at @s on origin run tp @s ^1.1049 ^1.78125 ^-0.53125 ~0 ~0
execute if entity @s[tag=aj.gojo.bone.red] run data modify entity @s {} merge value {transformation:[1.4655140558339528f,-0.14782788425937024f,1.803844678733805e-16f,1.1048984375000002f,-0.14782788425937024f,-1.4655140558339528f,0f,1.78125f,1.7947370975825058e-16f,-1.8103694528296315e-17f,-1.4729509602194788f,-0.5312499999999999f,0f,0f,0f,1f],start_interpolation:0}
execute if entity @s[tag=aj.gojo.camera_origin.camera] at @s on origin run tp @s ^0 ^1.755 ^3.125 ~-180 ~0