execute if entity @s[tag=aj.gojo.locator_origin.head] at @s on origin run tp @s ^-0.00001 ^1.4218 ^0.00007 ~12.53603 ~0.00519
execute if entity @s[tag=aj.gojo.bone.torso] run data modify entity @s {} merge value {transformation:[-0.9761597203744043f,-0.000019643023330733627f,0.2170534494835695f,-0.00001473226749805022f,0f,0.9999999959050059f,0.00009049855368358242f,1.4218012657902084f,-0.21705345037240212f,0.00008834104285805384f,-0.976159716377036f,0.00006625578214354039f,0f,0f,0f,1f],start_interpolation:0}
execute if entity @s[tag=aj.gojo.bone.bottom2] run data modify entity @s {} merge value {transformation:[-0.9984487686578688f,0.049384182975152485f,-0.025714953576909547f,-0.379811283291488f,0.030135561741222516f,0.09096432929403592f,-0.9953980805258906f,1.2759436565874f,-0.04681777743685525f,-0.9946289223966712f,-0.09231144267050656f,0.17795712941977498f,0f,0f,0f,1f],start_interpolation:0}
execute if entity @s[tag=aj.gojo.bone.rightarm] run data modify entity @s {} merge value {transformation:[-0.9984487686578688f,0.049384182975152485f,-0.025714953576909547f,-0.3050621895065831f,0.030135561741222516f,0.09096432929403592f,-0.9953980805258906f,1.2968012663020827f,-0.04681777743685525f,-0.9946289223966712f,-0.09231144267050656f,-0.06777399008958937f,0f,0f,0f,1f],start_interpolation:0}
execute if entity @s[tag=aj.gojo.bone.bottom] run data modify entity @s {} merge value {transformation:[-0.41187866618899494f,0.9029225410750937f,0.12282853559686473f,0.20135560833179983f,0.46947247194923236f,0.3257911076444457f,-0.8206434988846758f,1.1537212527876255f,-0.780993957992155f,-0.28034093350472605f,-0.5580836842100361f,0.2554594598500054f,0f,0f,0f,1f],start_interpolation:0}
execute if entity @s[tag=aj.gojo.bone.leftarm] run data modify entity @s {} merge value {transformation:[-0.7825406275611637f,0.6103632664727703f,0.12282853559686473f,0.30503763572741965f,0.26576445482016126f,0.5058789403527884f,-0.8206434988846758f,1.2968012663020827f,-0.5630270160217203f,-0.6095434198219438f,-0.5580836842100361f,0.06788441639316195f,0f,0f,0f,1f],start_interpolation:0}
execute if entity @s[tag=aj.gojo.bone.head] run data modify entity @s {} merge value {transformation:[-0.9811828181412657f,0.022352910247631093f,0.19178275414600054f,-0.00001473226749805022f,0.0611425491548979f,0.9781292815348844f,0.1988081922026645f,1.4218012657902084f,-0.18314438584680898f,0.2067932687674143f,-0.9610903588764602f,0.00006625578214354039f,0f,0f,0f,1f],start_interpolation:0}
execute if entity @s[tag=aj.gojo.bone.bottom3] run data modify entity @s {} merge value {transformation:[-0.9855910807366728f,0.1588958788842178f,0.05798552617618672f,-0.17776792574159533f,0.16130707061164862f,0.7798111132277923f,0.6048757365419114f,0.379133885094542f,0.050894504055014125f,0.6055136062550892f,-0.7942059066117244f,-0.09250945584204097f,0f,0f,0f,1f],start_interpolation:0}
execute if entity @s[tag=aj.gojo.bone.rightleg] run data modify entity @s {} merge value {transformation:[-0.9855910807366728f,0.16914554075837165f,0.0000872575227577945f,-0.11875f,0.16130707061164862f,0.9397617694663517f,0.30137658439261705f,0.6718012688614541f,0.050894504055014125f,0.29704814877563135f,-0.9535051896901058f,-1.4542680739874818e-17f,0f,0f,0f,1f],start_interpolation:0}
execute if entity @s[tag=aj.gojo.bone.bottom4] run data modify entity @s {} merge value {transformation:[-0.9964663496894518f,-0.07668745604323246f,0.034261465558210226f,0.16515819010435867f,-0.07680187101929103f,0.9970442995634624f,-0.0020340393164471338f,0.42633061255479654f,-0.03400421362883317f,-0.004658196391518488f,-0.9994108337725096f,0.25040399890805876f,0f,0f,0f,1f],start_interpolation:0}
execute if entity @s[tag=aj.gojo.bone.leftleg] run data modify entity @s {} merge value {transformation:[-0.991428752002808f,-0.12867763329389167f,-0.022607441076718943f,0.11874999999999998f,-0.08826441441683348f,0.7872713884696408f,-0.6102566296606187f,0.6718012688614541f,0.09632457033284945f,-0.6030305361977673f,-0.7918811461092032f,0.06255898491083678f,0f,0f,0f,1f],start_interpolation:0}
execute if entity @s[tag=aj.gojo.locator_origin.purple] at @s on origin run tp @s ^-0.42188 ^1.28125 ^0.57813 ~0 ~0
execute if entity @s[tag=aj.gojo.bone.purple] run data modify entity @s {} merge value {transformation:[0.3520698828768981f,-2.9896347062149187f,3.686546690404159e-16f,-0.42187500000000006f,-2.9896347062149187f,-0.3520698828768981f,0f,1.28125f,4.311612551413768e-17f,-3.661246573585938e-16f,-3.0102938193860274f,0.578125f,0f,0f,0f,1f],start_interpolation:0}
execute if entity @s[tag=aj.gojo.locator_origin.blue] at @s on origin run tp @s ^-0.39063 ^1.23438 ^0.79688 ~0 ~0
execute if entity @s[tag=aj.gojo.locator_origin.red] at @s on origin run tp @s ^0.01563 ^1.78125 ^-0.53125 ~0 ~0
execute if entity @s[tag=aj.gojo.camera_origin.camera] at @s on origin run tp @s ^0 ^1.59875 ^0 ~0 ~0