execute if entity @s[tag=aj.gojo.locator_origin.head] at @s on origin run tp @s ^-0.00051 ^1.41688 ^0.00218 ~13.23765 ~0.17144
execute if entity @s[tag=aj.gojo.bone.torso] run data modify entity @s {} merge value {transformation:[-0.9734286462321748f,-0.0006851635254418964f,0.22898952213046514f,-0.0005138726440814223f,5.421010862427522e-20f,0.9999955236468955f,0.002992103970668391f,1.4168827881398356f,-0.22899054717301187f,0.0029125997175536472f,-0.9734242888218323f,0.0021844497881652355f,0f,0f,0f,1f],start_interpolation:0}
execute if entity @s[tag=aj.gojo.bone.bottom2] run data modify entity @s {} merge value {transformation:[-0.997824694663183f,0.062304745381673604f,-0.0215405994171566f,-0.38256490891282313f,0.02958850437280121f,0.13128192367638192f,-0.9909034145287868f,1.260912148288178f,-0.058910093611420494f,-0.9893852511629395f,-0.13283984963835294f,0.17392526077192594f,0f,0f,0f,1f],start_interpolation:0}
execute if entity @s[tag=aj.gojo.bone.rightarm] run data modify entity @s {} merge value {transformation:[-0.997824694663183f,0.062304745381673604f,-0.0215405994171566f,-0.3046246791509558f,0.02958850437280121f,0.13128192367638192f,-0.9909034145287868f,1.2918833476839735f,-0.058910093611420494f,-0.9893852511629395f,-0.13283984963835294f,-0.06973917116809518f,0f,0f,0f,1f],start_interpolation:0}
execute if entity @s[tag=aj.gojo.bone.bottom] run data modify entity @s {} merge value {transformation:[-0.3283269760555735f,0.939778961571021f,0.09495735981321547f,0.18551465047140875f,0.4681863345137388f,0.24922744248605133f,-0.8477542321253556f,1.1624052146241552f,-0.8203675718656804f,-0.2338828452459809f,-0.5218197598125738f,0.2622125324875565f,0f,0f,0f,1f],start_interpolation:0}
execute if entity @s[tag=aj.gojo.bone.leftarm] run data modify entity @s {} merge value {transformation:[-0.7457298839895744f,0.6594467680883723f,0.09495735981321547f,0.30376822474415344f,0.28666555760143025f,0.44624614283891534f,-0.8477542321253556f,1.2918833476839735f,-0.60142314405912f,-0.6049746606752969f,-0.5218197598125738f,0.07337992081503723f,0f,0f,0f,1f],start_interpolation:0}
execute if entity @s[tag=aj.gojo.bone.head] run data modify entity @s {} merge value {transformation:[-0.9790528106518777f,0.017377655176728166f,0.2028635281543171f,-0.0005138726440814223f,0.06388853224333266f,0.9722499143026084f,0.22505190420514806f,1.4168827881398356f,-0.19332317347501643f,0.23329835241409067f,-0.9529942441370879f,0.0021844497881652355f,0f,0f,0f,1f],start_interpolation:0}
execute if entity @s[tag=aj.gojo.bone.bottom3] run data modify entity @s {} merge value {transformation:[-0.9837295777557876f,0.16608318160082533f,0.06850178565385771f,-0.18102962046024923f,0.17131942518463958f,0.7524151100688546f,0.6360197769680422f,0.3767299826400352f,0.05409040952723935f,0.6374071531834427f,-0.7686262737297983f,-0.09811199001668236f,0f,0f,0f,1f],start_interpolation:0}
execute if entity @s[tag=aj.gojo.bone.rightleg] run data modify entity @s {} merge value {transformation:[-0.9837295777557876f,0.1796201939176818f,0.0035642370002817118f,-0.11875f,0.17131942518463958f,0.9319261093505048f,0.31963006940091804f,0.666886145404664f,0.05409040952723935f,0.31504017624392827f,-0.9475357064244968f,-1.4542680739874818e-17f,0f,0f,0f,1f],start_interpolation:0}
execute if entity @s[tag=aj.gojo.bone.bottom4] run data modify entity @s {} merge value {transformation:[-0.9955122280096844f,-0.08717147858509972f,0.036831198792349376f,0.16793170379052708f,-0.08729896921784804f,0.9961804121753797f,-0.0018645030414025654f,0.42979752190902487f,-0.036527987306930465f,-0.0050714612665073155f,-0.9993197618499932f,0.26414091828587316f,0f,0f,0f,1f],start_interpolation:0}
execute if entity @s[tag=aj.gojo.bone.leftleg] run data modify entity @s {} merge value {transformation:[-0.9903209973404077f,-0.1375750321828785f,-0.018369342573434252f,0.11874999999999998f,-0.09373945198757201f,0.7605583842257966f,-0.642467010300852f,0.666886145404664f,0.10235837712551875f,-0.6345266382932441f,-0.7660931457260955f,0.06649108367626888f,0f,0f,0f,1f],start_interpolation:0}
execute if entity @s[tag=aj.gojo.locator_origin.purple] at @s on origin run tp @s ^-0.42188 ^1.28125 ^0.57813 ~0 ~0
execute if entity @s[tag=aj.gojo.bone.purple] run data modify entity @s {} merge value {transformation:[4.253585737539625f,1.9097729501895948f,5.710088803424262e-16f,-0.42187500000000006f,1.9097729501895948f,-4.253585737539625f,0f,1.28125f,5.209140158376735e-16f,2.338797330547885e-16f,-4.662641348836128f,0.578125f,0f,0f,0f,1f],start_interpolation:0}
execute if entity @s[tag=aj.gojo.locator_origin.blue] at @s on origin run tp @s ^-0.39063 ^1.23438 ^0.79688 ~0 ~0
execute if entity @s[tag=aj.gojo.locator_origin.red] at @s on origin run tp @s ^0.01563 ^1.78125 ^-0.53125 ~0 ~0
execute if entity @s[tag=aj.gojo.camera_origin.camera] at @s on origin run tp @s ^0 ^1.59875 ^0 ~0 ~0