execute if entity @s[tag=aj.gojo.locator_origin.head] at @s on origin run tp @s ^0 ^1.5 ^0 ~0 ~0
execute if entity @s[tag=aj.gojo.bone.bottom2] run data modify entity @s {} merge value {transformation:[-0.6180098925641228f,-0.7858736418158155f,-0.021596105945945465f,-0.29855047254777384f,0.3704684185399724f,-0.2668871776401728f,-0.889676562170632f,1.2051632312610139f,0.693409636187278f,-0.5578295918203064f,0.456080281235899f,0.19330580091699187f,0f,0f,0f,1f],start_interpolation:0}
execute if entity @s[tag=aj.gojo.bone.rightarm] run data modify entity @s {} merge value {transformation:[-0.6180098925641228f,-0.21030058294993534f,-0.757520585531376f,-0.3125f,0.3704684185399724f,0.7719641795909377f,-0.5165505360494578f,1.375f,0.693409636187278f,-0.5998707946211481f,-0.39917177530884973f,-3.827021247335479e-17f,0f,0f,0f,1f],start_interpolation:0}
execute if entity @s[tag=aj.gojo.bone.bottom] run data modify entity @s {} merge value {transformation:[-0.6182888667115541f,0.7857470638415003f,0.01790052974085199f,0.2976941072993415f,-0.3819352026433787f,-0.28047582014138406f,-0.8806013941039267f,1.2090468379330244f,-0.6869092940718616f,-0.5513028804391276f,0.4735195410299532f,0.1965873432886988f,0f,0f,0f,1f],start_interpolation:0}
execute if entity @s[tag=aj.gojo.bone.leftarm] run data modify entity @s {} merge value {transformation:[-0.6182888667115541f,0.21379578748052255f,0.7563135848020484f,0.3125f,-0.3819352026433787f,0.7592964489287471f,-0.5268722839796716f,1.375f,-0.6869092940718616f,-0.6146220496368298f,-0.3878084034905884f,3.827021247335479e-17f,0f,0f,0f,1f],start_interpolation:0}
execute if entity @s[tag=aj.gojo.bone.head] run data modify entity @s {} merge value {transformation:[-0.9999957711420651f,-0.0028738112216352136f,0.0004459899653030791f,0f,-0.002539067798071283f,0.9375129676170271f,0.3479410707068538f,1.5f,-0.0014180383293638326f,0.3479384669147369f,-0.9375162998094054f,0f,0f,0f,0f,1f],start_interpolation:0}
execute if entity @s[tag=aj.gojo.locator_origin.purple] at @s on origin run tp @s ^-0.42188 ^1.28125 ^0.57813 ~0 ~0
execute if entity @s[tag=aj.gojo.locator_origin.blue] at @s on origin run tp @s ^-0.06 ^1.60387 ^-0.10048 ~-180 ~0
execute if entity @s[tag=aj.gojo.bone.blue] run data modify entity @s {} merge value {transformation:[-0.07373517422183345f,0.0005065222857970266f,-9.030167567677344e-18f,-0.05999738064868797f,0.0005065222857970266f,0.07373517422183345f,0f,1.603874362244898f,-9.029954509534078e-18f,6.203108959981295e-20f,0.07373691397360038f,-0.10048059402332389f,0f,0f,0f,1f],start_interpolation:0}
execute if entity @s[tag=aj.gojo.locator_origin.red] at @s on origin run tp @s ^0.01563 ^1.78125 ^-0.53125 ~0 ~0
execute if entity @s[tag=aj.gojo.camera_origin.camera] at @s on origin run tp @s ^0 ^1.755 ^2.3125 ~-180 ~0