execute if entity @s[tag=aj.gojo.locator_origin.head] at @s on origin run tp @s ^0 ^1.42188 ^0 ~12.45171 ~0
execute if entity @s[tag=aj.gojo.bone.torso] run data modify entity @s {} merge value {transformation:[-0.9764780833356325f,0f,0.21561668016452196f,0f,0f,1f,0f,1.421875f,-0.21561668016452196f,0f,-0.9764780833356325f,0f,0f,0f,0f,1f],start_interpolation:0}
execute if entity @s[tag=aj.gojo.bone.bottom2] run data modify entity @s {} merge value {transformation:[-0.9985155626929411f,0.04789776845203789f,-0.02593211979986565f,-0.37953106582370344f,0.030157094892202696f,0.08970347146934865f,-0.9955118466567892f,1.2763339505634255f,-0.04535659475382056f,-0.9948161091295531f,-0.0910147698380597f,0.1784890275588614f,0f,0f,0f,1f],start_interpolation:0}
execute if entity @s[tag=aj.gojo.bone.rightarm] run data modify entity @s {} merge value {transformation:[-0.9985155626929411f,0.04789776845203789f,-0.02593211979986565f,-0.30514940104238514f,0.030157094892202696f,0.08970347146934865f,-0.9955118466567892f,1.296875f,-0.04535659475382056f,-0.9948161091295531f,-0.0910147698380597f,-0.0673802125514131f,0f,0f,0f,1f],start_interpolation:0}
execute if entity @s[tag=aj.gojo.bone.bottom] run data modify entity @s {} merge value {transformation:[-0.4172883913040359f,0.9000024623601292f,0.1259601771537113f,0.20284913982750563f,0.47080972433396645f,0.33265206960323435f,-0.817117374715077f,1.152258837442198f,-0.7773085628985856f,-0.28167031851863505f,-0.5625417581923552f,0.2545354210881322f,0f,0f,0f,1f],start_interpolation:0}
execute if entity @s[tag=aj.gojo.bone.leftarm] run data modify entity @s {} merge value {transformation:[-0.7857142125490981f,0.6056295979967925f,0.1259601771537113f,0.30514940104238514f,0.26401169402082303f,0.5124617267260023f,-0.817117374715077f,1.296875f,-0.5594202370477905f,-0.6087657748849287f,-0.5625417581923552f,0.0673802125514131f,0f,0f,0f,1f],start_interpolation:0}
execute if entity @s[tag=aj.gojo.bone.head] run data modify entity @s {} merge value {transformation:[-0.9814344079551979f,0.022605244684752918f,0.19046129736608644f,0f,0.06079314230745658f,0.9784908416051441f,0.19712906113316234f,1.421875f,-0.18190848449155878f,0.20504798415882847f,-0.9616988236773429f,0f,0f,0f,0f,1f],start_interpolation:0}
execute if entity @s[tag=aj.gojo.locator_origin.purple] at @s on origin run tp @s ^-0.42188 ^1.28125 ^0.57813 ~0 ~0
execute if entity @s[tag=aj.gojo.bone.purple] run data modify entity @s {} merge value {transformation:[0.8321816894679789f,-0.47182786568507684f,1.1715383110644474e-16f,-0.42187500000000006f,-0.47182786568507684f,-0.8321816894679789f,0f,1.28125f,1.019128642315997e-16f,-5.778224854597566e-17f,-0.9566336284715871f,0.578125f,0f,0f,0f,1f],start_interpolation:0}
execute if entity @s[tag=aj.gojo.locator_origin.blue] at @s on origin run tp @s ^-0.41674 ^1.19628 ^0.88938 ~0 ~0
execute if entity @s[tag=aj.gojo.bone.blue] run data modify entity @s {} merge value {transformation:[-0.00000640803174783843f,0.000007677052111240015f,1.2246467991473532e-21f,-0.4167438873314514f,0.000007677052111240015f,0.00000640803174783843f,0f,1.1962849559749669f,-7.847575568824952e-22f,9.401677294917515e-22f,-0.00001f,0.8893793926322231f,0f,0f,0f,1f],start_interpolation:0}
execute if entity @s[tag=aj.gojo.locator_origin.red] at @s on origin run tp @s ^0.01563 ^1.78125 ^-0.53125 ~0 ~0
execute if entity @s[tag=aj.gojo.camera_origin.camera] at @s on origin run tp @s ^0.13125 ^1.61438 ^0.16875 ~14 ~0