execute if entity @s[tag=aj.gojo.locator_origin.head] at @s on origin run tp @s ^0 ^1.5 ^0 ~0 ~0
execute if entity @s[tag=aj.gojo.bone.bottom2] run data modify entity @s {} merge value {transformation:[-0.635296889421047f,-0.7715320519928887f,-0.03370689899092294f,-0.2960023654275869f,0.3668700205742928f,-0.26310644457281507f,-0.8922899679073333f,1.2094325083708117f,0.679561807561137f,-0.5792350917994302f,0.4502026856120979f,0.19677775222096056f,0f,0f,0f,1f],start_interpolation:0}
execute if entity @s[tag=aj.gojo.bone.rightarm] run data modify entity @s {} merge value {transformation:[-0.635296889421047f,-0.2248147606449142f,-0.7388208075630462f,-0.3125f,0.3668700205742928f,0.7539874716603265f,-0.5448938250550157f,1.375f,0.679561807561137f,-0.617220556993558f,-0.39652809954504087f,-3.827021247335479e-17f,0f,0f,0f,1f],start_interpolation:0}
execute if entity @s[tag=aj.gojo.bone.bottom] run data modify entity @s {} merge value {transformation:[-0.6353700403644205f,0.7715001375793186f,0.033052224167327365f,0.2958552395804264f,-0.36914414915029425f,-0.2658573376785084f,-0.8905349365132177f,1.2102171505958168f,-0.6782606497176584f,-0.5780202537261027f,0.45371254922802384f,0.19742293304683037f,0f,0f,0f,1f],start_interpolation:0}
execute if entity @s[tag=aj.gojo.bone.leftarm] run data modify entity @s {} merge value {transformation:[-0.6353700403644205f,0.22542155176939946f,0.7385729725661444f,0.3125f,-0.36914414915029425f,0.7514174349043067f,-0.5469044118216064f,1.375f,-0.6782606497176584f,-0.6201265697579068f,-0.39421507901762465f,3.827021247335479e-17f,0f,0f,0f,1f],start_interpolation:0}
execute if entity @s[tag=aj.gojo.bone.head] run data modify entity @s {} merge value {transformation:[-0.9999998354841733f,-0.0005663749338544681f,0.000090835350069931f,0f,-0.0005008033281331528f,0.9392663416049846f,0.3431887071627139f,1.5f,-0.00027969206826747463f,0.3431886052120944f,-0.9392664707232576f,0f,0f,0f,0f,1f],start_interpolation:0}
execute if entity @s[tag=aj.gojo.locator_origin.purple] at @s on origin run tp @s ^-0.42188 ^1.28125 ^0.57813 ~0 ~0
execute if entity @s[tag=aj.gojo.locator_origin.blue] at @s on origin run tp @s ^-1.0625 ^1.78125 ^-0.53125 ~0 ~0
execute if entity @s[tag=aj.gojo.locator_origin.red] at @s on origin run tp @s ^1.0625 ^1.78125 ^-0.53125 ~0 ~0
execute if entity @s[tag=aj.gojo.camera_origin.camera] at @s on origin run tp @s ^0 ^1.755 ^3.125 ~-180 ~0