execute if entity @s[tag=aj.gojo.locator_origin.head] at @s on origin run tp @s ^0 ^1.5 ^0 ~0 ~0
execute if entity @s[tag=aj.gojo.bone.bottom2] run data modify entity @s {} merge value {transformation:[-0.9983187494959481f,0.025626704519883792f,-0.05198986843892611f,-0.3824292940714177f,0.033216107048057025f,0.9880033998482274f,-0.15081767840977972f,1.127704263724584f,0.04750120669433877f,-0.1522910171474151f,-0.987193537994849f,0.01899901709755307f,0f,0f,0f,1f],start_interpolation:0}
execute if entity @s[tag=aj.gojo.bone.rightarm] run data modify entity @s {} merge value {transformation:[-0.9983187494959481f,0.030137488911683784f,-0.04951167707666965f,-0.3125f,0.033216107048057025f,0.997486971863678f,-0.06258139655522298f,1.375f,0.04750120669433877f,-0.06412076671662774f,-0.9968109964472972f,-3.827021247335479e-17f,0f,0f,0f,1f],start_interpolation:0}
execute if entity @s[tag=aj.gojo.bone.bottom] run data modify entity @s {} merge value {transformation:[-0.9978307876514517f,-0.028594648616012176f,0.059296418824498605f,0.383299891012498f,-0.03771821772524216f,0.9865637327664925f,-0.15896332042794076f,1.1281635019297718f,-0.05395419600471114f,-0.1608550504658518f,-0.9855022057170211f,0.021572404897104516f,0f,0f,0f,1f],start_interpolation:0}
execute if entity @s[tag=aj.gojo.bone.leftarm] run data modify entity @s {} merge value {transformation:[-0.9978307876514517f,-0.03374186713712911f,0.05652614985105465f,0.3125f,-0.03771821772524216f,0.9967755467122235f,-0.07082263429285317f,1.375f,-0.05395419600471114f,-0.07280107058724013f,-0.9958860119786987f,3.827021247335479e-17f,0f,0f,0f,1f],start_interpolation:0}
execute if entity @s[tag=aj.gojo.bone.head] run data modify entity @s {} merge value {transformation:[-1f,-3.1075629737753668e-18f,1.2242524608503998e-16f,0f,0f,0.9996779983443161f,0.02537517736492655f,1.5f,-1.2246467991473532e-16f,0.02537517736492655f,-0.9996779983443161f,0f,0f,0f,0f,1f],start_interpolation:0}
execute if entity @s[tag=aj.gojo.locator_origin.purple] at @s on origin run tp @s ^-0.42188 ^1.28125 ^0.57813 ~0 ~0
execute if entity @s[tag=aj.gojo.locator_origin.blue] at @s on origin run tp @s ^-1.0625 ^1.78125 ^-0.53125 ~0 ~0
execute if entity @s[tag=aj.gojo.locator_origin.red] at @s on origin run tp @s ^1.0625 ^1.78125 ^-0.53125 ~0 ~0
execute if entity @s[tag=aj.gojo.camera_origin.camera] at @s on origin run tp @s ^0 ^1.755 ^4.88 ~-180 ~0