execute if entity @s[tag=aj.gojo.locator_origin.head] at @s on origin run tp @s ^0 ^1.49226 ^0 ~1.23111 ~0
execute if entity @s[tag=aj.gojo.bone.torso] run data modify entity @s {} merge value {transformation:[-0.9997691657504096f,0f,0.021485232480237714f,0f,0f,1f,0f,1.4922558309037903f,-0.021485232480237714f,0f,-0.9997691657504096f,0f,0f,0f,0f,1f],start_interpolation:0}
execute if entity @s[tag=aj.gojo.bone.bottom2] run data modify entity @s {} merge value {transformation:[-0.9998905355492745f,0.0019267209163566787f,-0.014669855673973758f,-0.3754027029979219f,0.006198732390709873f,0.9548272214658253f,-0.2970968745453242f,1.1289364463117533f,0.013434754770114368f,-0.2971552875086732f,-0.9547346450558419f,0.06841435890022617f,0f,0f,0f,1f],start_interpolation:0}
execute if entity @s[tag=aj.gojo.bone.rightarm] run data modify entity @s {} merge value {transformation:[-0.9998905355492745f,0.0019267209163566787f,-0.014669855673973758f,-0.31242786429700303f,0.006198732390709873f,0.9548272214658253f,-0.2970968745453242f,1.3672558309037903f,0.013434754770114368f,-0.2971552875086732f,-0.9547346450558419f,-0.006714135150074286f,0f,0f,0f,1f],start_interpolation:0}
execute if entity @s[tag=aj.gojo.bone.bottom] run data modify entity @s {} merge value {transformation:[-0.9950771642688799f,0.08116401094855806f,0.05686686625221059f,0.36635419659302554f,0.07586659598283507f,0.9930640085661944f,-0.08982279501562428f,1.116584237777408f,-0.06376281647309609f,-0.08506631658408591f,-0.9943329548085159f,0.03244258408467465f,0f,0f,0f,1f],start_interpolation:0}
execute if entity @s[tag=aj.gojo.bone.leftarm] run data modify entity @s {} merge value {transformation:[-0.9978112382066526f,0.03374748036757312f,0.05686686625221059f,0.31242786429700303f,0.028551803042879572f,0.9955484217448098f,-0.08982279501562428f,1.3672558309037903f,-0.05964501195831176f,-0.0880025427488235f,-0.9943329548085159f,0.006714135150074286f,0f,0f,0f,1f],start_interpolation:0}
execute if entity @s[tag=aj.gojo.bone.head] run data modify entity @s {} merge value {transformation:[-0.9998177717996483f,0.00569679871872864f,0.018220035069798298f,0f,0.006053560705465118f,0.9997898511138014f,0.01958591362760695f,1.4922558309037903f,-0.018104629142063f,0.019692640610165072f,-0.9996421471253736f,0f,0f,0f,0f,1f],start_interpolation:0}
execute if entity @s[tag=aj.gojo.bone.bottom3] run data modify entity @s {} merge value {transformation:[-0.9998582391861396f,0.016356554611879497f,-0.003995579159653228f,-0.13006428261730796f,0.01606475561911448f,0.997785995903957f,0.06453704366367372f,0.430037055842884f,0.005042336610201823f,0.06446370683708315f,-0.9979073130017296f,-0.00931321686222617f,0f,0f,0f,1f],start_interpolation:0}
execute if entity @s[tag=aj.gojo.bone.rightleg] run data modify entity @s {} merge value {transformation:[-0.9998582391861396f,0.016208539591662685f,-0.004559032342279988f,-0.11875f,0.01606475561911448f,0.9994213753072826f,0.02998063051034729f,0.7422558309037903f,0.005042336610201823f,0.029903140691327733f,-0.9995400827472123f,-1.4542680739874818e-17f,0f,0f,0f,1f],start_interpolation:0}
execute if entity @s[tag=aj.gojo.bone.bottom4] run data modify entity @s {} merge value {transformation:[-0.9999996495462772f,-0.0006339640970596798f,0.0005468060409745158f,0.12793395235113172f,-0.0006340070727839577f,0.999999795942307f,-0.0000784243336316992f,0.43047340189037825f,-0.0005467562111826779f,-0.0000787709850449958f,-0.999999847426377f,0.02626233499563028f,0f,0f,0f,1f],start_interpolation:0}
execute if entity @s[tag=aj.gojo.bone.leftleg] run data modify entity @s {} merge value {transformation:[-0.9999157009666518f,-0.009390333504288443f,-0.008967307123520177f,0.11875f,-0.008792864258022878f,0.9978796301280791f,-0.0644897613081954f,0.7422558309037903f,0.009553873481959114f,-0.06440547656935915f,-0.9978780777677022f,0.006195335276967793f,0f,0f,0f,1f],start_interpolation:0}
execute if entity @s[tag=aj.gojo.locator_origin.purple] at @s on origin run tp @s ^-0.42188 ^1.28125 ^0.57813 ~0 ~0
execute if entity @s[tag=aj.gojo.locator_origin.blue] at @s on origin run tp @s ^-0.39063 ^1.23438 ^0.79688 ~0 ~0
execute if entity @s[tag=aj.gojo.locator_origin.red] at @s on origin run tp @s ^0.01563 ^1.78125 ^-0.53125 ~0 ~0
execute if entity @s[tag=aj.gojo.camera_origin.camera] at @s on origin run tp @s ^0 ^1.59875 ^0 ~0 ~0