execute if entity @s[tag=aj.gojo.locator_origin.head] at @s on origin run tp @s ^0 ^1.5 ^0 ~0 ~0
execute if entity @s[tag=aj.gojo.bone.bottom2] run data modify entity @s {} merge value {transformation:[-0.9728972777387402f,-0.0010545598092319142f,-0.23123532358218374f,-0.3935319400083431f,0.1312319119830537f,0.8208333910522652f,-0.5558873351776519f,1.1420772235891148f,0.19039189122917108f,-0.5711667287554903f,-0.7984481797317416f,0.07474660478930864f,0f,0f,0f,1f],start_interpolation:0}
execute if entity @s[tag=aj.gojo.bone.rightarm] run data modify entity @s {} merge value {transformation:[-0.9728972777387402f,0.08090344059868718f,-0.21662299108784175f,-0.3125f,0.1312319119830537f,0.9644990836393039f,-0.2291717760462989f,1.375f,0.19039189122917108f,-0.25138844634994195f,-0.9489756460499615f,-3.827021247335479e-17f,0f,0f,0f,1f],start_interpolation:0}
execute if entity @s[tag=aj.gojo.bone.bottom] run data modify entity @s {} merge value {transformation:[-0.9643519884045297f,0.010890020797051952f,0.26439865715859756f,0.3936344622066727f,-0.14967611083879162f,0.8015198166619816f,-0.5789326777288677f,1.1457051443763562f,-0.21822535211199362f,-0.5978690416346902f,-0.77131725298376f,0.08513118245958017f,0f,0f,0f,1f],start_interpolation:0}
execute if entity @s[tag=aj.gojo.bone.leftarm] run data modify entity @s {} merge value {transformation:[-0.9643519884045297f,-0.08344985172555841f,0.2511202196303837f,0.3125f,-0.14967611083879162f,0.9545984502042733f,-0.25756331398662613f,1.375f,-0.21822535211199362f,-0.2859683918103221f,-0.9330593628387288f,3.827021247335479e-17f,0f,0f,0f,1f],start_interpolation:0}
execute if entity @s[tag=aj.gojo.bone.head] run data modify entity @s {} merge value {transformation:[-1f,-1.2643574666658843e-17f,1.2181025345293064e-16f,0f,0f,0.9946562024066015f,0.10324262208060146f,1.5f,-1.2246467991473532e-16f,0.10324262208060146f,-0.9946562024066015f,0f,0f,0f,0f,1f],start_interpolation:0}
execute if entity @s[tag=aj.gojo.locator_origin.purple] at @s on origin run tp @s ^-0.42188 ^1.28125 ^0.57813 ~0 ~0
execute if entity @s[tag=aj.gojo.locator_origin.blue] at @s on origin run tp @s ^-1.0625 ^1.78125 ^-0.53125 ~0 ~0
execute if entity @s[tag=aj.gojo.locator_origin.red] at @s on origin run tp @s ^1.0625 ^1.78125 ^-0.53125 ~0 ~0
execute if entity @s[tag=aj.gojo.camera_origin.camera] at @s on origin run tp @s ^0 ^1.755 ^4.51625 ~-180 ~0