execute if entity @s[tag=aj.gojo.locator_origin.head] at @s on origin run tp @s ^0 ^1.5 ^0 ~0 ~0
execute if entity @s[tag=aj.gojo.bone.bottom2] run data modify entity @s {} merge value {transformation:[-0.6044864590511171f,-0.7965261544146214f,-0.011925022318507922f,-0.3006855747552973f,0.37284445686991385f,-0.2696607560922037f,-0.8878457566521112f,1.201949214305547f,0.7039766557246205f,-0.5411369160917002f,0.4599866370206238f,0.19057831704228542f,0f,0f,0f,1f],start_interpolation:0}
execute if entity @s[tag=aj.gojo.bone.rightarm] run data modify entity @s {} merge value {transformation:[-0.6044864590511171f,-0.1983793157415901f,-0.7715191299700485f,-0.3125f,0.37284445686991385f,0.7854142569952899f,-0.4940763664555466f,1.375f,0.7039766557246205f,-0.5863191042379867f,-0.4008076548674485f,-3.827021247335479e-17f,0f,0f,0f,1f],start_interpolation:0}
execute if entity @s[tag=aj.gojo.bone.bottom] run data modify entity @s {} merge value {transformation:[-0.6048282051777462f,0.7963372486530729f,0.005461559220616141f,0.2991606168897914f,-0.39136968508674447f,-0.2912634079585611f,-0.8729234770467955f,1.2081288355291728f,-0.6935507276447547f,-0.530106228591986f,0.48782658249772776f,0.1959140763865355f,0f,0f,0f,1f],start_interpolation:0}
execute if entity @s[tag=aj.gojo.bone.leftarm] run data modify entity @s {} merge value {transformation:[-0.6048282051777462f,0.2045645837352709f,0.7696337916845137f,0.3125f,-0.39136968508674447f,0.7653270791549944f,-0.5109835922093656f,1.375f,-0.6935507276447547f,-0.6102686236349532f,-0.3828310269428682f,3.827021247335479e-17f,0f,0f,0f,1f],start_interpolation:0}
execute if entity @s[tag=aj.gojo.bone.head] run data modify entity @s {} merge value {transformation:[-0.999988866207633f,-0.004665828695141988f,0.0007053391810050639f,0f,-0.004119867651996555f,0.9361327469315475f,0.3516226767615044f,1.5f,-0.0023009022801291808f,0.35161585596355427f,-0.936141546820626f,0f,0f,0f,0f,1f],start_interpolation:0}
execute if entity @s[tag=aj.gojo.locator_origin.purple] at @s on origin run tp @s ^-0.42188 ^1.28125 ^0.57813 ~0 ~0
execute if entity @s[tag=aj.gojo.locator_origin.blue] at @s on origin run tp @s ^0.003 ^1.74321 ^-0.43886 ~-180 ~0
execute if entity @s[tag=aj.gojo.bone.blue] run data modify entity @s {} merge value {transformation:[0.016777128278048975f,-0.005886745878152566f,-2.1774130901999713e-18f,0.002998374293913973f,-0.005886745878152566f,-0.016777128278048975f,0f,1.7432089046556123f,2.054605644459722e-18f,-7.209184497073415e-19f,0.017779927173418253f,-0.43886448273505846f,0f,0f,0f,1f],start_interpolation:0}
execute if entity @s[tag=aj.gojo.locator_origin.red] at @s on origin run tp @s ^0.01563 ^1.78125 ^-0.53125 ~0 ~0
execute if entity @s[tag=aj.gojo.camera_origin.camera] at @s on origin run tp @s ^0 ^1.755 ^2.2735 ~-180 ~0