execute if entity @s[tag=aj.gojo.locator_origin.head] at @s on origin run tp @s ^0 ^1.5 ^0 ~0 ~0
execute if entity @s[tag=aj.gojo.bone.bottom2] run data modify entity @s {} merge value {transformation:[-0.6149511117656447f,-0.7883259944747341f,-0.019423093822029502f,-0.29902266157431295f,0.3710392165858635f,-0.26752773315932316f,-0.8892462042347904f,1.2044266285737535f,0.6958196820251251f,-0.5540496714429635f,0.45701633633864536f,0.19268974105863348f,0f,0f,0f,1f],start_interpolation:0}
execute if entity @s[tag=aj.gojo.bone.rightarm] run data modify entity @s {} merge value {transformation:[-0.6149511117656447f,-0.2076471316441593f,-0.760735038537171f,-0.3125f,0.3710392165858635f,0.7750532898514519f,-0.5114902713109898f,1.375f,0.6958196820251251f,-0.5968040437282528f,-0.39957465322022034f,-3.827021247335479e-17f,0f,0f,0f,1f],start_interpolation:0}
execute if entity @s[tag=aj.gojo.bone.bottom] run data modify entity @s {} merge value {transformation:[-0.6152516050366235f,0.7881855885097432f,0.01513078204880322f,0.2980235839455898f,-0.3841124385391593f,-0.2829638200625453f,-0.878856706804421f,1.2088393622708358f,-0.6884207267793143f,-0.5465299210483916f,0.4768458328846752f,0.1964365695273084f,0f,0f,0f,1f],start_interpolation:0}
execute if entity @s[tag=aj.gojo.bone.leftarm] run data modify entity @s {} merge value {transformation:[-0.6152516050366235f,0.2117185654767967f,0.7593686269081085f,0.3125f,-0.3841124385391593f,0.7606706605514468f,-0.5232951182036062f,1.375f,-0.6884207267793143f,-0.6136410964144049f,-0.3866801103392412f,3.827021247335479e-17f,0f,0f,0f,1f],start_interpolation:0}
execute if entity @s[tag=aj.gojo.bone.head] run data modify entity @s {} merge value {transformation:[-0.9999944925001569f,-0.0032800741101154537f,0.0005060466240715944f,0f,-0.0028976091418290973f,0.9372014803486651f,0.3487764170547256f,1.5f,-0.0016182801410053785f,0.34877302984333935f,-0.9372058230843865f,0f,0f,0f,0f,1f],start_interpolation:0}
execute if entity @s[tag=aj.gojo.locator_origin.purple] at @s on origin run tp @s ^-0.42188 ^1.28125 ^0.57813 ~0 ~0
execute if entity @s[tag=aj.gojo.locator_origin.blue] at @s on origin run tp @s ^-1.03209 ^1.7819 ^-0.53283 ~0 ~0
execute if entity @s[tag=aj.gojo.bone.blue] run data modify entity @s {} merge value {transformation:[-0.05857397536568432f,1.4212472088240822f,1.7420033751760384e-16f,-1.032087890625f,1.4212472088240822f,0.05857397536568432f,0f,1.7818994140625f,-7.173243144492122e-18f,1.7405258450835222e-16f,-1.4224537037037037f,-0.5328271484375001f,0f,0f,0f,1f],start_interpolation:0}
execute if entity @s[tag=aj.gojo.locator_origin.red] at @s on origin run tp @s ^1.03253 ^1.78125 ^-0.53125 ~0 ~0
execute if entity @s[tag=aj.gojo.bone.red] run data modify entity @s {} merge value {transformation:[0.6742227964664432f,-1.2525167303893998f,1.7420033751760384e-16f,1.032533203125f,-1.2525167303893998f,-0.6742227964664432f,0f,1.78125f,8.25684789604807e-17f,-1.533890604749887e-16f,-1.4224537037037037f,-0.5312499999999999f,0f,0f,0f,1f],start_interpolation:0}
execute if entity @s[tag=aj.gojo.camera_origin.camera] at @s on origin run tp @s ^0 ^1.74525 ^3.07596 ~-180 ~0