execute if entity @s[tag=aj.gojo.locator_origin.head] at @s on origin run tp @s ^-0.00031 ^1.42011 ^0.00136 ~12.80336 ~0.10644
execute if entity @s[tag=aj.gojo.bone.torso] run data modify entity @s {} merge value {transformation:[-0.9751363539000747f,-0.00041166437668417903f,0.2216053289858107f,-0.00030874828251313427f,0f,0.999998274579098f,0.0018576433530450769f,1.420110159980963f,-0.22160571134893708f,0.0018114555661350852f,-0.9751346713794272f,0.001358591674601314f,0f,0f,0f,1f],start_interpolation:0}
execute if entity @s[tag=aj.gojo.bone.bottom2] run data modify entity @s {} merge value {transformation:[-0.9982326839912177f,0.05452635822554355f,-0.02363016864835249f,-0.3810085331350379f,0.02981394890798737f,0.11553893281053323f,-0.9928554192104283f,1.2680890142626915f,-0.05140658578627644f,-0.9918052385744205f,-0.11696038506321445f,0.17661877296425443f,0f,0f,0f,1f],start_interpolation:0}
execute if entity @s[tag=aj.gojo.bone.rightarm] run data modify entity @s {} merge value {transformation:[-0.9982326839912177f,0.05452635822554355f,-0.02363016864835249f,-0.30498740082920095f,0.02981394890798737f,0.11553893281053323f,-0.9928554192104283f,1.2951103756585756f,-0.05140658578627644f,-0.9918052385744205f,-0.11696038506321445f,-0.06811962506770841f,0f,0f,0f,1f],start_interpolation:0}
execute if entity @s[tag=aj.gojo.bone.bottom] run data modify entity @s {} merge value {transformation:[-0.3771808633634857f,0.9192041803312649f,0.11312944432773885f,0.19411188954019357f,0.4708374783533933f,0.2955061913028395f,-0.8312569758381023f,1.15722582431553f,-0.7975253383374057f,-0.2602686415287424f,-0.544255058723931f,0.2580393879579569f,0f,0f,0f,1f],start_interpolation:0}
execute if entity @s[tag=aj.gojo.bone.leftarm] run data modify entity @s {} merge value {transformation:[-0.765906930037151f,0.6329204557818966f,0.11312944432773885f,0.3044728203583458f,0.27597657102463735f,0.4825440626160224f,-0.8312569758381023f,1.2951103756585756f,-0.580709485686733f,-0.6054444023086352f,-0.544255058723931f,0.07038394452537727f,0f,0f,0f,1f],start_interpolation:0}
execute if entity @s[tag=aj.gojo.bone.head] run data modify entity @s {} merge value {transformation:[-0.9803921513270463f,0.019725941894605768f,0.19606661325349822f,-0.00030874828251313427f,0.06214172730215412f,0.9751573371742509f,0.21261837522455393f,1.420110159980963f,-0.18700169877364997f,0.22063330431191733f,-0.9572624037766102f,0.001358591674601314f,0f,0f,0f,1f],start_interpolation:0}
execute if entity @s[tag=aj.gojo.bone.bottom3] run data modify entity @s {} merge value {transformation:[-0.9849637209702979f,0.16143570456741996f,0.06152220463512136f,-0.1788925481308542f,0.16475182454999715f,0.7705489971776514f,0.6157199682127932f,0.3782907719577069f,0.05199331379891065f,0.6165977264305608f,-0.7855596343250277f,-0.0944398004523419f,0f,0f,0f,1f],start_interpolation:0}
execute if entity @s[tag=aj.gojo.bone.rightleg] run data modify entity @s {} merge value {transformation:[-0.9849637209702979f,0.17275687959932753f,0.00123649644095669f,-0.11875f,0.16475182454999715f,0.9371212191755836f,0.307669720444367f,0.6701114540466393f,0.05199331379891065f,0.30324722772347223f,-0.9514924141569583f,-1.4542680739874818e-17f,0f,0f,0f,1f],start_interpolation:0}
execute if entity @s[tag=aj.gojo.bone.bottom4] run data modify entity @s {} merge value {transformation:[-0.9961570707362468f,-0.08021538641964122f,0.03516507079088037f,0.16611641882230094f,-0.08033443742640628f,0.9967659926181367f,-0.0019834624683937596f,0.4274729097595876f,-0.03489224248400788f,-0.00480080634147545f,-0.9993795493569542f,0.2551653051920847f,0f,0f,0f,1f],start_interpolation:0}
execute if entity @s[tag=aj.gojo.bone.leftleg] run data modify entity @s {} merge value {transformation:[-0.9910554298162931f,-0.13175143163503722f,-0.02122958534122823f,0.11874999999999998f,-0.0901481750998134f,0.7782463052205616f,-0.6214547408594756f,0.6701114540466393f,0.09839939815779243f,-0.6139822869372232f,-0.7831623776519921f,0.06391083676268863f,0f,0f,0f,1f],start_interpolation:0}
execute if entity @s[tag=aj.gojo.locator_origin.purple] at @s on origin run tp @s ^-0.42188 ^1.28125 ^0.57813 ~0 ~0
execute if entity @s[tag=aj.gojo.bone.purple] run data modify entity @s {} merge value {transformation:[0.08912703379032433f,-3.8008855965307293f,4.656021923870341e-16f,-0.42187500000000006f,-3.8008855965307293f,-0.08912703379032433f,0f,1.28125f,1.0914913664881868e-17f,-4.654742379716636e-16f,-3.8019304236225864f,0.578125f,0f,0f,0f,1f],start_interpolation:0}
execute if entity @s[tag=aj.gojo.locator_origin.blue] at @s on origin run tp @s ^-0.39063 ^1.23438 ^0.79688 ~0 ~0
execute if entity @s[tag=aj.gojo.locator_origin.red] at @s on origin run tp @s ^0.01563 ^1.78125 ^-0.53125 ~0 ~0
execute if entity @s[tag=aj.gojo.camera_origin.camera] at @s on origin run tp @s ^0 ^1.59875 ^0 ~0 ~0