execute if entity @s[tag=aj.gojo.locator_origin.head] at @s on origin run tp @s ^0 ^1.5 ^0 ~0 ~0
execute if entity @s[tag=aj.gojo.bone.bottom2] run data modify entity @s {} merge value {transformation:[-0.608894908134213f,-0.7931072538128084f,-0.015095522439910108f,-0.2999761378415216f,0.3721116820609313f,-0.2687728675723985f,-0.8884222204170124f,1.2029848369557183f,0.7005568406075362f,-0.5465729865319136f,0.45877890478047456f,0.1914685001755763f,0f,0f,0f,1f],start_interpolation:0}
execute if entity @s[tag=aj.gojo.bone.rightarm] run data modify entity @s {} merge value {transformation:[-0.608894908134213f,-0.2023191756674668f,-0.7670162592836381f,-0.3125f,0.3721116820609313f,0.7810885726923591f,-0.501431488523804f,1.375f,0.7005568406075362f,-0.5907347905504212f,-0.40031552594339537f,-3.827021247335479e-17f,0f,0f,0f,1f],start_interpolation:0}
execute if entity @s[tag=aj.gojo.bone.bottom] run data modify entity @s {} merge value {transformation:[-0.6092253010550843f,0.7929394237098374f,0.009570939402833434f,0.29867973608749965f,-0.3883483264280306f,-0.287806440886351f,-0.8754159182610738f,1.2084282833140536f,-0.6913972157268857f,-0.5370423846504503f,0.483275663751102f,0.19613544683632703f,0f,0f,0f,1f],start_interpolation:0}
execute if entity @s[tag=aj.gojo.bone.leftarm] run data modify entity @s {} merge value {transformation:[-0.6092253010550843f,0.20758738091377252f,0.7653443746704499f,0.3125f,-0.3883483264280306f,0.7633739483507932f,-0.5161838745445932f,1.375f,-0.6913972157268857f,-0.6116924834135866f,-0.3844505115361787f,3.827021247335479e-17f,0f,0f,0f,1f],start_interpolation:0}
execute if entity @s[tag=aj.gojo.bone.head] run data modify entity @s {} merge value {transformation:[-0.9999914715200459f,-0.004082809346886881f,0.0006225391636237005f,0f,-0.003605769129492619f,0.9365835673824076f,0.3504257692268479f,1.5f,-0.002013781556691346f,0.35042053589520156f,-0.9365903014161323f,0f,0f,0f,0f,1f],start_interpolation:0}
execute if entity @s[tag=aj.gojo.locator_origin.purple] at @s on origin run tp @s ^-0.42188 ^1.28125 ^0.57813 ~0 ~0
execute if entity @s[tag=aj.gojo.locator_origin.blue] at @s on origin run tp @s ^-0.0087 ^1.69037 ^-0.31054 ~-180 ~0
execute if entity @s[tag=aj.gojo.bone.blue] run data modify entity @s {} merge value {transformation:[0.016995153195517244f,-0.05238732359641102f,-6.744754788203425e-18f,-0.008697954628279898f,-0.05238732359641102f,-0.016995153195517244f,0f,1.6903698979591837f,2.0813059961909104e-18f,-6.415596815824136e-18f,0.05507510241238034f,-0.3105411807580176f,0f,0f,0f,1f],start_interpolation:0}
execute if entity @s[tag=aj.gojo.locator_origin.red] at @s on origin run tp @s ^0.01563 ^1.78125 ^-0.53125 ~0 ~0
execute if entity @s[tag=aj.gojo.camera_origin.camera] at @s on origin run tp @s ^0 ^1.755 ^2.3125 ~-180 ~0