execute if entity @s[tag=aj.gojo.locator_origin.head] at @s on origin run tp @s ^0.00761 ^1.41545 ^-0.03182 ~13.46 ~-2.5
execute if entity @s[tag=aj.gojo.bone.torso] run data modify entity @s {} merge value {transformation:[-0.9725326590327066f,0.010153130591829975f,0.23254492265787824f,0.007614847943872481f,-8.673617379884035e-19f,0.9990482215818578f,-0.04361938736533601f,1.4154547189984648f,-0.23276646475549978f,-0.042421278779787866f,-0.9716070234369008f,-0.0318159590848409f,0f,0f,0f,1f],start_interpolation:0}
execute if entity @s[tag=aj.gojo.bone.bottom2] run data modify entity @s {} merge value {transformation:[-0.9972254526086227f,0.03720416656032419f,-0.06447671409182737f,-0.36919838175594705f,0.0375216480593775f,-0.4968565396988253f,-0.8670211674955911f,1.41713292922915f,-0.06429247698164856f,-0.8670348487512259f,0.49408202603869616f,0.11348761290299236f,0f,0f,0f,1f],start_interpolation:0}
execute if entity @s[tag=aj.gojo.bone.rightarm] run data modify entity @s {} merge value {transformation:[-0.9972254526086227f,0.03720416656032419f,-0.06447671409182737f,-0.29757074932782707f,0.0375216480593775f,-0.4968565396988253f,-0.8670211674955911f,1.2905736913007324f,-0.06429247698164856f,-0.8670348487512259f,0.49408202603869616f,-0.0992528194734611f,0f,0f,0f,1f],start_interpolation:0}
execute if entity @s[tag=aj.gojo.bone.bottom] run data modify entity @s {} merge value {transformation:[-0.5952744163038225f,0.7999332768839424f,0.07586251925596277f,0.26652604427504417f,0.34049608399507164f,0.33663995645195544f,-0.8779156887218992f,1.167245456389251f,-0.727812328885795f,-0.49676985843924065f,-0.4727673018178098f,0.26822520394756033f,0f,0f,0f,1f],start_interpolation:0}
execute if entity @s[tag=aj.gojo.bone.leftarm] run data modify entity @s {} merge value {transformation:[-0.9120674533458762f,0.4029613365067507f,0.07586251925596277f,0.3102621625676146f,0.13051355575067622f,0.46068455070825687f,-0.8779156887218992f,1.2905736913007324f,-0.38871476986665077f,-0.7908172393286735f,-0.4727673018178098f,0.04622622099872626f,0f,0f,0f,1f],start_interpolation:0}
execute if entity @s[tag=aj.gojo.bone.head] run data modify entity @s {} merge value {transformation:[-0.9776907319062412f,0.07548055738821143f,0.1960191781459236f,0.007614847943872481f,0.06828469405032178f,0.9967291760056827f,-0.043222103806810304f,1.4154547189984648f,-0.1986404624015267f,-0.028872740697717978f,-0.9796470443693024f,-0.0318159590848409f,0f,0f,0f,1f],start_interpolation:0}
execute if entity @s[tag=aj.gojo.bone.bottom3] run data modify entity @s {} merge value {transformation:[-0.9834484488079536f,0.1670804167458727f,0.07009481348327654f,-0.1815033111838718f,0.17277930164073763f,0.7483004692387116f,0.6404636763015238f,0.37639135099710236f,0.0545569561263165f,0.6419739418988512f,-0.76478297343827f,-0.09892677970977787f,0f,0f,0f,1f],start_interpolation:0}
execute if entity @s[tag=aj.gojo.bone.rightleg] run data modify entity @s {} merge value {transformation:[-0.9834484488079536f,0.18114162681223075f,0.004106041043188754f,-0.11875f,0.17277930164073763f,0.9307426318407154f,0.3222816566277977f,0.6661685528120713f,0.0545569561263165f,0.31765683419381546f,-0.9466349213018681f,-1.4542680739874818e-17f,0f,0f,0f,1f],start_interpolation:0}
execute if entity @s[tag=aj.gojo.bone.bottom4] run data modify entity @s {} merge value {transformation:[-0.995358618207105f,-0.08875860368753223f,0.03719047502092453f,0.16833284045556304f,-0.08888788611777537f,0.9960399490176781f,-0.0018340290004666415f,0.43034016826881655f,-0.03688041299058104f,-0.005131299279982238f,-0.9993065119898616f,0.26611748121348905f,0f,0f,0f,1f],start_interpolation:0}
execute if entity @s[tag=aj.gojo.bone.leftleg] run data modify entity @s {} merge value {transformation:[-0.9901536928897925f,-0.13886201560000594f,-0.01769194958760185f,0.11874999999999998f,-0.09453769913021833f,0.7565415845210197f,-0.647076080792351f,0.6661685528120713f,0.10323898439964845f,-0.6390322147700604f,-0.7622201391895917f,0.06706515775034295f,0f,0f,0f,1f],start_interpolation:0}
execute if entity @s[tag=aj.gojo.locator_origin.purple] at @s on origin run tp @s ^-0.42188 ^1.28125 ^0.57813 ~0 ~0
execute if entity @s[tag=aj.gojo.locator_origin.blue] at @s on origin run tp @s ^-0.39063 ^1.23438 ^0.79688 ~0 ~0
execute if entity @s[tag=aj.gojo.locator_origin.red] at @s on origin run tp @s ^0.01563 ^1.78125 ^-0.53125 ~0 ~0
execute if entity @s[tag=aj.gojo.camera_origin.camera] at @s on origin run tp @s ^0 ^1.59875 ^0 ~0 ~0