execute if entity @s[tag=aj.gojo.locator_origin.head] at @s on origin run tp @s ^0 ^1.5 ^0 ~0 ~0
execute if entity @s[tag=aj.gojo.bone.bottom2] run data modify entity @s {} merge value {transformation:[-0.6010254578065325f,-0.7991743127055593f,-0.00942427610192137f,-0.3012515398261261f,0.3733916463694125f,-0.27034742537873063f,-0.8874068672331938f,1.2011443579548804f,0.7066449444310683f,-0.5368730646090275f,0.46089069746234146f,0.18987874518438339f,0f,0f,0f,1f],start_interpolation:0}
execute if entity @s[tag=aj.gojo.bone.rightarm] run data modify entity @s {} merge value {transformation:[-0.6010254578065325f,-0.19525020514712862f,-0.7750133911478255f,-0.3125f,0.3733916463694125f,0.7887704797728317f,-0.4882825090667047f,1.375f,0.7066449444310683f,-0.5828537446297666f,-0.4011663431558926f,-3.827021247335479e-17f,0f,0f,0f,1f],start_interpolation:0}
execute if entity @s[tag=aj.gojo.bone.bottom] run data modify entity @s {} merge value {transformation:[-0.6013700935673968f,0.7989675672715639f,0.002199320554052725f,0.2995401112881394f,-0.3937054056242236f,-0.29393822024228633f,-0.870974383241587f,1.2078936347095908f,-0.6952338197649811f,-0.5246438307356298f,0.49132350516338813f,0.19573899449012327f,0f,0f,0f,1f],start_interpolation:0}
execute if entity @s[tag=aj.gojo.bone.leftarm] run data modify entity @s {} merge value {transformation:[-0.6013700935673968f,0.20218207823929155f,0.7729659874804204f,0.3125f,-0.3937054056242236f,0.7668518125676931f,-0.5068869214567578f,1.375f,-0.6952338197649811f,-0.6091475230192477f,-0.38156156915301254f,3.827021247335479e-17f,0f,0f,0f,1f],start_interpolation:0}
execute if entity @s[tag=aj.gojo.bone.head] run data modify entity @s {} merge value {transformation:[-0.9999865824969371f,-0.005122810971658288f,0.0007691773820724989f,0f,-0.004522694075779908f,0.9357781869072798f,0.3525602503783164f,1.5f,-0.0025258789348145227f,0.35255204114608796f,-0.9357888000074236f,0f,0f,0f,0f,1f],start_interpolation:0}
execute if entity @s[tag=aj.gojo.locator_origin.purple] at @s on origin run tp @s ^-0.42188 ^1.28125 ^0.57813 ~0 ~0
execute if entity @s[tag=aj.gojo.locator_origin.blue] at @s on origin run tp @s ^-0.10562 ^1.81088 ^-0.60322 ~0 ~0
execute if entity @s[tag=aj.gojo.bone.blue] run data modify entity @s {} merge value {transformation:[-0.8138696271941434f,0.24758285025321705f,1.0418002284413239e-16f,-0.10561914062499982f,0.24758285025321705f,0.8138696271941434f,0f,1.8108837890625f,-9.967028338665573e-17f,3.0320154508638074e-17f,-0.8506944444444438f,-0.6032177734374999f,0f,0f,0f,1f],start_interpolation:0}
execute if entity @s[tag=aj.gojo.locator_origin.red] at @s on origin run tp @s ^0.12594 ^1.78125 ^-0.53125 ~0 ~0
execute if entity @s[tag=aj.gojo.bone.red] run data modify entity @s {} merge value {transformation:[-0.5900870136254759f,-0.612762885755337f,1.0418002284413239e-16f,0.12593945312499993f,-0.612762885755337f,0.5900870136254759f,0f,1.78125f,-7.226481724548597e-17f,-7.504181066765687e-17f,-0.8506944444444438f,-0.53125f,0f,0f,0f,1f],start_interpolation:0}
execute if entity @s[tag=aj.gojo.camera_origin.camera] at @s on origin run tp @s ^0 ^1.75281 ^2.39304 ~-180 ~0