execute if entity @s[tag=aj.gojo.locator_origin.head] at @s on origin run tp @s ^0 ^1.42188 ^0 ~12.43347 ~0
execute if entity @s[tag=aj.gojo.bone.torso] run data modify entity @s {} merge value {transformation:[-0.9765466556624841f,0f,0.2153058970730195f,0f,0f,1f,0f,1.421875f,-0.2153058970730195f,0f,-0.9765466556624841f,0f,0f,0f,0f,1f],start_interpolation:0}
execute if entity @s[tag=aj.gojo.bone.bottom2] run data modify entity @s {} merge value {transformation:[-0.9985298537413525f,0.04758246412503081f,-0.025962286013821466f,-0.37947456178461847f,0.030158403120083083f,0.08970328092853463f,-0.9955118241949228f,1.2763340799628715f,-0.045040003424954095f,-0.994831257298667f,-0.09100641512021869f,0.1786097212752885f,0f,0f,0f,1f],start_interpolation:0}
execute if entity @s[tag=aj.gojo.bone.rightarm] run data modify entity @s {} merge value {transformation:[-0.9985298537413525f,0.04758246412503081f,-0.025962286013821466f,-0.30517082989452626f,0.030158403120083083f,0.08970328092853463f,-0.9955118241949228f,1.296875f,-0.045040003424954095f,-0.994831257298667f,-0.09100641512021869f,-0.0672830928353186f,0f,0f,0f,1f],start_interpolation:0}
execute if entity @s[tag=aj.gojo.bone.bottom] run data modify entity @s {} merge value {transformation:[-0.4182478981475077f,0.8994613409975925f,0.126641192927123f,0.2031389034787663f,0.47117169809178117f,0.33403269409143643f,-0.8163451415886078f,1.1519306716775217f,-0.7765731946265589f,-0.2817648937125231f,-0.5635091996220389f,0.25433088800819553f,0f,0f,0f,1f],start_interpolation:0}
execute if entity @s[tag=aj.gojo.bone.leftarm] run data modify entity @s {} merge value {transformation:[-0.786315443475023f,0.6047065665317957f,0.126641192927123f,0.30517082989452626f,0.26369526722250525f,0.5138534964842871f,-0.8163451415886078f,1.296875f,-0.5587242874595031f,-0.6085101088266319f,-0.5635091996220389f,0.0672830928353186f,0f,0f,0f,1f],start_interpolation:0}
execute if entity @s[tag=aj.gojo.bone.head] run data modify entity @s {} merge value {transformation:[-0.981488824707436f,0.022636119587794976f,0.1901770045626514f,0f,0.06071615722403403f,0.9785460876265065f,0.1968783955714891f,1.421875f,-0.18164040086490138f,0.2047807619891683f,-0.9618064276624343f,0f,0f,0f,0f,1f],start_interpolation:0}
execute if entity @s[tag=aj.gojo.locator_origin.purple] at @s on origin run tp @s ^-0.42188 ^1.28125 ^0.57813 ~0 ~0
execute if entity @s[tag=aj.gojo.bone.purple] run data modify entity @s {} merge value {transformation:[-0.910883484437147f,1.2414404068146063f,1.885670963247257e-16f,-0.42187500000000006f,1.2414404068146063f,0.910883484437147f,0f,1.28125f,-1.11551054361214e-16f,1.5203260205376957e-16f,-1.5397671921080711f,0.578125f,0f,0f,0f,1f],start_interpolation:0}
execute if entity @s[tag=aj.gojo.locator_origin.blue] at @s on origin run tp @s ^-0.40731 ^1.21004 ^0.85598 ~0 ~0
execute if entity @s[tag=aj.gojo.bone.blue] run data modify entity @s {} merge value {transformation:[-0.000008476856353642418f,0.0000053049888180572255f,1.2246467991473532e-21f,-0.40731206690620503f,0.0000053049888180572255f,0.000008476856353642418f,0f,1.210039694095118f,-1.0381155000320091e-21f,6.496737575546282e-22f,-0.00001f,0.8559750286261425f,0f,0f,0f,1f],start_interpolation:0}
execute if entity @s[tag=aj.gojo.locator_origin.red] at @s on origin run tp @s ^0.01563 ^1.78125 ^-0.53125 ~0 ~0
execute if entity @s[tag=aj.gojo.camera_origin.camera] at @s on origin run tp @s ^0 ^1.59875 ^0 ~0 ~0