execute if entity @s[tag=aj.gojo.locator_origin.head] at @s on origin run tp @s ^0 ^1.41609 ^0 ~13.41 ~0
execute if entity @s[tag=aj.gojo.bone.torso] run data modify entity @s {} merge value {transformation:[-0.9727354157538723f,0f,0.23191768138316038f,0f,0f,1f,0f,1.416087962962963f,-0.23191768138316038f,0f,-0.9727354157538723f,0f,0f,0f,0f,1f],start_interpolation:0}
execute if entity @s[tag=aj.gojo.bone.bottom2] run data modify entity @s {} merge value {transformation:[-0.99762331644243f,0.064460312385056f,-0.024343102054345672f,-0.382446352797001f,0.030088344604191006f,0.08971348031082726f,-0.9955130250124796f,1.2705401144230182f,-0.061987176168839614f,-0.9938794492179318f,-0.09143976384961548f,0.17212138836169286f,0f,0f,0f,1f],start_interpolation:0}
execute if entity @s[tag=aj.gojo.bone.rightarm] run data modify entity @s {} merge value {transformation:[-0.99762331644243f,0.064460312385056f,-0.024343102054345672f,-0.3039798174230851f,0.030088344604191006f,0.08971348031082726f,-0.9955130250124796f,1.291087962962963f,-0.061987176168839614f,-0.9938794492179318f,-0.09143976384961548f,-0.07247427543223761f,0f,0f,0f,1f],start_interpolation:0}
execute if entity @s[tag=aj.gojo.bone.bottom] run data modify entity @s {} merge value {transformation:[-0.3337416484392866f,0.9386665616293131f,0.08672714786057961f,0.18801343046599708f,0.45933274163573556f,0.2422737356260332f,-0.8545857882548749f,1.1642675739872073f,-0.8231828135708534f,-0.24537425110392136f,-0.5120171211363578f,0.26450197144548704f,0f,0f,0f,1f],start_interpolation:0}
execute if entity @s[tag=aj.gojo.bone.leftarm] run data modify entity @s {} merge value {transformation:[-0.7531171903613657f,0.6521448454186936f,0.08672714786057961f,0.3039798174230851f,0.28019899654333946f,0.43723180676718854f,-0.8545857882548749f,1.291087962962963f,-0.5952335843333338f,-0.6193023879696642f,-0.5120171211363578f,0.07247427543223761f,0f,0f,0f,1f],start_interpolation:0}
execute if entity @s[tag=aj.gojo.bone.head] run data modify entity @s {} merge value {transformation:[-0.9784637544236893f,0.020763320725728715f,0.2053717745736711f,0f,0.06483789427762057f,0.9754871041046821f,0.2102877961059683f,1.416087962962963f,-0.19597124468845512f,0.219074859894744f,-0.9558250242682266f,0f,0f,0f,0f,1f],start_interpolation:0}
execute if entity @s[tag=aj.gojo.bone.bottom3] run data modify entity @s {} merge value {transformation:[-0.9834167276458516f,0.1671915594253186f,0.07027462019289053f,-0.18155646740226855f,0.17294322344939217f,0.7478365710138442f,0.6409610787849676f,0.37635351643155046f,0.0546093512986417f,0.6424853659899079f,-0.7643496407008743f,-0.0990182339045887f,0f,0f,0f,1f],start_interpolation:0}
execute if entity @s[tag=aj.gojo.bone.rightleg] run data modify entity @s {} merge value {transformation:[-0.9834167276458516f,0.18131236113434238f,0.004167431608876922f,-0.11875f,0.17294322344939217f,0.9306090933695079f,0.3225792256189418f,0.666087962962963f,0.0546093512986417f,0.31795053552065666f,-0.9465332935047077f,-1.4542680739874818e-17f,0f,0f,0f,1f],start_interpolation:0}
execute if entity @s[tag=aj.gojo.bone.bottom4] run data modify entity @s {} merge value {transformation:[-0.995341129720241f,-0.08893774078782396f,0.037230548623301676f,0.16837782316786773f,-0.08906722228692392f,0.9960239350169384f,-0.0018305156283175417f,0.4304016839974837f,-0.036919715618161056f,-0.005138009043555769f,-0.9993050262366053f,0.26633899079276646f,0f,0f,0f,1f],start_interpolation:0}
execute if entity @s[tag=aj.gojo.bone.leftleg] run data modify entity @s {} merge value {transformation:[-0.9901348149654685f,-0.1390063378378674f,-0.017614943491312835f,0.11874999999999998f,-0.09462732919303843f,0.7560886392733948f,-0.6475921850451092f,0.666087962962963f,0.10333787671076762f,-0.6395367132562533f,-0.7617834834349582f,0.06712962962962964f,0f,0f,0f,1f],start_interpolation:0}
execute if entity @s[tag=aj.gojo.locator_origin.purple] at @s on origin run tp @s ^-0.42188 ^1.28125 ^0.57813 ~0 ~0
execute if entity @s[tag=aj.gojo.bone.purple] run data modify entity @s {} merge value {transformation:[-5f,1.7157434800794712e-14f,6.123233995736766e-16f,-0.42187500000000006f,1.7157434800794712e-14f,5f,0f,1.28125f,-6.123233995736766e-16f,2.101179761037265e-30f,-5f,0.578125f,0f,0f,0f,1f],start_interpolation:0}
execute if entity @s[tag=aj.gojo.locator_origin.blue] at @s on origin run tp @s ^-0.39063 ^1.23438 ^0.79688 ~0 ~0
execute if entity @s[tag=aj.gojo.locator_origin.red] at @s on origin run tp @s ^0.01563 ^1.78125 ^-0.53125 ~0 ~0
execute if entity @s[tag=aj.gojo.camera_origin.camera] at @s on origin run tp @s ^0 ^1.59875 ^0 ~0 ~0