execute if entity @s[tag=aj.gojo.locator_origin.head] at @s on origin run tp @s ^0 ^1.5 ^0 ~0 ~0
execute if entity @s[tag=aj.gojo.bone.bottom2] run data modify entity @s {} merge value {transformation:[-0.7310240943899583f,-0.6590560612529132f,-0.17677353180591804f,-0.3283481209334673f,0.3447701268035502f,-0.13318905604946135f,-0.9291900962733716f,1.2002870860092414f,0.5888440651693838f,-0.7402065816205974f,0.324587250890026f,0.18876038977427437f,0f,0f,0f,1f],start_interpolation:0}
execute if entity @s[tag=aj.gojo.bone.rightarm] run data modify entity @s {} merge value {transformation:[-0.7310240943899583f,-0.11936353986362022f,-0.6718304241194852f,-0.3125f,0.3447701268035502f,0.7850441876639219f,-0.5146252841427023f,1.375f,0.5888440651693838f,-0.6078305428047516f,-0.532733233568618f,-3.827021247335479e-17f,0f,0f,0f,1f],start_interpolation:0}
execute if entity @s[tag=aj.gojo.bone.bottom] run data modify entity @s {} merge value {transformation:[-0.6842554005093097f,0.7152993936891805f,0.14192013339105466f,0.3115716521946908f,-0.3578862701020631f,-0.15982270859800363f,-0.9199859343972769f,1.2060141345263364f,-0.6353833209537981f,-0.6802966111956521f,0.3653553834958977f,0.19454861973416637f,0f,0f,0f,1f],start_interpolation:0}
execute if entity @s[tag=aj.gojo.bone.leftarm] run data modify entity @s {} merge value {transformation:[-0.6842554005093097f,0.17477724134856418f,0.7079883210762942f,0.3125f,-0.3578862701020631f,0.76541502942017f,-0.5348432017050917f,1.375f,-0.6353833209537981f,-0.6193486486982158f,-0.4611889925067778f,3.827021247335479e-17f,0f,0f,0f,1f],start_interpolation:0}
execute if entity @s[tag=aj.gojo.bone.head] run data modify entity @s {} merge value {transformation:[-1f,-3.895174621760141e-17f,1.161049494776952e-16f,0f,0f,0.9480688600054479f,0.3180651453522855f,1.5f,-1.2246467991473532e-16f,0.3180651453522855f,-0.9480688600054479f,0f,0f,0f,0f,1f],start_interpolation:0}
execute if entity @s[tag=aj.gojo.locator_origin.purple] at @s on origin run tp @s ^-0.42188 ^1.28125 ^0.57813 ~0 ~0
execute if entity @s[tag=aj.gojo.locator_origin.blue] at @s on origin run tp @s ^-1.0625 ^1.78125 ^-0.53125 ~0 ~0
execute if entity @s[tag=aj.gojo.locator_origin.red] at @s on origin run tp @s ^1.0625 ^1.78125 ^-0.53125 ~0 ~0
execute if entity @s[tag=aj.gojo.camera_origin.camera] at @s on origin run tp @s ^0 ^1.755 ^3.41 ~-180 ~0