execute if entity @s[tag=aj.gojo.locator_origin.head] at @s on origin run tp @s ^0 ^1.41609 ^0 ~13.42593 ~0
execute if entity @s[tag=aj.gojo.bone.torso] run data modify entity @s {} merge value {transformation:[-0.972670914374619f,0f,0.23218805380476132f,0f,0f,1f,0f,1.416087962962963f,-0.23218805380476132f,0f,-0.972670914374619f,0f,0f,0f,0f,1f],start_interpolation:0}
execute if entity @s[tag=aj.gojo.bone.bottom2] run data modify entity @s {} merge value {transformation:[-0.9967441141727952f,0.0799705098871562f,-0.010290209438014068f,-0.38624879534965717f,0.016153207358409374f,0.07301715235492579f,-0.9971998642970293f,1.2738432503341321f,-0.07899521981693683f,-0.9941193152787878f,-0.07407119707219538f,0.1710338607671505f,0f,0f,0f,1f],start_interpolation:0}
execute if entity @s[tag=aj.gojo.bone.rightarm] run data modify entity @s {} merge value {transformation:[-0.9967441141727952f,0.0799705098871562f,-0.010290209438014068f,-0.3039596607420684f,0.016153207358409374f,0.07301715235492579f,-0.9971998642970293f,1.291087962962963f,-0.07899521981693683f,-0.9941193152787878f,-0.07407119707219538f,-0.07255876681398792f,0f,0f,0f,1f],start_interpolation:0}
execute if entity @s[tag=aj.gojo.bone.bottom] run data modify entity @s {} merge value {transformation:[-0.36964726918056684f,0.9195785121296114f,0.13317753720819409f,0.1979346625122825f,0.48124355765532534f,0.3120810395865814f,-0.8191520389682273f,1.1473428295623935f,-0.7948367974638536f,-0.2387064824424524f,-0.5579011387668571f,0.2583066776340733f,0f,0f,0f,1f],start_interpolation:0}
execute if entity @s[tag=aj.gojo.bone.leftarm] run data modify entity @s {} merge value {transformation:[-0.7749462736613135f,0.6178365613344721f,0.13317753720819409f,0.3039596607420684f,0.2648481931132524f,0.5087684853239646f,-0.8191520389682273f,1.291087962962963f,-0.5738586128508398f,-0.5995269900676314f,-0.5579011387668571f,0.07255876681398792f,0f,0f,0f,1f],start_interpolation:0}
execute if entity @s[tag=aj.gojo.bone.head] run data modify entity @s {} merge value {transformation:[-0.9783008878173602f,0.021990995662111205f,0.20601885594661926f,0f,0.06277088546083082f,0.9790774340335014f,0.19356444431981287f,1.416087962962963f,-0.19745173798735757f,0.20229625373734356f,-0.9592127172267934f,0f,0f,0f,0f,1f],start_interpolation:0}
execute if entity @s[tag=aj.gojo.bone.bottom3] run data modify entity @s {} merge value {transformation:[-0.9834167276458516f,0.16873857295855618f,0.06647430918960245f,-0.18157142865333678f,0.1729432234493922f,0.7621454555727829f,0.6238789514101983f,0.37414743878334705f,0.0546093512986417f,0.6250292781507639f,-0.7786887826372462f,-0.09230119687027237f,0f,0f,0f,1f],start_interpolation:0}
execute if entity @s[tag=aj.gojo.bone.rightleg] run data modify entity @s {} merge value {transformation:[-0.9834167276458516f,0.18136023713776067f,0.00006458838959234414f,-0.11875f,0.1729432234493922f,0.9376685418437589f,0.3014437710411885f,0.666087962962963f,0.0546093512986417f,0.2964560170108444f,-0.9534839530525973f,-1.4542680739874818e-17f,0f,0f,0f,1f],start_interpolation:0}
execute if entity @s[tag=aj.gojo.bone.bottom4] run data modify entity @s {} merge value {transformation:[-0.9963128639125944f,-0.07636038252153572f,0.03911226384970591f,0.16502135400992232f,-0.07399182287011852f,0.9955241687896513f,0.05879489352002304f,0.4180520487466516f,-0.04342680451796192f,0.05568412104755338f,-0.9975035795988505f,0.2516085161098094f,0f,0f,0f,1f],start_interpolation:0}
execute if entity @s[tag=aj.gojo.bone.leftleg] run data modify entity @s {} merge value {transformation:[-0.9914448614360867f,-0.12823943560302978f,-0.02432558094260675f,0.11874999999999998f,-0.0881821870634823f,0.7954785692334663f,-0.5995312733919546f,0.666087962962963f,0.09623403045014768f,-0.5922571173455781f,-0.7999815737483121f,0.06712962962962964f,0f,0f,0f,1f],start_interpolation:0}
execute if entity @s[tag=aj.gojo.locator_origin.purple] at @s on origin run tp @s ^-0.42188 ^1.28125 ^0.57813 ~0 ~0
execute if entity @s[tag=aj.gojo.locator_origin.blue] at @s on origin run tp @s ^-0.37202 ^1.25789 ^0.73976 ~-180 ~0
execute if entity @s[tag=aj.gojo.bone.blue] run data modify entity @s {} merge value {transformation:[0.0022989962226885635f,0.0014740963215653109f,-3.3445065065472857e-19f,-0.37201906432215726f,0.0014740963215653109f,-0.0022989962226885635f,0f,1.2578922193877553f,2.815458365367405e-19f,1.8052473418398454e-19f,0.00273099681383715f,0.739761752915451f,0f,0f,0f,1f],start_interpolation:0}
execute if entity @s[tag=aj.gojo.locator_origin.red] at @s on origin run tp @s ^0.01563 ^1.78125 ^-0.53125 ~0 ~0
execute if entity @s[tag=aj.gojo.camera_origin.camera] at @s on origin run tp @s ^1.3125 ^1.755 ^1.6875 ~140 ~0