execute if entity @s[tag=aj.gojo.locator_origin.head] at @s on origin run tp @s ^0 ^1.42188 ^0 ~12.46766 ~0
execute if entity @s[tag=aj.gojo.bone.torso] run data modify entity @s {} merge value {transformation:[-0.9764180098773513f,0f,0.21588855918541128f,0f,0f,1f,0f,1.421875f,-0.21588855918541128f,0f,-0.9764180098773513f,0f,0f,0f,0f,1f],start_interpolation:0}
execute if entity @s[tag=aj.gojo.bone.bottom2] run data modify entity @s {} merge value {transformation:[-0.9985029774600688f,0.0481736169529933f,-0.025905725873711608f,-0.37958046841617493f,0.0301559503542871f,0.08970363816641769f,-0.9955118663069458f,1.2763338373555386f,-0.045633569459416434f,-0.9948027743876545f,-0.09102207099938968f,0.17838342076025906f,0f,0f,0f,1f],start_interpolation:0}
execute if entity @s[tag=aj.gojo.bone.rightarm] run data modify entity @s {} merge value {transformation:[-0.9985029774600688f,0.0481736169529933f,-0.025905725873711608f,-0.3051306280866723f,0.0301559503542871f,0.08970363816641769f,-0.9955118663069458f,1.296875f,-0.045633569459416434f,-0.9948027743876545f,-0.09102207099938968f,-0.06746517474544103f,0f,0f,0f,1f],start_interpolation:0}
execute if entity @s[tag=aj.gojo.bone.bottom] run data modify entity @s {} merge value {transformation:[-0.41644891239610954f,0.9004746476640629f,0.1253623239987961f,0.20259583919791768f,0.470492233332426f,0.3314431861062036f,-0.8177912158721408f,1.152546274494064f,-0.7779507450590708f,-0.2815862626231082f,-0.5616954824137244f,0.2547139025418421f,0f,0f,0f,1f],start_interpolation:0}
execute if entity @s[tag=aj.gojo.bone.leftarm] run data modify entity @s {} merge value {transformation:[-0.7851876165728242f,0.6064360596982245f,0.1253623239987961f,0.3051306280866723f,0.2642882763413367f,0.5112428329384098f,-0.8177912158721408f,1.296875f,-0.5600286722742085f,-0.6089877431170522f,-0.5616954824137244f,0.06746517474544103f,0f,0f,0f,1f],start_interpolation:0}
execute if entity @s[tag=aj.gojo.bone.head] run data modify entity @s {} merge value {transformation:[-0.9813867352664746f,0.022578105176913145f,0.19071000238485356f,0f,0.060860494191239504f,0.9784424496152051f,0.19734835453531124f,1.421875f,-0.18214300999436872f,0.20528176235997453f,-0.9616045559129669f,0f,0f,0f,0f,1f],start_interpolation:0}
execute if entity @s[tag=aj.gojo.locator_origin.purple] at @s on origin run tp @s ^-0.42188 ^1.28125 ^0.57813 ~0 ~0
execute if entity @s[tag=aj.gojo.bone.purple] run data modify entity @s {} merge value {transformation:[0.2559940639362214f,-0.6079216213069657f,8.078044123873058e-17f,-0.42187500000000006f,-0.6079216213069657f,-0.2559940639362214f,0f,1.28125f,3.1350231100021643e-17f,-7.44489267666045e-17f,-0.6596223604632214f,0.578125f,0f,0f,0f,1f],start_interpolation:0}
execute if entity @s[tag=aj.gojo.locator_origin.blue] at @s on origin run tp @s ^-0.41839 ^1.19389 ^0.8952 ~0 ~0
execute if entity @s[tag=aj.gojo.bone.blue] run data modify entity @s {} merge value {transformation:[-0.000005975712464245545f,0.000008018158176580232f,1.2246467991473532e-21f,-0.4183874227587706f,0.000008018158176580232f,0.000005975712464245545f,0f,1.193888133476793f,-7.3181371419632495e-22f,9.81941174600616e-22f,-0.00001f,0.8952002472706453f,0f,0f,0f,1f],start_interpolation:0}
execute if entity @s[tag=aj.gojo.locator_origin.red] at @s on origin run tp @s ^0.01563 ^1.78125 ^-0.53125 ~0 ~0
execute if entity @s[tag=aj.gojo.camera_origin.camera] at @s on origin run tp @s ^0.65625 ^1.67688 ^0.84375 ~70 ~0