execute if entity @s[tag=aj.gojo.locator_origin.head] at @s on origin run tp @s ^-0.00023 ^1.42062 ^0.00101 ~12.7332 ~0.07875
execute if entity @s[tag=aj.gojo.bone.torso] run data modify entity @s {} merge value {transformation:[-0.9754069712132025f,-0.0003029438172254828f,0.2204113171634578f,-0.00022720786291911208f,0f,0.999999055448165f,0.0013744463532000962f,1.4206242915861238f,-0.2204115253535685f,0.0013406445544699374f,-0.975406049890758f,0.001005483415852453f,0f,0f,0f,1f],start_interpolation:0}
execute if entity @s[tag=aj.gojo.bone.bottom2] run data modify entity @s {} merge value {transformation:[-0.9982913164902324f,0.05317826570109943f,-0.024218164200084782f,-0.3806917920958061f,0.029901692890680946f,0.10882577081655913f,-0.993611010591395f,1.270286822756631f,-0.05020294993793087f,-0.9926374079507609f,-0.11022994218598044f,0.1769809687901231f,0f,0f,0f,1f],start_interpolation:0}
execute if entity @s[tag=aj.gojo.bone.rightarm] run data modify entity @s {} merge value {transformation:[-0.9982913164902324f,0.05317826570109943f,-0.024218164200084782f,-0.3050040183898917f,0.029901692890680946f,0.10882577081655913f,-0.993611010591395f,1.2956244096551033f,-0.05020294993793087f,-0.9926374079507609f,-0.11022994218598044f,-0.06804069882644645f,0f,0f,0f,1f],start_interpolation:0}
execute if entity @s[tag=aj.gojo.bone.bottom] run data modify entity @s {} merge value {transformation:[-0.38684759982772315f,0.9148489120189833f,0.11576010835003714f,0.1960364854187301f,0.4704153291925392f,0.3037533913805328f,-0.8285187356273241f,1.1563558656821338f,-0.793131989373903f,-0.2660551548128835f,-0.5478652225039365f,0.2573837196116706f,0f,0f,0f,1f],start_interpolation:0}
execute if entity @s[tag=aj.gojo.bone.leftarm] run data modify entity @s {} merge value {transformation:[-0.7704055804178107f,0.6269568079029719f,0.11576010835003714f,0.3046253386183599f,0.27326048022621874f,0.4887590558353231f,-0.8285187356273241f,1.2956244096551033f,-0.5760242630372723f,-0.606662794609229f,-0.5478652225039365f,0.06971650451953387f,0f,0f,0f,1f],start_interpolation:0}
execute if entity @s[tag=aj.gojo.bone.head] run data modify entity @s {} merge value {transformation:[-0.9806008932131394f,0.020450473561620115f,0.19494529068612743f,-0.00022720786291911208f,0.061881172891406044f,0.9759800538786948f,0.20888670343639365f,1.4206242915861238f,-0.18599088330124453f,0.2168979312073894f,-0.9583124118818338f,0.001005483415852453f,0f,0f,0f,1f],start_interpolation:0}
execute if entity @s[tag=aj.gojo.bone.bottom3] run data modify entity @s {} merge value {transformation:[-0.9851557797490873f,0.1606713161241354f,0.06043854566339137f,-0.1785511155285855f,0.16370521551832767f,0.7733813450723617f,0.6124393010790232f,0.37854515105063263f,0.05165938481114131f,0.6132422223469309f,-0.7882038344818756f,-0.09385361431107203f,0f,0f,0f,1f],start_interpolation:0}
execute if entity @s[tag=aj.gojo.bone.rightleg] run data modify entity @s {} merge value {transformation:[-0.9851557797490873f,0.17166045409649186f,0.0008821147056404993f,-0.11875f,0.16370521551832767f,0.9379296209483423f,0.3057591021699872f,0.670625f,0.05165938481114131f,0.3013647534916533f,-0.9521084987089704f,-1.4542680739874818e-17f,0f,0f,0f,1f],start_interpolation:0}
execute if entity @s[tag=aj.gojo.bone.bottom4] run data modify entity @s {} merge value {transformation:[-0.9962530831408674f,-0.07913472075663433f,0.03489255369108709f,0.1658256842808713f,-0.07925237658712228f,0.9968525778986581f,-0.001999685498458137f,0.42712021438561354f,-0.034624487542905945f,-0.004757510648363605f,-0.9993890688589815f,0.2537225323992387f,0f,0f,0f,1f],start_interpolation:0}
execute if entity @s[tag=aj.gojo.bone.leftleg] run data modify entity @s {} merge value {transformation:[-0.9911697191717894f,-0.1308187953153524f,-0.021657114054183142f,0.11874999999999998f,-0.08957584573040003f,0.7810068308806447f,-0.6180651243837137f,0.670625f,0.09776888901178914f,-0.6106674814577996f,-0.7858285254630226f,0.06350000000000001f,0f,0f,0f,1f],start_interpolation:0}
execute if entity @s[tag=aj.gojo.locator_origin.purple] at @s on origin run tp @s ^-0.42188 ^1.28125 ^0.57813 ~0 ~0
execute if entity @s[tag=aj.gojo.bone.purple] run data modify entity @s {} merge value {transformation:[1.0903801097107892f,3.4661131667809113f,4.449846328219193e-16f,-0.42187500000000006f,3.4661131667809113f,-1.0903801097107892f,0f,1.28125f,1.3353305112112578e-16f,4.244764395180739e-16f,-3.6335752735542597f,0.578125f,0f,0f,0f,1f],start_interpolation:0}
execute if entity @s[tag=aj.gojo.locator_origin.blue] at @s on origin run tp @s ^-0.39063 ^1.23438 ^0.79688 ~0 ~0
execute if entity @s[tag=aj.gojo.locator_origin.red] at @s on origin run tp @s ^0.01563 ^1.78125 ^-0.53125 ~0 ~0
execute if entity @s[tag=aj.gojo.camera_origin.camera] at @s on origin run tp @s ^0 ^1.59875 ^0 ~0 ~0