execute if entity @s[tag=aj.gojo.locator_origin.head] at @s on origin run tp @s ^-0.00012 ^1.41611 ^0.0005 ~13.39257 ~0.03894
execute if entity @s[tag=aj.gojo.bone.torso] run data modify entity @s {} merge value {transformation:[-0.9728059158885793f,-0.00015739791599565266f,0.23162172876929835f,-0.00011804843699673949f,-1.3552527156068805e-20f,0.9999997691078264f,0.0006795471240544895f,1.4161066512478795f,-0.2316217822489551f,0.0006610674624052777f,-0.9728056912753069f,0.0004958005968039583f,0f,0f,0f,1f],start_interpolation:0}
execute if entity @s[tag=aj.gojo.bone.bottom2] run data modify entity @s {} merge value {transformation:[-0.9976467490501653f,0.06435642345637835f,-0.023647724405108678f,-0.3825422500924082f,0.02997328317669699f,0.09917075004679553f,-0.9946189042194832f,1.2681873227962457f,-0.06166495281151352f,-0.9929871162784839f,-0.10086634968954952f,0.1724240797301062f,0f,0f,0f,1f],start_interpolation:0}
execute if entity @s[tag=aj.gojo.bone.rightarm] run data modify entity @s {} merge value {transformation:[-0.9976467490501653f,0.06435642345637835f,-0.023647724405108678f,-0.3041002224126783f,0.02997328317669699f,0.09917075004679553f,-0.9946189042194832f,1.291106680109401f,-0.06166495281151352f,-0.9929871162784839f,-0.10086634968954952f,-0.07196863978879517f,0f,0f,0f,1f],start_interpolation:0}
execute if entity @s[tag=aj.gojo.bone.bottom] run data modify entity @s {} merge value {transformation:[-0.33041211175558244f,0.9397613965820635f,0.0876148041106414f,0.18711478995193137f,0.4610558432870171f,0.24170557629631179f,-0.8538184372325098f,1.164091301606687f,-0.8235625937207893f,-0.24171663550818628f,-0.5131449330768928f,0.2641944168130248f,0f,0f,0f,1f],start_interpolation:0}
execute if entity @s[tag=aj.gojo.bone.leftarm] run data modify entity @s {} merge value {transformation:[-0.7506842341087465f,0.6548257987901962f,0.0876148041106414f,0.3039034750176838f,0.2820289578509811f,0.4375542745481116f,-0.8538184372325098f,1.291106680109401f,-0.5974385722348818f,-0.6162381277261715f,-0.5131449330768928f,0.07279497411680177f,0f,0f,0f,1f],start_interpolation:0}
execute if entity @s[tag=aj.gojo.bone.head] run data modify entity @s {} merge value {transformation:[-0.9785287423700044f,0.019939692895319105f,0.20514363017899914f,-0.00011804843699673949f,0.06471368572585666f,0.9747002979892844f,0.21394267451673898f,1.4161066512478795f,-0.19568760623900705f,0.2226246566462049f,-0.9550626277986207f,0.0004958005968039583f,0f,0f,0f,1f],start_interpolation:0}
execute if entity @s[tag=aj.gojo.bone.bottom3] run data modify entity @s {} merge value {transformation:[-0.9834241544393542f,0.16716556279994965f,0.07023252151971619f,-0.18154402735107683f,0.17290485933111305f,0.7479451754460537f,0.6408446958091016f,0.37636236778803384f,0.054597088612208154f,0.6423656973568468f,-0.7644510898509613f,-0.09899683066549032f,0f,0f,0f,1f],start_interpolation:0}
execute if entity @s[tag=aj.gojo.bone.rightleg] run data modify entity @s {} merge value {transformation:[-0.9834241544393542f,0.18127240443465872f,0.004153053782317858f,-0.11875f,0.17290485933111305f,0.9306403583993449f,0.3225095858079677f,0.6661068244170096f,0.054597088612208154f,0.31788179990181314f,-0.9465570871354005f,-1.4542680739874818e-17f,0f,0f,0f,1f],start_interpolation:0}
execute if entity @s[tag=aj.gojo.bone.bottom4] run data modify entity @s {} merge value {transformation:[-0.9953452270873351f,-0.08889579892254092f,0.037221174731387724f,0.16836729653414417f,-0.08902523387088054f,0.996027687330869f,-0.0018313395522362996f,0.4303872763398082f,-0.03691052219484778f,-0.005136438867905324f,-0.999305373920835f,0.2662871566537656f,0f,0f,0f,1f],start_interpolation:0}
execute if entity @s[tag=aj.gojo.bone.leftleg] run data modify entity @s {} merge value {transformation:[-0.9901392348075316f,-0.13897256421311074f,-0.01763298303715213f,0.11874999999999998f,-0.09460635226681456f,0.7561946808923808f,-0.6474714223043653f,0.6661068244170096f,0.10331473179330757f,-0.6394186664354607f,-0.7618857100696756f,0.06711454046639233f,0f,0f,0f,1f],start_interpolation:0}
execute if entity @s[tag=aj.gojo.locator_origin.purple] at @s on origin run tp @s ^-0.42188 ^1.28125 ^0.57813 ~0 ~0
execute if entity @s[tag=aj.gojo.bone.purple] run data modify entity @s {} merge value {transformation:[-0.8105203920782432f,-4.894374277979603f,6.07551249912313e-16f,-0.42187500000000006f,-4.894374277979603f,0.8105203920782432f,0f,1.28125f,-9.926012038022783e-17f,-5.993879793356859e-16f,-4.961032440825501f,0.578125f,0f,0f,0f,1f],start_interpolation:0}
execute if entity @s[tag=aj.gojo.locator_origin.blue] at @s on origin run tp @s ^-0.39063 ^1.23438 ^0.79688 ~0 ~0
execute if entity @s[tag=aj.gojo.locator_origin.red] at @s on origin run tp @s ^0.01563 ^1.78125 ^-0.53125 ~0 ~0
execute if entity @s[tag=aj.gojo.camera_origin.camera] at @s on origin run tp @s ^0 ^1.59875 ^0 ~0 ~0