execute if entity @s[tag=aj.gojo.locator_origin.head] at @s on origin run tp @s ^0 ^1.5 ^0 ~0 ~0
execute if entity @s[tag=aj.gojo.bone.bottom2] run data modify entity @s {} merge value {transformation:[-0.9429898436689258f,-0.09221628515262083f,-0.3197910434798095f,-0.39165796068304953f,0.18664284354368094f,0.6490203960477334f,-0.73752082985362f,1.153751976728347f,0.2755623408435629f,-0.755161361741114f,-0.5948081321250763f,0.10578080855659437f,0f,0f,0f,1f],start_interpolation:0}
execute if entity @s[tag=aj.gojo.bone.rightarm] run data modify entity @s {} merge value {transformation:[-0.9429898436689258f,0.08088438181496674f,-0.3228434164044012f,-0.3125f,0.18664284354368094f,0.9316528039725323f,-0.3117491007269268f,1.375f,0.2755623408435629f,-0.35423264901548696f,-0.8936356229919926f,-3.827021247335479e-17f,0f,0f,0f,1f],start_interpolation:0}
execute if entity @s[tag=aj.gojo.bone.bottom] run data modify entity @s {} merge value {transformation:[-0.9256124750179393f,0.12329154656206559f,0.35782780864194846f,0.38863040380793823f,-0.21072206041195923f,0.6174741868146234f,-0.7578402482537848f,1.1595249696828696f,-0.3143847314150347f,-0.776868600964123f,-0.5455615615942375f,0.119083680350718f,0f,0f,0f,1f],start_interpolation:0}
execute if entity @s[tag=aj.gojo.bone.leftarm] run data modify entity @s {} merge value {transformation:[-0.9256124750179393f,-0.073118496477268f,0.3713424720713598f,0.3125f,-0.21072206041195923f,0.9145806363715118f,-0.34516441419998556f,1.375f,-0.3143847314150347f,-0.3977385385491131f,-0.8619549266672315f,3.827021247335479e-17f,0f,0f,0f,1f],start_interpolation:0}
execute if entity @s[tag=aj.gojo.bone.head] run data modify entity @s {} merge value {transformation:[-1f,-1.834352690632572e-17f,1.2108308241556903e-16f,0f,0f,0.9887184002756696f,0.14978626424449237f,1.5f,-1.2246467991473532e-16f,0.14978626424449237f,-0.9887184002756696f,0f,0f,0f,0f,1f],start_interpolation:0}
execute if entity @s[tag=aj.gojo.locator_origin.purple] at @s on origin run tp @s ^-0.42188 ^1.28125 ^0.57813 ~0 ~0
execute if entity @s[tag=aj.gojo.locator_origin.blue] at @s on origin run tp @s ^-1.0625 ^1.78125 ^-0.53125 ~0 ~0
execute if entity @s[tag=aj.gojo.locator_origin.red] at @s on origin run tp @s ^1.0625 ^1.78125 ^-0.53125 ~0 ~0
execute if entity @s[tag=aj.gojo.camera_origin.camera] at @s on origin run tp @s ^0 ^1.755 ^4.295 ~-180 ~0