execute if entity @s[tag=aj.gojo.locator_origin.head] at @s on origin run tp @s ^0 ^1.5 ^0 ~0 ~0
execute if entity @s[tag=aj.gojo.bone.bottom2] run data modify entity @s {} merge value {transformation:[-0.6094859794918625f,-0.7926449339622774f,-0.015519325590428845f,-0.299882000316948f,0.3720103735169483f,-0.2686526607673602f,-0.8885010016079882f,1.2031245795101626f,0.7000965096317976f,-0.547302253354172f,0.45861216804051314f,0.19158777600734359f,0f,0f,0f,1f],start_interpolation:0}
execute if entity @s[tag=aj.gojo.bone.rightarm] run data modify entity @s {} merge value {transformation:[-0.6094859794918625f,-0.20284349360517365f,-0.7664080883608242f,-0.3125f,0.3720103735169483f,0.7805042753385867f,-0.5024155234205729f,1.375f,0.7000965096317976f,-0.5913269766214251f,-0.4002465289307814f,-3.827021247335479e-17f,0f,0f,0f,1f],start_interpolation:0}
execute if entity @s[tag=aj.gojo.bone.bottom] run data modify entity @s {} merge value {transformation:[-0.6098141886095464f,0.7924798308688665f,0.010117956144050783f,0.29861547122518706f,-0.3879392721052648f,-0.2873386228777508f,-0.875750898921123f,1.2084684193728787f,-0.6911076446755006f,-0.5379704763913815f,0.48265721791175153f,0.19616498799361215f,0f,0f,0f,1f],start_interpolation:0}
execute if entity @s[tag=aj.gojo.bone.leftarm] run data modify entity @s {} merge value {transformation:[-0.6098141886095464f,0.20799166225163843f,0.7647654044243115f,0.3125f,-0.3879392721052648f,0.7631111405348014f,-0.5168795878636647f,1.375f,-0.6911076446755006f,-0.6118830408055733f,-0.38466786692627075f,3.827021247335479e-17f,0f,0f,0f,1f],start_interpolation:0}
execute if entity @s[tag=aj.gojo.bone.head] run data modify entity @s {} merge value {transformation:[-0.9999917948756324f,-0.004004557562588995f,0.0006113101823629002f,0f,-0.0035367530172273516f,0.9366439452696257f,0.350265058445523f,1.5f,-0.0019752365697005766f,0.3502600224240249f,-0.9366504231206086f,0f,0f,0f,0f,1f],start_interpolation:0}
execute if entity @s[tag=aj.gojo.locator_origin.purple] at @s on origin run tp @s ^-0.42188 ^1.28125 ^0.57813 ~0 ~0
execute if entity @s[tag=aj.gojo.locator_origin.blue] at @s on origin run tp @s ^-0.84106 ^1.79407 ^-0.56238 ~0 ~0
execute if entity @s[tag=aj.gojo.bone.blue] run data modify entity @s {} merge value {transformation:[-0.9395050875718899f,-0.9395050875718896f,1.6271402408938707e-16f,-0.8410644531249999f,-0.9395050875718896f,0.9395050875718899f,0f,1.7940673828125f,-1.1505618982775687e-16f,-1.1505618982775684e-16f,-1.3286608367626886f,-0.5623779296875001f,0f,0f,0f,1f],start_interpolation:0}
execute if entity @s[tag=aj.gojo.locator_origin.red] at @s on origin run tp @s ^0.84985 ^1.78125 ^-0.53125 ~0 ~0
execute if entity @s[tag=aj.gojo.bone.red] run data modify entity @s {} merge value {transformation:[-1.3286608367626886f,-3.2542804817877413e-16f,1.6271402408938707e-16f,0.8498535156250001f,-3.2542804817877413e-16f,1.3286608367626886f,0f,1.78125f,-1.6271402408938707e-16f,-3.985344175549064e-32f,-1.3286608367626886f,-0.5312499999999999f,0f,0f,0f,1f],start_interpolation:0}
execute if entity @s[tag=aj.gojo.camera_origin.camera] at @s on origin run tp @s ^0 ^1.73678 ^2.92839 ~-180 ~0