execute if entity @s[tag=aj.gojo.locator_origin.head] at @s on origin run tp @s ^0 ^1.42188 ^0 ~12.49281 ~0
execute if entity @s[tag=aj.gojo.bone.torso] run data modify entity @s {} merge value {transformation:[-0.9763231457213023f,0f,0.21631716327850797f,0f,0f,1f,0f,1.421875f,-0.21631716327850797f,0f,-0.9763231457213023f,0f,0f,0f,0f,1f],start_interpolation:0}
execute if entity @s[tag=aj.gojo.bone.bottom2] run data modify entity @s {} merge value {transformation:[-0.9984829798281071f,0.04860850568879335f,-0.025864109655785006f,-0.379658295699362f,0.03015414590331593f,0.08970390097203584f,-0.9955118972846284f,1.2763336588759482f,-0.04607023419112896f,-0.9947815957913081f,-0.09103356631744586f,0.17821689578634772f,0f,0f,0f,1f],start_interpolation:0}
execute if entity @s[tag=aj.gojo.bone.rightarm] run data modify entity @s {} merge value {transformation:[-0.9984829798281071f,0.04860850568879335f,-0.025864109655785006f,-0.30510098303790695f,0.03015414590331593f,0.08970390097203584f,-0.9955118972846284f,1.296875f,-0.04607023419112896f,-0.9947815957913081f,-0.09103356631744586f,-0.06759911352453374f,0f,0f,0f,1f],start_interpolation:0}
execute if entity @s[tag=aj.gojo.bone.bottom] run data modify entity @s {} merge value {transformation:[-0.4151253611408734f,0.901216745371219f,0.12441588483858088f,0.2021968861264526f,0.4699901539082407f,0.3295353850825556f,-0.8188502214738664f,1.1530000697456186f,-0.7789609680638485f,-0.2814512530457084f,-0.5603614926027956f,0.2549944210515231f,0f,0f,0f,1f],start_interpolation:0}
execute if entity @s[tag=aj.gojo.bone.leftarm] run data modify entity @s {} merge value {transformation:[-0.7843562748583274f,0.6077054563603993f,0.12441588483858088f,0.30510098303790695f,0.2647238509299663f,0.509318758285034f,-0.8188502214738664f,1.296875f,-0.5609870915085099f,-0.6093344572308299f,-0.5603614926027956f,0.06759911352453374f,0f,0f,0f,1f],start_interpolation:0}
execute if entity @s[tag=aj.gojo.bone.head] run data modify entity @s {} merge value {transformation:[-0.981311452930892f,0.022535075460862565f,0.19110207408773716f,0f,0.06096667848642392f,0.9783660450013958f,0.19769407199675906f,1.421875f,-0.18251272958617096f,0.20565031573595982f,-0.9614556938188599f,0f,0f,0f,0f,1f],start_interpolation:0}
execute if entity @s[tag=aj.gojo.locator_origin.purple] at @s on origin run tp @s ^-0.42188 ^1.28125 ^0.57813 ~0 ~0
execute if entity @s[tag=aj.gojo.bone.purple] run data modify entity @s {} merge value {transformation:[-0.1655147320803845f,0.1542643950768788f,2.7708599356296287e-17f,-0.42187500000000006f,0.1542643950768788f,0.1655147320803845f,0f,1.28125f,-2.026970868539746e-17f,1.8891939765330233e-17f,-0.2262578841147349f,0.578125f,0f,0f,0f,1f],start_interpolation:0}
execute if entity @s[tag=aj.gojo.locator_origin.blue] at @s on origin run tp @s ^-0.40958 ^1.20674 ^0.864 ~0 ~0
execute if entity @s[tag=aj.gojo.bone.blue] run data modify entity @s {} merge value {transformation:[-0.000008050101672607202f,0.000005932610138942785f,1.2246467991473532e-21f,-0.4095774806033208f,0.000005932610138942785f,0.000008050101672607202f,0f,1.206735965786824f,-9.858531246169164e-22f,7.265352017245416e-22f,-0.00001f,0.8639983688034272f,0f,0f,0f,1f],start_interpolation:0}
execute if entity @s[tag=aj.gojo.locator_origin.red] at @s on origin run tp @s ^0.01563 ^1.78125 ^-0.53125 ~0 ~0
execute if entity @s[tag=aj.gojo.camera_origin.camera] at @s on origin run tp @s ^1.3125 ^1.755 ^1.6875 ~140 ~0