execute if entity @s[tag=aj.gojo.locator_origin.head] at @s on origin run tp @s ^0 ^1.5 ^0 ~0 ~0
execute if entity @s[tag=aj.gojo.bone.bottom2] run data modify entity @s {} merge value {transformation:[-0.6789860745176984f,-0.7304933563064475f,-0.07319403666411617f,-0.3096707430864619f,0.3590504017973129f,-0.2434545354095261f,-0.901006491740054f,1.2065899509937625f,0.6403598360142791f,-0.6380512092149605f,0.42758617241334174f,0.1950289739988238f,0f,0f,0f,1f],start_interpolation:0}
execute if entity @s[tag=aj.gojo.bone.rightarm] run data modify entity @s {} merge value {transformation:[-0.6789860745176984f,-0.18106354628357688f,-0.7114730513647453f,-0.3125f,0.3590504017973129f,0.763402796474278f,-0.5369347998634847f,1.375f,0.6403598360142791f,-0.6200259369917255f,-0.4533289290099388f,-3.827021247335479e-17f,0f,0f,0f,1f],start_interpolation:0}
execute if entity @s[tag=aj.gojo.bone.bottom] run data modify entity @s {} merge value {transformation:[-0.6395166621189233f,0.7679047270966164f,0.036616512326299505f,0.29541213678490685f,-0.36589439575120297f,-0.26213920281272995f,-0.8929749881752392f,1.2105021199301078f,-0.6761210912478128f,-0.5844701604456618f,0.4486144241088214f,0.19762262619258367f,0f,0f,0f,1f],start_interpolation:0}
execute if entity @s[tag=aj.gojo.bone.leftarm] run data modify entity @s {} merge value {transformation:[-0.6395166621189233f,0.22823061839010347f,0.7341179903132343f,0.3125f,-0.36589439575120297f,0.7494651192173696f,-0.5517457079437558f,1.375f,-0.6761210912478128f,-0.6214602319583813f,-0.3957871272086828f,3.827021247335479e-17f,0f,0f,0f,1f],start_interpolation:0}
execute if entity @s[tag=aj.gojo.bone.head] run data modify entity @s {} merge value {transformation:[-1f,-4.188538737676991e-17f,1.1507915602278503e-16f,0f,0f,0.9396926207859084f,0.34202014332566866f,1.5f,-1.2246467991473532e-16f,0.34202014332566866f,-0.9396926207859084f,0f,0f,0f,0f,1f],start_interpolation:0}
execute if entity @s[tag=aj.gojo.locator_origin.purple] at @s on origin run tp @s ^-0.42188 ^1.28125 ^0.57813 ~0 ~0
execute if entity @s[tag=aj.gojo.locator_origin.blue] at @s on origin run tp @s ^-1.0625 ^1.78125 ^-0.53125 ~0 ~0
execute if entity @s[tag=aj.gojo.locator_origin.red] at @s on origin run tp @s ^1.0625 ^1.78125 ^-0.53125 ~0 ~0
execute if entity @s[tag=aj.gojo.camera_origin.camera] at @s on origin run tp @s ^0 ^1.755 ^3.245 ~-180 ~0