execute if entity @s[tag=aj.gojo.locator_origin.head] at @s on origin run tp @s ^0 ^1.42755 ^0 ~11.59122 ~0
execute if entity @s[tag=aj.gojo.bone.torso] run data modify entity @s {} merge value {transformation:[-0.9796060482774953f,0f,0.20092782330516007f,0f,0f,1f,0f,1.4275548696844993f,-0.20092782330516007f,0f,-0.9796060482774953f,0f,0f,0f,0f,1f],start_interpolation:0}
execute if entity @s[tag=aj.gojo.bone.bottom2] run data modify entity @s {} merge value {transformation:[-0.9975181718014206f,0.07004966162749343f,0.007109277869481099f,-0.38598419123117944f,-0.0035803465840261034f,0.0503749096049535f,-0.9987239606621197f,1.2897373706217592f,-0.07031840473368312f,-0.9962707530526863f,-0.049999085667074845f,0.18188284318445386f,0f,0f,0f,1f],start_interpolation:0}
execute if entity @s[tag=aj.gojo.bone.rightarm] run data modify entity @s {} merge value {transformation:[-0.9975181718014206f,0.07004966162749343f,0.007109277869481099f,-0.3061268900867173f,-0.0035803465840261034f,0.0503749096049535f,-0.9987239606621197f,1.3025548696844993f,-0.07031840473368312f,-0.9962707530526863f,-0.049999085667074845f,-0.06278994478286253f,0f,0f,0f,1f],start_interpolation:0}
execute if entity @s[tag=aj.gojo.bone.bottom] run data modify entity @s {} merge value {transformation:[-0.5102503608514118f,0.8513570722919084f,0.12180190765975013f,0.20506516541244837f,0.45014909036887263f,0.3850562643215149f,-0.8056658548969517f,1.1589709290952606f,-0.7328099110213239f,-0.3562622752486008f,-0.5797127094894589f,0.2514070962053359f,0f,0f,0f,1f],start_interpolation:0}
execute if entity @s[tag=aj.gojo.bone.leftarm] run data modify entity @s {} merge value {transformation:[-0.7922929493590974f,0.60232013603685f,0.09737728749771789f,0.3061268900867173f,0.28258215761648986f,0.5036902229528322f,-0.8163598982670177f,1.3025548696844993f,-0.5407579926294868f,-0.6192791075325219f,-0.5692751359237915f,0.06278994478286253f,0f,0f,0f,1f],start_interpolation:0}
execute if entity @s[tag=aj.gojo.bone.head] run data modify entity @s {} merge value {transformation:[-0.9841955337639311f,0.032188345902119775f,0.1741351822786432f,0f,0.0652536524894806f,0.9800669704208941f,0.18764512870520375f,1.4275548696844993f,-0.1646241542299091f,0.1960424542748225f,-0.966677942215499f,0f,0f,0f,0f,1f],start_interpolation:0}
execute if entity @s[tag=aj.gojo.bone.bottom3] run data modify entity @s {} merge value {transformation:[-0.9908567448750367f,0.12946289845518247f,0.0379772176341219f,-0.1671036949943671f,0.1286882175415276f,0.8223411729181751f,0.5542511506434104f,0.39388503132135355f,0.04052473074100329f,0.5540707114142951f,-0.8314826474143798f,-0.09488970734310091f,0f,0f,0f,1f],start_interpolation:0}
execute if entity @s[tag=aj.gojo.bone.rightleg] run data modify entity @s {} merge value {transformation:[-0.9908567448750367f,0.134914689084474f,0.000968403266238519f,-0.11875f,0.1286882175415276f,0.9429229141224988f,0.30714120643234927f,0.6877441406249999f,0.04052473074100329f,0.30445755811274294f,-0.9516634602139534f,-1.4542680739874818e-17f,0f,0f,0f,1f],start_interpolation:0}
execute if entity @s[tag=aj.gojo.bone.bottom4] run data modify entity @s {} merge value {transformation:[-0.9962128772011967f,-0.08415323350928768f,0.021866334590983f,0.1663839563954904f,-0.08676575338217118f,0.9784384407112515f,-0.18742977825991003f,0.44290343137895083f,-0.005622040424771678f,-0.1886172076679805f,-0.9820345928901875f,0.2588665848133954f,0f,0f,0f,1f],start_interpolation:0}
execute if entity @s[tag=aj.gojo.bone.leftleg] run data modify entity @s {} merge value {transformation:[-0.9910403516264426f,-0.13260785343304046f,-0.015942981403060653f,0.11874999999999998f,-0.09022340093445401f,0.7526890705964442f,-0.652164780502966f,0.6775548696844993f,0.09848227948193444f,-0.6448831833848223f,-0.7579095727166268f,0.05795610425240058f,0f,0f,0f,1f],start_interpolation:0}
execute if entity @s[tag=aj.gojo.locator_origin.purple] at @s on origin run tp @s ^-0.42188 ^1.28125 ^0.57813 ~0 ~0
execute if entity @s[tag=aj.gojo.locator_origin.blue] at @s on origin run tp @s ^-0.3443 ^1.28858 ^0.66522 ~-180 ~0
execute if entity @s[tag=aj.gojo.bone.blue] run data modify entity @s {} merge value {transformation:[0.0021387384842427213f,0.009782590854982853f,-1.2263190524006352e-18f,-0.3442966472303209f,0.009782590854982853f,-0.0021387384842427213f,0f,1.2885841836734695f,2.6191992389411106e-19f,1.198021857792292e-18f,0.010013654984069253f,0.6652241253644315f,0f,0f,0f,1f],start_interpolation:0}
execute if entity @s[tag=aj.gojo.locator_origin.red] at @s on origin run tp @s ^0.01563 ^1.78125 ^-0.53125 ~0 ~0
execute if entity @s[tag=aj.gojo.camera_origin.camera] at @s on origin run tp @s ^1.18125 ^1.755 ^1.75 ~144 ~0