execute if entity @s[tag=aj.gojo.locator_origin.head] at @s on origin run tp @s ^0 ^1.5 ^0 ~0 ~0
execute if entity @s[tag=aj.gojo.bone.bottom2] run data modify entity @s {} merge value {transformation:[-0.6307695416464105f,-0.7753680537944441f,-0.030564137255831042f,-0.2966496787085374f,0.36787411186742774f,-0.26412430321875124f,-0.8915755662123993f,1.208296920850929f,0.6832264801286089f,-0.573622466090917f,0.45183939983897625f,0.1958701118526663f,0f,0f,0f,1f],start_interpolation:0}
execute if entity @s[tag=aj.gojo.bone.rightarm] run data modify entity @s {} merge value {transformation:[-0.6307695416464105f,-0.22109367057745297f,-0.7438060057311757f,-0.3125f,0.36787411186742774f,0.7587808445631403f,-0.5375130396016442f,1.375f,0.6832264801286089f,-0.6126738273785132f,-0.3972812078319782f,-3.827021247335479e-17f,0f,0f,0f,1f],start_interpolation:0}
execute if entity @s[tag=aj.gojo.bone.bottom] run data modify entity @s {} merge value {transformation:[-0.6309107568887972f,0.7753069232200007f,0.029168332985293394f,0.29633312151937147f,-0.3725748115410162f,-0.2697799073138179f,-0.8879227508150267f,1.2099110644039925f,-0.6805436258221669f,-0.5710674009404526f,0.45906687632188725f,0.19720680866534476f,0f,0f,0f,1f],start_interpolation:0}
execute if entity @s[tag=aj.gojo.bone.leftarm] run data modify entity @s {} merge value {transformation:[-0.6309107568887972f,0.22239520314471342f,0.7432980495469007f,0.3125f,-0.3725748115410162f,0.753499445269284f,-0.5416886520724407f,1.375f,-0.6805436258221669f,-0.6186913282058373f,-0.39253205443086514f,3.827021247335479e-17f,0f,0f,0f,1f],start_interpolation:0}
execute if entity @s[tag=aj.gojo.bone.head] run data modify entity @s {} merge value {transformation:[-0.9999992950662433f,-0.0011726450815245832f,0.00018646857445153966f,0f,-0.0010366626136947663f,0.9388082459602324f,0.3444386776302817f,1.5f,-0.0005789625565175363f,0.34443824151883096f,-0.9388087997999239f,0f,0f,0f,0f,1f],start_interpolation:0}
execute if entity @s[tag=aj.gojo.locator_origin.purple] at @s on origin run tp @s ^-0.42188 ^1.28125 ^0.57813 ~0 ~0
execute if entity @s[tag=aj.gojo.locator_origin.blue] at @s on origin run tp @s ^-1.0625 ^1.78125 ^-0.53125 ~0 ~0
execute if entity @s[tag=aj.gojo.locator_origin.red] at @s on origin run tp @s ^1.0625 ^1.78125 ^-0.53125 ~0 ~0
execute if entity @s[tag=aj.gojo.camera_origin.camera] at @s on origin run tp @s ^0 ^1.849 ^3.125 ~-180 ~0