execute if entity @s[tag=aj.gojo.locator_origin.head] at @s on origin run tp @s ^0 ^1.5 ^0 ~0 ~0
execute if entity @s[tag=aj.gojo.bone.bottom2] run data modify entity @s {} merge value {transformation:[-0.6011586799613615f,-0.7990729612265566f,-0.009520721807487809f,-0.3012296087518665f,0.3733710395951817f,-0.27032115856430994f,-0.8874235392551081f,1.2011752054562386f,0.706542502825362f,-0.5370371252241986f,0.46085661309370624f,0.18990568470410027f,0f,0f,0f,1f],start_interpolation:0}
execute if entity @s[tag=aj.gojo.bone.rightarm] run data modify entity @s {} merge value {transformation:[-0.6011586799613615f,-0.19537123498287434f,-0.7748795532522329f,-0.3125f,0.3733710395951817f,0.7886419380738409f,-0.488505844696611f,1.375f,0.706542502825362f,-0.5829871131100607f,-0.40115298534208965f,-3.827021247335479e-17f,0f,0f,0f,1f],start_interpolation:0}
execute if entity @s[tag=aj.gojo.bone.bottom] run data modify entity @s {} merge value {transformation:[-0.6015033014503685f,0.7988669291718774f,0.0023254719525310774f,0.29952547131761165f,-0.3936160861505282f,-0.2938358894124787f,-0.8710492792125585f,1.2079026897707401f,-0.6951691557224381f,-0.5248543603407259f,0.4911901315819369f,0.19574575479334508f,0f,0f,0f,1f],start_interpolation:0}
execute if entity @s[tag=aj.gojo.bone.leftarm] run data modify entity @s {} merge value {transformation:[-0.6015033014503685f,0.20227394009214564f,0.7728382958316096f,0.3125f,-0.3936160861505282f,0.7667932624546717f,-0.5070448396124952f,1.375f,-0.6951691557224381f,-0.6091907302427707f,-0.3816104022670671f,3.827021247335479e-17f,0f,0f,0f,1f],start_interpolation:0}
execute if entity @s[tag=aj.gojo.bone.head] run data modify entity @s {} merge value {transformation:[-0.9999866742684498f,-0.005105232302539378f,0.0007667389793586071f,0f,-0.00450720077724799f,0.9357918451864773f,0.35252419438053f,1.5f,-0.0025172259888485396f,0.35251604089122707f,-0.9358023853825634f,0f,0f,0f,0f,1f],start_interpolation:0}
execute if entity @s[tag=aj.gojo.locator_origin.purple] at @s on origin run tp @s ^-0.42188 ^1.28125 ^0.57813 ~0 ~0
execute if entity @s[tag=aj.gojo.locator_origin.blue] at @s on origin run tp @s ^-0.06744 ^1.8034 ^-0.58504 ~0 ~0
execute if entity @s[tag=aj.gojo.bone.blue] run data modify entity @s {} merge value {transformation:[-0.6606866062276621f,0.08909350591271321f,8.164311994315689e-17f,-0.06743749999999986f,0.08909350591271321f,0.6606866062276621f,0f,1.8033984375f,-8.091077375562341e-17f,1.0910807684082003e-17f,-0.6666666666666667f,-0.5850390624999999f,0f,0f,0f,1f],start_interpolation:0}
execute if entity @s[tag=aj.gojo.locator_origin.red] at @s on origin run tp @s ^0.08263 ^1.78125 ^-0.53125 ~0 ~0
execute if entity @s[tag=aj.gojo.bone.red] run data modify entity @s {} merge value {transformation:[-0.5853962322049248f,-0.31899168604326095f,8.164311994315689e-17f,0.08262500000000002f,-0.31899168604326095f,0.5853962322049248f,0f,1.78125f,-7.169036220026818e-17f,-3.906521472674969e-17f,-0.6666666666666667f,-0.53125f,0f,0f,0f,1f],start_interpolation:0}
execute if entity @s[tag=aj.gojo.camera_origin.camera] at @s on origin run tp @s ^0 ^1.75397 ^2.36154 ~-180 ~0