execute if entity @s[tag=aj.gojo.locator_origin.head] at @s on origin run tp @s ^-0.00054 ^1.41796 ^0.00224 ~13.51461 ~0.17578
execute if entity @s[tag=aj.gojo.bone.torso] run data modify entity @s {} merge value {transformation:[-0.9723103644940221f,-0.0007169609180910788f,0.23369219299014676f,-0.0005377206885683091f,0f,0.9999952938095762f,0.0030679567629659805f,1.4179594333201453f,-0.23369329279528345f,0.0029830061584513526f,-0.9723057886162957f,0.0022372546188385144f,0f,0f,0f,1f],start_interpolation:0}
execute if entity @s[tag=aj.gojo.bone.bottom2] run data modify entity @s {} merge value {transformation:[-0.9976588544016114f,0.06433584163082748f,-0.02318856864314232f,-0.38273272828599636f,0.030011354418706334f,0.10719762180682345f,-0.9937846791357353f,1.2680363257934113f,-0.06145021432037023f,-0.9921540048604424f,-0.10887746231138118f,0.17303308767059347f,0f,0f,0f,1f],start_interpolation:0}
execute if entity @s[tag=aj.gojo.bone.rightarm] run data modify entity @s {} merge value {transformation:[-0.9976588544016114f,0.06433584163082748f,-0.02318856864314232f,-0.3042950894781888f,0.030011354418706334f,0.10719762180682345f,-0.9937846791357353f,1.292960021593948f,-0.06145021432037023f,-0.9921540048604424f,-0.10887746231138118f,-0.07116477514949399f,0f,0f,0f,1f],start_interpolation:0}
execute if entity @s[tag=aj.gojo.bone.bottom] run data modify entity @s {} merge value {transformation:[-0.31931415505966504f,0.944056554029876f,0.08243599439424747f,0.1812531910536878f,0.4597393726414042f,0.2303912095773242f,-0.8576477131041543f,1.1688114232361557f,-0.8286604730659116f,-0.23595998250282524f,-0.5075871423070585f,0.2648245839227802f,0f,0f,0f,1f],start_interpolation:0}
execute if entity @s[tag=aj.gojo.bone.leftarm] run data modify entity @s {} merge value {transformation:[-0.7355246665214845f,0.6724639557379198f,0.08243599439424747f,0.303398888330575f,0.2913113598253018f,0.4237665534748442f,-0.8576477131041543f,1.292960021593948f,-0.6116707910103218f,-0.6068065065483075f,-0.5075871423070585f,0.07489353284755818f,0f,0f,0f,1f],start_interpolation:0}
execute if entity @s[tag=aj.gojo.bone.head] run data modify entity @s {} merge value {transformation:[-0.977999827416829f,0.015383353743485623f,0.20803771292786272f,-0.0005377206885683091f,0.061913950808758555f,0.9737454372851454f,0.21905817962726634f,1.4179594333201453f,-0.199205924279133f,0.22711929859429353f,-0.9532753138197446f,0.0022372546188385144f,0f,0f,0f,1f],start_interpolation:0}
execute if entity @s[tag=aj.gojo.bone.bottom3] run data modify entity @s {} merge value {transformation:[-0.9841469698160892f,0.16456135220306214f,0.06613851497357127f,-0.18031756012076464f,0.1691278181236088f,0.7585351738338162f,0.6293013357634399f,0.37724401735965285f,0.05339028880383657f,0.6305108654242224f,-0.7743419952730454f,-0.09688778410138014f,0f,0f,0f,1f],start_interpolation:0}
execute if entity @s[tag=aj.gojo.bone.rightleg] run data modify entity @s {} merge value {transformation:[-0.9841469698160892f,0.17733325299012503f,0.0027675233964483768f,-0.11875f,0.1691278181236088f,0.9336831822930646f,0.3156445726443646f,0.667962962962963f,0.05339028880383657f,0.31110871490049313f,-0.9488734607809445f,-1.4542680739874818e-17f,0f,0f,0f,1f],start_interpolation:0}
execute if entity @s[tag=aj.gojo.bone.bottom4] run data modify entity @s {} merge value {transformation:[-0.9957357028508531f,-0.08481674275716843f,0.036284021499578316f,0.1673278070902216f,-0.0849414826091853f,0.9963841156841083f,-0.001907496933427788f,0.4290005244791063f,-0.03599103499860792f,-0.004981381380890326f,-0.9993396976200171f,0.26116086026083657f,0f,0f,0f,1f],start_interpolation:0}
execute if entity @s[tag=aj.gojo.bone.leftleg] run data modify entity @s {} merge value {transformation:[-0.9905693900881739f,-0.13563759488694574f,-0.019357847856304716f,0.11874999999999998f,-0.09254107473970935f,0.7665306246431355f,-0.6355052721812968f,0.667962962962963f,0.10103678986568494f,-0.6277206738171759f,-0.771853822142605f,0.06562962962962963f,0f,0f,0f,1f],start_interpolation:0}
execute if entity @s[tag=aj.gojo.locator_origin.purple] at @s on origin run tp @s ^-0.42188 ^1.28125 ^0.57813 ~0 ~0
execute if entity @s[tag=aj.gojo.locator_origin.blue] at @s on origin run tp @s ^-0.39063 ^1.23438 ^0.79688 ~0 ~0
execute if entity @s[tag=aj.gojo.locator_origin.red] at @s on origin run tp @s ^0.01563 ^1.78125 ^-0.53125 ~0 ~0
execute if entity @s[tag=aj.gojo.camera_origin.camera] at @s on origin run tp @s ^0 ^1.59875 ^0 ~0 ~0