execute if entity @s[tag=aj.gojo.locator_origin.head] at @s on origin run tp @s ^0 ^1.5 ^0 ~0 ~0
execute if entity @s[tag=aj.gojo.bone.bottom2] run data modify entity @s {} merge value {transformation:[-0.6015461871713527f,-0.7987778926106901f,-0.00980117217646595f,-0.3011658833980011f,0.37331089284261065f,-0.2702446813111753f,-0.8874721344966692f,1.2012649931722525f,0.7062444066926552f,-0.5375143630633938f,0.4607571459195105f,0.18998403933861088f,0f,0f,0f,1f],start_interpolation:0}
execute if entity @s[tag=aj.gojo.bone.rightarm] run data modify entity @s {} merge value {transformation:[-0.6015461871713527f,-0.19572301320083388f,-0.7744899526805974f,-0.3125f,0.37331089284261065f,0.788267750521642f,-0.4891553237700711f,1.375f,0.7062444066926552f,-0.5833750556812799f,-0.4011139269885834f,-3.827021247335479e-17f,0f,0f,0f,1f],start_interpolation:0}
execute if entity @s[tag=aj.gojo.bone.bottom] run data modify entity @s {} merge value {transformation:[-0.6018907232034737f,0.798573922472835f,0.0026921493178620193f,0.2994829023848175f,-0.3933560128447616f,-0.2935379519381909f,-0.8712671908954244f,1.2079290277822394f,-0.6949810101581705f,-0.525466612753163f,0.4908016242854604f,0.19576540913013485f,0f,0f,0f,1f],start_interpolation:0}
execute if entity @s[tag=aj.gojo.bone.leftarm] run data modify entity @s {} merge value {transformation:[-0.6018907232034737f,0.20254107126159848f,0.7724666153134407f,0.3125f,-0.3933560128447616f,0.7666228920822327f,-0.5075040773179512f,1.375f,-0.6949810101581705f,-0.6093163839809966f,-0.38175245871094454f,3.827021247335479e-17f,0f,0f,0f,1f],start_interpolation:0}
execute if entity @s[tag=aj.gojo.bone.head] run data modify entity @s {} merge value {transformation:[-0.9999869394495119f,-0.00505409545680117f,0.0007596377503179974f,0f,-0.0044621293514544875f,0.9358315686484162f,0.35241930214262585f,1.5f,-0.0024920537813327296f,0.35241130975063506f,-0.9358418982006484f,0f,0f,0f,0f,1f],start_interpolation:0}
execute if entity @s[tag=aj.gojo.locator_origin.purple] at @s on origin run tp @s ^-0.42188 ^1.28125 ^0.57813 ~0 ~0
execute if entity @s[tag=aj.gojo.locator_origin.blue] at @s on origin run tp @s ^-0.25816 ^1.82145 ^-0.62887 ~0 ~0
execute if entity @s[tag=aj.gojo.bone.blue] run data modify entity @s {} merge value {transformation:[-0.4831344530023605f,0.9631171998227946f,1.319561125830241e-16f,-0.2581562499999997f,0.9631171998227946f,0.4831344530023605f,0f,1.8214453124999999f,-5.916690614271482e-17f,1.1794783959667471e-16f,-1.077503429355281f,-0.6288671875f,0f,0f,0f,1f],start_interpolation:0}
execute if entity @s[tag=aj.gojo.locator_origin.red] at @s on origin run tp @s ^0.28572 ^1.78125 ^-0.53125 ~0 ~0
execute if entity @s[tag=aj.gojo.bone.red] run data modify entity @s {} merge value {transformation:[0.3586142005799779f,-1.0160755362741367f,1.319561125830241e-16f,0.28571874999999985f,-1.0160755362741367f,-0.3586142005799779f,0f,1.78125f,4.391757328690568e-17f,-1.2443336531900519e-16f,-1.077503429355281f,-0.53125f,0f,0f,0f,1f],start_interpolation:0}
execute if entity @s[tag=aj.gojo.camera_origin.camera] at @s on origin run tp @s ^0 ^1.74771 ^2.50911 ~-180 ~0