execute if entity @s[tag=aj.gojo.locator_origin.head] at @s on origin run tp @s ^0 ^1.5 ^0 ~0 ~0
execute if entity @s[tag=aj.gojo.bone.bottom2] run data modify entity @s {} merge value {transformation:[-0.601458735216367f,-0.7988445176000645f,-0.009737891570996693f,-0.3011802562131737f,0.373324493609481f,-0.2702619502282597f,-0.8874611544907429f,1.2012447221453597f,0.7063116962808649f,-0.5374066569732254f,0.4607796357671519f,0.18996635706950155f,0f,0f,0f,1f],start_interpolation:0}
execute if entity @s[tag=aj.gojo.bone.rightarm] run data modify entity @s {} merge value {transformation:[-0.601458735216367f,-0.1956436589513971f,-0.774577916380294f,-0.3125f,0.373324493609481f,0.7883522348209312f,-0.4890087691688851f,1.375f,0.7063116962808649f,-0.5832875042077901f,-0.40112276815445724f,-3.827021247335479e-17f,0f,0f,0f,1f],start_interpolation:0}
execute if entity @s[tag=aj.gojo.bone.bottom] run data modify entity @s {} merge value {transformation:[-0.601803296252304f,0.798640083818935f,0.002609432418388319f,0.29949250734684135f,-0.3934147404829699f,-0.29360522701202113f,-0.8712180052328677f,1.2079230839585784f,-0.6950234777261696f,-0.5253284564811851f,0.4908893747276641f,0.19576097481614108f,0f,0f,0f,1f],start_interpolation:0}
execute if entity @s[tag=aj.gojo.bone.leftarm] run data modify entity @s {} merge value {transformation:[-0.601803296252304f,0.2024807946757106f,0.7725505293554296f,0.3125f,-0.3934147404829699f,0.7666613492864289f,-0.5074004508088555f,1.375f,-0.6950234777261696f,-0.6092880298330218f,-0.3817203978196818f,3.827021247335479e-17f,0f,0f,0f,1f],start_interpolation:0}
execute if entity @s[tag=aj.gojo.bone.head] run data modify entity @s {} merge value {transformation:[-0.9999868798324908f,-0.005065636615564165f,0.0007612414588464194f,0f,-0.004472301723398831f,0.9358226045470502f,0.35244297600614793f,1.5f,-0.002497735008861997f,0.352434947393777f,-0.9358329814530856f,0f,0f,0f,0f,1f],start_interpolation:0}
execute if entity @s[tag=aj.gojo.locator_origin.purple] at @s on origin run tp @s ^-0.42188 ^1.28125 ^0.57813 ~0 ~0
execute if entity @s[tag=aj.gojo.locator_origin.blue] at @s on origin run tp @s ^-0.03713 ^1.79359 ^-0.56122 ~0 ~0
execute if entity @s[tag=aj.gojo.bone.blue] run data modify entity @s {} merge value {transformation:[-0.46847575683592035f,0.01603208523588245f,5.740531871003205e-17f,-0.03713085937500009f,0.01603208523588245f,0.46847575683592035f,0f,1.7935888671875f,-5.737173360872436e-17f,1.9633641867780982e-18f,-0.4687499999999989f,-0.5612158203124998f,0f,0f,0f,1f],start_interpolation:0}
execute if entity @s[tag=aj.gojo.locator_origin.red] at @s on origin run tp @s ^0.04559 ^1.78125 ^-0.53125 ~0 ~0
execute if entity @s[tag=aj.gojo.bone.red] run data modify entity @s {} merge value {transformation:[-0.4564148797234782f,-0.10682705681147395f,5.740531871003205e-17f,0.045591796874999986f,-0.10682705681147395f,0.4564148797234782f,0f,1.78125f,-5.589470215365819e-17f,-1.3082541318650403e-17f,-0.4687499999999989f,-0.53125f,0f,0f,0f,1f],start_interpolation:0}
execute if entity @s[tag=aj.gojo.camera_origin.camera] at @s on origin run tp @s ^0 ^1.75473 ^2.33452 ~-180 ~0