execute if entity @s[tag=aj.gojo.locator_origin.head] at @s on origin run tp @s ^0 ^1.4811 ^0 ~2.99825 ~0
execute if entity @s[tag=aj.gojo.bone.torso] run data modify entity @s {} merge value {transformation:[-0.9986311321342054f,0f,0.05230546751875098f,0f,0f,1f,0f,1.481095116618076f,-0.05230546751875098f,0f,-0.9986311321342054f,0f,0f,0f,0f,1f],start_interpolation:0}
execute if entity @s[tag=aj.gojo.bone.bottom2] run data modify entity @s {} merge value {transformation:[-0.9993185447131164f,-0.011515667844136428f,-0.035069011770540885f,-0.37165072087547485f,0.015210543055389224f,0.7371941241615183f,-0.675509779856437f,1.1727472445186582f,0.033631615667686326f,-0.6755828688590582f,-0.7365165997665942f,0.15465223459438526f,0f,0f,0f,1f],start_interpolation:0}
execute if entity @s[tag=aj.gojo.bone.rightarm] run data modify entity @s {} merge value {transformation:[-0.9993185447131164f,-0.011515667844136428f,-0.035069011770540885f,-0.3120722287919392f,0.015210543055389224f,0.7371941241615183f,-0.675509779856437f,1.356095116618076f,0.033631615667686326f,-0.6755828688590582f,-0.7365165997665942f,-0.01634545859960968f,0f,0f,0f,1f],start_interpolation:0}
execute if entity @s[tag=aj.gojo.bone.bottom] run data modify entity @s {} merge value {transformation:[-0.9689367017366682f,0.21260324021427457f,0.12633894996420578f,0.3490405262512546f,0.1815143329370993f,0.9583298154750953f,-0.2205822107738284f,1.1085407928185347f,-0.1679708753506586f,-0.19079786954224945f,-0.9671514659101087f,0.07763535785806427f,0f,0f,0f,1f],start_interpolation:0}
execute if entity @s[tag=aj.gojo.bone.leftarm] run data modify entity @s {} merge value {transformation:[-0.987045884222027f,0.09888828121824524f,0.12633894996420578f,0.3120722287919392f,0.0692379721569218f,0.9729078021589341f,-0.2205822107738284f,1.356095116618076f,-0.14472914582748758f,-0.20897731057694652f,-0.9671514659101087f,0.01634545859960968f,0f,0f,0f,1f],start_interpolation:0}
execute if entity @s[tag=aj.gojo.bone.head] run data modify entity @s {} merge value {transformation:[-0.9989197694524612f,0.012636460793990568f,0.04471704435272597f,0f,0.014776943494364153f,0.9987444994895223f,0.0478650883252915f,1.481095116618076f,-0.04405605676869063f,0.048474164232357085f,-0.9978523534391089f,0f,0f,0f,0f,1f],start_interpolation:0}
execute if entity @s[tag=aj.gojo.bone.bottom3] run data modify entity @s {} merge value {transformation:[-0.9991553300548525f,0.04065277033165261f,-0.005998223682123965f,-0.13749527609043954f,0.03920606537525219f,0.98679072419379f,0.15718444924001584f,0.41992334852285673f,0.012308974805821122f,0.15681651351008152f,-0.9875510468982209f,-0.022716907025129105f,0f,0f,0f,1f],start_interpolation:0}
execute if entity @s[tag=aj.gojo.bone.rightleg] run data modify entity @s {} merge value {transformation:[-0.9991553300548525f,0.04000177688830953f,-0.009406607717811611f,-0.11875f,0.03920606537525219f,0.9965337792122063f,0.07337105237645963f,0.7310951166180759f,0.012308974805821122f,0.07294028197652952f,-0.9972603493593907f,-1.4542680739874818e-17f,0f,0f,0f,1f],start_interpolation:0}
execute if entity @s[tag=aj.gojo.bone.bottom4] run data modify entity @s {} merge value {transformation:[-0.999987555238398f,-0.003924394769680277f,0.003080339920146686f,0.132763354014279f,-0.003925694051380149f,0.9999922079607857f,-0.0004158652760497261f,0.42268504456093503f,-0.0030786838985030103f,-0.0004279525728062561f,-0.9999951692693563f,0.06393134325961036f,0f,0f,0f,1f],start_interpolation:0}
execute if entity @s[tag=aj.gojo.bone.leftleg] run data modify entity @s {} merge value {transformation:[-0.9994977029491834f,-0.024852778786709075f,-0.019664210787236625f,0.11875f,-0.021458703398952787f,0.9873414046508299f,-0.15715112061503753f,0.7310951166180759f,0.023320931536749176f,-0.15665021560376227f,-0.9873787743837483f,0.015123906705539335f,0f,0f,0f,1f],start_interpolation:0}
execute if entity @s[tag=aj.gojo.locator_origin.purple] at @s on origin run tp @s ^-0.42188 ^1.28125 ^0.57813 ~0 ~0
execute if entity @s[tag=aj.gojo.locator_origin.blue] at @s on origin run tp @s ^-0.39063 ^1.23438 ^0.79688 ~0 ~0
execute if entity @s[tag=aj.gojo.locator_origin.red] at @s on origin run tp @s ^0.01563 ^1.78125 ^-0.53125 ~0 ~0
execute if entity @s[tag=aj.gojo.camera_origin.camera] at @s on origin run tp @s ^0 ^1.59875 ^0 ~0 ~0