execute if entity @s[tag=aj.gojo.locator_origin.head] at @s on origin run tp @s ^0 ^1.41898 ^0 ~12.96296 ~0
execute if entity @s[tag=aj.gojo.bone.torso] run data modify entity @s {} merge value {transformation:[-0.9745152736666298f,0f,0.22432115680526787f,0f,0f,1f,0f,1.4189814814814814f,-0.22432115680526787f,0f,-0.9745152736666298f,0f,0f,0f,0f,1f],start_interpolation:0}
execute if entity @s[tag=aj.gojo.bone.bottom2] run data modify entity @s {} merge value {transformation:[-0.99790424065724f,0.0612727840048744f,-0.020803182895632f,-0.3822232340631179f,0.025962880394549553f,0.08465420346469632f,-0.9960720830729953f,1.2744406106399666f,-0.05927103272185685f,-0.9945246662481779f,-0.08606760658944088f,0.1748263655152822f,0f,0f,0f,1f],start_interpolation:0}
execute if entity @s[tag=aj.gojo.bone.rightarm] run data modify entity @s {} merge value {transformation:[-0.99790424065724f,0.0612727840048744f,-0.020803182895632f,-0.30453602302082183f,0.025962880394549553f,0.08465420346469632f,-0.9960720830729953f,1.2939814814814814f,-0.05927103272185685f,-0.9945246662481779f,-0.08606760658944088f,-0.07010036150164621f,0f,0f,0f,1f],start_interpolation:0}
execute if entity @s[tag=aj.gojo.bone.bottom] run data modify entity @s {} merge value {transformation:[-0.3923093876749377f,0.9107900924824512f,0.12866527028659827f,0.20001535510404994f,0.47562010527670795f,0.32058610779441005f,-0.8191520389682273f,1.150236348080912f,-0.7873238595385565f,-0.26016524542113406f,-0.5589590193174027f,0.25669890544528046f,0f,0f,0f,1f],start_interpolation:0}
execute if entity @s[tag=aj.gojo.bone.leftarm] run data modify entity @s {} merge value {transformation:[-0.7795578336300004f,0.6129721300745876f,0.12866527028659827f,0.30453602302082183f,0.2648481931132524f,0.5087684853239646f,-0.8191520389682273f,1.2939814814814814f,-0.567578204858807f,-0.6044996245598352f,-0.5589590193174027f,0.07010036150164621f,0f,0f,0f,1f],start_interpolation:0}
execute if entity @s[tag=aj.gojo.bone.head] run data modify entity @s {} merge value {transformation:[-0.9798073513145997f,0.021689717510633352f,0.19876395665255212f,0f,0.061529217049478516f,0.978566478308066f,0.1965243063364619f,1.4189814814814814f,-0.190241188387654f,0.20478575069095573f,-0.9601411805327356f,0f,0f,0f,0f,1f],start_interpolation:0}
execute if entity @s[tag=aj.gojo.bone.bottom3] run data modify entity @s {} merge value {transformation:[-0.9845368255264468f,0.16380705463185455f,0.06208452331413563f,-0.17964639539033342f,0.1670538598139967f,0.7712606939137839f,0.6142067648152973f,0.37665297152385113f,0.052728048546787296f,0.6150806377024602f,-0.786699155980215f,-0.09236332494240244f,0f,0f,0f,1f],start_interpolation:0}
execute if entity @s[tag=aj.gojo.bone.rightleg] run data modify entity @s {} merge value {transformation:[-0.9845368255264468f,0.17517772873853799f,0.00005036183112574914f,-0.11875f,0.1670538598139967f,0.9387923090606969f,0.30126733704424463f,0.6689814814814814f,0.052728048546787296f,0.2966172007866235f,-0.9535397155304836f,-1.4542680739874818e-17f,0f,0f,0f,1f],start_interpolation:0}
execute if entity @s[tag=aj.gojo.bone.bottom4] run data modify entity @s {} merge value {transformation:[-0.996405731326735f,-0.07636898416320206f,0.03665237832821891f,0.1650696554544323f,-0.07535084272109324f,0.9967525413015084f,0.028401089947501734f,0.42216183984738886f,-0.038702313631814984f,0.025537221204853133f,-0.9989244121817622f,0.2509058315840314f,0f,0f,0f,1f],start_interpolation:0}
execute if entity @s[tag=aj.gojo.bone.leftleg] run data modify entity @s {} merge value {transformation:[-0.9914448614360867f,-0.12839400022546169f,-0.023496115382825977f,0.11874999999999998f,-0.0881821870634823f,0.7915864969703656f,-0.6046608302998353f,0.6689814814814814f,0.09623403045014765f,-0.5974159342704959f,-0.7961364285491719f,0.06481481481481487f,0f,0f,0f,1f],start_interpolation:0}
execute if entity @s[tag=aj.gojo.locator_origin.purple] at @s on origin run tp @s ^-0.42188 ^1.28125 ^0.57813 ~0 ~0
execute if entity @s[tag=aj.gojo.locator_origin.blue] at @s on origin run tp @s ^-0.38258 ^1.24516 ^0.77068 ~-180 ~0
execute if entity @s[tag=aj.gojo.bone.blue] run data modify entity @s {} merge value {transformation:[0.0006880919381280998f,0.0001798076226146444f,-8.709652360799231e-20f,-0.3825843744305758f,0.0001798076226146444f,-0.0006880919381280998f,0f,1.2451620296556125f,8.42669589547676e-20f,2.2020082949731948e-20f,0.0007111970869366768f,0.7706779279792269f,0f,0f,0f,1f],start_interpolation:0}
execute if entity @s[tag=aj.gojo.locator_origin.red] at @s on origin run tp @s ^0.01563 ^1.78125 ^-0.53125 ~0 ~0
execute if entity @s[tag=aj.gojo.camera_origin.camera] at @s on origin run tp @s ^1.3125 ^1.755 ^1.6875 ~140 ~0