execute if entity @s[tag=aj.gojo.locator_origin.head] at @s on origin run tp @s ^0 ^1.41718 ^0 ~13.41 ~0
execute if entity @s[tag=aj.gojo.bone.torso] run data modify entity @s {} merge value {transformation:[-0.9727354157538723f,0f,0.23191768138316038f,0f,0f,1f,0f,1.4171802126200275f,-0.23191768138316038f,0f,-0.9727354157538723f,0f,0f,0f,0f,1f],start_interpolation:0}
execute if entity @s[tag=aj.gojo.bone.bottom2] run data modify entity @s {} merge value {transformation:[-0.9976176380405389f,0.06452546553565053f,-0.02440312618956233f,-0.38246228618453143f,0.030153630346052424f,0.08970397605821423f,-0.9955119061348793f,1.271638820502102f,-0.06204681174218191f,-0.9938760792859211f,-0.09143594575370974f,0.1721168186553563f,0f,0f,0f,1f],start_interpolation:0}
execute if entity @s[tag=aj.gojo.bone.rightarm] run data modify entity @s {} merge value {transformation:[-0.9976176380405389f,0.06452546553565053f,-0.02440312618956233f,-0.3039798174230851f,0.030153630346052424f,0.08970397605821423f,-0.9955119061348793f,1.2921802126200275f,-0.06204681174218191f,-0.9938760792859211f,-0.09143594575370974f,-0.07247427543223761f,0f,0f,0f,1f],start_interpolation:0}
execute if entity @s[tag=aj.gojo.bone.bottom] run data modify entity @s {} merge value {transformation:[-0.3400328217093033f,0.9364059386742367f,0.08672714786057961f,0.18801343046599708f,0.4576966829377217f,0.24535051852523385f,-0.8545857882548749f,1.1653598236442717f,-0.8215177579262762f,-0.25089248907653794f,-0.5120171211363578f,0.26450197144548704f,0f,0f,0f,1f],start_interpolation:0}
execute if entity @s[tag=aj.gojo.bone.leftarm] run data modify entity @s {} merge value {transformation:[-0.7531171903613657f,0.6521448454186936f,0.08672714786057961f,0.3039798174230851f,0.28019899654333946f,0.43723180676718854f,-0.8545857882548749f,1.2921802126200275f,-0.5952335843333338f,-0.6193023879696642f,-0.5120171211363578f,0.07247427543223761f,0f,0f,0f,1f],start_interpolation:0}
execute if entity @s[tag=aj.gojo.bone.head] run data modify entity @s {} merge value {transformation:[-0.9782658382907383f,0.019252110799064352f,0.20645896895775567f,0f,0.06099701660733142f,0.9783441901761205f,0.19779284495055885f,1.4171802126200275f,-0.19818000302332195f,0.20608736443171724f,-0.9582550206616528f,0f,0f,0f,0f,1f],start_interpolation:0}
execute if entity @s[tag=aj.gojo.bone.bottom3] run data modify entity @s {} merge value {transformation:[-0.9838440955117763f,0.16567059505382506f,0.06785314776137033f,-0.18083531100887296f,0.17072103021863855f,0.7540929267173149f,0.6341909710142528f,0.3768696585932555f,0.05389921676334022f,0.6355290015486513f,-0.7701933280825488f,-0.09777785474022337f,0f,0f,0f,1f],start_interpolation:0}
execute if entity @s[tag=aj.gojo.bone.rightleg] run data modify entity @s {} merge value {transformation:[-0.9838440955117763f,0.17899611331815793f,0.0033447187636638526f,-0.11875f,0.17072103021863855f,0.9324081934900431f,0.31854244702036333f,0.6671802126200275f,0.05389921676334022f,0.31396711950398154f,-0.9479026966427888f,-1.4542680739874818e-17f,0f,0f,0f,1f],start_interpolation:0}
execute if entity @s[tag=aj.gojo.bone.bottom4] run data modify entity @s {} merge value {transformation:[-0.9955740882002562f,-0.08652521773249282f,0.03668271528354f,0.1677670142453226f,-0.08665196435832982f,0.9962368772320389f,-0.0018765702220340796f,0.42957780542584534f,-0.036382303075414076f,-0.005046894025061477f,-0.9993252007648104f,0.26332876287551504f,0f,0f,0f,1f],start_interpolation:0}
execute if entity @s[tag=aj.gojo.bone.leftleg] run data modify entity @s {} merge value {transformation:[-0.9903891480965286f,-0.13704666262310172f,-0.018642628476210826f,0.11874999999999998f,-0.09341225098319444f,0.7621959480410467f,-0.6405712202058899f,0.6671802126200275f,0.1019974837870277f,-0.6326733351846588f,-0.7676724329083566f,0.06625582990397806f,0f,0f,0f,1f],start_interpolation:0}
execute if entity @s[tag=aj.gojo.locator_origin.purple] at @s on origin run tp @s ^-0.42188 ^1.28125 ^0.57813 ~0 ~0
execute if entity @s[tag=aj.gojo.locator_origin.blue] at @s on origin run tp @s ^-0.39063 ^1.23438 ^0.79688 ~0 ~0
execute if entity @s[tag=aj.gojo.locator_origin.red] at @s on origin run tp @s ^0.01563 ^1.78125 ^-0.53125 ~0 ~0
execute if entity @s[tag=aj.gojo.camera_origin.camera] at @s on origin run tp @s ^0 ^1.59875 ^0 ~0 ~0