execute if entity @s[tag=aj.gojo.locator_origin.head] at @s on origin run tp @s ^0 ^1.5 ^0 ~0 ~0
execute if entity @s[tag=aj.gojo.bone.bottom2] run data modify entity @s {} merge value {transformation:[-0.6108122187972967f,-0.7916041948224666f,-0.0164691258844491f,-0.299671623767163f,0.37178041750954216f,-0.26838192099018976f,-0.8886790566014516f,1.203438897947775f,0.6990620534146835f,-0.5489389248587586f,0.4582338946985f,0.19185533879945807f,0f,0f,0f,1f],start_interpolation:0}
execute if entity @s[tag=aj.gojo.bone.rightarm] run data modify entity @s {} merge value {transformation:[-0.6108122187972967f,-0.20401655963067214f,-0.7650396569880464f,-0.3125f,0.37178041750954216f,0.7791895125862851f,-0.504621664846029f,1.375f,0.6990620534146835f,-0.5926558418441615f,-0.4000891133280612f,-3.827021247335479e-17f,0f,0f,0f,1f],start_interpolation:0}
execute if entity @s[tag=aj.gojo.bone.bottom] run data modify entity @s {} merge value {transformation:[-0.6111349533641014f,0.7914451527583174f,0.011341911303702434f,0.29847145348705906f,-0.3870180191215607f,-0.28628517945271886f,-0.8765031938908995f,1.208558464317377f,-0.690457183069219f,-0.5400512625678122f,0.4812624150575557f,0.1962311521709649f,0f,0f,0f,1f],start_interpolation:0}
execute if entity @s[tag=aj.gojo.bone.leftarm] run data modify entity @s {} merge value {transformation:[-0.6111349533641014f,0.20889792439278923f,0.7634629827051486f,0.3125f,-0.3870180191215607f,0.7625206475108823f,-0.518439306953869f,1.375f,-0.690457183069219f,-0.6123103129165547f,-0.3851557594586247f,3.827021247335479e-17f,0f,0f,0f,1f],start_interpolation:0}
execute if entity @s[tag=aj.gojo.bone.head] run data modify entity @s {} merge value {transformation:[-0.9999924980157049f,-0.003828904671319709f,0.0005860045464658416f,0f,-0.0033818187698385787f,0.9367793639889062f,0.3499042533413225f,1.5f,-0.0018887069964661034f,0.34989964660393474f,-0.9367852849465149f,0f,0f,0f,0f,1f],start_interpolation:0}
execute if entity @s[tag=aj.gojo.locator_origin.purple] at @s on origin run tp @s ^-0.42188 ^1.28125 ^0.57813 ~0 ~0
execute if entity @s[tag=aj.gojo.locator_origin.blue] at @s on origin run tp @s ^-0.01819 ^1.67017 ^-0.26147 ~-180 ~0
execute if entity @s[tag=aj.gojo.bone.blue] run data modify entity @s {} merge value {transformation:[-0.0061483783120926646f,-0.06242553261015575f,-7.68191338222552e-18f,-0.01818847656249997f,-0.06242553261015575f,0.0061483783120926646f,0f,1.670166015625f,-7.529591819851288e-19f,-7.644922869609595e-18f,0.06272758306781978f,-0.261474609375f,0f,0f,0f,1f],start_interpolation:0}
execute if entity @s[tag=aj.gojo.locator_origin.red] at @s on origin run tp @s ^0.01563 ^1.78125 ^-0.53125 ~0 ~0
execute if entity @s[tag=aj.gojo.camera_origin.camera] at @s on origin run tp @s ^0 ^1.755 ^2.3125 ~-180 ~0