execute if entity @s[tag=aj.gojo.locator_origin.head] at @s on origin run tp @s ^0.00128 ^1.41685 ^-0.00535 ~13.47664 ~-0.42
execute if entity @s[tag=aj.gojo.bone.torso] run data modify entity @s {} merge value {transformation:[-0.9724650173337931f,0.0017083223665743375f,0.23304263922440782f,0.001281241774930753f,0f,0.9999731328638829f,-0.007330317209460549f,1.4168548496479123f,-0.2330489005809417f,-0.007128477052160255f,-0.9724388899838031f,-0.0053463577891201906f,0f,0f,0f,1f],start_interpolation:0}
execute if entity @s[tag=aj.gojo.bone.bottom2] run data modify entity @s {} merge value {transformation:[-0.9974927304391561f,0.06305088226697045f,-0.03213781209718146f,-0.3809336326568913f,0.031400671265196446f,-0.012647738284244175f,-0.9994268520308972f,1.2969826845650627f,-0.0634212154182823f,-0.9979301683793563f,0.010636186967984868f,0.16823563654205198f,0f,0f,0f,1f],start_interpolation:0}
execute if entity @s[tag=aj.gojo.bone.rightarm] run data modify entity @s {} merge value {transformation:[-0.9974927304391561f,0.06305088226697045f,-0.03213781209718146f,-0.3028276164377014f,0.031400671265196446f,-0.012647738284244175f,-0.9994268520308972f,1.2918582080399268f,-0.0634212154182823f,-0.9979301683793563f,0.010636186967984868f,-0.07728307958914445f,0f,0f,0f,1f],start_interpolation:0}
execute if entity @s[tag=aj.gojo.bone.bottom] run data modify entity @s {} merge value {transformation:[-0.38145032895018866f,0.9206904163042261f,0.08261237116403228f,0.19969308074469883f,0.44127279234655103f,0.2598925906391621f,-0.8589145266355336f,1.1651329186249586f,-0.8122647162584808f,-0.29117863701929764f,-0.5054117450802994f,0.2665269458506442f,0f,0f,0f,1f],start_interpolation:0}
execute if entity @s[tag=aj.gojo.bone.leftarm] run data modify entity @s {} merge value {transformation:[-0.7827904430343713f,0.6167773653634747f,0.08261237116403228f,0.3049630193959193f,0.2579424969101394f,0.442415533432338f,-0.8589145266355336f,1.2918582080399268f,-0.566308035067326f,-0.6510408415399688f,-0.5054117450802994f,0.06837248327394412f,0f,0f,0f,1f],start_interpolation:0}
execute if entity @s[tag=aj.gojo.bone.head] run data modify entity @s {} merge value {transformation:[-0.9779762336613039f,0.028628701630177715f,0.20674352187340955f,0.001281241774930753f,0.06214927370011709f,0.9855589486256762f,0.15751516296026843f,1.4168548496479123f,-0.19924847345010863f,0.16689504554306653f,-0.9656324816414261f,-0.0053463577891201906f,0f,0f,0f,1f],start_interpolation:0}
execute if entity @s[tag=aj.gojo.bone.bottom3] run data modify entity @s {} merge value {transformation:[-0.9837252295646023f,0.16609877429180073f,0.06852641751056252f,-0.18103698277162344f,0.17134210325657748f,0.7523514236778293f,0.6360890023743184f,0.37672469915936635f,0.05409765586125558f,0.6374782603890934f,-0.7685667903062247f,-0.09812465133337937f,0f,0f,0f,1f],start_interpolation:0}
execute if entity @s[tag=aj.gojo.bone.rightleg] run data modify entity @s {} merge value {transformation:[-0.9837252295646023f,0.17964384027790303f,0.00357258565716217f,-0.11875f,0.17134210325657748f,0.9319078047551592f,0.31967127973596937f,0.666875f,0.05409765586125558f,0.3150808373840391f,-0.9475217725961181f,-1.4542680739874818e-17f,0f,0f,0f,1f],start_interpolation:0}
execute if entity @s[tag=aj.gojo.bone.bottom4] run data modify entity @s {} merge value {transformation:[-0.9955098710686155f,-0.08719601979042013f,0.03683681226242742f,0.16793794222676348f,-0.08732353851229258f,0.9961782596369642f,-0.0018640408688865295f,0.42980587980084084f,-0.03653349458566491f,-0.005072391879320182f,-0.9993195558048394f,0.26417167497517996f,0f,0f,0f,1f],start_interpolation:0}
execute if entity @s[tag=aj.gojo.bone.leftleg] run data modify entity @s {} merge value {transformation:[-0.9903184096774698f,-0.1375950469320938f,-0.018358935525842262f,0.11874999999999998f,-0.09375185225903221f,0.76049622168249f,-0.6425387824907205f,0.666875f,0.1023720550340166f,-0.6345968010212562f,-0.7660331993338803f,0.06650000000000002f,0f,0f,0f,1f],start_interpolation:0}
execute if entity @s[tag=aj.gojo.locator_origin.purple] at @s on origin run tp @s ^-0.42188 ^1.28125 ^0.57813 ~0 ~0
execute if entity @s[tag=aj.gojo.locator_origin.blue] at @s on origin run tp @s ^-0.39063 ^1.23438 ^0.79688 ~0 ~0
execute if entity @s[tag=aj.gojo.locator_origin.red] at @s on origin run tp @s ^0.01563 ^1.78125 ^-0.53125 ~0 ~0
execute if entity @s[tag=aj.gojo.camera_origin.camera] at @s on origin run tp @s ^0 ^1.59875 ^0 ~0 ~0