execute if entity @s[tag=aj.gojo.locator_origin.head] at @s on origin run tp @s ^0 ^1.5 ^0 ~0 ~0
execute if entity @s[tag=aj.gojo.bone.bottom2] run data modify entity @s {} merge value {transformation:[-0.6275209494267189f,-0.7780853347641902f,-0.028296110253665463f,-0.2971229719066616f,0.36856747704006954f,-0.26484219165448175f,-0.8910761069560604f,1.2074897407987895f,0.6858392471264f,-0.5695979506147727f,0.4529709723111888f,0.19521810896881453f,0f,0f,0f,1f],start_interpolation:0}
execute if entity @s[tag=aj.gojo.bone.rightarm] run data modify entity @s {} merge value {transformation:[-0.6275209494267189f,-0.21838834973003343f,-0.7473446238067027f,-0.3125f,0.36856747704006954f,0.7621829060648593f,-0.5321984898239037f,1.375f,0.6858392471264f,-0.6094126240936583f,-0.39779489777569343f,-3.827021247335479e-17f,0f,0f,0f,1f],start_interpolation:0}
execute if entity @s[tag=aj.gojo.bone.bottom] run data modify entity @s {} merge value {transformation:[-0.627704723306601f,0.7780056342313965f,0.026344134883993536f,0.2966776172796999f,-0.37500091068734204f,-0.27255272010089393f,-0.8860526687219377f,1.2096912425024913f,-0.6821738028700953f,-0.5660585198279471f,0.4628354511140499f,0.19705054402280192f,0f,0f,0f,1f],start_interpolation:0}
execute if entity @s[tag=aj.gojo.bone.leftarm] run data modify entity @s {} merge value {transformation:[-0.627704723306601f,0.22021571170785062f,0.7466537488391713f,0.3125f,-0.37500091068734204f,0.7549852576618706f,-0.537932688816085f,1.375f,-0.6821738028700953f,-0.6176587253736837f,-0.3913267198231022f,3.827021247335479e-17f,0f,0f,0f,1f],start_interpolation:0}
execute if entity @s[tag=aj.gojo.bone.head] run data modify entity @s {} merge value {transformation:[-0.9999986768750757f,-0.0016067872890152151f,0.0002539344518775263f,0f,-0.0014202461290589898f,0.9384790724908467f,0.3453331918562896f,1.5f,-0.0007931891520212311f,0.3453323742879139f,-0.9384801127992224f,0f,0f,0f,0f,1f],start_interpolation:0}
execute if entity @s[tag=aj.gojo.locator_origin.purple] at @s on origin run tp @s ^-0.42188 ^1.28125 ^0.57813 ~0 ~0
execute if entity @s[tag=aj.gojo.locator_origin.blue] at @s on origin run tp @s ^-0.11666 ^1.5322 ^0.07358 ~-180 ~0
execute if entity @s[tag=aj.gojo.bone.blue] run data modify entity @s {} merge value {transformation:[0.01213147649784645f,0.0693555029154728f,-8.62255583719192e-18f,-0.11665544426475928f,0.0693555029154728f,-0.01213147649784645f,0f,1.5322016501913267f,1.4856773862018998e-18f,8.493599464868869e-18f,0.07040851160673656f,0.0735817066782065f,0f,0f,0f,1f],start_interpolation:0}
execute if entity @s[tag=aj.gojo.locator_origin.red] at @s on origin run tp @s ^0.01563 ^1.78125 ^-0.53125 ~0 ~0
execute if entity @s[tag=aj.gojo.camera_origin.camera] at @s on origin run tp @s ^0 ^1.755 ^2.3125 ~-180 ~0