execute if entity @s[tag=aj.gojo.locator_origin.head] at @s on origin run tp @s ^-0.00035 ^1.41984 ^0.00153 ~12.83976 ~0.12
execute if entity @s[tag=aj.gojo.bone.torso] run data modify entity @s {} merge value {transformation:[-0.974995377513753f,-0.0004654269091917222f,0.22222465480816134f,-0.00034907018189379163f,0f,0.9999978067553793f,0.002094393571219372f,1.4198363180294975f,-0.22222514220225908f,0.002042024050633409f,-0.974993239110386f,0.0015315180379750566f,0f,0f,0f,1f],start_interpolation:0}
execute if entity @s[tag=aj.gojo.bone.bottom2] run data modify entity @s {} merge value {transformation:[-0.9982015966799973f,0.05521971274446716f,-0.023331431801811527f,-0.3811694752699093f,0.029770807651337675f,0.11882628274213176f,-0.992468646125143f,1.2669906969777505f,-0.05203144623485981f,-0.9913783827853548f,-0.12025652060742244f,0.1764235384000999f,0f,0f,0f,1f],start_interpolation:0}
execute if entity @s[tag=aj.gojo.bone.rightarm] run data modify entity @s {} merge value {transformation:[-0.9982015966799973f,0.05521971274446716f,-0.023331431801811527f,-0.30497694729129265f,0.029770807651337675f,0.11882628274213176f,-0.992468646125143f,1.2948365921850749f,-0.05203144623485981f,-0.9913783827853548f,-0.12025652060742244f,-0.06816909190656009f,0f,0f,0f,1f],start_interpolation:0}
execute if entity @s[tag=aj.gojo.bone.bottom] run data modify entity @s {} merge value {transformation:[-0.37220036911346405f,0.9214026124966105f,0.11173231813679593f,0.19314024586854395f,0.4710067055833304f,0.29123503040619525f,-0.8326673047261075f,1.1576723422795658f,-0.7997621949850713f,-0.2572924070949694f,-0.5423845948438593f,0.2583770557207342f,0f,0f,0f,1f],start_interpolation:0}
execute if entity @s[tag=aj.gojo.bone.leftarm] run data modify entity @s {} merge value {transformation:[-0.7636201069329035f,0.6359246978782621f,0.11173231813679593f,0.304395163654803f,0.2773339834741166f,0.47932350375350674f,-0.8326673047261075f,1.2948365921850749f,-0.5830696304028874f,-0.6048543274028078f,-0.5423845948438593f,0.07072162196985185f,0f,0f,0f,1f],start_interpolation:0}
execute if entity @s[tag=aj.gojo.bone.head] run data modify entity @s {} merge value {transformation:[-0.9802832701914962f,0.019363637528528967f,0.19664628072844298f,-0.00034907018189379163f,0.062277858029792826f,0.9747423529403808f,0.21447334049590186f,1.4198363180294975f,-0.18752647434932176f,0.2224913367435097f,-0.9567295472034922f,0.0015315180379750566f,0f,0f,0f,1f],start_interpolation:0}
execute if entity @s[tag=aj.gojo.bone.bottom3] run data modify entity @s {} merge value {transformation:[-0.9848609405610979f,0.1618400891434002f,0.06210244200646246f,-0.17907425319295836f,0.16530910200493185f,0.7690344039521003f,0.6174617286377844f,0.3781559594890831f,0.052171146732967265f,0.6183800377470914f,-0.7841455862048023f,-0.09475181173030621f,0f,0f,0f,1f],start_interpolation:0}
execute if entity @s[tag=aj.gojo.bone.rightleg] run data modify entity @s {} merge value {transformation:[-0.9848609405610979f,0.1733403914062448f,0.001427047385202005f,-0.11875f,0.16530910200493185f,0.9366885931565142f,0.30868654043348454f,0.6698379629629629f,0.052171146732967265f,0.30424922047163916f,-0.9511627533135258f,-1.4542680739874818e-17f,0f,0f,0f,1f],start_interpolation:0}
execute if entity @s[tag=aj.gojo.bone.bottom4] run data modify entity @s {} merge value {transformation:[-0.9961052082836241f,-0.08079392463284901f,0.03530942894836274f,0.1662710725156877f,-0.08091371340318224f,0.9967191541552237f,-0.001974518524389235f,0.4276627064590494f,-0.035034055054270395f,-0.0048238452003545595f,-0.9993744771125272f,0.255932146047487f,0f,0f,0f,1f],start_interpolation:0}
execute if entity @s[tag=aj.gojo.bone.leftleg] run data modify entity @s {} merge value {transformation:[-0.9909942673485409f,-0.13224754670322988f,-0.020998773138107607f,0.11874999999999998f,-0.09045291477383165f,0.7767698791079999f,-0.6232550241429756f,0.6698379629629629f,0.09873516238527501f,-0.615742755784849f,-0.7817366733160426f,0.06412962962962965f,0f,0f,0f,1f],start_interpolation:0}
execute if entity @s[tag=aj.gojo.locator_origin.purple] at @s on origin run tp @s ^-0.42188 ^1.28125 ^0.57813 ~0 ~0
execute if entity @s[tag=aj.gojo.bone.purple] run data modify entity @s {} merge value {transformation:[-3.81587310967616f,-0.7242086859799245f,4.756513949162536e-16f,-0.42187500000000006f,-0.7242086859799245f,3.81587310967616f,0f,1.28125f,-4.673096789717366e-16f,-8.868998492000252e-17f,-3.8839883895292964f,0.578125f,0f,0f,0f,1f],start_interpolation:0}
execute if entity @s[tag=aj.gojo.locator_origin.blue] at @s on origin run tp @s ^-0.39063 ^1.23438 ^0.79688 ~0 ~0
execute if entity @s[tag=aj.gojo.locator_origin.red] at @s on origin run tp @s ^0.01563 ^1.78125 ^-0.53125 ~0 ~0
execute if entity @s[tag=aj.gojo.camera_origin.camera] at @s on origin run tp @s ^0 ^1.59875 ^0 ~0 ~0