execute if entity @s[tag=aj.gojo.locator_origin.head] at @s on origin run tp @s ^0 ^1.45399 ^0 ~7.29784 ~0
execute if entity @s[tag=aj.gojo.bone.torso] run data modify entity @s {} merge value {transformation:[-0.9918992264200261f,0f,0.12702725938692694f,0f,0f,1f,0f,1.4539905247813412f,-0.12702725938692694f,0f,-0.9918992264200261f,0f,0f,0f,0f,1f],start_interpolation:0}
execute if entity @s[tag=aj.gojo.bone.bottom2] run data modify entity @s {} merge value {transformation:[-0.998552288845554f,-0.04172948919669167f,-0.03394077448569128f,-0.3619456540099324f,0.030088344604191006f,0.08971348031082726f,-0.9955130250124796f,1.3084426762413963f,0.044587195025980325f,-0.9950930314206313f,-0.08832802985357016f,0.21186393898586695f,0f,0f,0f,1f],start_interpolation:0}
execute if entity @s[tag=aj.gojo.bone.rightarm] run data modify entity @s {} merge value {transformation:[-0.998552288845554f,-0.04172948919669167f,-0.03394077448569128f,-0.30996850825625816f,0.030088344604191006f,0.08971348031082726f,-0.9955130250124796f,1.3289905247813412f,0.044587195025980325f,-0.9950930314206313f,-0.08832802985357016f,-0.03969601855841467f,0f,0f,0f,1f],start_interpolation:0}
execute if entity @s[tag=aj.gojo.bone.bottom] run data modify entity @s {} merge value {transformation:[-0.7990773784063397f,0.5623671494246026f,0.21264649672002117f,0.28843782235390186f,0.3900853753700255f,0.7540788620103345f,-0.5283923445619033f,1.1104842977035887f,-0.45750272484617793f,-0.3392760809683547f,-0.8219385607459215f,0.1745949002914363f,0f,0f,0f,1f],start_interpolation:0}
execute if entity @s[tag=aj.gojo.bone.leftarm] run data modify entity @s {} merge value {transformation:[-0.9242185740062512f,0.31717738711098803f,0.21264649672002117f,0.30996850825625816f,0.1642830424091025f,0.8329541477087342f,-0.5283923445619033f,1.3289905247813412f,-0.34471888465626677f,-0.45341580576801976f,-0.8219385607459215f,0.03969601855841467f,0f,0f,0f,1f],start_interpolation:0}
execute if entity @s[tag=aj.gojo.bone.head] run data modify entity @s {} merge value {transformation:[-0.9936091530332964f,0.023004331618371694f,0.11050634251140168f,0f,0.03595069076069062f,0.9925243181296345f,0.11663200999354054f,1.4539905247813412f,-0.10699719081492014f,0.11985941201297515f,-0.9870082687139047f,0f,0f,0f,0f,1f],start_interpolation:0}
execute if entity @s[tag=aj.gojo.bone.bottom3] run data modify entity @s {} merge value {transformation:[-0.9950015630387627f,0.09953957842446678f,0.00798510347450515f,-0.15592928596699335f,0.0952612401537361f,0.922161128538402f,0.37489218335029706f,0.3985639744873759f,0.0299530578537709f,0.3737789792642973f,-0.9270340279543943f,-0.055023954515396205f,0f,0f,0f,1f],start_interpolation:0}
execute if entity @s[tag=aj.gojo.bone.rightleg] run data modify entity @s {} merge value {transformation:[-0.9950015630387627f,0.09907368383360343f,-0.012501788754346885f,-0.11875f,0.0952612401537361f,0.9792701857437638f,0.17876017296295757f,0.7039905247813413f,0.0299530578537709f,0.17667571560634324f,-0.9838132474408927f,-1.4542680739874818e-17f,0f,0f,0f,1f],start_interpolation:0}
execute if entity @s[tag=aj.gojo.bone.bottom4] run data modify entity @s {} merge value {transformation:[-0.9995667628383867f,-0.025039704780143716f,0.015469318450130755f,0.1467331051957775f,-0.025068312355729584f,0.9996843653144738f,-0.001658150003251091f,0.4151905569962152f,-0.015422916210103853f,-0.002045221337888148f,-0.9998789680382598f,0.15302649830322568f,0f,0f,0f,1f],start_interpolation:0}
execute if entity @s[tag=aj.gojo.bone.leftleg] run data modify entity @s {} merge value {transformation:[-0.9970273051703605f,-0.06960539052308079f,-0.03304001142339728f,0.11875f,-0.05213515329119448f,0.9252025999782273f,-0.37587507869614334f,0.7039905247813413f,0.05673163611277627f,-0.37303517073281134f,-0.9260811426977174f,0.036807580174927f,0f,0f,0f,1f],start_interpolation:0}
execute if entity @s[tag=aj.gojo.locator_origin.purple] at @s on origin run tp @s ^-0.42188 ^1.28125 ^0.57813 ~0 ~0
execute if entity @s[tag=aj.gojo.locator_origin.blue] at @s on origin run tp @s ^-0.39063 ^1.23438 ^0.79688 ~0 ~0
execute if entity @s[tag=aj.gojo.locator_origin.red] at @s on origin run tp @s ^0.01563 ^1.78125 ^-0.53125 ~0 ~0
execute if entity @s[tag=aj.gojo.camera_origin.camera] at @s on origin run tp @s ^0 ^1.59875 ^0 ~0 ~0