execute if entity @s[tag=aj.gojo.locator_origin.head] at @s on origin run tp @s ^0 ^1.42188 ^0 ~12.48998 ~0
execute if entity @s[tag=aj.gojo.bone.torso] run data modify entity @s {} merge value {transformation:[-0.9763338612374866f,0f,0.21626879433034332f,0f,0f,1f,0f,1.421875f,-0.21626879433034332f,0f,-0.9763338612374866f,0f,0f,0f,0f,1f],start_interpolation:0}
execute if entity @s[tag=aj.gojo.bone.bottom2] run data modify entity @s {} merge value {transformation:[-0.9984852462635435f,0.04855942585322087f,-0.025868806598615658f,-0.37964951599149127f,0.030154349548454237f,0.08970387131285518f,-0.9955118937887166f,1.2763336790185646f,-0.04602095389429328f,-0.9947839954644891f,-0.09103226993965968f,0.17823569101949666f,0f,0f,0f,1f],start_interpolation:0}
execute if entity @s[tag=aj.gojo.bone.rightarm] run data modify entity @s {} merge value {transformation:[-0.9984852462635435f,0.04855942585322087f,-0.025868806598615658f,-0.3051043316367146f,0.030154349548454237f,0.08970387131285518f,-0.9955118937887166f,1.296875f,-0.04602095389429328f,-0.9947839954644891f,-0.09103226993965968f,-0.06758399822823229f,0f,0f,0f,1f],start_interpolation:0}
execute if entity @s[tag=aj.gojo.bone.bottom] run data modify entity @s {} merge value {transformation:[-0.41527473609791504f,0.9011331379471158f,0.12452293464414951f,0.20224188654236547f,0.4700469108406312f,0.32975081046303184f,-0.8187309109885574f,1.152948817247657f,-0.778847093573563f,-0.2814666422376866f,-0.5605120285412755f,0.2549628158879432f,0f,0f,0f,1f],start_interpolation:0}
execute if entity @s[tag=aj.gojo.bone.leftarm] run data modify entity @s {} merge value {transformation:[-0.7844501664512931f,0.6075623219902196f,0.12452293464414951f,0.3051043316367146f,0.26467472257316416f,0.5095360503660809f,-0.8187309109885574f,1.296875f,-0.5608789776639493f,-0.6092955262228562f,-0.5605120285412755f,0.06758399822823229f,0f,0f,0f,1f],start_interpolation:0}
execute if entity @s[tag=aj.gojo.bone.head] run data modify entity @s {} merge value {transformation:[-0.9813199565961316f,0.022539946510102486f,0.19105782788854372f,0f,0.060954694898141835f,0.978374674604016f,0.19765505625548843f,1.421875f,-0.18247100579555406f,0.2056087228324897f,-0.9614725087797109f,0f,0f,0f,0f,1f],start_interpolation:0}
execute if entity @s[tag=aj.gojo.locator_origin.purple] at @s on origin run tp @s ^-0.42188 ^1.28125 ^0.57813 ~0 ~0
execute if entity @s[tag=aj.gojo.bone.purple] run data modify entity @s {} merge value {transformation:[0.15511830642296254f,0.23363023144421713f,3.434359754161364e-17f,-0.42187500000000006f,0.23363023144421713f,-0.15511830642296254f,0f,1.28125f,1.899651374500394e-17f,2.861145151222158e-17f,-0.2804367558509522f,0.578125f,0f,0f,0f,1f],start_interpolation:0}
execute if entity @s[tag=aj.gojo.locator_origin.blue] at @s on origin run tp @s ^-0.41197 ^1.20325 ^0.87247 ~0 ~0
execute if entity @s[tag=aj.gojo.bone.blue] run data modify entity @s {} merge value {transformation:[-0.000007549385284835676f,0.0000065579556129259214f,1.2246467991473532e-21f,-0.4119687506169428f,0.0000065579556129259214f,0.000007549385284835676f,0f,1.2032486970169587f,-9.24533052460414e-22f,8.0311793503201485e-22f,-0.00001f,0.872467450101672f,0f,0f,0f,1f],start_interpolation:0}
execute if entity @s[tag=aj.gojo.locator_origin.red] at @s on origin run tp @s ^0.01563 ^1.78125 ^-0.53125 ~0 ~0
execute if entity @s[tag=aj.gojo.camera_origin.camera] at @s on origin run tp @s ^1.3125 ^1.755 ^1.6875 ~140 ~0