execute if entity @s[tag=aj.gojo.locator_origin.head] at @s on origin run tp @s ^0 ^1.5 ^0 ~0 ~0
execute if entity @s[tag=aj.gojo.bone.bottom2] run data modify entity @s {} merge value {transformation:[-0.6012273062543839f,-0.7990207342116065f,-0.009570397799607472f,-0.30121831601341653f,0.3733604102717153f,-0.2703076227385105f,-0.8874321343805349f,1.2011910999941748f,0.706489724097834f,-0.5371216392861123f,0.46083903301995344f,0.18991956161804913f,0f,0f,0f,1f],start_interpolation:0}
execute if entity @s[tag=aj.gojo.bone.rightarm] run data modify entity @s {} merge value {transformation:[-0.6012273062543839f,-0.19543356250992974f,-0.7748105890208101f,-0.3125f,0.3733604102717153f,0.788575702591229f,-0.48862088097469386f,1.375f,0.706489724097834f,-0.5830558154477381f,-0.40114609036701254f,-3.827021247335479e-17f,0f,0f,0f,1f],start_interpolation:0}
execute if entity @s[tag=aj.gojo.bone.bottom] run data modify entity @s {} merge value {transformation:[-0.6015719173763239f,0.7988150687305344f,0.0023904378688825167f,0.29951793089263995f,-0.3935700569687142f,-0.29378315652928566f,-0.8710878642234274f,1.2079073542261158f,-0.6951358417473641f,-0.5249628014523704f,0.49112138887393497f,0.19574923655017148f,0f,0f,0f,1f],start_interpolation:0}
execute if entity @s[tag=aj.gojo.bone.leftarm] run data modify entity @s {} merge value {transformation:[-0.6015719173763239f,0.20232125577352114f,0.7727725006018257f,0.3125f,-0.3935700569687142f,0.7667630973377155f,-0.5071261803720215f,1.375f,-0.6951358417473641f,-0.6092129857638449f,-0.38163555847809183f,3.827021247335479e-17f,0f,0f,0f,1f],start_interpolation:0}
execute if entity @s[tag=aj.gojo.bone.head] run data modify entity @s {} merge value {transformation:[-0.9999867214217815f,-0.005096176700037077f,0.0007654823044169281f,0f,-0.004499219380216757f,0.9357988806029676f,0.35250561993704643f,1.5f,-0.0025127684105500426f,0.35249749509078043f,-0.9358093833413086f,0f,0f,0f,0f,1f],start_interpolation:0}
execute if entity @s[tag=aj.gojo.locator_origin.purple] at @s on origin run tp @s ^-0.42188 ^1.28125 ^0.57813 ~0 ~0
execute if entity @s[tag=aj.gojo.locator_origin.blue] at @s on origin run tp @s ^-0.2019 ^1.8197 ^-0.62463 ~0 ~0
execute if entity @s[tag=aj.gojo.bone.blue] run data modify entity @s {} merge value {transformation:[-0.7355086610721701f,0.7355086610721694f,1.2738363589382084e-16f,-0.20190429687499992f,0.7355086610721694f,0.7355086610721701f,0f,1.8197021484375f,-9.007383275271885e-17f,9.007383275271877e-17f,-1.0401663237311385f,-0.6246337890625f,0f,0f,0f,1f],start_interpolation:0}
execute if entity @s[tag=aj.gojo.locator_origin.red] at @s on origin run tp @s ^0.22827 ^1.78125 ^-0.53125 ~0 ~0
execute if entity @s[tag=aj.gojo.bone.red] run data modify entity @s {} merge value {transformation:[-0.060480292931784696f,-1.0384065269398286f,1.2738363589382084e-16f,0.22827148437500006f,-1.0384065269398286f,0.060480292931784696f,0f,1.78125f,-7.406699715040442e-18f,-1.2716812294305808e-16f,-1.0401663237311385f,-0.53125f,0f,0f,0f,1f],start_interpolation:0}
execute if entity @s[tag=aj.gojo.camera_origin.camera] at @s on origin run tp @s ^0 ^1.7496 ^2.46735 ~-180 ~0