execute if entity @s[tag=aj.gojo.locator_origin.head] at @s on origin run tp @s ^0 ^1.42188 ^0 ~12.46357 ~0
execute if entity @s[tag=aj.gojo.bone.torso] run data modify entity @s {} merge value {transformation:[-0.9764334413667553f,0f,0.2158187540059375f,0f,0f,1f,0f,1.421875f,-0.2158187540059375f,0f,-0.9764334413667553f,0f,0f,0f,0f,1f],start_interpolation:0}
execute if entity @s[tag=aj.gojo.bone.bottom2] run data modify entity @s {} merge value {transformation:[-0.9985062161345551f,0.0481027913399551f,-0.025912502888718957f,-0.37956778677050945f,0.030156244222097506f,0.08970359536605754f,-0.995511861261743f,1.2763338664223667f,-0.045562454664672514f,-0.9948062054710494f,-0.09102019710603958f,0.17841053732436485f,0f,0f,0f,1f],start_interpolation:0}
execute if entity @s[tag=aj.gojo.bone.rightarm] run data modify entity @s {} merge value {transformation:[-0.9985062161345551f,0.0481027913399551f,-0.025912502888718957f,-0.305135450427111f,0.030156244222097506f,0.08970359536605754f,-0.995511861261743f,1.296875f,-0.045562454664672514f,-0.9948062054710494f,-0.09102019710603958f,-0.06744336062685546f,0f,0f,0f,1f],start_interpolation:0}
execute if entity @s[tag=aj.gojo.bone.bottom] run data modify entity @s {} merge value {transformation:[-0.41666445668726393f,0.9003535205621487f,0.12551600911776775f,0.2026608573612584f,0.4705738232424461f,0.33175366466493056f,-0.8176183601536698f,1.152472443520214f,-0.7777859650395438f,-0.2816079615222791f,-0.5619127588823486f,0.25466811715785004f,0f,0f,0f,1f],start_interpolation:0}
execute if entity @s[tag=aj.gojo.bone.leftarm] run data modify entity @s {} merge value {transformation:[-0.7853228764227739f,0.6062290913691037f,0.12551600911776775f,0.305135450427111f,0.26421728443147124f,0.5115559048112759f,-0.8176183601536698f,1.296875f,-0.5598724911751958f,-0.6089309033301793f,-0.5619127588823486f,0.06744336062685546f,0f,0f,0f,1f],start_interpolation:0}
execute if entity @s[tag=aj.gojo.bone.head] run data modify entity @s {} merge value {transformation:[-0.9813989813154588f,0.022585084806924872f,0.19064614713453773f,0f,0.06084320119197553f,0.9784548797971531f,0.19729205019425275f,1.421875f,-0.18208279529294522f,0.20522173896885962f,-0.9616287711549113f,0f,0f,0f,0f,1f],start_interpolation:0}
execute if entity @s[tag=aj.gojo.locator_origin.purple] at @s on origin run tp @s ^-0.42188 ^1.28125 ^0.57813 ~0 ~0
execute if entity @s[tag=aj.gojo.bone.purple] run data modify entity @s {} merge value {transformation:[-0.61822518590028f,-0.38990219482007893f,8.951038055098613e-17f,-0.42187500000000006f,-0.38990219482007893f,0.61822518590028f,0f,1.28125f,-7.571074950650553e-17f,-4.774924748669374e-17f,-0.730907724686879f,0.578125f,0f,0f,0f,1f],start_interpolation:0}
execute if entity @s[tag=aj.gojo.locator_origin.blue] at @s on origin run tp @s ^-0.41834 ^1.19395 ^0.89504 ~0 ~0
execute if entity @s[tag=aj.gojo.bone.blue] run data modify entity @s {} merge value {transformation:[-0.000005987641063286154f,0.000008009254303444827f,1.2246467991473532e-21f,-0.4183430028823565f,0.000008009254303444827f,0.000005987641063286154f,0f,1.1939529124632302f,-7.332745462596643e-22f,9.808507646270871e-22f,-0.00001f,0.8950429268750124f,0f,0f,0f,1f],start_interpolation:0}
execute if entity @s[tag=aj.gojo.locator_origin.red] at @s on origin run tp @s ^0.01563 ^1.78125 ^-0.53125 ~0 ~0
execute if entity @s[tag=aj.gojo.camera_origin.camera] at @s on origin run tp @s ^0.525 ^1.66125 ^0.675 ~56 ~0