execute if entity @s[tag=aj.gojo.locator_origin.head] at @s on origin run tp @s ^0 ^1.5 ^0 ~0 ~0
execute if entity @s[tag=aj.gojo.bone.bottom2] run data modify entity @s {} merge value {transformation:[-0.6193753990491598f,-0.7847706731735966f,-0.022563368085330965f,-0.2983417239440904f,0.37020725677023425f,-0.2665986002911817f,-0.8898717735479875f,1.2054938893068565f,0.6923299084160324f,-0.5595178074462358f,0.4556524125506253f,0.1935806593046124f,0f,0f,0f,1f],start_interpolation:0}
execute if entity @s[tag=aj.gojo.bone.rightarm] run data modify entity @s {} merge value {transformation:[-0.6193753990491598f,-0.21147695398592817f,-0.7560764597483033f,-0.3125f,0.37020725677023425f,0.7705762569651328f,-0.5188051842804423f,1.375f,0.6923299084160324f,-0.6012401601144416f,-0.39898567365033155f,-3.827021247335479e-17f,0f,0f,0f,1f],start_interpolation:0}
execute if entity @s[tag=aj.gojo.bone.bottom] run data modify entity @s {} merge value {transformation:[-0.6196433543532033f,0.7846503750045402f,0.0191285757740913f,0.29754743131321937f,-0.3809549801039803f,-0.2793558160888707f,-0.8813816603216209f,1.2091394250899532f,-0.686232771397495f,-0.5534294146705212f,0.4720174429378198f,0.19665436781362336f,0f,0f,0f,1f],start_interpolation:0}
execute if entity @s[tag=aj.gojo.bone.leftarm] run data modify entity @s {} merge value {transformation:[-0.6196433543532033f,0.21472111333542332f,0.7549416910556118f,0.3125f,-0.3809549801039803f,0.7586810446661825f,-0.5284660590787322f,1.375f,-0.686232771397495f,-0.6150592784051196f,-0.38831258994254503f,3.827021247335479e-17f,0f,0f,0f,1f],start_interpolation:0}
execute if entity @s[tag=aj.gojo.bone.head] run data modify entity @s {} merge value {transformation:[-0.9999962881154434f,-0.0026922606673267444f,0.00041891268096035274f,0f,-0.0023788116582703174f,0.9376518960836524f,0.34756763805887636f,1.5f,-0.001328536950777532f,0.34756535141355904f,-0.9376548200091224f,0f,0f,0f,0f,1f],start_interpolation:0}
execute if entity @s[tag=aj.gojo.locator_origin.purple] at @s on origin run tp @s ^-0.42188 ^1.28125 ^0.57813 ~0 ~0
execute if entity @s[tag=aj.gojo.locator_origin.blue] at @s on origin run tp @s ^-1.1295 ^1.78125 ^-0.53125 ~0 ~0
execute if entity @s[tag=aj.gojo.bone.blue] run data modify entity @s {} merge value {transformation:[1.4990116859447566f,-0.0544423125983652f,1.8369701987210297e-16f,-1.1295f,-0.0544423125983652f,-1.4990116859447566f,0f,1.78125f,1.8357598630767236e-16f,-6.667260386176756e-18f,-1.5f,-0.5312500000000001f,0f,0f,0f,1f],start_interpolation:0}
execute if entity @s[tag=aj.gojo.locator_origin.red] at @s on origin run tp @s ^1.1295 ^1.78125 ^-0.53125 ~0 ~0
execute if entity @s[tag=aj.gojo.bone.red] run data modify entity @s {} merge value {transformation:[1.4017420843134762f,0.5339654755361168f,1.8369701987210297e-16f,1.1295f,0.5339654755361168f,-1.4017420843134762f,0f,1.78125f,1.716638956784638e-16f,6.539191104704998e-17f,-1.5f,-0.5312499999999999f,0f,0f,0f,1f],start_interpolation:0}
execute if entity @s[tag=aj.gojo.camera_origin.camera] at @s on origin run tp @s ^0 ^1.83833 ^3.125 ~-180 ~0