execute if entity @s[tag=aj.gojo.locator_origin.head] at @s on origin run tp @s ^0 ^1.5 ^0 ~0 ~0
execute if entity @s[tag=aj.gojo.bone.bottom2] run data modify entity @s {} merge value {transformation:[-0.6072064920111259f,-0.7944227666017379f,-0.013883226007787436f,-0.30024632571782206f,0.3723970827367482f,-0.2691147158214387f,-0.888199123224914f,1.2025868160366953f,0.7018694243438035f,-0.5444903466850327f,0.4592489232846506f,0.19112768366257657f,0f,0f,0f,1f],start_interpolation:0}
execute if entity @s[tag=aj.gojo.bone.rightarm] run data modify entity @s {} merge value {transformation:[-0.6072064920111259f,-0.20081632013149334f,-0.7687477360151301f,-0.3125f,0.3723970827367482f,0.7827520065374058f,-0.4986177985499761f,1.375f,0.7018694243438035f,-0.5890433785643555f,-0.400508688221351f,-3.827021247335479e-17f,0f,0f,0f,1f],start_interpolation:0}
execute if entity @s[tag=aj.gojo.bone.bottom] run data modify entity @s {} merge value {transformation:[-0.6075422579636073f,0.7942470356699622f,0.008003194234760619f,0.29886358347541025f,-0.38951163809001277f,-0.28913712742231923f,-0.8744600650335065f,1.208313615868962f,-0.6922232938733835f,-0.5343887797057936f,0.485031487167211f,0.19605087984930847f,0f,0f,0f,1f],start_interpolation:0}
execute if entity @s[tag=aj.gojo.bone.leftarm] run data modify entity @s {} merge value {transformation:[-0.6075422579636073f,0.2064312305892608f,0.7669931889044941f,0.3125f,-0.38951163809001277f,0.7641234460466549f,-0.5141945575307266f,1.375f,-0.6922232938733835f,-0.6111476959288878f,-0.3838299169943572f,3.827021247335479e-17f,0f,0f,0f,1f],start_interpolation:0}
execute if entity @s[tag=aj.gojo.bone.head] run data modify entity @s {} merge value {transformation:[-0.9999905139946336f,-0.004306230073052222f,0.0006544488571271006f,0f,-0.003802801337448603f,0.9364110095002971f,0.350884539398108f,1.5f,-0.002123822670693913f,0.350878722166495f,-0.9364185024379169f,0f,0f,0f,0f,1f],start_interpolation:0}
execute if entity @s[tag=aj.gojo.locator_origin.purple] at @s on origin run tp @s ^-0.42188 ^1.28125 ^0.57813 ~0 ~0
execute if entity @s[tag=aj.gojo.locator_origin.blue] at @s on origin run tp @s ^-0.00184 ^1.70938 ^-0.3567 ~-180 ~0
execute if entity @s[tag=aj.gojo.bone.blue] run data modify entity @s {} merge value {transformation:[0.028259555964036027f,-0.03520838311287885f,-5.528887318635782e-18f,-0.0018395960504737471f,-0.03520838311287885f,-0.028259555964036027f,0f,1.7093779894770407f,3.4607974756682215e-18f,-4.311783368234081e-18f,0.04514679107874375f,-0.3567036887299562f,0f,0f,0f,1f],start_interpolation:0}
execute if entity @s[tag=aj.gojo.locator_origin.red] at @s on origin run tp @s ^0.01563 ^1.78125 ^-0.53125 ~0 ~0
execute if entity @s[tag=aj.gojo.camera_origin.camera] at @s on origin run tp @s ^0 ^1.755 ^2.3125 ~-180 ~0