execute if entity @s[tag=aj.gojo.locator_origin.head] at @s on origin run tp @s ^0 ^1.5 ^0 ~0 ~0
execute if entity @s[tag=aj.gojo.bone.bottom2] run data modify entity @s {} merge value {transformation:[-0.6025912902807372f,-0.7979801303073571f,-0.010556917753282519f,-0.30099450849419246f,0.37314713906971625f,-0.2700378693356206f,-0.8876039441827441f,1.2015076000110385f,0.7054395434634225f,-0.5388016896403829f,0.4604864707662824f,0.19019532279023046f,0f,0f,0f,1f],start_interpolation:0}
execute if entity @s[tag=aj.gojo.bone.rightarm] run data modify entity @s {} merge value {transformation:[-0.6025912902807372f,-0.19666978859341452f,-0.773436960024809f,-0.3125f,0.37314713906971625f,0.7872563847232752f,-0.4909058945628219f,1.375f,0.7054395434634225f,-0.5844214052950664f,-0.4010070716970683f,-3.827021247335479e-17f,0f,0f,0f,1f],start_interpolation:0}
execute if entity @s[tag=aj.gojo.bone.bottom] run data modify entity @s {} merge value {transformation:[-0.6029352690432889f,0.7977816276556012f,0.003679119307180234f,0.2993682038083852f,-0.39265261379079525f,-0.29273229846655213f,-0.8718553356593892f,1.2080000557500352f,-0.6944731717114446f,-0.5271169471850332f,0.48974966846683776f,0.19581834579346888f,0f,0f,0f,1f],start_interpolation:0}
execute if entity @s[tag=aj.gojo.bone.leftarm] run data modify entity @s {} merge value {transformation:[-0.6029352690432889f,0.2032610020272815f,0.7714622650516112f,0.3125f,-0.39265261379079525f,0.7661629304475581f,-0.5087418686242238f,1.375f,-0.6944731717114446f,-0.6096550902460143f,-0.3821356888726448f,3.827021247335479e-17f,0f,0f,0f,1f],start_interpolation:0}
execute if entity @s[tag=aj.gojo.bone.head] run data modify entity @s {} merge value {transformation:[-0.9999876415915204f,-0.0049161406951232145f,0.0007404221056875748f,0f,-0.0043405303135855946f,0.9359386671173141f,0.352136296327519f,1.5f,-0.002424141255307107f,0.3521287306587339f,-0.9359484390626671f,0f,0f,0f,0f,1f],start_interpolation:0}
execute if entity @s[tag=aj.gojo.locator_origin.purple] at @s on origin run tp @s ^-0.42188 ^1.28125 ^0.57813 ~0 ~0
execute if entity @s[tag=aj.gojo.locator_origin.blue] at @s on origin run tp @s ^-0.00564 ^1.77046 ^-0.50505 ~0 ~0
execute if entity @s[tag=aj.gojo.bone.blue] run data modify entity @s {} merge value {transformation:[-0.1144952510650667f,0.004491966309452654f,1.403241124023016e-17f,-0.005639079013301789f,0.004491966309452654f,0.1144952510650667f,0f,1.7704629703443877f,-1.4021624273440652e-17f,5.501072162748942e-19f,-0.11458333333333393f,-0.5050529279792275f,0f,0f,0f,1f],start_interpolation:0}
execute if entity @s[tag=aj.gojo.locator_origin.red] at @s on origin run tp @s ^0.01563 ^1.78125 ^-0.53125 ~0 ~0
execute if entity @s[tag=aj.gojo.bone.red] run data modify entity @s {} merge value {transformation:[-0.11458333333333393f,-5.612964496092065e-17f,1.403241124023016e-17f,0.015625000000000066f,-5.612964496092065e-17f,0.11458333333333393f,0f,1.78125f,-1.403241124023016e-17f,-6.873899003866883e-33f,-0.11458333333333393f,-0.53125f,0f,0f,0f,1f],start_interpolation:0}
execute if entity @s[tag=aj.gojo.camera_origin.camera] at @s on origin run tp @s ^0 ^1.755 ^2.2605 ~-180 ~0