execute if entity @s[tag=aj.gojo.locator_origin.head] at @s on origin run tp @s ^0 ^1.5 ^0 ~0 ~0
execute if entity @s[tag=aj.gojo.bone.bottom2] run data modify entity @s {} merge value {transformation:[-0.6395162909806101f,-0.7682150690139804f,0.02940274324360001f,-0.2954120756814131f,0.3658943315613452f,-0.3377871724007527f,-0.8671915384116593f,1.2105020655614456f,0.6761214770303337f,-0.5438248191296068f,0.4971059388067802f,0.19762257565352012f,0f,0f,0f,1f],start_interpolation:0}
execute if entity @s[tag=aj.gojo.bone.rightarm] run data modify entity @s {} merge value {transformation:[-0.6395162909806101f,-0.22823077001950012f,-0.7341182664848421f,-0.3125f,0.3658943315613452f,0.749465320644554f,-0.5517454769025589f,1.375f,0.6761214770303337f,-0.6214599333564972f,-0.3957869370391828f,-3.827021247335479e-17f,0f,0f,0f,1f],start_interpolation:0}
execute if entity @s[tag=aj.gojo.bone.bottom] run data modify entity @s {} merge value {transformation:[-0.5949073496566786f,0.8002103285306768f,-0.0758200200296257f,0.2793384321795895f,-0.3698550007410802f,-0.35626661069299737f,-0.858068400847007f,1.2141536602147411f,-0.713647338502206f,-0.4824287846077915f,0.5079074167902723f,0.19858251533651536f,0f,0f,0f,1f],start_interpolation:0}
execute if entity @s[tag=aj.gojo.bone.leftarm] run data modify entity @s {} merge value {transformation:[-0.5949073496566786f,0.2813731086958118f,0.7529371946100959f,0.3125f,-0.3698550007410802f,0.7358491093263058f,-0.5672154500103979f,1.375f,-0.713647338502206f,-0.6159182267205099f,-0.33369479205133057f,3.827021247335479e-17f,0f,0f,0f,1f],start_interpolation:0}
execute if entity @s[tag=aj.gojo.bone.head] run data modify entity @s {} merge value {transformation:[-1f,-4.469695614736883e-17f,1.1401657746915036e-16f,0f,0f,0.9310160084404184f,0.3649783446009788f,1.5f,-1.2246467991473532e-16f,0.3649783446009788f,-0.9310160084404184f,0f,0f,0f,0f,1f],start_interpolation:0}
execute if entity @s[tag=aj.gojo.locator_origin.purple] at @s on origin run tp @s ^-0.42188 ^1.28125 ^0.57813 ~0 ~0
execute if entity @s[tag=aj.gojo.locator_origin.blue] at @s on origin run tp @s ^-1.0625 ^1.78125 ^-0.53125 ~0 ~0
execute if entity @s[tag=aj.gojo.locator_origin.red] at @s on origin run tp @s ^1.0625 ^1.78125 ^-0.53125 ~0 ~0
execute if entity @s[tag=aj.gojo.camera_origin.camera] at @s on origin run tp @s ^0 ^1.755 ^3.125 ~-180 ~0