execute if entity @s[tag=aj.gojo.locator_origin.head] at @s on origin run tp @s ^0 ^1.5 ^0 ~0 ~0
execute if entity @s[tag=aj.gojo.bone.bottom2] run data modify entity @s {} merge value {transformation:[-0.6294700788308828f,-0.7764585060912004f,-0.02965818900849576f,-0.2968381197667039f,0.36815417371405956f,-0.2644126928296041f,-0.8913744624160576f,1.2079732750846157f,0.684273281835233f,-0.5720123391931496f,0.45229631833259587f,0.19560937777008147f,0f,0f,0f,1f],start_interpolation:0}
execute if entity @s[tag=aj.gojo.bone.rightarm] run data modify entity @s {} merge value {transformation:[-0.6294700788308828f,-0.22001504064090519f,-0.7452253362228254f,-0.3125f,0.36815417371405956f,0.7601454430900518f,-0.5353890265277641f,1.375f,0.684273281835233f,-0.6113691906215177f,-0.39748935649301353f,-3.827021247335479e-17f,0f,0f,0f,1f],start_interpolation:0}
execute if entity @s[tag=aj.gojo.bone.bottom] run data modify entity @s {} merge value {transformation:[-0.6296289420825368f,0.7763897360807991f,0.02804234299078126f,0.29647076119648846f,-0.37354882127297206f,-0.27089320579595044f,-0.8871742496145649f,1.2098231523116598f,-0.6811965013251305f,-0.5690657683976257f,0.46058167334406747f,0.19714442039054222f,0f,0f,0f,1f],start_interpolation:0}
execute if entity @s[tag=aj.gojo.bone.leftarm] run data modify entity @s {} merge value {transformation:[-0.6296289420825368f,0.2215241907346803f,0.7446438264105668f,0.3125f,-0.37354882127297206f,0.7540945960716042f,-0.5401875769593163f,1.375f,-0.6811965013251305f,-0.6182785562308861f,-0.3920496824223333f,3.827021247335479e-17f,0f,0f,0f,1f],start_interpolation:0}
execute if entity @s[tag=aj.gojo.bone.head] run data modify entity @s {} merge value {transformation:[-0.9999990708067013f,-0.0013463926914494787f,0.00021357072503581047f,0f,-0.001190189961892346f,0.9386766216870114f,0.34479672757454355f,1.5f,-0.0006647056407099226f,0.3447961530020018f,-0.9386773519380509f,0f,0f,0f,0f,1f],start_interpolation:0}
execute if entity @s[tag=aj.gojo.locator_origin.purple] at @s on origin run tp @s ^-0.42188 ^1.28125 ^0.57813 ~0 ~0
execute if entity @s[tag=aj.gojo.locator_origin.blue] at @s on origin run tp @s ^-1.06721 ^1.78125 ^-0.53125 ~0 ~0
execute if entity @s[tag=aj.gojo.bone.blue] run data modify entity @s {} merge value {transformation:[-0.5760740289585603f,-0.1389413327813707f,7.257166217169513e-17f,-1.0672109375f,-0.1389413327813707f,0.5760740289585603f,0f,1.78125f,-7.054872156360205e-17f,-1.7015405845997283e-17f,-0.5925925925925937f,-0.5312500000000001f,0f,0f,0f,1f],start_interpolation:0}
execute if entity @s[tag=aj.gojo.locator_origin.red] at @s on origin run tp @s ^1.06721 ^1.78125 ^-0.53125 ~0 ~0
execute if entity @s[tag=aj.gojo.bone.red] run data modify entity @s {} merge value {transformation:[-0.5769985639961033f,0.13505050145055553f,7.257166217169513e-17f,1.0672109375f,0.13505050145055553f,0.5769985639961033f,0f,1.78125f,-7.06619444510447e-17f,1.6538916432466782e-17f,-0.5925925925925937f,-0.5312499999999999f,0f,0f,0f,1f],start_interpolation:0}
execute if entity @s[tag=aj.gojo.camera_origin.camera] at @s on origin run tp @s ^0 ^1.911 ^3.125 ~-180 ~0