execute if entity @s[tag=aj.gojo.locator_origin.head] at @s on origin run tp @s ^0 ^1.44078 ^0 ~9.40889 ~0
execute if entity @s[tag=aj.gojo.bone.torso] run data modify entity @s {} merge value {transformation:[-0.9865468020401003f,0f,0.1634790732309532f,0f,0f,1f,0f,1.440779883381924f,-0.1634790732309532f,0f,-0.9865468020401003f,0f,0f,0f,0f,1f],start_interpolation:0}
execute if entity @s[tag=aj.gojo.bone.bottom2] run data modify entity @s {} merge value {transformation:[-0.9994122288167853f,-0.013090679645136466f,-0.03168329209369146f,-0.36748647002729634f,0.03118657755607722f,0.03654923628001172f,-0.9988451084666166f,1.308591735409176f,0.01423356145890911f,-0.9992461095414766f,-0.036119500196142976f,0.19961391459187813f,0f,0f,0f,1f],start_interpolation:0}
execute if entity @s[tag=aj.gojo.bone.rightarm] run data modify entity @s {} merge value {transformation:[-0.9994122288167853f,-0.013090679645136466f,-0.03168329209369146f,-0.30829587563753136f,0.03118657755607722f,0.03654923628001172f,-0.9988451084666166f,1.315779883381924f,0.01423356145890911f,-0.9992461095414766f,-0.036119500196142976f,-0.05108721038467288f,0f,0f,0f,1f],start_interpolation:0}
execute if entity @s[tag=aj.gojo.bone.bottom] run data modify entity @s {} merge value {transformation:[-0.6618465592074315f,0.7215807546637518f,0.2031756544573553f,0.25329420150166976f,0.4502414181062127f,0.5993342050978768f,-0.6618770097392739f,1.1227308220613248f,-0.5993678315416924f,-0.3465829267269045f,-0.7215528237173096f,0.21268277271695973f,0f,0f,0f,1f],start_interpolation:0}
execute if entity @s[tag=aj.gojo.bone.leftarm] run data modify entity @s {} merge value {transformation:[-0.8752981246551322f,0.4388312277072295f,0.2031756544573553f,0.30829587563753136f,0.20749776744581017f,0.7203218034209444f,-0.6618770097392739f,1.315779883381924f,-0.4368041546050282f,-0.5371812106778904f,-0.7215528237173096f,0.05108721038467288f,0f,0f,0f,1f],start_interpolation:0}
execute if entity @s[tag=aj.gojo.bone.head] run data modify entity @s {} merge value {transformation:[-0.9893866433747327f,0.024578885746709012f,0.143212947344609f,0f,0.046260484873862195f,0.9875885691990162f,0.15009592108606817f,1.440779883381924f,-0.1377462792634149f,0.15512799993196025f,-0.9782439706873717f,0f,0f,0f,0f,1f],start_interpolation:0}
execute if entity @s[tag=aj.gojo.bone.bottom3] run data modify entity @s {} merge value {transformation:[-0.9917251028233571f,0.1260524691941718f,0.024333011323183128f,-0.16495739274450874f,0.12245507187528987f,0.8718965033394728f,0.4741320942906293f,0.38981143208017477f,0.03854965372113456f,0.4731884006127507f,-0.8801174136008941f,-0.07055622351558537f,0f,0f,0f,1f],start_interpolation:0}
execute if entity @s[tag=aj.gojo.bone.rightleg] run data modify entity @s {} merge value {transformation:[-0.9917251028233571f,0.12802915472596085f,-0.00947923890181941f,-0.11875f,0.12245507187528987f,0.9655481456031038f,0.22961170243353254f,0.6907798833819241f,0.03854965372113456f,0.2265509083242958f,-0.97323615332324f,-1.4542680739874818e-17f,0f,0f,0f,1f],start_interpolation:0}
execute if entity @s[tag=aj.gojo.bone.bottom4] run data modify entity @s {} merge value {transformation:[-0.9988198686490906f,-0.04265108225197552f,0.023232631675049298f,0.1542366437676271f,-0.042710809109885256f,0.9990853108705571f,-0.0020804777963760457f,0.41724125128050593f,-0.023122646409791163f,-0.003070307055896948f,-0.9997279212053598f,0.19438843074337875f,0f,0f,0f,1f],start_interpolation:0}
execute if entity @s[tag=aj.gojo.bone.leftleg] run data modify entity @s {} merge value {transformation:[-0.995078332214364f,-0.09365569341211943f,-0.0323685626646414f,0.11875f,-0.06701357084075543f,0.8766638941413532f,-0.4764132639128443f,0.6907798833819241f,0.07299516477583141f,-0.4718993831320543f,-0.8786254481398407f,0.047376093294460714f,0f,0f,0f,1f],start_interpolation:0}
execute if entity @s[tag=aj.gojo.locator_origin.purple] at @s on origin run tp @s ^-0.42188 ^1.28125 ^0.57813 ~0 ~0
execute if entity @s[tag=aj.gojo.locator_origin.blue] at @s on origin run tp @s ^-0.39063 ^1.23438 ^0.79688 ~0 ~0
execute if entity @s[tag=aj.gojo.locator_origin.red] at @s on origin run tp @s ^0.01563 ^1.78125 ^-0.53125 ~0 ~0
execute if entity @s[tag=aj.gojo.camera_origin.camera] at @s on origin run tp @s ^0 ^1.59875 ^0 ~0 ~0