execute if entity @s[tag=aj.gojo.locator_origin.head] at @s on origin run tp @s ^-0.00036 ^1.41754 ^0.00152 ~13.41663 ~0.11963
execute if entity @s[tag=aj.gojo.bone.torso] run data modify entity @s {} merge value {transformation:[-0.97270856933035f,-0.00048445986194933744f,0.2320297490623691f,-0.0003633448964620031f,0f,0.9999978202993893f,0.0020879167776096633f,1.4175403748267368f,-0.23203025481885722f,0.0020309345416295297f,-0.9727064491168874f,0.0015232009062221474f,0f,0f,0f,1f],start_interpolation:0}
execute if entity @s[tag=aj.gojo.bone.bottom2] run data modify entity @s {} merge value {transformation:[-0.9976618203152657f,0.06433394668031472f,-0.023065896682440284f,-0.3827115657692355f,0.02990349931880158f,0.10743247009371104f,-0.9937625697811596f,1.2675514984733105f,-0.0614546419216728f,-0.9921287253547789f,-0.10910508380538772f,0.17295114567621578f,0f,0f,0f,1f],start_interpolation:0}
execute if entity @s[tag=aj.gojo.bone.rightarm] run data modify entity @s {} merge value {transformation:[-0.9976618203152657f,0.06433394668031472f,-0.023065896682440284f,-0.3042742153294527f,0.02990349931880158f,0.10743247009371104f,-0.9937625697811596f,1.292540647289313f,-0.0614546419216728f,-0.9921287253547789f,-0.10910508380538772f,-0.07124012054237443f,0f,0f,0f,1f],start_interpolation:0}
execute if entity @s[tag=aj.gojo.bone.bottom] run data modify entity @s {} merge value {transformation:[-0.3283749412642307f,0.9405533937966286f,0.08677102838711259f,0.18436138953566072f,0.46099978448717566f,0.23977099307384603f,-0.8543939779651768f,1.1662848507272994f,-0.824408331260966f,-0.24056014694463784f,-0.5123296976064179f,0.26412453650838225f,0f,0f,0f,1f],start_interpolation:0}
execute if entity @s[tag=aj.gojo.bone.leftarm] run data modify entity @s {} merge value {transformation:[-0.7434843933148617f,0.6631001021941368f,0.08677102838711259f,0.3036686405020161f,0.286765555446913f,0.43333179738632627f,-0.8543939779651768f,1.292540647289313f,-0.6041493797948114f,-0.6103456462071807f,-0.5123296976064179f,0.07377878871941133f,0f,0f,0f,1f],start_interpolation:0}
execute if entity @s[tag=aj.gojo.bone.head] run data modify entity @s {} merge value {transformation:[-0.9782795875248442f,0.016654543689803764f,0.2066196379986793f,-0.0003633448964620031f,0.061067553728688294f,0.9756866257085371f,0.2104907653439524f,1.4175403748267368f,-0.19809038975632975f,0.21853657494335701f,-0.9555113619932586f,0.0015232009062221474f,0f,0f,0f,1f],start_interpolation:0}
execute if entity @s[tag=aj.gojo.bone.bottom3] run data modify entity @s {} merge value {transformation:[-0.9839844401692257f,0.16515987336161156f,0.06705846505872295f,-0.1805960964467779f,0.16998469975356925f,0.7561504930797452f,0.6319348334005233f,0.37704222769984896f,0.05366398563789728f,0.633212956315989f,-0.7721149711014681f,-0.09736657316032712f,0f,0f,0f,1f],start_interpolation:0}
execute if entity @s[tag=aj.gojo.bone.rightleg] run data modify entity @s {} merge value {transformation:[-0.9839844401692257f,0.17822781982630476f,0.0030766450587915457f,-0.11875f,0.16998469975356925f,0.9329989960825782f,0.3172035232442891f,0.6675420096021948f,0.05366398563789728f,0.3126463138258047f,-0.9483524972796729f,-1.4542680739874818e-17f,0f,0f,0f,1f],start_interpolation:0}
execute if entity @s[tag=aj.gojo.bone.bottom4] run data modify entity @s {} merge value {transformation:[-0.9956493361835511f,-0.08573341521145234f,0.03649905304846488f,0.16756415623579193f,-0.08585923896620207f,0.9963054827200174f,-0.0018910806905215183f,0.42930961057932937f,-0.03620207786023548f,-0.0050166341519155f,-0.9993318982902464f,0.2623278312689657f,0f,0f,0f,1f],start_interpolation:0}
execute if entity @s[tag=aj.gojo.bone.leftleg] run data modify entity @s {} merge value {transformation:[-0.9904726682161544f,-0.13639584659021112f,-0.018975419618844722f,0.11874999999999998f,-0.0930096239192009f,0.7642038693515533f,-0.6382332300393978f,0.6675420096021948f,0.10155345082851915f,-0.6303876736588792f,-0.7696091719332391f,0.06596639231824418f,0f,0f,0f,1f],start_interpolation:0}
execute if entity @s[tag=aj.gojo.locator_origin.purple] at @s on origin run tp @s ^-0.42188 ^1.28125 ^0.57813 ~0 ~0
execute if entity @s[tag=aj.gojo.locator_origin.blue] at @s on origin run tp @s ^-0.39063 ^1.23438 ^0.79688 ~0 ~0
execute if entity @s[tag=aj.gojo.locator_origin.red] at @s on origin run tp @s ^0.01563 ^1.78125 ^-0.53125 ~0 ~0
execute if entity @s[tag=aj.gojo.camera_origin.camera] at @s on origin run tp @s ^0 ^1.59875 ^0 ~0 ~0