execute if entity @s[tag=aj.gojo.locator_origin.head] at @s on origin run tp @s ^0 ^1.42188 ^0 ~12.49968 ~0
execute if entity @s[tag=aj.gojo.bone.torso] run data modify entity @s {} merge value {transformation:[-0.9762972286869986f,0f,0.21643410373156616f,0f,0f,1f,0f,1.421875f,-0.21643410373156616f,0f,-0.9762972286869986f,0f,0f,0f,0f,1f],start_interpolation:0}
execute if entity @s[tag=aj.gojo.bone.bottom2] run data modify entity @s {} merge value {transformation:[-0.9984774901693337f,0.048727166573159175f,-0.025852753487773522f,-0.3796795187435602f,0.030153653546127757f,0.08970397267934738f,-0.995511905736623f,1.2763336101767961f,-0.04618937976383841f,-0.9947757840454774f,-0.09103669959822477f,0.17817145236001503f,0f,0f,0f,1f],start_interpolation:0}
execute if entity @s[tag=aj.gojo.bone.rightarm] run data modify entity @s {} merge value {transformation:[-0.9984774901693337f,0.048727166573159175f,-0.025852753487773522f,-0.3050928839646871f,0.030153653546127757f,0.08970397267934738f,-0.995511905736623f,1.296875f,-0.04618937976383841f,-0.9947757840454774f,-0.09103669959822477f,-0.06763565741611442f,0f,0f,0f,1f],start_interpolation:0}
execute if entity @s[tag=aj.gojo.bone.bottom] run data modify entity @s {} merge value {transformation:[-0.41476421140675984f,0.9014187335919157f,0.12415681884486068f,0.20208811327441523f,0.46985283304568637f,0.3290144243257275f,-0.819138464403029f,1.1531240243954293f,-0.7792361414969604f,-0.28141388614486873f,-0.5599975539855258f,0.2550707774651027f,0f,0f,0f,1f],start_interpolation:0}
execute if entity @s[tag=aj.gojo.bone.leftarm] run data modify entity @s {} merge value {transformation:[-0.7841291989125657f,0.6080513824892289f,0.12415681884486068f,0.3050928839646871f,0.2648425987442745f,0.5087932527322141f,-0.819138464403029f,1.296875f,-0.5612484274393267f,-0.6094283733361214f,-0.5599975539855258f,0.06763565741611442f,0f,0f,0f,1f],start_interpolation:0}
execute if entity @s[tag=aj.gojo.bone.head] run data modify entity @s {} merge value {transformation:[-0.9812908855362026f,0.022523283022013063f,0.19120904708063843f,0f,0.06099565139427169f,0.9783451738813927f,0.19778840020075952f,1.421875f,-0.18261360429760976f,0.20575087476095366f,-0.9614150243576072f,0f,0f,0f,0f,1f],start_interpolation:0}
execute if entity @s[tag=aj.gojo.locator_origin.purple] at @s on origin run tp @s ^-0.42188 ^1.28125 ^0.57813 ~0 ~0
execute if entity @s[tag=aj.gojo.bone.purple] run data modify entity @s {} merge value {transformation:[-0.006366417014437353f,0.0384439774531251f,4.77214966136357e-18f,-0.42187500000000006f,0.0384439774531251f,0.006366417014437353f,0f,1.28125f,-7.796612218767953e-19f,4.7080293934462666e-18f,-0.038967559174499344f,0.578125f,0f,0f,0f,1f],start_interpolation:0}
execute if entity @s[tag=aj.gojo.locator_origin.blue] at @s on origin run tp @s ^-0.39542 ^1.22738 ^0.81387 ~0 ~0
execute if entity @s[tag=aj.gojo.bone.blue] run data modify entity @s {} merge value {transformation:[-0.000009871058157008944f,0.0000016006907449433273f,1.2246467991473532e-21f,-0.3954223466527156f,0.0000016006907449433273f,0.000009871058157008944f,0f,1.2273788694647898f,-1.2088559776178375e-21f,1.9602807972196383e-22f,-0.00001f,0.8138656027283675f,0f,0f,0f,1f],start_interpolation:0}
execute if entity @s[tag=aj.gojo.locator_origin.red] at @s on origin run tp @s ^0.01563 ^1.78125 ^-0.53125 ~0 ~0
execute if entity @s[tag=aj.gojo.camera_origin.camera] at @s on origin run tp @s ^1.3125 ^1.755 ^1.6875 ~140 ~0