execute if entity @s[tag=aj.gojo.locator_origin.head] at @s on origin run tp @s ^0 ^1.42188 ^0 ~12.45401 ~0
execute if entity @s[tag=aj.gojo.bone.torso] run data modify entity @s {} merge value {transformation:[-0.9764694287679315f,0f,0.2156558709649001f,0f,0f,1f,0f,1.421875f,-0.2156558709649001f,0f,-0.9764694287679315f,0f,0f,0f,0f,1f],start_interpolation:0}
execute if entity @s[tag=aj.gojo.bone.bottom2] run data modify entity @s {} merge value {transformation:[-0.9985137533445065f,0.047937530626335934f,-0.025928315396787915f,-0.37953818873059425f,0.03015692991374322f,0.08970349549790924f,-0.9955118494893139f,1.2763339342451316f,-0.04539651925031013f,-0.9948141917227087f,-0.09101582272907571f,0.17847380580100153f,0f,0f,0f,1f],start_interpolation:0}
execute if entity @s[tag=aj.gojo.bone.rightarm] run data modify entity @s {} merge value {transformation:[-0.9985137533445065f,0.047937530626335934f,-0.025928315396787915f,-0.3051466964899786f,0.03015692991374322f,0.08970349549790924f,-0.9955118494893139f,1.296875f,-0.04539651925031013f,-0.9948141917227087f,-0.09101582272907571f,-0.06739245967653128f,0f,0f,0f,1f],start_interpolation:0}
execute if entity @s[tag=aj.gojo.bone.bottom] run data modify entity @s {} merge value {transformation:[-0.4171673869208577f,0.9000705959598153f,0.12587411798366813f,0.20281261608808768f,0.470764006388648f,0.33247787404513257f,-0.8172146067951417f,1.1523002506881541f,-0.7774011973096855f,-0.2816582779876564f,-0.5624197657110708f,0.2545611746096531f,0f,0f,0f,1f],start_interpolation:0}
execute if entity @s[tag=aj.gojo.bone.leftarm] run data modify entity @s {} merge value {transformation:[-0.7856383409455269f,0.6057459068439455f,0.12587411798366813f,0.3051466964899786f,0.2640515762654402f,0.5122861031810237f,-0.8172146067951417f,1.296875f,-0.5595079644724432f,-0.6087978686143766f,-0.5624197657110708f,0.06739245967653128f,0f,0f,0f,1f],start_interpolation:0}
execute if entity @s[tag=aj.gojo.bone.head] run data modify entity @s {} merge value {transformation:[-0.9814275399425852f,0.02260134003904348f,0.19049714767073272f,0f,0.060802850720695155f,0.9784838695522602f,0.19716067145927532f,1.421875f,-0.18194229081354965f,0.2050816823962466f,-0.9616852428726579f,0f,0f,0f,0f,1f],start_interpolation:0}
execute if entity @s[tag=aj.gojo.locator_origin.purple] at @s on origin run tp @s ^-0.42188 ^1.28125 ^0.57813 ~0 ~0
execute if entity @s[tag=aj.gojo.bone.purple] run data modify entity @s {} merge value {transformation:[-1.2118662253155497f,2.0252400683116245f,2.8903265491658116e-16f,-0.42187500000000006f,2.0252400683116245f,1.2118662253155497f,0f,1.28125f,-1.484108093827473e-16f,2.4802037671627977e-16f,-2.3601307341661037f,0.578125f,0f,0f,0f,1f],start_interpolation:0}
execute if entity @s[tag=aj.gojo.locator_origin.blue] at @s on origin run tp @s ^-0.39359 ^1.23006 ^0.80736 ~0 ~0
execute if entity @s[tag=aj.gojo.bone.blue] run data modify entity @s {} merge value {transformation:[-0.000009950802510047532f,9.90721659211984e-7f,1.2246467991473532e-21f,-0.39358632509426894f,9.90721659211984e-7f,0.000009950802510047532f,0f,1.2300564009041912f,-1.2186218442877158e-21f,1.213284108799911e-22f,-0.00001f,0.8073630263755356f,0f,0f,0f,1f],start_interpolation:0}
execute if entity @s[tag=aj.gojo.locator_origin.red] at @s on origin run tp @s ^0.01563 ^1.78125 ^-0.53125 ~0 ~0
execute if entity @s[tag=aj.gojo.camera_origin.camera] at @s on origin run tp @s ^0 ^1.59875 ^0 ~0 ~0