execute if entity @s[tag=aj.gojo.locator_origin.head] at @s on origin run tp @s ^0 ^1.5 ^0 ~0 ~0
execute if entity @s[tag=aj.gojo.bone.bottom2] run data modify entity @s {} merge value {transformation:[-0.8479517810532552f,-0.3951289732167589f,-0.35334242815331707f,-0.36795728830476115f,0.28503843304560056f,0.22212064373324486f,-0.932424533844127f,1.179956214595569f,0.4469125962596276f,-0.891367216220228f,-0.07572065208567863f,0.1590240892097573f,0f,0f,0f,1f],start_interpolation:0}
execute if entity @s[tag=aj.gojo.bone.rightarm] run data modify entity @s {} merge value {transformation:[-0.8479517810532552f,0.00984120795573091f,-0.5299820068970118f,-0.3125f,0.28503843304560056f,0.8514347498791242f,-0.4402407959119439f,1.375f,0.4469125962596276f,-0.5243682077741224f,-0.7247807351056138f,-3.827021247335479e-17f,0f,0f,0f,1f],start_interpolation:0}
execute if entity @s[tag=aj.gojo.bone.bottom] run data modify entity @s {} merge value {transformation:[-0.8092746705973528f,0.46433641546683785f,0.3598141197909751f,0.35547398142821707f,-0.30989427345933984f,0.18288973587066798f,-0.9330149429619361f,1.1877987593563197f,-0.49903912352304997f,-0.866569695860965f,-0.004112834640561891f,0.17179983242621094f,0f,0f,0f,1f],start_interpolation:0}
execute if entity @s[tag=aj.gojo.bone.leftarm] run data modify entity @s {} merge value {transformation:[-0.8092746705973528f,0.030422741936469808f,0.5866421092136269f,0.3125f,-0.30989427345933984f,0.8262785309395559f,-0.4703502190766759f,1.375f,-0.49903912352304997f,-0.5624395488240812f,-0.6592584524387305f,3.827021247335479e-17f,0f,0f,0f,1f],start_interpolation:0}
execute if entity @s[tag=aj.gojo.bone.head] run data modify entity @s {} merge value {transformation:[-1f,-2.9780486529892396e-17f,1.187885535254196e-16f,0f,0f,0.9699821500217435f,0.24317612678714165f,1.5f,-1.2246467991473532e-16f,0.24317612678714165f,-0.9699821500217435f,0f,0f,0f,0f,1f],start_interpolation:0}
execute if entity @s[tag=aj.gojo.locator_origin.purple] at @s on origin run tp @s ^-0.42188 ^1.28125 ^0.57813 ~0 ~0
execute if entity @s[tag=aj.gojo.locator_origin.blue] at @s on origin run tp @s ^-1.0625 ^1.78125 ^-0.53125 ~0 ~0
execute if entity @s[tag=aj.gojo.locator_origin.red] at @s on origin run tp @s ^1.0625 ^1.78125 ^-0.53125 ~0 ~0
execute if entity @s[tag=aj.gojo.camera_origin.camera] at @s on origin run tp @s ^0 ^1.755 ^3.83 ~-180 ~0