execute if entity @s[tag=aj.gojo.locator_origin.head] at @s on origin run tp @s ^0 ^1.42188 ^0 ~12.43956 ~0
execute if entity @s[tag=aj.gojo.bone.torso] run data modify entity @s {} merge value {transformation:[-0.9765237641816733f,0f,0.21540969799072582f,0f,0f,1f,0f,1.421875f,-0.21540969799072582f,0f,-0.9765237641816733f,0f,0f,0f,0f,1f],start_interpolation:0}
execute if entity @s[tag=aj.gojo.bone.bottom2] run data modify entity @s {} merge value {transformation:[-0.9985250918362986f,0.047687773198281325f,-0.025952211094638352f,-0.3794934378461119f,0.03015796618481008f,0.0897033445676525f,-0.995511831697129f,1.2763340367446374f,-0.0451457423120635f,-0.9948262090741108f,-0.09100920662398101f,0.1785694127519219f,0f,0f,0f,1f],start_interpolation:0}
execute if entity @s[tag=aj.gojo.bone.rightarm] run data modify entity @s {} merge value {transformation:[-0.9985250918362986f,0.047687773198281325f,-0.025952211094638352f,-0.3051636763067729f,0.03015796618481008f,0.0897033445676525f,-0.995511831697129f,1.296875f,-0.0451457423120635f,-0.9948262090741108f,-0.09100920662398101f,-0.06731553062210181f,0f,0f,0f,1f],start_interpolation:0}
execute if entity @s[tag=aj.gojo.bone.bottom] run data modify entity @s {} merge value {transformation:[-0.41792743638520896f,0.8996422366127336f,0.12641401828486282f,0.2030420973076435f,0.47105091214001393f,0.33357171586970713f,-0.8166032993711207f,1.1520402306826552f,-0.776818959660839f,-0.28173348482950683f,-0.5631860682201523f,0.2543992624095454f,0f,0f,0f,1f],start_interpolation:0}
execute if entity @s[tag=aj.gojo.bone.leftarm] run data modify entity @s {} merge value {transformation:[-0.7861147187196764f,0.6050149956764366f,0.12641401828486282f,0.3051636763067729f,0.26380098482940706f,0.5133888310620272f,-0.8166032993711207f,1.296875f,-0.558956786715502f,-0.6085957304708989f,-0.5631860682201523f,0.06731553062210181f,0f,0f,0f,1f],start_interpolation:0}
execute if entity @s[tag=aj.gojo.bone.head] run data modify entity @s {} merge value {transformation:[-0.9814706588270594f,0.022625825001001104f,0.19027195774628003f,0f,0.06074186956247221f,0.9785276439362959f,0.19696211649588208f,1.421875f,-0.1817299401409512f,0.20487001268000615f,-0.9617705062856006f,0f,0f,0f,0f,1f],start_interpolation:0}
execute if entity @s[tag=aj.gojo.locator_origin.purple] at @s on origin run tp @s ^-0.42188 ^1.28125 ^0.57813 ~0 ~0
execute if entity @s[tag=aj.gojo.bone.purple] run data modify entity @s {} merge value {transformation:[2.0794507208935857f,0.09757580638267581f,2.549394730781874e-16f,-0.42187500000000006f,0.09757580638267581f,-2.0794507208935857f,0f,1.28125f,2.546592669326986e-16f,1.194958989607658e-17f,-2.081738777708693f,0.578125f,0f,0f,0f,1f],start_interpolation:0}
execute if entity @s[tag=aj.gojo.locator_origin.blue] at @s on origin run tp @s ^-0.3975 ^1.22436 ^0.82121 ~0 ~0
execute if entity @s[tag=aj.gojo.bone.blue] run data modify entity @s {} merge value {transformation:[-0.000009736150528685106f,0.000002281966889064073f,1.2246467991473532e-21f,-0.3974952742187038f,0.000002281966889064073f,0.000009736150528685106f,0f,1.2243558500977236f,-1.1923345580971026e-21f,2.79460344645256e-22f,-0.00001f,0.8212072211912425f,0f,0f,0f,1f],start_interpolation:0}
execute if entity @s[tag=aj.gojo.locator_origin.red] at @s on origin run tp @s ^0.01563 ^1.78125 ^-0.53125 ~0 ~0
execute if entity @s[tag=aj.gojo.camera_origin.camera] at @s on origin run tp @s ^0 ^1.59875 ^0 ~0 ~0