execute if entity @s[tag=aj.gojo.locator_origin.head] at @s on origin run tp @s ^0 ^1.42188 ^0 ~12.47799 ~0
execute if entity @s[tag=aj.gojo.bone.torso] run data modify entity @s {} merge value {transformation:[-0.976379070581786f,0f,0.216064598048472f,0f,0f,1f,0f,1.421875f,-0.216064598048472f,0f,-0.976379070581786f,0f,0f,0f,0f,1f],start_interpolation:0}
execute if entity @s[tag=aj.gojo.bone.bottom2] run data modify entity @s {} merge value {transformation:[-0.9984947872566583f,0.04835223309102102f,-0.025888634116003232f,-0.3796124420331045f,0.030155209240392042f,0.08970374610519127f,-0.9955118790302625f,1.2763337640512267f,-0.045812914957999384f,-0.994794099042514f,-0.09102679458952817f,0.17831503068560606f,0f,0f,0f,1f],start_interpolation:0}
execute if entity @s[tag=aj.gojo.bone.rightarm] run data modify entity @s {} merge value {transformation:[-0.9984947872566583f,0.04835223309102102f,-0.025888634116003232f,-0.3051184595568081f,0.030155209240392042f,0.08970374610519127f,-0.9955118790302625f,1.296875f,-0.045812914957999384f,-0.994794099042514f,-0.09102679458952817f,-0.0675201868901475f,0f,0f,0f,1f],start_interpolation:0}
execute if entity @s[tag=aj.gojo.bone.bottom] run data modify entity @s {} merge value {transformation:[-0.41590531779158857f,0.9007797846811594f,0.12497418190346934f,0.2024319248376255f,0.47028624866923663f,0.330659906533275f,-0.8182266620711054f,1.152732561667053f,-0.778365987788068f,-0.2815311807263447f,-0.561147559322444f,0.2548292444896098f,0f,0f,0f,1f],start_interpolation:0}
execute if entity @s[tag=aj.gojo.bone.leftarm] run data modify entity @s {} merge value {transformation:[-0.7848463388642479f,0.6069577235927923f,0.12497418190346934f,0.3051184595568081f,0.2644672439701943f,0.5104529423392394f,-0.8182266620711054f,1.296875f,-0.5604224310626723f,-0.6091306226321812f,-0.561147559322444f,0.0675201868901475f,0f,0f,0f,1f],start_interpolation:0}
execute if entity @s[tag=aj.gojo.bone.head] run data modify entity @s {} merge value {transformation:[-0.9813558339049169f,0.022560468127468328f,0.1908710364058798f,0f,0.0609041057622567f,0.9784110855777667f,0.19749034791562842f,1.421875f,-0.18229486323559713f,0.20543313485512893f,-0.9615434519258655f,0f,0f,0f,0f,1f],start_interpolation:0}
execute if entity @s[tag=aj.gojo.locator_origin.purple] at @s on origin run tp @s ^-0.42188 ^1.28125 ^0.57813 ~0 ~0
execute if entity @s[tag=aj.gojo.bone.purple] run data modify entity @s {} merge value {transformation:[-1.3555047422586892f,-2.265285111064079f,3.2329074465709537e-16f,-0.42187500000000006f,-2.265285111064079f,1.3555047422586892f,0f,1.28125f,-1.6600145438361618e-16f,-2.7741741604207806e-16f,-2.639869265833896f,0.578125f,0f,0f,0f,1f],start_interpolation:0}
execute if entity @s[tag=aj.gojo.locator_origin.blue] at @s on origin run tp @s ^-0.39114 ^1.23362 ^0.79871 ~0 ~0
execute if entity @s[tag=aj.gojo.bone.blue] run data modify entity @s {} merge value {transformation:[-0.000009998492127734099f,1.7365244495619736e-7f,1.2246467991473532e-21f,-0.39114323189149713f,1.7365244495619736e-7f,0.000009998492127734099f,0f,1.2336192451582335f,-1.2244621380529574e-21f,2.1266291087971904e-23f,-0.00001f,0.7987104046157185f,0f,0f,0f,1f],start_interpolation:0}
execute if entity @s[tag=aj.gojo.locator_origin.red] at @s on origin run tp @s ^0.01563 ^1.78125 ^-0.53125 ~0 ~0
execute if entity @s[tag=aj.gojo.camera_origin.camera] at @s on origin run tp @s ^0 ^1.59875 ^0 ~0 ~0