execute if entity @s[tag=aj.gojo.locator_origin.head] at @s on origin run tp @s ^0 ^1.5 ^0 ~0 ~0
execute if entity @s[tag=aj.gojo.bone.bottom2] run data modify entity @s {} merge value {transformation:[-0.6281191913330157f,-0.7775871363345026f,-0.028714576198612063f,-0.29703526263858315f,0.3684414862794035f,-0.2647107553269928f,-0.8911672610696808f,1.207637906154837f,0.6853591413758063f,-0.5703389004980464f,0.45276526579597176f,0.19533822319788116f,0f,0f,0f,1f],start_interpolation:0}
execute if entity @s[tag=aj.gojo.bone.rightarm] run data modify entity @s {} merge value {transformation:[-0.6281191913330157f,-0.21888874727892135f,-0.746695384875133f,-0.3125f,0.3684414862794035f,0.7615587469505027f,-0.5331783436444171f,1.375f,0.6853591413758063f,-0.6100131074475732f,-0.3977019689098521f,-3.827021247335479e-17f,0f,0f,0f,1f],start_interpolation:0}
execute if entity @s[tag=aj.gojo.bone.bottom] run data modify entity @s {} merge value {transformation:[-0.628295517825537f,0.7775107273831463f,0.02686654210110559f,0.29661407566617415f,-0.3745563548609205f,-0.27204468758797007f,-0.8863967649921021f,1.2097317350680648f,-0.6818740934466131f,-0.5669821485367013f,0.46214604177366425f,0.19707939520520062f,0f,0f,0f,1f],start_interpolation:0}
execute if entity @s[tag=aj.gojo.bone.leftarm] run data modify entity @s {} merge value {transformation:[-0.628295517825537f,0.22061757679168773f,0.7460379528488505f,0.3125f,-0.3745563548609205f,0.7547121484429709f,-0.5386252036675367f,1.375f,-0.6818740934466131f,-0.6178490574591491f,-0.39154854473385614f,3.827021247335479e-17f,0f,0f,0f,1f],start_interpolation:0}
execute if entity @s[tag=aj.gojo.bone.head] run data modify entity @s {} merge value {transformation:[-0.999998805117791f,-0.0015268925754943327f,0.00024158239394697357f,0f,-0.0013496642853498978f,0.938539721179277f,0.3451686112250677f,1.5f,-0.0007537700624300606f,0.345167872734106f,-0.9385406605272384f,0f,0f,0f,0f,1f],start_interpolation:0}
execute if entity @s[tag=aj.gojo.locator_origin.purple] at @s on origin run tp @s ^-0.42188 ^1.28125 ^0.57813 ~0 ~0
execute if entity @s[tag=aj.gojo.locator_origin.blue] at @s on origin run tp @s ^-1.07925 ^1.78125 ^-0.53125 ~0 ~0
execute if entity @s[tag=aj.gojo.bone.blue] run data modify entity @s {} merge value {transformation:[-1.2178668247756443f,-0.7054048536380625f,1.723576976577759e-16f,-1.07925f,-0.7054048536380625f,1.2178668247756443f,0f,1.78125f,-1.4914567087492433e-16f,-8.638717961108604e-17f,-1.4074074074074097f,-0.5312500000000001f,0f,0f,0f,1f],start_interpolation:0}
execute if entity @s[tag=aj.gojo.locator_origin.red] at @s on origin run tp @s ^1.07925 ^1.78125 ^-0.53125 ~0 ~0
execute if entity @s[tag=aj.gojo.bone.red] run data modify entity @s {} merge value {transformation:[-1.2358364902103973f,0.6734268927579988f,1.723576976577759e-16f,1.07925f,0.6734268927579988f,1.2358364902103973f,0f,1.78125f,-1.5134632020056624e-16f,8.247100886758311e-17f,-1.4074074074074097f,-0.5312499999999999f,0f,0f,0f,1f],start_interpolation:0}
execute if entity @s[tag=aj.gojo.camera_origin.camera] at @s on origin run tp @s ^0 ^1.967 ^3.125 ~-180 ~0