execute if entity @s[tag=aj.gojo.locator_origin.head] at @s on origin run tp @s ^0 ^1.42188 ^0 ~12.43662 ~0
execute if entity @s[tag=aj.gojo.bone.torso] run data modify entity @s {} merge value {transformation:[-0.9765348399041113f,0f,0.21535948192139528f,0f,0f,1f,0f,1.421875f,-0.21535948192139528f,0f,-0.9765348399041113f,0f,0f,0f,0f,1f],start_interpolation:0}
execute if entity @s[tag=aj.gojo.bone.bottom2] run data modify entity @s {} merge value {transformation:[-0.9985273969289792f,0.04763682728275684f,-0.02595708513430705f,-0.3794843065987852f,0.03015817756351996f,0.08970331378063257f,-0.9955118280677636f,1.276334057652562f,-0.04509458845897224f,-0.9948286526750254f,-0.09100785630103458f,0.17858891328963455f,0f,0f,0f,1f],start_interpolation:0}
execute if entity @s[tag=aj.gojo.bone.rightarm] run data modify entity @s {} merge value {transformation:[-0.9985273969289792f,0.04763682728275684f,-0.02595708513430705f,-0.30516713747003477f,0.03015817756351996f,0.08970331378063257f,-0.9955118280677636f,1.296875f,-0.04509458845897224f,-0.9948286526750254f,-0.09100785630103458f,-0.06729983810043602f,0f,0f,0f,1f],start_interpolation:0}
execute if entity @s[tag=aj.gojo.bone.bottom] run data modify entity @s {} merge value {transformation:[-0.4180824685569896f,0.8995547445113747f,0.12652395469779162f,0.20308892629512953f,0.4711093592072484f,0.3337947431219981f,-0.8164784388650166f,1.1519872230312913f,-0.7767000844293951f,-0.28174870202219965f,-0.5633423894543852f,0.2543661923397732f,0f,0f,0f,1f],start_interpolation:0}
execute if entity @s[tag=aj.gojo.bone.leftarm] run data modify entity @s {} merge value {transformation:[-0.7862118345790656f,0.6048658033443873f,0.12652395469779162f,0.30516713747003477f,0.26374984548675257f,0.5136136465031464f,-0.8164784388650166f,1.296875f,-0.5588443165797914f,-0.6085543378124008f,-0.5633423894543852f,0.06729983810043602f,0f,0f,0f,1f],start_interpolation:0}
execute if entity @s[tag=aj.gojo.bone.head] run data modify entity @s {} merge value {transformation:[-0.9814794481400306f,0.022630807443003442f,0.19022602196655078f,0f,0.060729430564982596f,0.9785365675414558f,0.19692161447499587f,1.421875f,-0.1816866234536652f,0.20482683549443334f,-0.9617878863446672f,0f,0f,0f,0f,1f],start_interpolation:0}
execute if entity @s[tag=aj.gojo.locator_origin.purple] at @s on origin run tp @s ^-0.42188 ^1.28125 ^0.57813 ~0 ~0
execute if entity @s[tag=aj.gojo.bone.purple] run data modify entity @s {} merge value {transformation:[0.2327067269835234f,1.9760511795978495f,2.436687305332605e-16f,-0.42187500000000006f,1.9760511795978495f,-0.2327067269835234f,0f,1.28125f,2.8498354834042895e-17f,2.419964752045858e-16f,-1.989706180613971f,0.578125f,0f,0f,0f,1f],start_interpolation:0}
execute if entity @s[tag=aj.gojo.locator_origin.blue] at @s on origin run tp @s ^-0.39902 ^1.22213 ^0.82661 ~0 ~0
execute if entity @s[tag=aj.gojo.bone.blue] run data modify entity @s {} merge value {transformation:[-0.00000960686729628818f,0.0000027763466555004694f,1.2246467991473532e-21f,-0.3990203566422523f,0.0000027763466555004694f,0.00000960686729628818f,0f,1.2221317715633822f,-1.1765019284232708e-21f,3.4000440449821093e-22f,-0.00001f,0.8266085547746431f,0f,0f,0f,1f],start_interpolation:0}
execute if entity @s[tag=aj.gojo.locator_origin.red] at @s on origin run tp @s ^0.01563 ^1.78125 ^-0.53125 ~0 ~0
execute if entity @s[tag=aj.gojo.camera_origin.camera] at @s on origin run tp @s ^0 ^1.59875 ^0 ~0 ~0