execute if entity @s[tag=aj.gojo.locator_origin.head] at @s on origin run tp @s ^0 ^1.5 ^0 ~0 ~0
execute if entity @s[tag=aj.gojo.bone.bottom2] run data modify entity @s {} merge value {transformation:[-0.6383781912818509f,-0.7688883156618006f,-0.03583354482146611f,-0.29557005279308224f,0.36616131211396374f,-0.26240172580073395f,-0.8927884563589389f,1.210212507092515f,0.6770518284494127f,-0.5830575377572577f,0.4490486936377291f,0.1973948050705401f,0f,0f,0f,1f],start_interpolation:0}
execute if entity @s[tag=aj.gojo.bone.rightarm] run data modify entity @s {} merge value {transformation:[-0.6383781912818509f,-0.22731433664813386f,-0.735392056830866f,-0.3125f,0.36616131211396374f,0.750690299658431f,-0.5498999613654427f,1.375f,0.6770518284494127f,-0.6203162631698074f,-0.3959905999393839f,-3.827021247335479e-17f,0f,0f,0f,1f],start_interpolation:0}
execute if entity @s[tag=aj.gojo.bone.bottom] run data modify entity @s {} merge value {transformation:[-0.6383990916719445f,0.7688790105913699f,0.03566043780539313f,0.29553144204535303f,-0.3667759645591746f,-0.26314810018008356f,-0.8923163504011904f,1.2104252845116352f,-0.67669933617089f,-0.5827333390528202f,0.4499998488691168f,0.19756892737185064f,0f,0f,0f,1f],start_interpolation:0}
execute if entity @s[tag=aj.gojo.bone.leftarm] run data modify entity @s {} merge value {transformation:[-0.6383990916719445f,0.22747400473657406f,0.7353245385008861f,0.3125f,-0.3667759645591746f,0.7499928530932527f,-0.5504417427219067f,1.375f,-0.67669933617089f,-0.62110087544468f,-0.3953627586757875f,3.827021247335479e-17f,0f,0f,0f,1f],start_interpolation:0}
execute if entity @s[tag=aj.gojo.bone.head] run data modify entity @s {} merge value {transformation:[-0.9999999880067957f,-0.00015289890974227503f,0.000024664384322374316f,0f,-0.0001352169087393591f,0.9395777013297711f,0.3423356903395421f,1.5f,-0.00007551685934511557f,0.3423356828987984f,-0.9395777107357418f,0f,0f,0f,0f,1f],start_interpolation:0}
execute if entity @s[tag=aj.gojo.locator_origin.purple] at @s on origin run tp @s ^-0.42188 ^1.28125 ^0.57813 ~0 ~0
execute if entity @s[tag=aj.gojo.locator_origin.blue] at @s on origin run tp @s ^-1.0625 ^1.78125 ^-0.53125 ~0 ~0
execute if entity @s[tag=aj.gojo.locator_origin.red] at @s on origin run tp @s ^1.0625 ^1.78125 ^-0.53125 ~0 ~0
execute if entity @s[tag=aj.gojo.camera_origin.camera] at @s on origin run tp @s ^0 ^1.755 ^3.125 ~-180 ~0