execute if entity @s[tag=aj.gojo.locator_origin.head] at @s on origin run tp @s ^-0.00011 ^1.42127 ^0.00051 ~12.63752 ~0.04
execute if entity @s[tag=aj.gojo.bone.torso] run data modify entity @s {} merge value {transformation:[-0.9757737021360867f,-0.00015273882673507195f,0.21878221794854913f,-0.00011455412005130397f,1.3552527156068805e-20f,0.9999997563060741f,0.000698131644087579f,1.4212729653777036f,-0.21878227126445976f,0.0006812184989296897f,-0.9757734643459623f,0.0005109138741972673f,0f,0f,0f,1f],start_interpolation:0}
execute if entity @s[tag=aj.gojo.bone.bottom2] run data modify entity @s {} merge value {transformation:[-0.9983688153934273f,0.05132566264693075f,-0.025007694891337865f,-0.38025421030805845f,0.030024305680685055f,0.09942138843071212f,-0.9945923429178924f,1.2732941678368093f,-0.04856181131627574f,-0.9937208178740966f,-0.10080023117691503f,0.17745139305294427f,0f,0f,0f,1f],start_interpolation:0}
execute if entity @s[tag=aj.gojo.bone.rightarm] run data modify entity @s {} merge value {transformation:[-0.9983688153934273f,0.05132566264693075f,-0.025007694891337865f,-0.30502474368423654f,0.030024305680685055f,0.09942138843071212f,-0.9945923429178924f,1.2962729958394446f,-0.04856181131627574f,-0.9937208178740966f,-0.10080023117691503f,-0.06794369820831263f,0f,0f,0f,1f],start_interpolation:0}
execute if entity @s[tag=aj.gojo.bone.bottom] run data modify entity @s {} merge value {transformation:[-0.3997905652131922f,0.908818924928811f,0.119229466398861f,0.1987030490555173f,0.46976525207883324f,0.3148489048300346f,-0.8247367913865843f,1.1551342624791776f,-0.7870756710163431f,-0.27371212764247155f,-0.5528051729819511f,0.25647145150558104f,0f,0f,0f,1f],start_interpolation:0}
execute if entity @s[tag=aj.gojo.bone.leftarm] run data modify entity @s {} merge value {transformation:[-0.7765572556376878f,0.6186623982906234f,0.119229466398861f,0.30483382015081767f,0.2694693113779321f,0.49718760559658465f,-0.8247367913865843f,1.2962729958394446f,-0.5695130542331457f,-0.6083266571361389f,-0.5528051729819511f,0.06879522133197473f,0f,0f,0f,1f],start_interpolation:0}
execute if entity @s[tag=aj.gojo.bone.head] run data modify entity @s {} merge value {transformation:[-0.9808836954170572f,0.021445572262836443f,0.19340957446646023f,-0.00011455412005130397f,0.06152678043772222f,0.9770996170064299f,0.2036928907322398f,1.4212729653777036f,-0.18461211052893062f,0.21169890381437342f,-0.9597405601358352f,0.0005109138741972673f,0f,0f,0f,1f],start_interpolation:0}
execute if entity @s[tag=aj.gojo.bone.bottom3] run data modify entity @s {} merge value {transformation:[-0.9853964329398036f,0.15969722711014742f,0.059081855106633094f,-0.1781197566396129f,0.16238394357870362f,0.7769342415454825f,0.6082800664019611f,0.37886850752882995f,0.05123792362439745f,0.6089909522870399f,-0.7915204957644397f,-0.09311321410433895f,0f,0f,0f,1f],start_interpolation:0}
execute if entity @s[tag=aj.gojo.bone.rightleg] run data modify entity @s {} merge value {transformation:[-0.9853964329398036f,0.17027529258796523f,0.0004412296386518641f,-0.11875f,0.16238394357870362f,0.9389425288533926f,0.30334531870168113f,0.6712731481481482f,0.05123792362439745f,0.2989870436063725f,-0.952880592172063f,-1.4542680739874818e-17f,0f,0f,0f,1f],start_interpolation:0}
execute if entity @s[tag=aj.gojo.bone.bottom4] run data modify entity @s {} merge value {transformation:[-0.9963717322543251f,-0.07778140423257482f,0.03454597400746866f,0.16545814437784256f,-0.0778972817485239f,0.9969593455809823f,-0.0020190975535158695f,0.42668197871848745f,-0.034283883395948546f,-0.004702809197524194f,-0.9994010701039622f,0.2518963342215707f,0f,0f,0f,1f],start_interpolation:0}
execute if entity @s[tag=aj.gojo.bone.leftleg] run data modify entity @s {} merge value {transformation:[-0.9913129243718197f,-0.12963980352165982f,-0.022185745789949154f,0.11874999999999998f,-0.08885330942450845f,0.7844688083634047f,-0.6137701345855893f,0.6712731481481482f,0.09697306521763334f,-0.606466990072638f,-0.7891729940732458f,0.0629814814814815f,0f,0f,0f,1f],start_interpolation:0}
execute if entity @s[tag=aj.gojo.locator_origin.purple] at @s on origin run tp @s ^-0.42188 ^1.28125 ^0.57813 ~0 ~0
execute if entity @s[tag=aj.gojo.bone.purple] run data modify entity @s {} merge value {transformation:[2.356209071691204f,-2.4121075593529597f,4.12943638209914e-16f,-0.42187500000000006f,-2.4121075593529597f,-2.356209071691204f,0f,1.28125f,2.8855238977685895e-16f,-2.9539798017607365e-16f,-3.3719406974927093f,0.578125f,0f,0f,0f,1f],start_interpolation:0}
execute if entity @s[tag=aj.gojo.locator_origin.blue] at @s on origin run tp @s ^-0.39063 ^1.23438 ^0.79688 ~0 ~0
execute if entity @s[tag=aj.gojo.locator_origin.red] at @s on origin run tp @s ^0.01563 ^1.78125 ^-0.53125 ~0 ~0
execute if entity @s[tag=aj.gojo.camera_origin.camera] at @s on origin run tp @s ^0 ^1.59875 ^0 ~0 ~0