execute if entity @s[tag=aj.gojo.locator_origin.head] at @s on origin run tp @s ^0 ^1.46788 ^0 ~5.09073 ~0
execute if entity @s[tag=aj.gojo.bone.torso] run data modify entity @s {} merge value {transformation:[-0.9960554365230935f,0f,0.088733124439466f,0f,0f,1f,0f,1.4678844752186588f,-0.088733124439466f,0f,-0.9960554365230935f,0f,0f,0f,0f,1f],start_interpolation:0}
execute if entity @s[tag=aj.gojo.bone.bottom2] run data modify entity @s {} merge value {transformation:[-0.9985489236346701f,-0.035405932790861544f,-0.04057668088016798f,-0.36482514844291825f,0.024104137095908397f,0.37993703932684375f,-0.9246982408993834f,1.2494067239554423f,0.048156387768432604f,-0.9243344990157845f,-0.37853229221076357f,0.20636429760214003f,0f,0f,0f,1f],start_interpolation:0}
execute if entity @s[tag=aj.gojo.bone.rightarm] run data modify entity @s {} merge value {transformation:[-0.9985489236346701f,-0.035405932790861544f,-0.04057668088016798f,-0.31126732391346673f,0.024104137095908397f,0.37993703932684375f,-0.9246982408993834f,1.3428844752186588f,0.048156387768432604f,-0.9243344990157845f,-0.37853229221076357f,-0.027729101387333126f,0f,0f,0f,1f],start_interpolation:0}
execute if entity @s[tag=aj.gojo.bone.bottom] run data modify entity @s {} merge value {transformation:[-0.9055415006800441f,0.3819017851663007f,0.18478532688751642f,0.3221988584885313f,0.29451431609355344f,0.879363658621446f,-0.3741401789595066f,1.1055992556378365f,-0.30537830335844107f,-0.28437753494729123f,-0.9087758301447185f,0.12764144356944315f,0f,0f,0f,1f],start_interpolation:0}
execute if entity @s[tag=aj.gojo.bone.leftarm] run data modify entity @s {} merge value {transformation:[-0.962835492267964f,0.1969827347667327f,0.18478532688751642f,0.31126732391346673f,0.11642223313610164f,0.9200353200392644f,-0.3741401789595066f,1.3428844752186588f,-0.24370818299907465f,-0.33872232297867144f,-0.9087758301447185f,0.027729101387333126f,0f,0f,0f,1f],start_interpolation:0}
execute if entity @s[tag=aj.gojo.bone.head] run data modify entity @s {} merge value {transformation:[-0.9968877599002953f,0.01886072713459286f,0.0765445434562486f,0f,0.025099664943602704f,0.9963668922810978f,0.08138195614401429f,1.4678844752186588f,-0.07473152601606618f,0.08304991835072337f,-0.9937393572165935f,0f,0f,0f,0f,1f],start_interpolation:0}
execute if entity @s[tag=aj.gojo.bone.bottom3] run data modify entity @s {} merge value {transformation:[-0.9975632212700208f,0.0697227313757347f,-0.0025219633000213293f,-0.14643649138910472f,0.06656136458310197f,0.9619207486781962f,0.2651000905454652f,0.40894288801331274f,0.020909431226479865f,0.2642862349648305f,-0.9642176008007215f,-0.03852098635293014f,0f,0f,0f,1f],start_interpolation:0}
execute if entity @s[tag=aj.gojo.bone.rightleg] run data modify entity @s {} merge value {transformation:[-0.9975632212700208f,0.06864550801973467f,-0.012466507052581236f,-0.11875f,0.06656136458310197f,0.9899443063487692f,0.12481928966505759f,0.7178844752186587f,0.020909431226479865f,0.123685344953906f,-0.9921011698054883f,-1.4542680739874818e-17f,0f,0f,0f,1f],start_interpolation:0}
execute if entity @s[tag=aj.gojo.bone.bottom4] run data modify entity @s {} merge value {transformation:[-0.9998966090264835f,-0.011779341507300416f,0.008247325081141729f,0.1392468578752457f,-0.011788089502130675f,0.9999300050411084f,-0.001012898997327094f,0.41702859740364895f,-0.008234816526759788f,-0.001110014478923338f,-0.999965477236403f,0.10791730718529934f,0f,0f,0f,1f],start_interpolation:0}
execute if entity @s[tag=aj.gojo.bone.leftleg] run data modify entity @s {} merge value {transformation:[-0.9985508745841858f,-0.0456189277091026f,-0.028549331022449408f,0.11875f,-0.036429964616763656f,0.9634674083003665f,-0.2653364106582365f,0.7178844752186587f,0.03961071250531943f,-0.2639118538028306f,-0.9637331191139871f,0.025692419825073018f,0f,0f,0f,1f],start_interpolation:0}
execute if entity @s[tag=aj.gojo.locator_origin.purple] at @s on origin run tp @s ^-0.42188 ^1.28125 ^0.57813 ~0 ~0
execute if entity @s[tag=aj.gojo.locator_origin.blue] at @s on origin run tp @s ^-0.39063 ^1.23438 ^0.79688 ~0 ~0
execute if entity @s[tag=aj.gojo.locator_origin.red] at @s on origin run tp @s ^0.01563 ^1.78125 ^-0.53125 ~0 ~0
execute if entity @s[tag=aj.gojo.camera_origin.camera] at @s on origin run tp @s ^0 ^1.59875 ^0 ~0 ~0