execute if entity @s[tag=aj.gojo.locator_origin.head] at @s on origin run tp @s ^0 ^1.42188 ^0 ~12.48836 ~0
execute if entity @s[tag=aj.gojo.bone.torso] run data modify entity @s {} merge value {transformation:[-0.9763399639412826f,0f,0.21624124216054366f,0f,0f,1f,0f,1.421875f,-0.21624124216054366f,0f,-0.9763399639412826f,0f,0f,0f,0f,1f],start_interpolation:0}
execute if entity @s[tag=aj.gojo.bone.bottom2] run data modify entity @s {} merge value {transformation:[-0.9984865361837356f,0.04853146893188173f,-0.02587148204334636f,-0.3796445144761047f,0.030154465548854315f,0.08970385441835049f,-0.9955118917973577f,1.2763336904922158f,-0.045992882789279016f,-0.9947853612844356f,-0.09103153138845056f,0.17824639697160907f,0f,0f,0f,1f],start_interpolation:0}
execute if entity @s[tag=aj.gojo.bone.rightarm] run data modify entity @s {} merge value {transformation:[-0.9984865361837356f,0.04853146893188173f,-0.02587148204334636f,-0.3051062387316508f,0.030154465548854315f,0.08970385441835049f,-0.9955118917973577f,1.296875f,-0.045992882789279016f,-0.9947853612844356f,-0.09103153138845056f,-0.06757538817516989f,0f,0f,0f,1f],start_interpolation:0}
execute if entity @s[tag=aj.gojo.bone.bottom] run data modify entity @s {} merge value {transformation:[-0.4153598228005366f,0.9010854971109341f,0.12458388539232347f,0.20226752245954455f,0.47007923008831537f,0.3298735078955952f,-0.8186629258908892f,1.152919627158143f,-0.7787822128443121f,-0.28147539090477436f,-0.5605977785117606f,0.25494480687914933f,0f,0f,0f,1f],start_interpolation:0}
execute if entity @s[tag=aj.gojo.bone.leftarm] run data modify entity @s {} merge value {transformation:[-0.7845036411882375f,0.6074807753854845f,0.12458388539232347f,0.3051062387316508f,0.26464673472664646f,0.5096598076857667f,-0.8186629258908892f,1.296875f,-0.5608173880693439f,-0.6092733277985817f,-0.5605977785117606f,0.06757538817516989f,0f,0f,0f,1f],start_interpolation:0}
execute if entity @s[tag=aj.gojo.bone.head] run data modify entity @s {} merge value {transformation:[-0.9813247996012372f,0.022542719470645754f,0.19103262414168803f,0f,0.06094786879582535f,0.9783795894274414f,0.1976328319916457f,1.421875f,-0.18244723888521455f,0.20558503056073646f,-0.9614820852374227f,0f,0f,0f,0f,1f],start_interpolation:0}
execute if entity @s[tag=aj.gojo.locator_origin.purple] at @s on origin run tp @s ^-0.42188 ^1.28125 ^0.57813 ~0 ~0
execute if entity @s[tag=aj.gojo.bone.purple] run data modify entity @s {} merge value {transformation:[-2.542914386428974f,1.0012980319159932f,3.3468974890367165e-16f,-0.42187500000000006f,1.0012980319159932f,2.542914386428974f,0f,1.28125f,-3.1141719638459984e-16f,1.2262364297784655e-16f,-2.7329491992033597f,0.578125f,0f,0f,0f,1f],start_interpolation:0}
execute if entity @s[tag=aj.gojo.locator_origin.blue] at @s on origin run tp @s ^-0.39076 ^1.23418 ^0.79735 ~0 ~0
execute if entity @s[tag=aj.gojo.bone.blue] run data modify entity @s {} merge value {transformation:[-0.000009999900293452934f,4.4655581957311596e-8f,1.2246467991473532e-21f,-0.39075825962924216f,4.4655581957311596e-8f,0.000009999900293452934f,0f,1.2341806630406884f,-1.2246345886169813e-21f,5.468731550808395e-24f,-0.00001f,0.7973469611868991f,0f,0f,0f,1f],start_interpolation:0}
execute if entity @s[tag=aj.gojo.locator_origin.red] at @s on origin run tp @s ^0.01563 ^1.78125 ^-0.53125 ~0 ~0
execute if entity @s[tag=aj.gojo.camera_origin.camera] at @s on origin run tp @s ^0 ^1.59875 ^0 ~0 ~0