execute if entity @s[tag=aj.gojo.locator_origin.head] at @s on origin run tp @s ^0 ^1.5 ^0 ~0 ~0
execute if entity @s[tag=aj.gojo.bone.bottom2] run data modify entity @s {} merge value {transformation:[-0.6010510263505714f,-0.7991548645206834f,-0.00944278750436725f,-0.30124732982126806f,0.37338769425860474f,-0.2703423851539605f,-0.887410065621024f,1.2011502775065455f,0.7066252850692277f,-0.5369045513889741f,0.460884160281775f,0.18988391559791873f,0f,0f,0f,1f],start_interpolation:0}
execute if entity @s[tag=aj.gojo.bone.rightarm] run data modify entity @s {} merge value {transformation:[-0.6010510263505714f,-0.19527343730257063f,-0.7749877085521832f,-0.3125f,0.37338769425860474f,0.7887458135384691f,-0.4883253745217232f,1.375f,0.7066252850692277f,-0.5828793411243681f,-0.40116378225265414f,-3.827021247335479e-17f,0f,0f,0f,1f],start_interpolation:0}
execute if entity @s[tag=aj.gojo.bone.bottom] run data modify entity @s {} merge value {transformation:[-0.6013956599713293f,0.7989482561824237f,0.00222353563347516f,0.2995373013229866f,-0.39368826670598245f,-0.29391858436944907f,-0.8709887567703145f,1.207895372603828f,-0.6952214099304542f,-0.5246842380949928f,0.4912979151889294f,0.19574029208570096f,0f,0f,0f,1f],start_interpolation:0}
execute if entity @s[tag=aj.gojo.bone.leftarm] run data modify entity @s {} merge value {transformation:[-0.6013956599713293f,0.20219970970088583f,0.7729414839200486f,0.3125f,-0.39368826670598245f,0.7668405762611833f,-0.5069172311703909f,1.375f,-0.6952214099304542f,-0.6091558158601902f,-0.3815709412127942f,3.827021247335479e-17f,0f,0f,0f,1f],start_interpolation:0}
execute if entity @s[tag=aj.gojo.bone.head] run data modify entity @s {} merge value {transformation:[-0.9999866001340714f,-0.005119437272681847f,0.0007687095107221356f,0f,-0.004519720614608241f,0.9357808083256612f,0.35255333056849425f,1.5f,-0.002524218268431657f,0.3525451320489097f,-0.9357914074144676f,0f,0f,0f,0f,1f],start_interpolation:0}
execute if entity @s[tag=aj.gojo.locator_origin.purple] at @s on origin run tp @s ^-0.42188 ^1.28125 ^0.57813 ~0 ~0
execute if entity @s[tag=aj.gojo.locator_origin.blue] at @s on origin run tp @s ^-0.15075 ^1.81625 ^-0.61625 ~0 ~0
execute if entity @s[tag=aj.gojo.bone.blue] run data modify entity @s {} merge value {transformation:[-0.8708708833660751f,0.49151185591518737f,1.2246467991473532e-16f,-0.1507500000000003f,0.49151185591518737f,0.8708708833660751f,0f,1.8162500000000001f,-1.0665092397848918e-16f,6.019284210895093e-17f,-1f,-0.61625f,0f,0f,0f,1f],start_interpolation:0}
execute if entity @s[tag=aj.gojo.locator_origin.red] at @s on origin run tp @s ^0.17475 ^1.78125 ^-0.53125 ~0 ~0
execute if entity @s[tag=aj.gojo.bone.red] run data modify entity @s {} merge value {transformation:[-0.4147991186504436f,-0.9099130129670722f,1.2246467991473532e-16f,0.17475000000000046f,-0.9099130129670722f,0.4147991186504436f,0f,1.78125f,-5.0798241294440895e-17f,-1.114322058832649e-16f,-1f,-0.53125f,0f,0f,0f,1f],start_interpolation:0}
execute if entity @s[tag=aj.gojo.camera_origin.camera] at @s on origin run tp @s ^0 ^1.75133 ^2.42848 ~-180 ~0