execute if entity @s[tag=aj.gojo.locator_origin.head] at @s on origin run tp @s ^-0.00015 ^1.42108 ^0.00067 ~12.66788 ~0.05218
execute if entity @s[tag=aj.gojo.bone.torso] run data modify entity @s {} merge value {transformation:[-0.9756576385026136f,-0.000199703037349327f,0.2192991850194623f,-0.00014977727801199523f,-1.3552527156068805e-20f,0.9999995853658779f,0.0009106415718230335f,1.4210765065827076f,-0.21929927594842505f,0.0008884744054871691f,-0.9756572339616651f,0.0006663558041153768f,0f,0f,0f,1f],start_interpolation:0}
execute if entity @s[tag=aj.gojo.bone.bottom2] run data modify entity @s {} merge value {transformation:[-0.9983445066883295f,0.051913959623516914f,-0.02476260813088812f,-0.38039284800430995f,0.0299857599169715f,0.10237740418514978f,-0.9942935790371535f,1.272356317360496f,-0.04908258517476252f,-0.9933900582895514f,-0.10376459860686517f,0.17730412576851184f,0f,0f,0f,1f],start_interpolation:0}
execute if entity @s[tag=aj.gojo.bone.rightarm] run data modify entity @s {} merge value {transformation:[-0.9983445066883295f,0.051913959623516914f,-0.02476260813088812f,-0.3050178264304101f,0.0299857599169715f,0.10237740418514978f,-0.9942935790371535f,1.2960765584119727f,-0.04908258517476252f,-0.9933900582895514f,-0.10376459860686517f,-0.06797572723045335f,0f,0f,0f,1f],start_interpolation:0}
execute if entity @s[tag=aj.gojo.bone.bottom] run data modify entity @s {} merge value {transformation:[-0.3957562054923635f,0.9107247543665622f,0.11814164210070492f,0.1978591056899732f,0.46996584056322455f,0.3113676145352853f,-0.825943289410543f,1.155528280078471f,-0.788992480647305f,-0.2713496460336203f,-0.5512351903493111f,0.2567639095154446f,0f,0f,0f,1f],start_interpolation:0}
execute if entity @s[tag=aj.gojo.bone.leftarm] run data modify entity @s {} merge value {transformation:[-0.7746218519021913f,0.6212918307505487f,0.11814164210070492f,0.3047681976337234f,0.2706694951463167f,0.4945257395474277f,-0.825943289410543f,1.2960765584119727f,-0.571575901305205f,-0.6078163817862279f,-0.5512351903493111f,0.0690863202373123f,0f,0f,0f,1f],start_interpolation:0}
execute if entity @s[tag=aj.gojo.bone.head] run data modify entity @s {} merge value {transformation:[-0.9807941526127252f,0.02113409141503439f,0.19389734495538496f,-0.00014977727801199523f,0.061639411791959586f,0.9767498974130844f,0.20532954199888087f,1.4210765065827076f,-0.1850497584830302f,0.21333773244222395f,-0.9592932809114125f,0.0006663558041153768f,0f,0f,0f,1f],start_interpolation:0}
execute if entity @s[tag=aj.gojo.bone.bottom3] run data modify entity @s {} merge value {transformation:[-0.985323742266519f,0.15999338453793233f,0.05949151057083486f,-0.17825047040439207f,0.16278421038069715f,0.7758606105377432f,0.6095421346114912f,0.3787702880937473f,0.05136558942166788f,0.610280615717145f,-0.7905182770203779f,-0.09333755596781605f,0f,0f,0f,1f],start_interpolation:0}
execute if entity @s[tag=aj.gojo.bone.rightleg] run data modify entity @s {} merge value {transformation:[-0.985323742266519f,0.1706950304487242f,0.000574026141875949f,-0.11875f,0.16278421038069715f,0.9386365784941796f,0.30407675735490325f,0.6710768175582991f,0.05136558942166788f,0.2997074908854447f,-0.9526473618976309f,-1.4542680739874818e-17f,0f,0f,0f,1f],start_interpolation:0}
execute if entity @s[tag=aj.gojo.bone.bottom4] run data modify entity @s {} merge value {transformation:[-0.9963360879651963f,-0.07819008812328461f,0.03465126170114976f,0.16556954529371404f,-0.0783065062951307f,0.9969272980130298f,-0.002013342566496268f,0.42681390989388923f,-0.03438736526777292f,-0.004719385098972129f,-0.9993974367158585f,0.252450126734405f,0f,0f,0f,1f],start_interpolation:0}
execute if entity @s[tag=aj.gojo.bone.leftleg] run data modify entity @s {} merge value {transformation:[-0.9912696685940073f,-0.12999715156800482f,-0.022026908764780036f,0.11874999999999998f,-0.0890721960980433f,0.7834227484480725f,-0.6150731184959556f,0.6710768175582991f,0.09721413481484305f,-0.6077413411956384f,-0.7881623399997796f,0.06313854595336078f,0f,0f,0f,1f],start_interpolation:0}
execute if entity @s[tag=aj.gojo.locator_origin.purple] at @s on origin run tp @s ^-0.42188 ^1.28125 ^0.57813 ~0 ~0
execute if entity @s[tag=aj.gojo.bone.purple] run data modify entity @s {} merge value {transformation:[-2.0469775776304537f,-2.789819686196549f,4.2375630324895074e-16f,-0.42187500000000006f,-2.789819686196549f,2.0469775776304537f,0f,1.28125f,-2.506824538371538e-16f,-3.4165437488988773e-16f,-3.4602328078919276f,0.578125f,0f,0f,0f,1f],start_interpolation:0}
execute if entity @s[tag=aj.gojo.locator_origin.blue] at @s on origin run tp @s ^-0.39063 ^1.23438 ^0.79688 ~0 ~0
execute if entity @s[tag=aj.gojo.locator_origin.red] at @s on origin run tp @s ^0.01563 ^1.78125 ^-0.53125 ~0 ~0
execute if entity @s[tag=aj.gojo.camera_origin.camera] at @s on origin run tp @s ^0 ^1.59875 ^0 ~0 ~0