execute if entity @s[tag=aj.gojo.locator_origin.head] at @s on origin run tp @s ^0 ^1.42188 ^0 ~12.47963 ~0
execute if entity @s[tag=aj.gojo.bone.torso] run data modify entity @s {} merge value {transformation:[-0.9763729051060605f,0f,0.21609245746844527f,0f,0f,1f,0f,1.421875f,-0.21609245746844527f,0f,-0.9763729051060605f,0f,0f,0f,0f,1f],start_interpolation:0}
execute if entity @s[tag=aj.gojo.bone.bottom2] run data modify entity @s {} merge value {transformation:[-0.9984934881154442f,0.04838050089328072f,-0.025885929080649402f,-0.3796175010761793f,0.03015509195107581f,0.08970376318757933f,-0.9955118810438218f,1.2763337524500473f,-0.0458412981979712f,-0.9947927231354788f,-0.09102754185532391f,0.17830420668760738f,0f,0f,0f,1f],start_interpolation:0}
execute if entity @s[tag=aj.gojo.bone.rightarm] run data modify entity @s {} merge value {transformation:[-0.9984934881154442f,0.04838050089328072f,-0.025885929080649402f,-0.3051165328456439f,0.03015509195107581f,0.08970376318757933f,-0.9955118810438218f,1.296875f,-0.0458412981979712f,-0.9947927231354788f,-0.09102754185532391f,-0.06752889295888914f,0f,0f,0f,1f],start_interpolation:0}
execute if entity @s[tag=aj.gojo.bone.bottom] run data modify entity @s {} merge value {transformation:[-0.4158192871435187f,0.9008280316482928f,0.12491268084593361f,0.20240599108855592f,0.47025362040732266f,0.3305359080320701f,-0.8182955126329488f,1.1527620555270555f,-0.778431662339901f,-0.28152241633318825f,-0.561060848900243f,0.25484748212532377f,0f,0f,0f,1f],start_interpolation:0}
execute if entity @s[tag=aj.gojo.bone.leftarm] run data modify entity @s {} merge value {transformation:[-0.7847923067175911f,0.6070402437077497f,0.12491268084593361f,0.3051165328456439f,0.2644955584843834f,0.5103278882706819f,-0.8182955126329488f,1.296875f,-0.5604847320479982f,-0.609153173653739f,-0.561060848900243f,0.06752889295888914f,0f,0f,0f,1f],start_interpolation:0}
execute if entity @s[tag=aj.gojo.bone.head] run data modify entity @s {} merge value {transformation:[-0.9813509411072382f,0.022557672290037294f,0.19089652120662973f,0f,0.06091100774645433f,0.9784061197789704f,0.1975128196203231f,1.421875f,-0.18231889513500604f,0.20545709089713646f,-0.9615337769817742f,0f,0f,0f,0f,1f],start_interpolation:0}
execute if entity @s[tag=aj.gojo.locator_origin.purple] at @s on origin run tp @s ^-0.42188 ^1.28125 ^0.57813 ~0 ~0
execute if entity @s[tag=aj.gojo.bone.purple] run data modify entity @s {} merge value {transformation:[-0.457015530094936f,0.04298448959848734f,5.621527152285463e-17f,-0.42187500000000006f,0.04298448959848734f,0.457015530094936f,0f,1.28125f,-5.596826060913943e-17f,5.264081759977022e-18f,-0.45903252727230326f,0.578125f,0f,0f,0f,1f],start_interpolation:0}
execute if entity @s[tag=aj.gojo.locator_origin.blue] at @s on origin run tp @s ^-0.41674 ^1.19628 ^0.88938 ~0 ~0
execute if entity @s[tag=aj.gojo.bone.blue] run data modify entity @s {} merge value {transformation:[-0.0000064080317478384326f,0.000007677052111240014f,1.2246467991473532e-21f,-0.4167438873314514f,0.000007677052111240014f,0.0000064080317478384326f,0f,1.196284955974967f,-7.847575568824956e-22f,9.401677294917513e-22f,-0.00001f,0.8893793926322231f,0f,0f,0f,1f],start_interpolation:0}
execute if entity @s[tag=aj.gojo.locator_origin.red] at @s on origin run tp @s ^0.01563 ^1.78125 ^-0.53125 ~0 ~0
execute if entity @s[tag=aj.gojo.camera_origin.camera] at @s on origin run tp @s ^1.05 ^1.72375 ^1.35 ~112 ~0