execute if entity @s[tag=aj.gojo.locator_origin.head] at @s on origin run tp @s ^0 ^1.5 ^0 ~0 ~0
execute if entity @s[tag=aj.gojo.bone.bottom2] run data modify entity @s {} merge value {transformation:[-0.6070857397658525f,-0.7945165593629598f,-0.013796429646549424f,-0.30026572161273807f,0.3724172677650324f,-0.2691390781917103f,-0.888183277967191f,1.202558416107718f,0.7019631637367988f,-0.5443414309862523f,0.45928218261594167f,0.19110330341745554f,0f,0f,0f,1f],start_interpolation:0}
execute if entity @s[tag=aj.gojo.bone.rightarm] run data modify entity @s {} merge value {transformation:[-0.6070857397658525f,-0.20070854849051076f,-0.7688712396336463f,-0.3125f,0.3724172677650324f,0.7828706525103856f,-0.49841641235857315f,1.375f,0.7019631637367988f,-0.5889224227356226f,-0.40052227997432144f,-3.827021247335479e-17f,0f,0f,0f,1f],start_interpolation:0}
execute if entity @s[tag=aj.gojo.bone.bottom] run data modify entity @s {} merge value {transformation:[-0.6074218410546477f,0.7943402561926693f,0.007890779527184116f,0.29887674741299924f,-0.3895945430864809f,-0.28923197610787743f,-0.8743917634527263f,1.2083054141127603f,-0.6922823116381196f,-0.5341988594039645f,0.485156448585902f,0.19604482146905203f,0f,0f,0f,1f],start_interpolation:0}
execute if entity @s[tag=aj.gojo.bone.leftarm] run data modify entity @s {} merge value {transformation:[-0.6074218410546477f,0.20634847061166503f,0.7671108236011334f,0.3125f,-0.3895945430864809f,0.7641769793205787f,-0.5140521727156808f,1.375f,-0.6922823116381196f,-0.6111087079666782f,-0.3837855495459396f,3.827021247335479e-17f,0f,0f,0f,1f],start_interpolation:0}
execute if entity @s[tag=aj.gojo.bone.head] run data modify entity @s {} merge value {transformation:[-0.9999904435950945f,-0.004322202596465258f,0.0006567215552954342f,0f,-0.0038168862343172156f,0.9363986635655162f,0.3509173325046651f,1.5f,-0.0021316889924096367f,0.3509114723650832f,-0.9364062123163265f,0f,0f,0f,0f,1f],start_interpolation:0}
execute if entity @s[tag=aj.gojo.locator_origin.purple] at @s on origin run tp @s ^-0.42188 ^1.28125 ^0.57813 ~0 ~0
execute if entity @s[tag=aj.gojo.locator_origin.blue] at @s on origin run tp @s ^-0.71689 ^1.80302 ^-0.58413 ~0 ~0
execute if entity @s[tag=aj.gojo.bone.blue] run data modify entity @s {} merge value {transformation:[0.4356907371039174f,-1.2048963208931482f,1.569078711407546e-16f,-0.7168886718749997f,-1.2048963208931482f,-0.4356907371039174f,0f,1.8030224609375f,5.3356726661246345e-17f,-1.475572422686216e-16f,-1.2812499999999998f,-0.5841259765625001f,0f,0f,0f,1f],start_interpolation:0}
execute if entity @s[tag=aj.gojo.locator_origin.red] at @s on origin run tp @s ^0.73182 ^1.78125 ^-0.53125 ~0 ~0
execute if entity @s[tag=aj.gojo.bone.red] run data modify entity @s {} merge value {transformation:[-0.6447519816992808f,1.1072020793851725f,1.569078711407546e-16f,0.731818359375f,1.1072020793851725f,0.6447519816992808f,0f,1.78125f,-7.895934506319371e-17f,1.3559314825283452e-16f,-1.2812499999999998f,-0.5312499999999999f,0f,0f,0f,1f],start_interpolation:0}
execute if entity @s[tag=aj.gojo.camera_origin.camera] at @s on origin run tp @s ^0 ^1.73675 ^2.83829 ~-180 ~0