execute if entity @s[tag=aj.gojo.locator_origin.head] at @s on origin run tp @s ^-0.00044 ^1.41651 ^0.00184 ~13.29757 ~0.14468
execute if entity @s[tag=aj.gojo.bone.torso] run data modify entity @s {} merge value {transformation:[-0.9731886308866828f,-0.0005807871175094786f,0.23000772030353256f,-0.000435590338132109f,0f,0.9999968120092705f,0.0025250685724770095f,1.4165142413800669f,-0.23000845356835026f,0.0024573680269438913f,-0.9731855283703494f,0.0018430260202079185f,0f,0f,0f,1f],start_interpolation:0}
execute if entity @s[tag=aj.gojo.bone.bottom2] run data modify entity @s {} merge value {transformation:[-0.9977597171114715f,0.0632173768452709f,-0.02188858548284312f,-0.3826487656313165f,0.02966416322242003f,0.1248070845922314f,-0.991737479908822f,1.2621668789322513f,-0.0599631914590138f,-0.9901650139751408f,-0.12640277200148353f,0.17345176730432732f,0f,0f,0f,1f],start_interpolation:0}
execute if entity @s[tag=aj.gojo.bone.rightarm] run data modify entity @s {} merge value {transformation:[-0.9977597171114715f,0.0632173768452709f,-0.02188858548284312f,-0.3044844391005318f,0.02966416322242003f,0.1248070845922314f,-0.991737479908822f,1.291514639878908f,-0.0599631914590138f,-0.9901650139751408f,-0.12640277200148353f,-0.07034178672326952f,0f,0f,0f,1f],start_interpolation:0}
execute if entity @s[tag=aj.gojo.bone.bottom] run data modify entity @s {} merge value {transformation:[-0.32598604548885507f,0.940868863481213f,0.09218936965892022f,0.18540333045675111f,0.46635491393516104f,0.24486835396507659f,-0.8500309308930837f,1.1630777338451315f,-0.8223418950747108f,-0.2341052561520241f,-0.5186024842274943f,0.262892454994053f,0f,0f,0f,1f],start_interpolation:0}
execute if entity @s[tag=aj.gojo.bone.leftarm] run data modify entity @s {} merge value {transformation:[-0.745720066273217f,0.6598505155558797f,0.09218936965892022f,0.303758455203645f,0.28619498352839845f,0.4421988782530065f,-0.8500309308930837f,1.291514639878908f,-0.6016593838382719f,-0.6075009869888465f,-0.5186024842274943f,0.07341349675694939f,0f,0f,0f,1f],start_interpolation:0}
execute if entity @s[tag=aj.gojo.bone.head] run data modify entity @s {} merge value {transformation:[-0.9788565358434898f,0.017824333473544417f,0.20376990791750094f,-0.000435590338132109f,0.06417571254982855f,0.9726573678231196f,0.22320197745119197f,1.4165142413800669f,-0.19421987579855132f,0.23155979347810907f,-0.9532359109313764f,0.0018430260202079185f,0f,0f,0f,1f],start_interpolation:0}
execute if entity @s[tag=aj.gojo.bone.bottom3] run data modify entity @s {} merge value {transformation:[-0.9835851122430137f,0.16659839357247327f,0.06932028731164865f,-0.1812736237620533f,0.1720712272388382f,0.7502999438776403f,0.6383114341555616f,0.37655521811393544f,0.05433065184974623f,0.6397616505201613f,-0.7666506445528503f,-0.09853165589026863f,0f,0f,0f,1f],start_interpolation:0}
execute if entity @s[tag=aj.gojo.bone.rightleg] run data modify entity @s {} merge value {transformation:[-0.9835851122430137f,0.18040389379371036f,0.003842144969401462f,-0.11875f,0.1720712272388382f,0.9313179501741478f,0.3209959009706256f,0.6665166323731139f,0.05433065184974623f,0.31638791188585447f,-0.9470727899597213f,-1.4542680739874818e-17f,0f,0f,0f,1f],start_interpolation:0}
execute if entity @s[tag=aj.gojo.bone.bottom4] run data modify entity @s {} merge value {transformation:[-0.9954336019250646f,-0.08798695596931595f,0.037016749421653825f,0.16813839629838545f,-0.0881153735362723f,0.9961085594311594f,-0.001848992845812747f,0.43007580155257663f,-0.03671001368911571f,-0.005102294310828703f,-0.9993129347145021f,0.26515965680552195f,0f,0f,0f,1f],start_interpolation:0}
execute if entity @s[tag=aj.gojo.bone.leftleg] run data modify entity @s {} merge value {transformation:[-0.9902350238216939f,-0.13823816767839958f,-0.01802239145529341f,0.11874999999999998f,-0.09415053227295184f,0.7584936692711781f,-0.6448434158369493f,0.6665166323731139f,0.10281184206874715f,-0.6368497174942166f,-0.7641021937267081f,0.06678669410150893f,0f,0f,0f,1f],start_interpolation:0}
execute if entity @s[tag=aj.gojo.locator_origin.purple] at @s on origin run tp @s ^-0.42188 ^1.28125 ^0.57813 ~0 ~0
execute if entity @s[tag=aj.gojo.bone.purple] run data modify entity @s {} merge value {transformation:[-3.4921419442379658f,-3.2547747126753044f,5.846148002173804e-16f,-0.42187500000000006f,-3.2547747126753044f,3.4921419442379658f,0f,1.28125f,-4.2766404541792396e-16f,-3.985949433823558e-16f,-4.773742115885265f,0.578125f,0f,0f,0f,1f],start_interpolation:0}
execute if entity @s[tag=aj.gojo.locator_origin.blue] at @s on origin run tp @s ^-0.39063 ^1.23438 ^0.79688 ~0 ~0
execute if entity @s[tag=aj.gojo.locator_origin.red] at @s on origin run tp @s ^0.01563 ^1.78125 ^-0.53125 ~0 ~0
execute if entity @s[tag=aj.gojo.camera_origin.camera] at @s on origin run tp @s ^0 ^1.59875 ^0 ~0 ~0