execute if entity @s[tag=aj.gojo.locator_origin.head] at @s on origin run tp @s ^-0.00031 ^1.41625 ^0.00129 ~13.34974 ~0.10125
execute if entity @s[tag=aj.gojo.bone.torso] run data modify entity @s {} merge value {transformation:[-0.972978813901015f,-0.00040802388680319086f,0.2308940475982041f,-0.0003060179151023932f,2.710505431213761e-20f,0.9999984385981475f,0.0017671449479025538f,1.4162488289486106f,-0.23089440811716067f,0.0017193945954013978f,-0.9729772946900926f,0.0012895459465510485f,0f,0f,0f,1f],start_interpolation:0}
execute if entity @s[tag=aj.gojo.bone.bottom2] run data modify entity @s {} merge value {transformation:[-0.997699821724242f,0.06391752847493018f,-0.022574660242675893f,-0.38264651524981685f,0.0297901782174434f,0.11428785224632511f,-0.9930009225125099f,1.264538947200851f,-0.06089015530599923f,-0.9913893465145664f,-0.11592908437589176f,0.17296182100752983f,0f,0f,0f,1f],start_interpolation:0}
execute if entity @s[tag=aj.gojo.bone.rightarm] run data modify entity @s {} merge value {transformation:[-0.997699821724242f,0.06391752847493018f,-0.022574660242675893f,-0.3043108942733192f,0.0297901782174434f,0.11428785224632511f,-0.9930009225125099f,1.2912490241238421f,-0.06089015530599923f,-0.9913893465145664f,-0.11592908437589176f,-0.07107988091448683f,0f,0f,0f,1f],start_interpolation:0}
execute if entity @s[tag=aj.gojo.bone.bottom] run data modify entity @s {} merge value {transformation:[-0.326530828386521f,0.9409191216825142f,0.08971524154466802f,0.18590611234248122f,0.46400090245183984f,0.242266902183018f,-0.8520621518589602f,1.1636441961507875f,-0.823456605193674f,-0.2365966072428971f,-0.5156949338553364f,0.2635553843326043f,0f,0f,0f,1f],start_interpolation:0}
execute if entity @s[tag=aj.gojo.bone.leftarm] run data modify entity @s {} merge value {transformation:[-0.747298929325609f,0.6584037406207381f,0.08971524154466802f,0.3038008644148152f,0.28470124032491484f,0.43924400181098994f,-0.8520621518589602f,1.2912490241238421f,-0.6004077897448146f,-0.6112030932592591f,-0.5156949338553364f,0.07322912415873858f,0f,0f,0f,1f],start_interpolation:0}
execute if entity @s[tag=aj.gojo.bone.head] run data modify entity @s {} merge value {transformation:[-0.9786802640108646f,0.01865977762606965f,0.20454034696012893f,-0.0003060179151023932f,0.06445199365500376f,0.9734628222684829f,0.2195815888797947f,1.4162488289486106f,-0.19501507980030586f,0.22808320052126915f,-0.9539115117716396f,0.0012895459465510485f,0f,0f,0f,1f],start_interpolation:0}
execute if entity @s[tag=aj.gojo.bone.bottom3] run data modify entity @s {} merge value {transformation:[-0.9834804769170343f,0.1669679162227801f,0.06991327824716448f,-0.18144958080333284f,0.17261362963500507f,0.7487689339235364f,0.6399606382077263f,0.37642962820815085f,0.05450400340591564f,0.6414567783905893f,-0.7652205662875863f,-0.09883434201491234f,0f,0f,0f,1f],start_interpolation:0}
execute if entity @s[tag=aj.gojo.bone.rightleg] run data modify entity @s {} merge value {transformation:[-0.9834804769170343f,0.18096904903232447f,0.004044108724911429f,-0.11875f,0.17261362963500507f,0.9308774623266174f,0.32198087675603715f,0.66625f,0.05450400340591564f,0.31735997451583775f,-0.946737535005365f,-1.4542680739874818e-17f,0f,0f,0f,1f],start_interpolation:0}
execute if entity @s[tag=aj.gojo.bone.bottom4] run data modify entity @s {} merge value {transformation:[-0.9953762438568602f,-0.088577744091474f,0.03714991813010875f,0.16828736523946186f,-0.08870682488519482f,0.9960560840575217f,-0.0018375610964075917f,0.43027811558296586f,-0.03684063495918362f,-0.005124515944066543f,-0.9993080140537968f,0.2658935185213586f,0f,0f,0f,1f],start_interpolation:0}
execute if entity @s[tag=aj.gojo.bone.leftleg] run data modify entity @s {} merge value {transformation:[-0.9901727534558185f,-0.13871611369716166f,-0.017769583970341788f,0.11874999999999998f,-0.09444711190229253f,0.7569989723725551f,-0.6465541731983573f,0.66625f,0.10313903900579424f,-0.6385220400484635f,-0.7626610931503649f,0.06700000000000002f,0f,0f,0f,1f],start_interpolation:0}
execute if entity @s[tag=aj.gojo.locator_origin.purple] at @s on origin run tp @s ^-0.42188 ^1.28125 ^0.57813 ~0 ~0
execute if entity @s[tag=aj.gojo.bone.purple] run data modify entity @s {} merge value {transformation:[2.3036341018182713f,4.294647522589079f,5.968281644744281e-16f,-0.42187500000000006f,4.294647522589079f,-2.3036341018182713f,0f,1.28125f,2.821138129198434e-16f,5.259426342004826e-16f,-4.8734718033800695f,0.578125f,0f,0f,0f,1f],start_interpolation:0}
execute if entity @s[tag=aj.gojo.locator_origin.blue] at @s on origin run tp @s ^-0.39063 ^1.23438 ^0.79688 ~0 ~0
execute if entity @s[tag=aj.gojo.locator_origin.red] at @s on origin run tp @s ^0.01563 ^1.78125 ^-0.53125 ~0 ~0
execute if entity @s[tag=aj.gojo.camera_origin.camera] at @s on origin run tp @s ^0 ^1.59875 ^0 ~0 ~0