execute if entity @s[tag=aj.gojo.locator_origin.head] at @s on origin run tp @s ^-0.00049 ^1.41869 ^0.00212 ~12.98956 ~0.16593
execute if entity @s[tag=aj.gojo.bone.torso] run data modify entity @s {} merge value {transformation:[-0.9744110200397068f,-0.0006509329870542505f,0.22477264137662437f,-0.0004881997402906879f,0f,0.999995806728951f,0.002895949673986862f,1.418689413345753f,-0.22477358391318633f,0.0028218452758131942f,-0.9744069340701867f,0.0021163839568598955f,0f,0f,0f,1f],start_interpolation:0}
execute if entity @s[tag=aj.gojo.bone.bottom2] run data modify entity @s {} merge value {transformation:[-0.9980683569875253f,0.0580137554588977f,-0.022225187463259154f,-0.38179298805576206f,0.02962281370050973f,0.12994659587278165f,-0.991078387984291f,1.2630547143927204f,-0.05460809178763423f,-0.9898223509290096f,-0.13141411610889495f,0.1755644903200378f,0f,0f,0f,1f],start_interpolation:0}
execute if entity @s[tag=aj.gojo.bone.rightarm] run data modify entity @s {} merge value {transformation:[-0.9980683569875253f,0.0580137554588977f,-0.022225187463259154f,-0.3049102768793173f,0.02962281370050973f,0.12994659587278165f,-0.991078387984291f,1.293689937504634f,-0.05460809178763423f,-0.9898223509290096f,-0.13141411610889495f,-0.06847809167548748f,0f,0f,0f,1f],start_interpolation:0}
execute if entity @s[tag=aj.gojo.bone.bottom] run data modify entity @s {} merge value {transformation:[-0.352600357668142f,0.9297806511457625f,0.10573990981299602f,0.18945728446394836f,0.4711553946536098f,0.27402425715082224f,-0.8384052126398912f,1.159487755925699f,-0.8085082447700206f,-0.2458020489090813f,-0.5346922207129986f,0.2597654828252373f,0f,0f,0f,1f],start_interpolation:0}
execute if entity @s[tag=aj.gojo.bone.leftarm] run data modify entity @s {} merge value {transformation:[-0.7548840077710564f,0.6472783066689686f,0.10573990981299602f,0.3040966106454995f,0.28232872238857293f,0.4662265457185968f,-0.8384052126398912f,1.293689937504634f,-0.5919802592366943f,-0.6030452734107599f,-0.5346922207129986f,0.07200539827025397f,0f,0f,0f,1f],start_interpolation:0}
execute if entity @s[tag=aj.gojo.bone.head] run data modify entity @s {} merge value {transformation:[-0.9798300158428493f,0.01806197155706768f,0.19901483672549014f,-0.0004881997402906879f,0.06285038125876899f,0.9732213004153802f,0.22111112589244233f,1.418689413345753f,-0.1896917753331156f,0.22915947635057068f,-0.9547266440032472f,0.0021163839568598955f,0f,0f,0f,1f],start_interpolation:0}
execute if entity @s[tag=aj.gojo.bone.bottom3] run data modify entity @s {} merge value {transformation:[-0.9844267231101084f,0.16351314239083298f,0.06455601515094637f,-0.1798342778867561f,0.1676422782009059f,0.762644473495132f,0.6247155141397907f,0.37759631885224276f,0.052915908631564756f,0.6258089639121576f,-0.7781793156470351f,-0.09605728954632545f,0f,0f,0f,1f],start_interpolation:0}
execute if entity @s[tag=aj.gojo.bone.rightleg] run data modify entity @s {} merge value {transformation:[-0.9844267231101084f,0.1757811547754174f,0.002238850712932011f,-0.11875f,0.1676422782009059f,0.9348608117937685f,0.3129398171085079f,0.6686925582990397f,0.052915908631564756f,0.3084416447208727f,-0.9497703187695322f,-1.4542680739874818e-17f,0f,0f,0f,1f],start_interpolation:0}
execute if entity @s[tag=aj.gojo.bone.bottom4] run data modify entity @s {} merge value {transformation:[-0.9958824073670381f,-0.08323969388629651f,0.03590799435429648f,0.16691737016639818f,-0.08336253032122254f,0.9965174083988622f,-0.0019347600518853647f,0.42847238463313997f,-0.035621892640282135f,-0.0049201747662834805f,-0.9993532271649466f,0.2591322360166481f,0f,0f,0f,1f],start_interpolation:0}
execute if entity @s[tag=aj.gojo.bone.leftleg] run data modify entity @s {} merge value {transformation:[-0.9907358703512742f,-0.13432086712544872f,-0.020008494545334408f,0.11874999999999998f,-0.09172875923620064f,0.7705391309156032f,-0.6307577050316657f,0.6686925582990397f,0.10014124988380294f,-0.6230789294964918f,-0.7757218429883326f,0.06504595336076818f,0f,0f,0f,1f],start_interpolation:0}
execute if entity @s[tag=aj.gojo.locator_origin.purple] at @s on origin run tp @s ^-0.42188 ^1.28125 ^0.57813 ~0 ~0
execute if entity @s[tag=aj.gojo.bone.purple] run data modify entity @s {} merge value {transformation:[-2.787964232557357f,-3.135550212629974f,5.138326640072148e-16f,-0.42187500000000006f,-3.135550212629974f,2.787964232557357f,0f,1.28125f,-3.4142714735386744e-16f,-3.8399415314631004e-16f,-4.19576211169592f,0.578125f,0f,0f,0f,1f],start_interpolation:0}
execute if entity @s[tag=aj.gojo.locator_origin.blue] at @s on origin run tp @s ^-0.39063 ^1.23438 ^0.79688 ~0 ~0
execute if entity @s[tag=aj.gojo.locator_origin.red] at @s on origin run tp @s ^0.01563 ^1.78125 ^-0.53125 ~0 ~0
execute if entity @s[tag=aj.gojo.camera_origin.camera] at @s on origin run tp @s ^0 ^1.59875 ^0 ~0 ~0