execute if entity @s[tag=aj.gojo.locator_origin.head] at @s on origin run tp @s ^-0.00055 ^1.41733 ^0.00234 ~13.17155 ~0.18375
execute if entity @s[tag=aj.gojo.bone.torso] run data modify entity @s {} merge value {transformation:[-0.9736921894822703f,-0.0007307789595227083f,0.22786615831082718f,-0.0005480842196420312f,0f,0.9999948574436075f,0.0032070370030720585f,1.4173341060456686f,-0.2278673301314224f,0.003122666881271891f,-0.973687182215277f,0.002342000160953918f,0f,0f,0f,1f],start_interpolation:0}
execute if entity @s[tag=aj.gojo.bone.bottom2] run data modify entity @s {} merge value {transformation:[-0.9978930552330108f,0.06122192981556862f,-0.02147849220464357f,-0.38240934446886654f,0.029556456705268477f,0.13425943579058663f,-0.9905053355576751f,1.2606171684616503f,-0.057756957890430394f,-0.9890532236491879f,-0.13578606189293554f,0.1743966221788705f,0f,0f,0f,1f],start_interpolation:0}
execute if entity @s[tag=aj.gojo.bone.rightarm] run data modify entity @s {} merge value {transformation:[-0.9978930552330108f,0.06122192981556862f,-0.02147849220464357f,-0.3047355460629112f,0.029556456705268477f,0.13425943579058663f,-0.9905053355576751f,1.2923347488652177f,-0.057756957890430394f,-0.9890532236491879f,-0.13578606189293554f,-0.06925687386527457f,0f,0f,0f,1f],start_interpolation:0}
execute if entity @s[tag=aj.gojo.bone.bottom] run data modify entity @s {} merge value {transformation:[-0.3330953083911479f,0.9377933427675091f,0.09793447701778467f,0.18615057278960698f,0.4695456970731759f,0.2550500623207509f,-0.8452670016451882f,1.1616441475536663f,-0.8176639614706468f,-0.2355697603070523f,-0.525292808004266f,0.2615205932088101f,0f,0f,0f,1f],start_interpolation:0}
execute if entity @s[tag=aj.gojo.bone.leftarm] run data modify entity @s {} merge value {transformation:[-0.7470975116576418f,0.6574603762100136f,0.09793447701778467f,0.3038220723635078f,0.2862594518310752f,0.451197542288437f,-0.8452670016451882f,1.2923347488652177f,-0.5999173562352834f,-0.6034622039089618f,-0.525292808004266f,0.07316020746686444f,0f,0f,0f,1f],start_interpolation:0}
execute if entity @s[tag=aj.gojo.bone.head] run data modify entity @s {} merge value {transformation:[-0.9792643875825805f,0.01726329214551095f,0.20184954286996137f,-0.0005480842196420312f,0.06359411354557837f,0.9721939807039701f,0.22537669046580747f,1.4173341060456686f,-0.19234616693572484f,0.2335398095127832f,-0.9531327868864166f,0.002342000160953918f,0f,0f,0f,1f],start_interpolation:0}
execute if entity @s[tag=aj.gojo.bone.bottom3] run data modify entity @s {} merge value {transformation:[-0.9839053629084755f,0.16544833137010223f,0.06750619591407749f,-0.18073102940804728f,0.17039999144442602f,0.7549909727856614f,0.6332080810664849f,0.3769448039155662f,0.05379665190028556f,0.6345198820045038f,-0.7710320613212592f,-0.09759855363678334f,0f,0f,0f,1f],start_interpolation:0}
execute if entity @s[tag=aj.gojo.bone.rightleg] run data modify entity @s {} merge value {transformation:[-0.9839053629084755f,0.17866118684758178f,0.0032275616422373487f,-0.11875f,0.17039999144442602f,0.9326661087805583f,0.31795875903624865f,0.667337962962963f,0.05379665190028556f,0.31339130467571236f,-0.94809905094245f,-1.4542680739874818e-17f,0f,0f,0f,1f],start_interpolation:0}
execute if entity @s[tag=aj.gojo.bone.bottom4] run data modify entity @s {} merge value {transformation:[-0.9956070140164149f,-0.08617952820181808f,0.03660276711165679f,0.16767859618664432f,-0.08630587344464534f,0.9962669073776982f,-0.0018829426528670923f,0.42946057858335585f,-0.036303854482341254f,-0.0050337046982474876f,-0.9993281202721835f,0.2628925706930345f,0f,0f,0f,1f],start_interpolation:0}
execute if entity @s[tag=aj.gojo.bone.leftleg] run data modify entity @s {} merge value {transformation:[-0.99042560883537f,-0.13676299562055444f,-0.01878819821001466f,0.11874999999999998f,-0.09323670673782126f,0.7630723641494993f,-0.6395525651484635f,0.667337962962963f,0.10180387949273893f,-0.6316774889927503f,-0.7685177421634726f,0.06612962962962965f,0f,0f,0f,1f],start_interpolation:0}
execute if entity @s[tag=aj.gojo.locator_origin.purple] at @s on origin run tp @s ^-0.42188 ^1.28125 ^0.57813 ~0 ~0
execute if entity @s[tag=aj.gojo.bone.purple] run data modify entity @s {} merge value {transformation:[-4.521014380014553f,-0.42522295807326926f,5.561081280508219e-16f,-0.42187500000000006f,-0.42522295807326926f,4.521014380014553f,0f,1.28125f,-5.536645789383978e-16f,-5.207479345283984e-17f,-4.540967472727695f,0.578125f,0f,0f,0f,1f],start_interpolation:0}
execute if entity @s[tag=aj.gojo.locator_origin.blue] at @s on origin run tp @s ^-0.39063 ^1.23438 ^0.79688 ~0 ~0
execute if entity @s[tag=aj.gojo.locator_origin.red] at @s on origin run tp @s ^0.01563 ^1.78125 ^-0.53125 ~0 ~0
execute if entity @s[tag=aj.gojo.camera_origin.camera] at @s on origin run tp @s ^0 ^1.59875 ^0 ~0 ~0