execute if entity @s[tag=aj.gojo.locator_origin.head] at @s on origin run tp @s ^0 ^1.5 ^0 ~0 ~0
execute if entity @s[tag=aj.gojo.bone.bottom2] run data modify entity @s {} merge value {transformation:[-0.9905399049353041f,0.033584231241581275f,-0.13305185508917475f,-0.38964167698419305f,0.07840784595724108f,0.9342429003334963f,-0.34791150148967787f,1.133237188531042f,0.11261841067562761f,-0.35505253496964156f,-0.9280381409126066f,0.04479011791334644f,0f,0f,0f,1f],start_interpolation:0}
execute if entity @s[tag=aj.gojo.bone.rightarm] run data modify entity @s {} merge value {transformation:[-0.9905399049353041f,0.06093173170294626f,-0.12295536101544713f,-0.3125f,0.07840784595724108f,0.9866532073651423f,-0.14271530432445925f,1.375f,0.11261841067562761f,-0.151005868984479f,-0.9820969000608535f,-3.827021247335479e-17f,0f,0f,0f,1f],start_interpolation:0}
execute if entity @s[tag=aj.gojo.bone.bottom] run data modify entity @s {} merge value {transformation:[-0.9875847793082169f,-0.03513559745479769f,0.1531071306968914f,0.39089516999816937f,-0.08965584918604161f,0.9263997081692129f,-0.36571219477989336f,1.1349167053475175f,-0.12898888473612885f,-0.37489874699109266f,-0.9180483631699575f,0.05119041853479393f,0f,0f,0f,1f],start_interpolation:0}
execute if entity @s[tag=aj.gojo.bone.leftarm] run data modify entity @s {} merge value {transformation:[-0.9875847793082169f,-0.06668448516562325f,0.14223038745969985f,0.3125f,-0.08965584918604161f,0.9827471409064406f,-0.16177109057846636f,1.375f,-0.12898888473612885f,-0.17251445295514337f,-0.9765247724129262f,3.827021247335479e-17f,0f,0f,0f,1f],start_interpolation:0}
execute if entity @s[tag=aj.gojo.bone.head] run data modify entity @s {} merge value {transformation:[-1f,-7.442634715110995e-18f,1.2223831238656725e-16f,0f,0f,0.9981515688578481f,0.06077372447543934f,1.5f,-1.2246467991473532e-16f,0.06077372447543934f,-0.9981515688578481f,0f,0f,0f,0f,1f],start_interpolation:0}
execute if entity @s[tag=aj.gojo.locator_origin.purple] at @s on origin run tp @s ^-0.42188 ^1.28125 ^0.57813 ~0 ~0
execute if entity @s[tag=aj.gojo.locator_origin.blue] at @s on origin run tp @s ^-1.0625 ^1.78125 ^-0.53125 ~0 ~0
execute if entity @s[tag=aj.gojo.locator_origin.red] at @s on origin run tp @s ^1.0625 ^1.78125 ^-0.53125 ~0 ~0
execute if entity @s[tag=aj.gojo.camera_origin.camera] at @s on origin run tp @s ^0 ^1.755 ^4.715 ~-180 ~0