execute if entity @s[tag=aj.gojo.locator_origin.head] at @s on origin run tp @s ^-0.00027 ^1.42037 ^0.00118 ~12.76778 ~0.09259
execute if entity @s[tag=aj.gojo.bone.torso] run data modify entity @s {} merge value {transformation:[-0.9752737953925208f,-0.00035714601078799205f,0.22099976576321206f,-0.00026785950809099404f,-2.710505431213761e-20f,0.9999986941985876f,0.0016160449002868477f,1.4203736777134126f,-0.22100005434539516f,0.0015760862434274817f,-0.9752725218786212f,0.0011820646825706112f,0f,0f,0f,1f],start_interpolation:0}
execute if entity @s[tag=aj.gojo.bone.bottom2] run data modify entity @s {} merge value {transformation:[-0.9982626283211591f,0.05384428416890724f,-0.023927347526823173f,-0.38084876262920453f,0.029857858648971898f,0.11218298318687778f,-0.9932388869552939f,1.2691942113074304f,-0.050795995651521764f,-0.9922276812030749f,-0.1135957546748113f,0.1768047074917548f,0f,0f,0f,1f],start_interpolation:0}
execute if entity @s[tag=aj.gojo.bone.rightarm] run data modify entity @s {} merge value {transformation:[-0.9982626283211591f,0.05384428416890724f,-0.023927347526823173f,-0.30499627731690526f,0.029857858648971898f,0.11218298318687778f,-0.9932388869552939f,1.295373840938589f,-0.050795995651521764f,-0.9922276812030749f,-0.1135957546748113f,-0.0680774630807938f,0f,0f,0f,1f],start_interpolation:0}
execute if entity @s[tag=aj.gojo.bone.bottom] run data modify entity @s {} merge value {transformation:[-0.3820816704136824f,0.9170111011641604f,0.11447374142389329f,0.1950811386055123f,0.47063634448631564f,0.2996910461872055f,-0.829871500946849f,1.1567863858576093f,-0.7953081342363149f,-0.26320318610706883f,-0.546085208040503f,0.25770782149114946f,0f,0f,0f,1f],start_interpolation:0}
execute if entity @s[tag=aj.gojo.bone.leftarm] run data modify entity @s {} merge value {transformation:[-0.7681779822258674f,0.6299193203480988f,0.11447374142389329f,0.3045498448034203f,0.2746124572793669f,0.4856967060040779f,-0.829871500946849f,1.295373840938589f,-0.5783516109862434f,-0.6060530996777242f,-0.546085208040503f,0.07004757088507817f,0f,0f,0f,1f],start_interpolation:0}
execute if entity @s[tag=aj.gojo.bone.head] run data modify entity @s {} merge value {transformation:[-0.9804981995028452f,0.020090283734950122f,0.19549849429376154f,-0.00026785950809099404f,0.06200934027595301f,0.9755721218990049f,0.21074600041759792f,1.4203736777134126f,-0.18648893396182997f,0.21875880661797897f,-0.9577924942475056f,0.0011820646825706112f,0f,0f,0f,1f],start_interpolation:0}
execute if entity @s[tag=aj.gojo.bone.bottom3] run data modify entity @s {} merge value {transformation:[-0.9850623077734754f,0.16104476181399943f,0.060965846965880297f,-0.17871759526139874f,0.16421544570932678f,0.7720025395652651f,0.6140401992502351f,0.37842094502171136f,0.05182216894806796f,0.6148793894716698f,-0.786916640571582f,-0.0941394181149319f,0f,0f,0f,1f],start_interpolation:0}
execute if entity @s[tag=aj.gojo.bone.rightleg] run data modify entity @s {} merge value {transformation:[-0.9850623077734754f,0.17219505868100646f,0.00105431012500702f,-0.11875f,0.16421544570932678f,0.9375361874510201f,0.30669069860413595f,0.6703746570644719f,0.05182216894806796f,0.3022825813467434f,-0.9518086487418925f,-1.4542680739874818e-17f,0f,0f,0f,1f],start_interpolation:0}
execute if entity @s[tag=aj.gojo.bone.bottom4] run data modify entity @s {} merge value {transformation:[-0.9962065018620913f,-0.07966059623277127f,0.03502563426312971f,0.165967465185489f,-0.07977893375878517f,0.9968105909255451f,-0.00199187022090086f,0.4272915431220433f,-0.03475524961795707f,-0.004778621820664575f,-0.9993844292350609f,0.2544263166119515f,0f,0f,0f,1f],start_interpolation:0}
execute if entity @s[tag=aj.gojo.bone.leftleg] run data modify entity @s {} merge value {transformation:[-0.9911140964767997f,-0.13127360666402885f,-0.021449661032163704f,0.11874999999999998f,-0.08985486169376988f,0.7796630618496467f,-0.6197189797135694f,0.6703746570644719f,0.0980762539811262f,-0.6122848603229152f,-0.7845306228722865f,0.06370027434842251f,0f,0f,0f,1f],start_interpolation:0}
execute if entity @s[tag=aj.gojo.locator_origin.purple] at @s on origin run tp @s ^-0.42188 ^1.28125 ^0.57813 ~0 ~0
execute if entity @s[tag=aj.gojo.bone.purple] run data modify entity @s {} merge value {transformation:[3.681697436079396f,-0.521341461514586f,4.553758665555369e-16f,-0.42187500000000006f,-0.521341461514586f,-3.681697436079396f,0f,1.28125f,4.50877898052365e-16f,-6.384591521066408e-17f,-3.7184261361936137f,0.578125f,0f,0f,0f,1f],start_interpolation:0}
execute if entity @s[tag=aj.gojo.locator_origin.blue] at @s on origin run tp @s ^-0.39063 ^1.23438 ^0.79688 ~0 ~0
execute if entity @s[tag=aj.gojo.locator_origin.red] at @s on origin run tp @s ^0.01563 ^1.78125 ^-0.53125 ~0 ~0
execute if entity @s[tag=aj.gojo.camera_origin.camera] at @s on origin run tp @s ^0 ^1.59875 ^0 ~0 ~0