execute if entity @s[tag=aj.gojo.locator_origin.head] at @s on origin run tp @s ^0 ^1.42188 ^0 ~12.43452 ~0
execute if entity @s[tag=aj.gojo.bone.torso] run data modify entity @s {} merge value {transformation:[-0.9765427399083293f,0f,0.2153236566945984f,0f,0f,1f,0f,1.421875f,-0.2153236566945984f,0f,-0.9765427399083293f,0f,0f,0f,0f,1f],start_interpolation:0}
execute if entity @s[tag=aj.gojo.bone.bottom2] run data modify entity @s {} merge value {transformation:[-0.9985290398141367f,0.04760048164452288f,-0.025960562302614038f,-0.37947779162086714f,0.030158328364192147f,0.08970329181666925f,-0.9955118254784978f,1.2763340725685948f,-0.04505809447963846f,-0.994830394381104f,-0.09100689280159519f,0.1786028249732366f,0f,0f,0f,1f],start_interpolation:0}
execute if entity @s[tag=aj.gojo.bone.rightarm] run data modify entity @s {} merge value {transformation:[-0.9985290398141367f,0.04760048164452288f,-0.025960562302614038f,-0.3051696062213529f,0.030158328364192147f,0.08970329181666925f,-0.9955118254784978f,1.296875f,-0.04505809447963846f,-0.994830394381104f,-0.09100689280159519f,-0.067288642717062f,0f,0f,0f,1f],start_interpolation:0}
execute if entity @s[tag=aj.gojo.bone.bottom] run data modify entity @s {} merge value {transformation:[-0.41819307017928586f,0.8994923025123819f,0.12660234506120555f,0.20312233878593372f,0.4711510404547611f,0.33395383439500803f,-0.816389327203184f,1.151949413074614f,-0.7766152542491158f,-0.2817595326051015f,-0.5634539135135508f,0.2543425907194937f,0f,0f,0f,1f],start_interpolation:0}
execute if entity @s[tag=aj.gojo.bone.leftarm] run data modify entity @s {} merge value {transformation:[-0.7862811069097668f,0.6047593464691184f,0.12660234506120555f,0.3051696062213529f,0.26371335703014653f,0.5137740084440072f,-0.816389327203184f,1.296875f,-0.5587640702842678f,-0.6085247744386599f,-0.5634539135135508f,0.067288642717062f,0f,0f,0f,1f],start_interpolation:0}
execute if entity @s[tag=aj.gojo.bone.head] run data modify entity @s {} merge value {transformation:[-0.98148571730506f,0.022634359504303612f,0.19019325039549134f,0f,0.060720556390802385f,0.9785429326333377f,0.1968927195833772f,1.421875f,-0.1816557204102406f,0.20479603209822442f,-0.9618002830520792f,0f,0f,0f,0f,1f],start_interpolation:0}
execute if entity @s[tag=aj.gojo.locator_origin.purple] at @s on origin run tp @s ^-0.42188 ^1.28125 ^0.57813 ~0 ~0
execute if entity @s[tag=aj.gojo.bone.purple] run data modify entity @s {} merge value {transformation:[-1.8235939389666689f,0.5270224109752296f,2.324651726891975e-16f,-0.42187500000000006f,0.5270224109752296f,1.8235939389666689f,0f,1.28125f,-2.2332584803000446e-16f,6.454163086797358e-17f,-1.8982221882345898f,0.578125f,0f,0f,0f,1f],start_interpolation:0}
execute if entity @s[tag=aj.gojo.locator_origin.blue] at @s on origin run tp @s ^-0.40062 ^1.2198 ^0.83227 ~0 ~0
execute if entity @s[tag=aj.gojo.bone.blue] run data modify entity @s {} merge value {transformation:[-0.000009444372728271605f,0.0000032869170615456025f,1.2246467991473532e-21f,-0.4006194721931574f,0.0000032869170615456025f,0.000009444372728271605f,0f,1.2197997280516455f,-1.1566020831632377e-21f,4.025312458484646e-22f,-0.00001f,0.8322720890174322f,0f,0f,0f,1f],start_interpolation:0}
execute if entity @s[tag=aj.gojo.locator_origin.red] at @s on origin run tp @s ^0.01563 ^1.78125 ^-0.53125 ~0 ~0
execute if entity @s[tag=aj.gojo.camera_origin.camera] at @s on origin run tp @s ^0 ^1.59875 ^0 ~0 ~0