execute if entity @s[tag=aj.gojo.locator_origin.head] at @s on origin run tp @s ^0 ^1.5 ^0 ~0 ~0
execute if entity @s[tag=aj.gojo.bone.bottom2] run data modify entity @s {} merge value {transformation:[-0.6034396282881422f,-0.7973304539461583f,-0.011169701047120256f,-0.30085592725055854f,0.3730125635138649f,-0.26986939585215525f,-0.8877117418639948f,1.201705013535025f,0.7047852456403182f,-0.5398468823586982f,0.46026416451350016f,0.19036678606287868f,0f,0f,0f,1f],start_interpolation:0}
execute if entity @s[tag=aj.gojo.bone.rightarm] run data modify entity @s {} merge value {transformation:[-0.6034396282881422f,-0.1974361980698013f,-0.7725798099246517f,-0.3125f,0.3730125635138649f,0.7864330867383664f,-0.49232573317264255f,1.375f,0.7047852456403182f,-0.5852708328414353f,-0.4009187071624484f,-3.827021247335479e-17f,0f,0f,0f,1f],start_interpolation:0}
execute if entity @s[tag=aj.gojo.bone.bottom] run data modify entity @s {} merge value {transformation:[-0.603782802950574f,0.7971362950603329f,0.004478164650192545f,0.2992752168977989f,-0.3920795145879666f,-0.2920760451799441f,-0.8723332150460097f,1.2080577050944439f,-0.6940605024791521f,-0.5284555903096579f,0.4888913048611706f,0.19586123987038911f,0f,0f,0f,1f],start_interpolation:0}
execute if entity @s[tag=aj.gojo.bone.leftarm] run data modify entity @s {} merge value {transformation:[-0.603782802950574f,0.20384483314644788f,0.7706449317686097f,0.3125f,-0.3920795145879666f,0.765789058269216f,-0.5097457920136389f,1.375f,-0.6940605024791521f,-0.6099298338617684f,-0.3824468808393432f,3.827021247335479e-17f,0f,0f,0f,1f],start_interpolation:0}
execute if entity @s[tag=aj.gojo.bone.head] run data modify entity @s {} merge value {transformation:[-0.9999881975260096f,-0.004804116746397277f,0.0007247557997855081f,0f,-0.004241779909402741f,0.9360255641166433f,0.35190645152273065f,1.5f,-0.0023689896332666307f,0.35189922390139877f,-0.9360348947051658f,0f,0f,0f,0f,1f],start_interpolation:0}
execute if entity @s[tag=aj.gojo.locator_origin.purple] at @s on origin run tp @s ^-0.42188 ^1.28125 ^0.57813 ~0 ~0
execute if entity @s[tag=aj.gojo.locator_origin.blue] at @s on origin run tp @s ^0.00049 ^1.75773 ^-0.47414 ~0 ~0
execute if entity @s[tag=aj.gojo.bone.blue] run data modify entity @s {} merge value {transformation:[-0.00000988254834185488f,0.0000015281486416253443f,1.2246467991473532e-21f,0.00048685768950435226f,0.0000015281486416253443f,0.00000988254834185488f,0f,1.757732780612245f,-1.2102631194271561e-21f,1.8714423425878537e-22f,-0.00001f,-0.47413675291545193f,0f,0f,0f,1f],start_interpolation:0}
execute if entity @s[tag=aj.gojo.locator_origin.red] at @s on origin run tp @s ^0.01563 ^1.78125 ^-0.53125 ~0 ~0
execute if entity @s[tag=aj.gojo.bone.red] run data modify entity @s {} merge value {transformation:[-0.00001f,-4.898587196589413e-21f,1.2246467991473532e-21f,0.015625000000000066f,-4.898587196589413e-21f,0.00001f,0f,1.78125f,-1.2246467991473532e-21f,-5.999039130647431e-37f,-0.00001f,-0.53125f,0f,0f,0f,1f],start_interpolation:0}
execute if entity @s[tag=aj.gojo.camera_origin.camera] at @s on origin run tp @s ^0 ^1.755 ^2.254 ~-180 ~0