execute if entity @s[tag=aj.gojo.locator_origin.head] at @s on origin run tp @s ^0 ^1.5 ^0 ~0 ~0
execute if entity @s[tag=aj.gojo.bone.bottom2] run data modify entity @s {} merge value {transformation:[-0.6362221858748975f,-0.7707409699468786f,-0.034346578372706826f,-0.2958718398768899f,0.3666593616159336f,-0.2628958568406732f,-0.8924386146931365f,1.209666130849273f,0.6788094303557985f,-0.580382740699061f,0.4498595687085951f,0.19696310822732907f,0f,0f,0f,1f],start_interpolation:0}
execute if entity @s[tag=aj.gojo.bone.rightarm] run data modify entity @s {} merge value {transformation:[-0.6362221858748975f,-0.2255681869611647f,-0.7377942282449902f,-0.3125f,0.3666593616159336f,0.7530003170068909f,-0.5463986046165548f,1.375f,0.6788094303557985f,-0.6181500753203668f,-0.39636882021857067f,-3.827021247335479e-17f,0f,0f,0f,1f],start_interpolation:0}
execute if entity @s[tag=aj.gojo.bone.bottom] run data modify entity @s {} merge value {transformation:[-0.6362801547615213f,0.7707155913144017f,0.0338384686643228f,0.29575788322139973f,-0.36843584164946264f,-0.2650471664847401f,-0.891069598923935f,1.21027966839811f,-0.6777924425992862f,-0.5794372069890769f,0.45260349966829816f,0.19746686781010914f,0f,0f,0f,1f],start_interpolation:0}
execute if entity @s[tag=aj.gojo.bone.leftarm] run data modify entity @s {} merge value {transformation:[-0.6362801547615213f,0.22603850580478144f,0.7376002701668405f,0.3125f,-0.36843584164946264f,0.7509902868199257f,-0.5479677177445562f,1.375f,-0.6777924425992862f,-0.6204193605906149f,-0.39455952879081f,3.827021247335479e-17f,0f,0f,0f,1f],start_interpolation:0}
execute if entity @s[tag=aj.gojo.bone.head] run data modify entity @s {} merge value {transformation:[-0.9999998996678201f,-0.00044228409121958726f,0.00007105724673439639f,0f,-0.00039109611140999105f,0.939359876081243f,0.3429327488771862f,1.5f,-0.00021842202567367815f,0.3429326866797831f,-0.9393599548088073f,0f,0f,0f,0f,1f],start_interpolation:0}
execute if entity @s[tag=aj.gojo.locator_origin.purple] at @s on origin run tp @s ^-0.42188 ^1.28125 ^0.57813 ~0 ~0
execute if entity @s[tag=aj.gojo.locator_origin.blue] at @s on origin run tp @s ^-1.0625 ^1.78125 ^-0.53125 ~0 ~0
execute if entity @s[tag=aj.gojo.locator_origin.red] at @s on origin run tp @s ^1.0625 ^1.78125 ^-0.53125 ~0 ~0
execute if entity @s[tag=aj.gojo.camera_origin.camera] at @s on origin run tp @s ^0 ^1.755 ^3.125 ~-180 ~0