execute if entity @s[tag=aj.gojo.locator_origin.head] at @s on origin run tp @s ^0 ^1.5 ^0 ~0 ~0
execute if entity @s[tag=aj.gojo.bone.bottom2] run data modify entity @s {} merge value {transformation:[-0.6164083753661217f,-0.7871608006350461f,-0.020459440903696086f,-0.2987969122816361f,0.3707697246452427f,-0.26722356199633013f,-0.889450043116804f,1.2047768567860044f,0.6946729633899603f,-0.5558501973172151f,0.45657423501269073f,0.19298330731265428f,0f,0f,0f,1f],start_interpolation:0}
execute if entity @s[tag=aj.gojo.bone.rightarm] run data modify entity @s {} merge value {transformation:[-0.6164083753661217f,-0.20891444471498613f,-0.7592071321898441f,-0.3125f,0.3707697246452427f,0.7735850040172929f,-0.5139027659451306f,1.375f,0.6946729633899603f,-0.5982649884031271f,-0.39938512439250506f,-3.827021247335479e-17f,0f,0f,0f,1f],start_interpolation:0}
execute if entity @s[tag=aj.gojo.bone.bottom] run data modify entity @s {} merge value {transformation:[-0.6166991596719046f,0.7870269537414034f,0.016453587587320767f,0.29786645575206583f,-0.3830783435299744f,-0.28178206408873685f,-0.8796873598479303f,1.2089382207970902f,-0.6877013371939141f,-0.548805468670291f,0.47526774388683746f,0.1965085109370783f,0f,0f,0f,1f],start_interpolation:0}
execute if entity @s[tag=aj.gojo.bone.leftarm] run data modify entity @s {} merge value {transformation:[-0.6166991596719046f,0.21270896690971272f,0.7579162498958374f,0.3125f,-0.3830783435299744f,0.7600167026941326f,-0.5250005660418562f,1.375f,-0.6877013371939141f,-0.6141087094498345f,-0.38721746319033834f,3.827021247335479e-17f,0f,0f,0f,1f],start_interpolation:0}
execute if entity @s[tag=aj.gojo.bone.head] run data modify entity @s {} merge value {transformation:[-0.9999951224372631f,-0.003086593574172245f,0.0004775372143575701f,0f,-0.002726867800685576f,0.9373499282045044f,0.3483786392519039f,1.5f,-0.0015229227428868444f,0.3483756378323813f,-0.9373537729540543f,0f,0f,0f,0f,1f],start_interpolation:0}
execute if entity @s[tag=aj.gojo.locator_origin.purple] at @s on origin run tp @s ^-0.42188 ^1.28125 ^0.57813 ~0 ~0
execute if entity @s[tag=aj.gojo.locator_origin.blue] at @s on origin run tp @s ^-1.0625 ^1.78125 ^-0.53125 ~0 ~0
execute if entity @s[tag=aj.gojo.bone.blue] run data modify entity @s {} merge value {transformation:[0.7235939643347054f,1.2533015102778908f,1.772294064609681e-16f,-1.0625f,1.2533015102778908f,-0.7235939643347054f,0f,1.78125f,8.861470323048409e-17f,1.5348516829283626e-16f,-1.44718792866941f,-0.5312500000000001f,0f,0f,0f,1f],start_interpolation:0}
execute if entity @s[tag=aj.gojo.locator_origin.red] at @s on origin run tp @s ^1.0625 ^1.78125 ^-0.53125 ~0 ~0
execute if entity @s[tag=aj.gojo.bone.red] run data modify entity @s {} merge value {transformation:[1.2091078752272262f,-0.795242759759534f,1.772294064609681e-16f,1.0625f,-0.795242759759534f,-1.2091078752272262f,0f,1.78125f,1.48073008922088e-16f,-9.738915002846209e-17f,-1.44718792866941f,-0.5312499999999999f,0f,0f,0f,1f],start_interpolation:0}
execute if entity @s[tag=aj.gojo.camera_origin.camera] at @s on origin run tp @s ^0 ^1.7496 ^3.10298 ~-180 ~0