execute if entity @s[tag=aj.gojo.locator_origin.head] at @s on origin run tp @s ^0 ^1.5 ^0 ~0 ~0
execute if entity @s[tag=aj.gojo.bone.bottom2] run data modify entity @s {} merge value {transformation:[-0.6395162909806101f,-0.7679050384733463f,-0.036616464297527324f,-0.2954120756814131f,0.3658943315613452f,-0.2621389168128678f,-0.8929750984341347f,1.2105020655614456f,0.6761214770303337f,-0.5844698796169268f,0.44861420855663403f,0.19762257565352012f,0f,0f,0f,1f],start_interpolation:0}
execute if entity @s[tag=aj.gojo.bone.rightarm] run data modify entity @s {} merge value {transformation:[-0.6395162909806101f,-0.22823077001950012f,-0.7341182664848421f,-0.3125f,0.3658943315613452f,0.749465320644554f,-0.5517454769025589f,1.375f,0.6761214770303337f,-0.6214599333564972f,-0.3957869370391828f,-3.827021247335479e-17f,0f,0f,0f,1f],start_interpolation:0}
execute if entity @s[tag=aj.gojo.bone.bottom] run data modify entity @s {} merge value {transformation:[-0.6395166621189233f,0.7679047270966164f,0.036616512326299505f,0.29541213678490685f,-0.36589439575120297f,-0.26213920281272995f,-0.8929749881752392f,1.2105021199301078f,-0.6761210912478128f,-0.5844701604456618f,0.4486144241088214f,0.19762262619258367f,0f,0f,0f,1f],start_interpolation:0}
execute if entity @s[tag=aj.gojo.bone.leftarm] run data modify entity @s {} merge value {transformation:[-0.6395166621189233f,0.22823061839010347f,0.7341179903132343f,0.3125f,-0.36589439575120297f,0.7494651192173696f,-0.5517457079437558f,1.375f,-0.6761210912478128f,-0.6214602319583813f,-0.3957871272086828f,3.827021247335479e-17f,0f,0f,0f,1f],start_interpolation:0}
execute if entity @s[tag=aj.gojo.bone.head] run data modify entity @s {} merge value {transformation:[-1f,-4.188538737676991e-17f,1.1507915602278503e-16f,0f,0f,0.9396926207859084f,0.34202014332566866f,1.5f,-1.2246467991473532e-16f,0.34202014332566866f,-0.9396926207859084f,0f,0f,0f,0f,1f],start_interpolation:0}
execute if entity @s[tag=aj.gojo.locator_origin.purple] at @s on origin run tp @s ^-0.42188 ^1.28125 ^0.57813 ~0 ~0
execute if entity @s[tag=aj.gojo.locator_origin.blue] at @s on origin run tp @s ^-1.0625 ^1.78125 ^-0.53125 ~0 ~0
execute if entity @s[tag=aj.gojo.locator_origin.red] at @s on origin run tp @s ^1.0625 ^1.78125 ^-0.53125 ~0 ~0
execute if entity @s[tag=aj.gojo.camera_origin.camera] at @s on origin run tp @s ^0 ^1.755 ^3.035 ~-180 ~0