execute if entity @s[tag=aj.gojo.locator_origin.head] at @s on origin run tp @s ^0 ^1.5 ^0 ~0 ~0
execute if entity @s[tag=aj.gojo.bone.bottom2] run data modify entity @s {} merge value {transformation:[-0.634281207558219f,-0.7723976345147623f,-0.03300369577012907f,-0.2961463352511139f,0.3670991259600531f,-0.263336592741707f,-0.8921278331285004f,1.2091766639177133f,0.6803863472012445f,-0.5779755471637085f,0.45057594856245875f,0.19657423244113664f,0f,0f,0f,1f],start_interpolation:0}
execute if entity @s[tag=aj.gojo.bone.rightarm] run data modify entity @s {} merge value {transformation:[-0.634281207558219f,-0.22398496088509912f,-0.739944651332644f,-0.3125f,0.3670991259600531f,0.7550681258191602f,-0.5432406069977702f,1.375f,0.6803863472012445f,-0.6162003429642355f,-0.39670083926418165f,-3.827021247335479e-17f,0f,0f,0f,1f],start_interpolation:0}
execute if entity @s[tag=aj.gojo.bone.bottom] run data modify entity @s {} merge value {transformation:[-0.6343705242456933f,0.7723587802832959f,0.032186215800299706f,0.2959622273909736f,-0.3699188443319227f,-0.266743315496617f,-0.8899483424592728f,1.2101485099973268f,-0.6787739583811233f,-0.5764632843097395f,0.4549241643026335f,0.19737461417576138f,0f,0f,0f,1f],start_interpolation:0}
execute if entity @s[tag=aj.gojo.bone.leftarm] run data modify entity @s {} merge value {transformation:[-0.6343705242456933f,0.22474372149752886f,0.7396379503619896f,0.3125f,-0.3699188443319227f,0.7518856710936737f,-0.5457361873764197f,1.375f,-0.6787739583811233f,-0.6198049671077646f,-0.3938371696172974f,3.827021247335479e-17f,0f,0f,0f,1f],start_interpolation:0}
execute if entity @s[tag=aj.gojo.bone.head] run data modify entity @s {} merge value {transformation:[-0.9999997469129553f,-0.0007025155307448052f,0.00011245423219560097f,0f,-0.0006211526008662821f,0.9391636353518382f,0.34346947492050267f,1.5f,-0.00034690556598793686f,0.3434693181415895f,-0.9391638340310384f,0f,0f,0f,0f,1f],start_interpolation:0}
execute if entity @s[tag=aj.gojo.locator_origin.purple] at @s on origin run tp @s ^-0.42188 ^1.28125 ^0.57813 ~0 ~0
execute if entity @s[tag=aj.gojo.locator_origin.blue] at @s on origin run tp @s ^-1.0625 ^1.78125 ^-0.53125 ~0 ~0
execute if entity @s[tag=aj.gojo.locator_origin.red] at @s on origin run tp @s ^1.0625 ^1.78125 ^-0.53125 ~0 ~0
execute if entity @s[tag=aj.gojo.camera_origin.camera] at @s on origin run tp @s ^0 ^1.755 ^3.125 ~-180 ~0