execute if entity @s[tag=aj.gojo.locator_origin.head] at @s on origin run tp @s ^0 ^1.42188 ^0 ~12.45951 ~0
execute if entity @s[tag=aj.gojo.bone.torso] run data modify entity @s {} merge value {transformation:[-0.9764487325672414f,0f,0.21574956006404272f,0f,0f,1f,0f,1.421875f,-0.21574956006404272f,0f,-0.9764487325672414f,0f,0f,0f,0f,1f],start_interpolation:0}
execute if entity @s[tag=aj.gojo.bone.bottom2] run data modify entity @s {} merge value {transformation:[-0.9985094214010831f,0.048032586763019636f,-0.025919220322519428f,-0.37955521445558554f,0.03015653551214245f,0.08970355294097654f,-0.9955118562607228f,1.2763338952342647f,-0.04549196345706799f,-0.9948096014809157f,-0.09101833915317505f,0.17843741513414882f,0f,0f,0f,1f],start_interpolation:0}
execute if entity @s[tag=aj.gojo.bone.rightarm] run data modify entity @s {} merge value {transformation:[-0.9985094214010831f,0.048032586763019636f,-0.025919220322519428f,-0.30514022892726295f,0.03015653551214245f,0.08970355294097654f,-0.9955118562607228f,1.296875f,-0.04549196345706799f,-0.9948096014809157f,-0.09101833915317505f,-0.06742173752001335f,0f,0f,0f,1f],start_interpolation:0}
execute if entity @s[tag=aj.gojo.bone.bottom] run data modify entity @s {} merge value {transformation:[-0.4168781086202381f,0.9002333811681849f,0.12566822185306362f,0.20272531780461867f,0.4706546484013796f,0.3320613586890756f,-0.8174469132633256f,1.1523992803418572f,-0.777622559145108f,-0.281629390327187f,-0.5621281366490654f,0.25462270549027427f,0f,0f,0f,1f],start_interpolation:0}
execute if entity @s[tag=aj.gojo.bone.leftarm] run data modify entity @s {} merge value {transformation:[-0.7854569138032936f,0.6060238729414005f,0.12566822185306362f,0.30514022892726295f,0.26414689993408885f,0.5118661536490487f,-0.8174469132633256f,1.296875f,-0.5597176536556766f,-0.6088744584671245f,-0.5621281366490654f,0.06742173752001335f,0f,0f,0f,1f],start_interpolation:0}
execute if entity @s[tag=aj.gojo.bone.head] run data modify entity @s {} merge value {transformation:[-0.9814111160128248f,0.022591995454037145f,0.19058285103299982f,0f,0.06082605985024046f,0.9784671973889446f,0.1972362392587102f,1.421875f,-0.18202310789994988f,0.205162241592426f,-0.9616527662390486f,0f,0f,0f,0f,1f],start_interpolation:0}
execute if entity @s[tag=aj.gojo.locator_origin.purple] at @s on origin run tp @s ^-0.42188 ^1.28125 ^0.57813 ~0 ~0
execute if entity @s[tag=aj.gojo.bone.purple] run data modify entity @s {} merge value {transformation:[-0.5343931346367504f,0.6010179353704116f,9.849073556646168e-17f,-0.42187500000000006f,0.6010179353704116f,0.5343931346367504f,0f,1.28125f,-6.54442841819217e-17f,7.360346907815254e-17f,-0.8042378883040789f,0.578125f,0f,0f,0f,1f],start_interpolation:0}
execute if entity @s[tag=aj.gojo.locator_origin.blue] at @s on origin run tp @s ^-0.41804 ^1.1944 ^0.89397 ~0 ~0
execute if entity @s[tag=aj.gojo.bone.blue] run data modify entity @s {} merge value {transformation:[-0.00000606879671237167f,0.000007947937245846046f,1.2246467991473532e-21f,-0.418039467060194f,0.000007947937245846046f,0.00000606879671237167f,0f,1.1943955688705508f,-7.432132468481946e-22f,9.73341590794939e-22f,-0.00001f,0.8939679041715198f,0f,0f,0f,1f],start_interpolation:0}
execute if entity @s[tag=aj.gojo.locator_origin.red] at @s on origin run tp @s ^0.01563 ^1.78125 ^-0.53125 ~0 ~0
execute if entity @s[tag=aj.gojo.camera_origin.camera] at @s on origin run tp @s ^0.39375 ^1.64563 ^0.50625 ~42 ~0