execute if entity @s[tag=aj.gojo.locator_origin.head] at @s on origin run tp @s ^0 ^1.5 ^0 ~0 ~0
execute if entity @s[tag=aj.gojo.bone.bottom2] run data modify entity @s {} merge value {transformation:[-0.5924898480925439f,-0.8024681137450592f,0.07071567244763416f,-0.27847081813289626f,0.36996002841012043f,-0.34902730546833316f,-0.8609933318071039f,1.214330399863469f,0.7156013955310995f,-0.48396783618331674f,0.5036762613564205f,0.19857881149161602f,0f,0f,0f,1f],start_interpolation:0}
execute if entity @s[tag=aj.gojo.bone.rightarm] run data modify entity @s {} merge value {transformation:[-0.5924898480925439f,-0.28423918949155086f,-0.7537664512728466f,-0.3125f,0.36996002841012043f,0.7351684076486545f,-0.5680290395517861f,1.375f,0.7156013955310995f,-0.6154148970836893f,-0.330422679550625f,-3.827021247335479e-17f,0f,0f,0f,1f],start_interpolation:0}
execute if entity @s[tag=aj.gojo.bone.bottom] run data modify entity @s {} merge value {transformation:[-0.5999184563181399f,0.797582334034221f,-0.06293064599528908f,0.2811384231557443f,-0.369601787389107f,-0.34604474747965214f,-0.8623500168148205f,1.2137805419925767f,-0.7095719586677856f,-0.4940804116520592f,0.5023864869740173f,0.19857237435664235f,0f,0f,0f,1f],start_interpolation:0}
execute if entity @s[tag=aj.gojo.bone.leftarm] run data modify entity @s {} merge value {transformation:[-0.5999184563181399f,0.2754259214565579f,0.7511580443280003f,0.3125f,-0.369601787389107f,0.7372782788769703f,-0.5655221111990139f,1.375f,-0.7095719586677856f,-0.6168965077596229f,-0.34050893407713156f,3.827021247335479e-17f,0f,0f,0f,1f],start_interpolation:0}
execute if entity @s[tag=aj.gojo.bone.head] run data modify entity @s {} merge value {transformation:[-1f,-4.438585834733811e-17f,1.141380453897324e-16f,0f,0f,0.9320078692827986f,0.36243803828370164f,1.5f,-1.2246467991473532e-16f,0.36243803828370164f,-0.9320078692827986f,0f,0f,0f,0f,1f],start_interpolation:0}
execute if entity @s[tag=aj.gojo.locator_origin.purple] at @s on origin run tp @s ^-0.42188 ^1.28125 ^0.57813 ~0 ~0
execute if entity @s[tag=aj.gojo.locator_origin.blue] at @s on origin run tp @s ^-1.0625 ^1.78125 ^-0.53125 ~0 ~0
execute if entity @s[tag=aj.gojo.locator_origin.red] at @s on origin run tp @s ^1.0625 ^1.78125 ^-0.53125 ~0 ~0
execute if entity @s[tag=aj.gojo.camera_origin.camera] at @s on origin run tp @s ^0 ^1.755 ^3.005 ~-180 ~0