execute if entity @s[tag=aj.gojo.locator_origin.head] at @s on origin run tp @s ^0 ^1.5 ^0 ~0 ~0
execute if entity @s[tag=aj.gojo.bone.bottom2] run data modify entity @s {} merge value {transformation:[-0.6153626282768773f,-0.7879975362885656f,-0.019715945915036115f,-0.2989587670124932f,0.3709635655029143f,-0.26744202148933305f,-0.8893035467212891f,1.2045253997253973f,0.6954961313979674f,-0.5545580654402655f,0.45689220092447536f,0.19277265280737435f,0f,0f,0f,1f],start_interpolation:0}
execute if entity @s[tag=aj.gojo.bone.rightarm] run data modify entity @s {} merge value {transformation:[-0.6153626282768773f,-0.20800558901924662f,-0.76030422243792f,-0.3125f,0.3709635655029143f,0.7746392924741391f,-0.5121718457944855f,1.375f,0.6954961313979674f,-0.5972165783800056f,-0.3995215760363132f,-3.827021247335479e-17f,0f,0f,0f,1f],start_interpolation:0}
execute if entity @s[tag=aj.gojo.bone.bottom] run data modify entity @s {} merge value {transformation:[-0.615660479600727f,0.7878589792383309f,0.015504924744671411f,0.29797918308224125f,-0.38382100645253f,-0.2826307604783317f,-0.879091171743413f,1.208867281269892f,-0.6882177045554478f,-0.5471728082287852f,0.47640141589992696f,0.19645690530847668f,0f,0f,0f,1f],start_interpolation:0}
execute if entity @s[tag=aj.gojo.bone.leftarm] run data modify entity @s {} merge value {transformation:[-0.615660479600727f,0.21199838757121672f,0.7589590618241585f,0.3125f,-0.38382100645253f,0.7604861265335643f,-0.5237769433220048f,1.375f,-0.6882177045554478f,-0.6137731950950447f,-0.38683181890745544f,3.827021247335479e-17f,0f,0f,0f,1f],start_interpolation:0}
execute if entity @s[tag=aj.gojo.bone.head] run data modify entity @s {} merge value {transformation:[-0.9999946742120859f,-0.0032254501638426863f,0.000498014763728971f,0f,-0.002849407202823927f,0.9372434096542437f,0.34866412482255754f,1.5f,-0.0015913598137504785f,0.3486608488645206f,-0.9372476087155491f,0f,0f,0f,0f,1f],start_interpolation:0}
execute if entity @s[tag=aj.gojo.locator_origin.purple] at @s on origin run tp @s ^-0.42188 ^1.28125 ^0.57813 ~0 ~0
execute if entity @s[tag=aj.gojo.locator_origin.blue] at @s on origin run tp @s ^-0.04408 ^1.62677 ^-0.15608 ~-180 ~0
execute if entity @s[tag=aj.gojo.bone.blue] run data modify entity @s {} merge value {transformation:[-0.062321717374155816f,-0.03583098596017007f,-8.803716606296538e-18f,-0.04408375375819971f,-0.03583098596017007f,0.062321717374155816f,0f,1.6267687739158163f,-7.63220916996259e-18f,-4.388030226641603e-18f,0.0718878015475648f,-0.1560813080812683f,0f,0f,0f,1f],start_interpolation:0}
execute if entity @s[tag=aj.gojo.locator_origin.red] at @s on origin run tp @s ^0.01563 ^1.78125 ^-0.53125 ~0 ~0
execute if entity @s[tag=aj.gojo.camera_origin.camera] at @s on origin run tp @s ^0 ^1.755 ^2.3125 ~-180 ~0