execute if entity @s[tag=aj.gojo.locator_origin.head] at @s on origin run tp @s ^0 ^1.49432 ^0 ~0.90878 ~0
execute if entity @s[tag=aj.gojo.bone.torso] run data modify entity @s {} merge value {transformation:[-0.9998742139894475f,0f,0.015860523288484817f,0f,0f,1f,0f,1.4943201303155007f,-0.015860523288484817f,0f,-0.9998742139894475f,0f,0f,0f,0f,1f],start_interpolation:0}
execute if entity @s[tag=aj.gojo.bone.bottom2] run data modify entity @s {} merge value {transformation:[-0.7248644476734803f,-0.6827938404619946f,-0.0914554751022636f,-0.2904413432434763f,0.34142354798825303f,-0.24076668137147522f,-0.90854904436716f,1.225909498228345f,0.5983322600179046f,-0.6897999540218359f,0.40764510306557056f,0.20801022444729314f,0f,0f,0f,1f],start_interpolation:0}
execute if entity @s[tag=aj.gojo.bone.rightarm] run data modify entity @s {} merge value {transformation:[-0.7248644476734803f,-0.2692935064312741f,-0.634076130991358f,-0.31246069187170233f,0.34142354798825303f,0.6589984153456858f,-0.6701873241497396f,1.3693201303155007f,0.5983322600179046f,-0.7022834868953024f,-0.3857413779412862f,-0.004956413527651506f,0f,0f,0f,1f],start_interpolation:0}
execute if entity @s[tag=aj.gojo.bone.bottom] run data modify entity @s {} merge value {transformation:[-0.7042303568286737f,0.7042871887395417f,0.08966136457980217f,0.2845408449658802f,-0.3037204216031204f,-0.1847028896219296f,-0.934686443716037f,1.2098686466718025f,-0.6417269746723929f,-0.6854665552327575f,0.34397978375938865f,0.20546066912483055f,0f,0f,0f,1f],start_interpolation:0}
execute if entity @s[tag=aj.gojo.bone.leftarm] run data modify entity @s {} merge value {transformation:[-0.7020456126521837f,0.2871907907863344f,0.6516543619460705f,0.31246069187170233f,-0.29825865659873096f,0.7123705987244757f,-0.6352715197746964f,1.3693201303155007f,-0.6466635381090701f,-0.6403511378614487f,-0.4144595139694682f,0.004956413527651506f,0f,0f,0f,1f],start_interpolation:0}
execute if entity @s[tag=aj.gojo.bone.head] run data modify entity @s {} merge value {transformation:[-0.9998999242118767f,0.005373051102114406f,0.01308708840566469f,0f,0.009282452897418218f,0.9472708101653121f,0.3202996226612832f,1.4943201303155007f,-0.010676030596192017f,0.32038904870579965f,-0.9472258863861893f,0f,0f,0f,0f,1f],start_interpolation:0}
execute if entity @s[tag=aj.gojo.bone.bottom3] run data modify entity @s {} merge value {transformation:[-0.9999963064853452f,-0.002628201242627292f,0.0006925127404602003f,-0.12417866402721238f,-0.002593181304617464f,0.9989163018043157f,0.04647039272817306f,0.43907244830299746f,-0.000813895809566438f,0.04646842527800474f,-0.9989194276946433f,-0.014526469748186284f,0f,0f,0f,1f],start_interpolation:0}
execute if entity @s[tag=aj.gojo.bone.rightleg] run data modify entity @s {} merge value {transformation:[-0.9999963064853452f,-0.002628201242627292f,0.0006925127404602003f,-0.11875f,-0.002593181304617464f,0.9989163018043157f,0.04647039272817306f,0.75125f,-0.000813895809566438f,0.04646842527800474f,-0.9989194276946433f,-1.4542680739874818e-17f,0f,0f,0f,1f],start_interpolation:0}
execute if entity @s[tag=aj.gojo.bone.bottom4] run data modify entity @s {} merge value {transformation:[-0.9998017908308199f,-0.015245013719929335f,-0.012805022770954147f,0.12976282798017055f,-0.013482015114031853f,0.9916840304965601f,-0.12798835465214342f,0.4345031333797884f,0.014649720814763146f,-0.12779034867616956f,-0.9916930031341719f,0.04438681895381021f,0f,0f,0f,1f],start_interpolation:0}
execute if entity @s[tag=aj.gojo.bone.leftleg] run data modify entity @s {} merge value {transformation:[-0.9998017908308199f,-0.015245013719929335f,-0.012805022770954147f,0.11875f,-0.013482015114031853f,0.9916840304965601f,-0.12798835465214342f,0.7443201303155007f,0.014649720814763146f,-0.12779034867616956f,-0.9916930031341719f,0.004543895747599494f,0f,0f,0f,1f],start_interpolation:0}
execute if entity @s[tag=aj.gojo.locator_origin.purple] at @s on origin run tp @s ^-0.42188 ^1.28125 ^0.57813 ~0 ~0
execute if entity @s[tag=aj.gojo.locator_origin.blue] at @s on origin run tp @s ^-0.20384 ^1.43524 ^0.30905 ~-180 ~0
execute if entity @s[tag=aj.gojo.bone.blue] run data modify entity @s {} merge value {transformation:[0.024391702756526273f,-0.04550826384301229f,-6.323207613940732e-18f,-0.20383855969843304f,-0.04550826384301229f,-0.024391702756526273f,0f,1.4352429448341837f,2.9871220706533572e-18f,-5.573154965009823e-18f,0.051632908511606734f,0.3090528482598397f,0f,0f,0f,1f],start_interpolation:0}
execute if entity @s[tag=aj.gojo.locator_origin.red] at @s on origin run tp @s ^0.01563 ^1.78125 ^-0.53125 ~0 ~0
execute if entity @s[tag=aj.gojo.camera_origin.camera] at @s on origin run tp @s ^0.2625 ^1.755 ^2.1875 ~172 ~0