execute if entity @s[tag=aj.gojo.locator_origin.head] at @s on origin run tp @s ^0 ^1.5 ^0 ~0 ~0
execute if entity @s[tag=aj.gojo.bone.bottom2] run data modify entity @s {} merge value {transformation:[-0.6161610554481276f,-0.7875746706159452f,0.008467110087554297f,-0.28698422064042944f,0.3684508798510225f,-0.2977265940704029f,-0.8806831577362229f,1.2125083713356448f,0.6961246317191031f,-0.539522949824586f,0.47363011277421985f,0.19837254249940695f,0f,0f,0f,1f],start_interpolation:0}
execute if entity @s[tag=aj.gojo.bone.rightarm] run data modify entity @s {} merge value {transformation:[-0.6161610554481276f,-0.25610338130031407f,-0.7448198519344094f,-0.3125f,0.3684508798510225f,0.7420792346201761f,-0.5599663906722804f,1.375f,0.6961246317191031f,-0.6194590120678521f,-0.36287880825678387f,-3.827021247335479e-17f,0f,0f,0f,1f],start_interpolation:0}
execute if entity @s[tag=aj.gojo.bone.bottom] run data modify entity @s {} merge value {transformation:[-0.6247765118072582f,0.7808036235195885f,0.00010859390115788847f,0.2900906655428613f,-0.36763321341706245f,-0.29404677662393175f,-0.8822597766812901f,1.2117934113902475f,-0.688839698831738f,-0.5512551085076274f,0.47076286456946076f,0.19816074576856826f,0f,0f,0f,1f],start_interpolation:0}
execute if entity @s[tag=aj.gojo.bone.leftarm] run data modify entity @s {} merge value {transformation:[-0.6247765118072582f,0.24583146578036946f,0.74109459634127f,0.3125f,-0.36763321341706245f,0.7447346577932752f,-0.5569704748675444f,1.375f,-0.688839698831738f,-0.6204330583663384f,-0.3749169099941908f,3.827021247335479e-17f,0f,0f,0f,1f],start_interpolation:0}
execute if entity @s[tag=aj.gojo.bone.head] run data modify entity @s {} merge value {transformation:[-1f,-4.2825464277861943e-17f,1.1473263457274981e-16f,0f,0f,0.9368630584151377f,0.34969645376674074f,1.5f,-1.2246467991473532e-16f,0.34969645376674074f,-0.9368630584151377f,0f,0f,0f,0f,1f],start_interpolation:0}
execute if entity @s[tag=aj.gojo.locator_origin.purple] at @s on origin run tp @s ^-0.42188 ^1.28125 ^0.57813 ~0 ~0
execute if entity @s[tag=aj.gojo.locator_origin.blue] at @s on origin run tp @s ^-1.0625 ^1.78125 ^-0.53125 ~0 ~0
execute if entity @s[tag=aj.gojo.locator_origin.red] at @s on origin run tp @s ^1.0625 ^1.78125 ^-0.53125 ~0 ~0
execute if entity @s[tag=aj.gojo.camera_origin.camera] at @s on origin run tp @s ^0 ^1.755 ^2.99 ~-180 ~0