execute if entity @s[tag=aj.gojo.locator_origin.head] at @s on origin run tp @s ^-0.00057 ^1.41844 ^0.00233 ~13.64106 ~0.18311
execute if entity @s[tag=aj.gojo.bone.torso] run data modify entity @s {} merge value {transformation:[-0.9717922222745541f,-0.000753690350017281f,0.23583746241329007f,-0.0005652677625129607f,5.421010862427522e-20f,0.9999948934569121f,0.0031957878682744908f,1.418441814811477f,-0.23583866673360354f,0.0031056417944285274f,-0.9717872597756986f,0.0023292313458213956f,0f,0f,0f,1f],start_interpolation:0}
execute if entity @s[tag=aj.gojo.bone.bottom2] run data modify entity @s {} merge value {transformation:[-0.9976560721927985f,0.0639219563769923f,-0.024420178332185453f,-0.3824901195358569f,0.030370374357965843f,0.09383427861973483f,-0.9951244990036532f,1.271882031871802f,-0.061318854997421846f,-0.9935336489766478f,-0.0955556715896722f,0.1727924265740898f,0f,0f,0f,1f],start_interpolation:0}
execute if entity @s[tag=aj.gojo.bone.rightarm] run data modify entity @s {} merge value {transformation:[-0.9976560721927985f,0.0639219563769923f,-0.024420178332185453f,-0.30415612592955893f,0.030370374357965843f,0.09383427861973483f,-0.9951244990036532f,1.293442453129363f,-0.061318854997421846f,-0.9935336489766478f,-0.0955556715896722f,-0.07175855723273328f,0f,0f,0f,1f],start_interpolation:0}
execute if entity @s[tag=aj.gojo.bone.bottom] run data modify entity @s {} merge value {transformation:[-0.3146052584511394f,0.946129589942248f,0.0765658565589451f,0.17918302862648525f,0.4560884819378799f,0.22141140841292445f,-0.8619514399710725f,1.1717698027599421f,-0.8324703165870191f,-0.23625365025818823f,-0.5011760017610476f,0.26595175226407974f,0f,0f,0f,1f],start_interpolation:0}
execute if entity @s[tag=aj.gojo.bone.leftarm] run data modify entity @s {} merge value {transformation:[-0.7303929596737997f,0.6787221773806584f,0.0765658565589451f,0.3032140129920374f,0.2936778532550434f,0.41327113816392236f,-0.8619514399710725f,1.293442453129363f,-0.6166680168181712f,-0.6070775669487005f,-0.5011760017610476f,0.07564060947576895f,0f,0f,0f,1f],start_interpolation:0}
execute if entity @s[tag=aj.gojo.bone.head] run data modify entity @s {} merge value {transformation:[-0.9776245615861842f,0.015195492097832781f,0.2098078015787921f,-0.0005652677625129607f,0.06313817336234566f,0.9725973409881142f,0.22375876154313157f,1.418441814811477f,-0.20065838544124562f,0.23199894250352593f,-0.9517944646977929f,0.0023292313458213956f,0f,0f,0f,1f],start_interpolation:0}
execute if entity @s[tag=aj.gojo.bone.bottom3] run data modify entity @s {} merge value {transformation:[-0.9843323233561502f,0.163869417301938f,0.06508987071278227f,-0.17999790659698203f,0.1681450784628386f,0.76125717292011f,0.6262705080605406f,0.3774767274629116f,0.05307645226472136f,0.6274028456668053f,-0.7768838777218804f,-0.09633844314928214f,0f,0f,0f,1f],start_interpolation:0}
execute if entity @s[tag=aj.gojo.bone.rightleg] run data modify entity @s {} merge value {transformation:[-0.9843323233561502f,0.1763066546432195f,0.0024167591522378327f,-0.11875f,0.1681450784628386f,0.9344634367880769f,0.31385556852625957f,0.6684456447187929f,0.05307645226472136f,0.30934454712299725f,-0.9494676621034854f,-1.4542680739874818e-17f,0f,0f,0f,1f],start_interpolation:0}
execute if entity @s[tag=aj.gojo.bone.bottom4] run data modify entity @s {} merge value {transformation:[-0.9958331800118482f,-0.08377174095561585f,0.036035718457597114f,0.16705638356434765f,-0.0838952249892227f,0.9964727205971384f,-0.001925702402951146f,0.42865004402605156f,-0.03574729096725668f,-0.0049409030553356215f,-0.9993486472025166f,0.25981962792028485f,0f,0f,0f,1f],start_interpolation:0}
execute if entity @s[tag=aj.gojo.bone.leftleg] run data modify entity @s {} merge value {transformation:[-0.9906796936158996f,-0.13476683353359456f,-0.01979002871235463f,0.11874999999999998f,-0.09200369956235846f,0.7691859962080192f,-0.6323671579899736f,0.6684456447187929f,0.10044433246304486f,-0.6246525464742821f,-0.7744159943203962f,0.06524348422496572f,0f,0f,0f,1f],start_interpolation:0}
execute if entity @s[tag=aj.gojo.locator_origin.purple] at @s on origin run tp @s ^-0.42188 ^1.28125 ^0.57813 ~0 ~0
execute if entity @s[tag=aj.gojo.locator_origin.blue] at @s on origin run tp @s ^-0.39063 ^1.23438 ^0.79688 ~0 ~0
execute if entity @s[tag=aj.gojo.locator_origin.red] at @s on origin run tp @s ^0.01563 ^1.78125 ^-0.53125 ~0 ~0
execute if entity @s[tag=aj.gojo.camera_origin.camera] at @s on origin run tp @s ^0 ^1.59875 ^0 ~0 ~0