execute if entity @s[tag=aj.gojo.locator_origin.head] at @s on origin run tp @s ^0 ^1.42188 ^0 ~12.48333 ~0
execute if entity @s[tag=aj.gojo.bone.torso] run data modify entity @s {} merge value {transformation:[-0.9763589451585409f,0f,0.21615552319776934f,0f,0f,1f,0f,1.421875f,-0.21615552319776934f,0f,-0.9763589451585409f,0f,0f,0f,0f,1f],start_interpolation:0}
execute if entity @s[tag=aj.gojo.bone.bottom2] run data modify entity @s {} merge value {transformation:[-0.9984905442218178f,0.04844449159766065f,-0.025879805514385932f,-0.3796289522753228f,0.030154826439010504f,0.08970380185750382f,-0.9955118856019465f,1.2763337261880623f,-0.04590555023144158f,-0.9947896054775373f,-0.0910292331715187f,0.17827970348061628f,0f,0f,0f,1f],start_interpolation:0}
execute if entity @s[tag=aj.gojo.bone.rightarm] run data modify entity @s {} merge value {transformation:[-0.9984905442218178f,0.04844449159766065f,-0.025879805514385932f,-0.305112170362044f,0.030154826439010504f,0.08970380185750382f,-0.9955118856019465f,1.296875f,-0.04590555023144158f,-0.9947896054775373f,-0.0910292331715187f,-0.06754860099930292f,0f,0f,0f,1f],start_interpolation:0}
execute if entity @s[tag=aj.gojo.bone.bottom] run data modify entity @s {} merge value {transformation:[-0.4156245355727249f,0.9009372053112061f,0.12477338464588567f,0.20234729148474445f,0.47017972941294284f,0.330255171818407f,-0.8184513079813399f,1.1528288338434947f,-0.7785802896806011f,-0.281502528537894f,-0.5608645638187918f,0.25488875068683364f,0f,0f,0f,1f],start_interpolation:0}
execute if entity @s[tag=aj.gojo.bone.leftarm] run data modify entity @s {} merge value {transformation:[-0.7846699707519706f,0.6072270081971909f,0.12477338464588567f,0.305112170362044f,0.264559645929238f,0.5100447531437118f,-0.8184513079813399f,1.296875f,-0.560625749271203f,-0.609204161432322f,-0.5608645638187918f,0.06754860099930292f,0f,0f,0f,1f],start_interpolation:0}
execute if entity @s[tag=aj.gojo.bone.head] run data modify entity @s {} merge value {transformation:[-0.981339862760367f,0.022551338625199646f,0.19095421148452263f,0f,0.060926631997212724f,0.9783948764012516f,0.1975636893390482f,1.421875f,-0.18237329648536932f,0.20551132075384876f,-0.9615118708425124f,0f,0f,0f,0f,1f],start_interpolation:0}
execute if entity @s[tag=aj.gojo.locator_origin.purple] at @s on origin run tp @s ^-0.42188 ^1.28125 ^0.57813 ~0 ~0
execute if entity @s[tag=aj.gojo.bone.purple] run data modify entity @s {} merge value {transformation:[-0.10123255091514449f,-0.3837974628484126f,4.8609149025049896e-17f,-0.42187500000000006f,-0.3837974628484126f,0.10123255091514449f,0f,1.28125f,-1.2397411944775317e-17f,-4.700163343981837e-17f,-0.3969238237416166f,0.578125f,0f,0f,0f,1f],start_interpolation:0}
execute if entity @s[tag=aj.gojo.locator_origin.blue] at @s on origin run tp @s ^-0.41553 ^1.19806 ^0.88508 ~0 ~0
execute if entity @s[tag=aj.gojo.bone.blue] run data modify entity @s {} merge value {transformation:[-0.000006714993545793076f,0.000007410051395230491f,1.2246467991473532e-21f,-0.4155297440428011f,0.000007410051395230491f,0.000006714993545793076f,0f,1.1980555816042484f,-8.223495352150626e-22f,9.074695722686398e-22f,-0.00001f,0.8850793018182537f,0f,0f,0f,1f],start_interpolation:0}
execute if entity @s[tag=aj.gojo.locator_origin.red] at @s on origin run tp @s ^0.01563 ^1.78125 ^-0.53125 ~0 ~0
execute if entity @s[tag=aj.gojo.camera_origin.camera] at @s on origin run tp @s ^1.18125 ^1.73938 ^1.51875 ~126 ~0