execute if entity @s[tag=aj.gojo.locator_origin.head] at @s on origin run tp @s ^-0.00019 ^1.42086 ^0.00083 ~12.69984 ~0.06519
execute if entity @s[tag=aj.gojo.bone.torso] run data modify entity @s {} merge value {transformation:[-0.9755351578684711f,-0.00025011501711596026f,0.21984333786816326f,-0.00018758626283697018f,2.710505431213761e-20f,0.9999993528238561f,0.0011376958595737754f,1.4208594254546547f,-0.21984348014561902f,0.0011098623099756089f,-0.9755345265253894f,0.0008323967324817066f,0f,0f,0f,1f],start_interpolation:0}
execute if entity @s[tag=aj.gojo.bone.bottom2] run data modify entity @s {} merge value {transformation:[-0.9983186424583538f,0.052533171976226006f,-0.02449803996702567f,-0.38053926686729833f,0.029944607845893374f,0.1055347343497324f,-0.9939646574736379f,1.271347360754608f,-0.049630722149344164f,-0.9930270317004704f,-0.10693037796195681f,0.17714741418901236f,0f,0f,0f,1f],start_interpolation:0}
execute if entity @s[tag=aj.gojo.bone.rightarm] run data modify entity @s {} merge value {transformation:[-0.9983186424583538f,0.052533171976226006f,-0.02449803996702567f,-0.3050110587195947f,0.029944607845893374f,0.1055347343497324f,-0.9939646574736379f,1.2958595063516727f,-0.049630722149344164f,-0.9930270317004704f,-0.10693037796195681f,-0.06800742360177119f,0f,0f,0f,1f],start_interpolation:0}
execute if entity @s[tag=aj.gojo.bone.bottom] run data modify entity @s {} merge value {transformation:[-0.3914238935113744f,0.912744250809365f,0.11698405106187401f,0.19696635383294192f,0.47018728993915626f,0.30765740131060026f,-0.8272066463698654f,1.1559359701082867f,-0.791019119849873f,-0.2687840323256929f,-0.5495852035841875f,0.2570685563022838f,0f,0f,0f,1f],start_interpolation:0}
execute if entity @s[tag=aj.gojo.bone.leftarm] run data modify entity @s {} merge value {transformation:[-0.77256247930201f,0.6240688642865339f,0.11698405106187401f,0.30469841494819977f,0.2719397226774376f,0.4917092143041843f,-0.8272066463698654f,1.2958595063516727f,-0.5737560481640691f,-0.6072562072111551f,-0.5495852035841875f,0.0693947514892407f,0f,0f,0f,1f],start_interpolation:0}
execute if entity @s[tag=aj.gojo.bone.head] run data modify entity @s {} merge value {transformation:[-0.9806997153123064f,0.020800413551488733f,0.19441041942871354f,-0.00018758626283697018f,0.06175770331569111f,0.9763747118064514f,0.207071022178478f,1.4208594254546547f,-0.18551025434603974f,0.21508083350441917f,-0.9588149876756787f,0.0008323967324817066f,0f,0f,0f,1f],start_interpolation:0}
execute if entity @s[tag=aj.gojo.bone.bottom3] run data modify entity @s {} merge value {transformation:[-0.9852432255994542f,0.16031947414740444f,0.05994541366512296f,-0.1783948321980675f,0.16322638591151495f,0.7746718536463815f,0.6109342567824665f,0.37866204929242175f,0.05150663406444047f,0.6117035110060911f,-0.7894085642239844f,-0.09358534180617482f,0f,0f,0f,1f],start_interpolation:0}
execute if entity @s[tag=aj.gojo.bone.rightleg] run data modify entity @s {} merge value {transformation:[-0.9852432255994542f,0.171158598521827f,0.0007215001226858358f,-0.11875f,0.16322638591151495f,0.9382976846601211f,0.30488457144257264f,0.6708599108367627f,0.05150663406444047f,0.3005032264610482f,-0.952389036861435f,-1.4542680739874818e-17f,0f,0f,0f,1f],start_interpolation:0}
execute if entity @s[tag=aj.gojo.bone.bottom4] run data modify entity @s {} merge value {transformation:[-0.9962964097460273f,-0.07864286612888226f,0.03476727677300829f,0.16569255170603606f,-0.07875987962917536f,0.9968915958526302f,-0.002006858040277837f,0.4269604916598002f,-0.034501380957493104f,-0.004737691994074922f,-0.9993934205239671f,0.25306133394962216f,0f,0f,0f,1f],start_interpolation:0}
execute if entity @s[tag=aj.gojo.bone.leftleg] run data modify entity @s {} merge value {transformation:[-0.9912217556561258f,-0.1303917303461929f,-0.021850120624685984f,0.11874999999999998f,-0.08931399947726137f,0.782264421355825f,-0.6165106524450426f,0.6708599108367627f,0.09748046271619439f,-0.6091472496352273f,-0.7870433200596233f,0.06331207133058986f,0f,0f,0f,1f],start_interpolation:0}
execute if entity @s[tag=aj.gojo.locator_origin.purple] at @s on origin run tp @s ^-0.42188 ^1.28125 ^0.57813 ~0 ~0
execute if entity @s[tag=aj.gojo.bone.purple] run data modify entity @s {} merge value {transformation:[-3.1645928015966156f,1.6031062332209443f,4.344407065863383e-16f,-0.42187500000000006f,1.6031062332209443f,3.1645928015966156f,0f,1.28125f,-3.87550844508005e-16f,1.9632389172071998e-16f,-3.547477582016405f,0.578125f,0f,0f,0f,1f],start_interpolation:0}
execute if entity @s[tag=aj.gojo.locator_origin.blue] at @s on origin run tp @s ^-0.39063 ^1.23438 ^0.79688 ~0 ~0
execute if entity @s[tag=aj.gojo.locator_origin.red] at @s on origin run tp @s ^0.01563 ^1.78125 ^-0.53125 ~0 ~0
execute if entity @s[tag=aj.gojo.camera_origin.camera] at @s on origin run tp @s ^0 ^1.59875 ^0 ~0 ~0