execute if entity @s[tag=aj.gojo.locator_origin.head] at @s on origin run tp @s ^-0.00005 ^1.42159 ^0.00025 ~12.58239 ~0.01926
execute if entity @s[tag=aj.gojo.bone.torso] run data modify entity @s {} merge value {transformation:[-0.975983758484417f,-0.00007322529759210735f,0.21784328727938126f,-0.00005491897319408051f,0f,0.9999999435057959f,0.0003361374792393393f,1.421593750496288f,-0.2178432995862651f,0.000328064720355488f,-0.9759837033469914f,0.000246048540266616f,0f,0f,0f,1f],start_interpolation:0}
execute if entity @s[tag=aj.gojo.bone.bottom2] run data modify entity @s {} merge value {transformation:[-0.9984124145109115f,0.05026225437935605f,-0.02542353899827621f,-0.38000702983914636f,0.03009020531496597f,0.09438401584754026f,-0.9950810203679873f,1.274878391428364f,-0.047615439666091025f,-0.9942662436878749f,-0.09574657470744671f,0.17771960527235237f,0f,0f,0f,1f],start_interpolation:0}
execute if entity @s[tag=aj.gojo.bone.rightarm] run data modify entity @s {} merge value {transformation:[-0.9984124145109115f,0.05026225437935605f,-0.02542353899827621f,-0.3050406903373754f,0.03009020531496597f,0.09438401584754026f,-0.9950810203679873f,1.2965937575580635f,-0.047615439666091025f,-0.9942662436878749f,-0.09574657470744671f,-0.06787099067048566f,0f,0f,0f,1f],start_interpolation:0}
execute if entity @s[tag=aj.gojo.bone.bottom] run data modify entity @s {} merge value {transformation:[-0.4067510795869919f,0.9054655851831085f,0.12118429479032115f,0.20019753417692648f,0.46948627339279875f,0.3209856051551478f,-0.8225271304819833f,1.1543926394871935f,-0.7836684237294234f,-0.27766943535829525f,-0.5556649047017878f,0.25593018341521323f,0f,0f,0f,1f],start_interpolation:0}
execute if entity @s[tag=aj.gojo.bone.leftarm] run data modify entity @s {} merge value {transformation:[-0.779952000336918f,0.6139944982380645f,0.12118429479032115f,0.30494915871538525f,0.26735795086064207f,0.501964984568319f,-0.8225271304819833f,1.2965937575580635f,-0.5658574054318266f,-0.6091320960191761f,-0.5556649047017878f,0.06828107157093002f,0f,0f,0f,1f],start_interpolation:0}
execute if entity @s[tag=aj.gojo.bone.head] run data modify entity @s {} merge value {transformation:[-0.9810460729309721f,0.02197852733855489f,0.19252414685630023f,-0.00005491897319408051f,0.0613204345175713f,0.9776995283467738f,0.2008567563739703f,1.421593750496288f,-0.18381623186567103f,0.20885539640268957f,-0.9605160156375224f,0.000246048540266616f,0f,0f,0f,1f],start_interpolation:0}
execute if entity @s[tag=aj.gojo.bone.bottom3] run data modify entity @s {} merge value {transformation:[-0.9855147661936842f,0.15921150880832438f,0.05841524695817735f,-0.17790618248160392f,0.16173015782130046f,0.7786828547680791f,0.6062147868052478f,0.37902942586863336f,0.05102941960580431f,0.6068811309912441f,-0.7931527540023315f,-0.09274669663703797f,0f,0f,0f,1f],start_interpolation:0}
execute if entity @s[tag=aj.gojo.bone.rightleg] run data modify entity @s {} merge value {transformation:[-0.9855147661936842f,0.1695894886172589f,0.000225753725597635f,-0.11875f,0.16173015782130046f,0.9394405775510104f,0.30215022307077866f,0.671593792866941f,0.05102941960580431f,0.2978100176306375f,-0.9532602958969465f,-1.4542680739874818e-17f,0f,0f,0f,1f],start_interpolation:0}
execute if entity @s[tag=aj.gojo.bone.bottom4] run data modify entity @s {} merge value {transformation:[-0.9964293974995254f,-0.07711628316082109f,0.03437345880461973f,0.1652760791693312f,-0.07723127410357114f,0.9970111415875066f,-0.002028262979955897f,0.4264680360426985f,-0.03411430930081812f,-0.004675726877915343f,-0.999406999914995f,0.250990734763043f,0f,0f,0f,1f],start_interpolation:0}
execute if entity @s[tag=aj.gojo.bone.leftleg] run data modify entity @s {} merge value {transformation:[-0.9913833401971492f,-0.1290557865379169f,-0.02244274360729847f,0.11874999999999998f,-0.08849578327568303f,0.7861723375030896f,-0.6116384161310927f,0.671593792866941f,0.09657934107233625f,-0.6043820478025533f,-0.7908190508403458f,0.0627249657064472f,0f,0f,0f,1f],start_interpolation:0}
execute if entity @s[tag=aj.gojo.locator_origin.purple] at @s on origin run tp @s ^-0.42188 ^1.28125 ^0.57813 ~0 ~0
execute if entity @s[tag=aj.gojo.bone.purple] run data modify entity @s {} merge value {transformation:[-1.375581388559147f,2.8810686393206586f,3.909823846275212e-16f,-0.42187500000000006f,2.8810686393206586f,1.375581388559147f,0f,1.28125f,-1.684601344465631e-16f,3.528291487267865e-16f,-3.192613453117571f,0.578125f,0f,0f,0f,1f],start_interpolation:0}
execute if entity @s[tag=aj.gojo.locator_origin.blue] at @s on origin run tp @s ^-0.39063 ^1.23438 ^0.79688 ~0 ~0
execute if entity @s[tag=aj.gojo.locator_origin.red] at @s on origin run tp @s ^0.01563 ^1.78125 ^-0.53125 ~0 ~0
execute if entity @s[tag=aj.gojo.camera_origin.camera] at @s on origin run tp @s ^0 ^1.59875 ^0 ~0 ~0