execute if entity @s[tag=aj.gojo.locator_origin.head] at @s on origin run tp @s ^-0.00019 ^1.49995 ^0.00844 ~1.29 ~0.645
execute if entity @s[tag=aj.gojo.bone.torso] run data modify entity @s {} merge value {transformation:[-0.9997465537824209f,-0.00025343015832395753f,0.022511418732006624f,-0.00019007261874296816f,0f,0.9999366364381348f,0.011257135905261234f,1.499952477328601f,-0.022512845226067866f,0.011254282826745272f,-0.9996832062798108f,0.008440712120058954f,0f,0f,0f,1f],start_interpolation:0}
execute if entity @s[tag=aj.gojo.bone.bottom2] run data modify entity @s {} merge value {transformation:[-0.9967159532296902f,-0.07520042593595822f,0.03003671946935501f,-0.3832784170649724f,-0.07957237896013604f,0.840760989216386f,-0.5355270259459448f,1.1302136650761279f,0.015018158477481992f,-0.5361584233703082f,-0.8439837675956869f,0.038817554886087985f,0f,0f,0f,1f],start_interpolation:0}
execute if entity @s[tag=aj.gojo.bone.rightarm] run data modify entity @s {} merge value {transformation:[-0.9986944799063427f,0.033123280659467666f,0.038886811169776124f,-0.31257919190595906f,0.026165341746748727f,0.9855282662275124f,-0.16747958489878473f,1.3749603977738343f,-0.04387152488659972f,-0.16624345023172352f,-0.9851083212313135f,-0.0000013373664304126148f,0f,0f,0f,1f],start_interpolation:0}
execute if entity @s[tag=aj.gojo.bone.bottom] run data modify entity @s {} merge value {transformation:[-0.9976655791008298f,0.05642354515974715f,0.03846785448932593f,0.3746832062798744f,0.051842812367603214f,0.9924502918731192f,-0.11115188242570471f,1.1249762386643005f,-0.04444901667330185f,-0.10889812538591366f,-0.9930586504352149f,0.01828981443317756f,0f,0f,0f,1f],start_interpolation:0}
execute if entity @s[tag=aj.gojo.bone.leftarm] run data modify entity @s {} merge value {transformation:[-0.9997465537824209f,0.0002534301583239576f,0.022511418732006624f,0.31226240420805407f,0f,0.9999366364381347f,-0.011257135905261234f,1.3749603977738343f,-0.022512845226067866f,-0.01125428282674527f,-0.9996832062798108f,0.014069190899862003f,0f,0f,0f,1f],start_interpolation:0}
execute if entity @s[tag=aj.gojo.bone.head] run data modify entity @s {} merge value {transformation:[-0.9965145725520872f,0.07079327507990138f,0.04412503705145515f,-0.00019007261874296816f,0.07190706210939471f,0.9971180676903348f,0.02418539857618193f,1.499952477328601f,-0.04228570810719068f,0.02727400390398412f,-0.998733221436495f,0.008440712120058954f,0f,0f,0f,1f],start_interpolation:0}
execute if entity @s[tag=aj.gojo.locator_origin.purple] at @s on origin run tp @s ^0 ^1 ^0.5 ~0 ~0
execute if entity @s[tag=aj.gojo.locator_origin.blue] at @s on origin run tp @s ^-1.0625 ^1.78125 ^-0.53125 ~0 ~0
execute if entity @s[tag=aj.gojo.locator_origin.red] at @s on origin run tp @s ^1.0625 ^1.78125 ^-0.53125 ~0 ~0
execute if entity @s[tag=aj.gojo.camera_origin.camera] at @s on origin run tp @s ^0 ^0.005 ^0 ~0 ~0