execute if entity @s[tag=aj.gojo.locator_origin.head] at @s on origin run tp @s ^-0.00205 ^1.49949 ^0.02767 ~4.24 ~2.12
execute if entity @s[tag=aj.gojo.bone.torso] run data modify entity @s {} merge value {transformation:[-0.997263104282007f,-0.0027350224273556337f,0.07388383104669545f,-0.0020512668205167253f,0f,0.9993155418290078f,0.03699253788261197f,1.499486656371756f,-0.07393443607558507f,0.03689129316408336f,-0.9965805194016523f,0.02766846987306252f,0f,0f,0f,1f],start_interpolation:0}
execute if entity @s[tag=aj.gojo.bone.bottom2] run data modify entity @s {} merge value {transformation:[-0.9731780627232273f,-0.11248342094430981f,0.20067869405328453f,-0.4121151989127998f,-0.15721078267868877f,-0.3116876255432269f,-0.9370888932714866f,1.1687038235168865f,0.16795603009067794f,-0.9435032083124526f,0.28564395295592904f,0.11941259503214458f,0f,0f,0f,1f],start_interpolation:0}
execute if entity @s[tag=aj.gojo.bone.rightarm] run data modify entity @s {} merge value {transformation:[-0.9860968943720925f,0.148520135637278f,0.07452975392418087f,-0.3133541091052245f,0.08748961581816907f,0.8453459644595157f,-0.5270064207350801f,1.37457221364313f,-0.14127449180125753f,-0.5131588152631656f,-0.8465869998316776f,-0.000047453046068238885f,0f,0f,0f,1f],start_interpolation:0}
execute if entity @s[tag=aj.gojo.bone.bottom] run data modify entity @s {} merge value {transformation:[-0.9745795018882826f,0.20930673616711978f,0.07990922784168729f,0.3715805194818165f,0.16734358425025048f,0.9172172029451788f,-0.3615366197658296f,1.124743328185878f,-0.1489661683385402f,-0.3389738822040578f,-0.9289272242076035f,0.060005295046917345f,0f,0f,0f,1f],start_interpolation:0}
execute if entity @s[tag=aj.gojo.bone.leftarm] run data modify entity @s {} merge value {transformation:[-0.997263104282007f,0.002735022427355635f,0.07388383104669545f,0.30993533107102994f,0f,0.999315541829008f,-0.03699253788261197f,1.37457221364313f,-0.07393443607558507f,-0.03689129316408337f,-0.9965805194016523f,0.046161569501172436f,0f,0f,0f,1f],start_interpolation:0}
execute if entity @s[tag=aj.gojo.bone.head] run data modify entity @s {} merge value {transformation:[-0.9641927629362683f,0.21850547263960593f,0.1502919636170463f,-0.0020512668205167253f,0.2304538639117391f,0.9707673006575728f,0.06709593566051068f,1.499486656371756f,-0.1312376946973497f,0.09932877931673273f,-0.9863622362448661f,0.02766846987306252f,0f,0f,0f,1f],start_interpolation:0}
execute if entity @s[tag=aj.gojo.locator_origin.purple] at @s on origin run tp @s ^0 ^1 ^0.5 ~0 ~0
execute if entity @s[tag=aj.gojo.locator_origin.blue] at @s on origin run tp @s ^-1.0625 ^1.78125 ^-0.53125 ~0 ~0
execute if entity @s[tag=aj.gojo.locator_origin.red] at @s on origin run tp @s ^1.0625 ^1.78125 ^-0.53125 ~0 ~0
execute if entity @s[tag=aj.gojo.camera_origin.camera] at @s on origin run tp @s ^0 ^0.005 ^0 ~0 ~0