execute if entity @s[tag=aj.gojo.locator_origin.head] at @s on origin run tp @s ^-0.00001 ^1.5 ^0.00209 ~0.32 ~0.16
execute if entity @s[tag=aj.gojo.bone.torso] run data modify entity @s {} merge value {transformation:[-0.9999844036286483f,-0.000015596310539959623f,0.005585002794256679f,-0.000011697232904969718f,0f,0.9999961008995606f,0.0027925231737424916f,1.4999970756746706f,-0.005585024570828437f,0.002792479620514065f,-0.9999805045890207f,0.002094359715385549f,0f,0f,0f,1f],start_interpolation:0}
execute if entity @s[tag=aj.gojo.bone.bottom2] run data modify entity @s {} merge value {transformation:[-0.9997697694843599f,-0.021276213097640346f,0.002780428278790284f,-0.3767241543129711f,-0.021456069572736138f,0.9900094816231862f,-0.13935875779684642f,1.1256225590425406f,0.00021237626893253793f,-0.13938633022077163f,-0.990238055138211f,0.009707779756461489f,0f,0f,0f,1f],start_interpolation:0}
execute if entity @s[tag=aj.gojo.bone.rightarm] run data modify entity @s {} merge value {transformation:[-0.999919339667048f,0.00689728702296229f,0.010664970301765383f,-0.31250487382804004f,0.006447603062676516f,0.9991119168444083f,-0.04163899655657448f,1.3749975630622253f,-0.01094269503188433f,-0.04156687444606742f,-0.9990757991134728f,-2.041556259593444e-8f,0f,0f,0f,1f],start_interpolation:0}
execute if entity @s[tag=aj.gojo.bone.bottom] run data modify entity @s {} merge value {transformation:[-0.9998568963177527f,0.0132085610449485f,0.01056980609816546f,0.37498050458902066f,0.012914187399653103f,0.9995397513082791f,-0.027450124196263567f,1.1249985378373353f,-0.010927517999874799f,-0.027309695525683235f,-0.9995672913219285f,0.004537803882010471f,0f,0f,0f,1f],start_interpolation:0}
execute if entity @s[tag=aj.gojo.bone.leftarm] run data modify entity @s {} merge value {transformation:[-0.9999844036286483f,0.000015596310539959617f,0.005585002794256679f,0.3124853784398651f,0f,0.9999961008995606f,-0.0027925231737424903f,1.3749975630622253f,-0.005585024570828437f,-0.0027924796205140647f,-0.9999805045890207f,0.003490619941205177f,0f,0f,0f,1f],start_interpolation:0}
execute if entity @s[tag=aj.gojo.bone.head] run data modify entity @s {} merge value {transformation:[-0.999791950542414f,0.01731022122399816f,0.01078943333876694f,-0.000011697232904969718f,0.017378325807211464f,0.9998294468226764f,0.00625068463447169f,1.4999970756746706f,-0.01067939243280534f,0.006436886470760227f,-0.9999222555128117f,0.002094359715385549f,0f,0f,0f,1f],start_interpolation:0}
execute if entity @s[tag=aj.gojo.locator_origin.purple] at @s on origin run tp @s ^0 ^1 ^0.5 ~0 ~0
execute if entity @s[tag=aj.gojo.locator_origin.blue] at @s on origin run tp @s ^-1.0625 ^1.78125 ^-0.53125 ~0 ~0
execute if entity @s[tag=aj.gojo.locator_origin.red] at @s on origin run tp @s ^1.0625 ^1.78125 ^-0.53125 ~0 ~0
execute if entity @s[tag=aj.gojo.camera_origin.camera] at @s on origin run tp @s ^0 ^0.005 ^0 ~0 ~0