execute if entity @s[tag=aj.gojo.locator_origin.head] at @s on origin run tp @s ^-0.00048 ^1.49988 ^0.01344 ~2.05539 ~1.0277
execute if entity @s[tag=aj.gojo.bone.torso] run data modify entity @s {} merge value {transformation:[-0.9993566191080455f,-0.0006432773988875996f,0.035859922464011575f,-0.00048245804916569973f,5.421010862427522e-20f,0.9998391418393374f,0.017935730985305324f,1.4998793563795032f,-0.03586569175321789f,0.01792419147870614f,-0.9991958644404498f,0.013443143609029606f,0f,0f,0f,1f],start_interpolation:0}
execute if entity @s[tag=aj.gojo.bone.bottom2] run data modify entity @s {} merge value {transformation:[-0.9924195743682063f,-0.10361919639420109f,0.06607912340102946f,-0.38968967161047297f,-0.11594603802144487f,0.6111854601327127f,-0.7829488167112164f,1.1367025759975196f,0.04074192776438233f,-0.7846753439869153f,-0.6185666494898167f,0.06116023414291325f,0f,0f,0f,1f],start_interpolation:0}
execute if entity @s[tag=aj.gojo.bone.rightarm] run data modify entity @s {} merge value {transformation:[-0.9966970150480908f,0.05878046529759328f,0.05603496313574636f,-0.312700991845569f,0.04189443280476048f,0.9632611588094561f,-0.2652787146173456f,1.374899463649586f,-0.06956950980273924f,-0.26205495001709483f,-0.9625420959507923f,-0.000005408998689252972f,0f,0f,0f,1f],start_interpolation:0}
execute if entity @s[tag=aj.gojo.bone.bottom] run data modify entity @s {} merge value {transformation:[-0.9940582785409736f,0.09347765453326795f,0.0557679743859771f,0.37419586444149044f,0.08227995035762813f,0.9807216131976146f,-0.17724313012417298f,1.1249396781897516f,-0.07126112989072123f,-0.17160141465042555f,-0.9825857753176923f,0.02913330195132458f,0f,0f,0f,1f],start_interpolation:0}
execute if entity @s[tag=aj.gojo.bone.leftarm] run data modify entity @s {} merge value {transformation:[-0.9993566191080455f,0.0006432773988875995f,0.035859922464011575f,0.3118968950969595f,5.421010862427522e-20f,0.9998391418393374f,-0.017935730985305313f,1.374899463649586f,-0.03586569175321789f,-0.01792419147870614f,-0.9991958644404498f,0.022410648347071925f,0f,0f,0f,1f],start_interpolation:0}
execute if entity @s[tag=aj.gojo.bone.head] run data modify entity @s {} merge value {transformation:[-0.9963340519199096f,0.04497842766417966f,0.07276948556718674f,-0.00048245804916569973f,0.0475185032669666f,0.998306469540215f,0.03355867579954891f,1.4998793563795032f,-0.07113683175488014f,0.036893548474091015f,-0.9967840374167655f,0.013443143609029606f,0f,0f,0f,1f],start_interpolation:0}
execute if entity @s[tag=aj.gojo.locator_origin.purple] at @s on origin run tp @s ^0 ^1 ^0.5 ~0 ~0
execute if entity @s[tag=aj.gojo.locator_origin.blue] at @s on origin run tp @s ^-1.0625 ^1.78125 ^-0.53125 ~0 ~0
execute if entity @s[tag=aj.gojo.locator_origin.red] at @s on origin run tp @s ^1.0625 ^1.78125 ^-0.53125 ~0 ~0
execute if entity @s[tag=aj.gojo.camera_origin.camera] at @s on origin run tp @s ^0 ^0.005 ^0 ~0 ~0