execute if entity @s[tag=aj.gojo.locator_origin.head] at @s on origin run tp @s ^-0.00317 ^1.49921 ^0.03436 ~5.27344 ~2.63672
execute if entity @s[tag=aj.gojo.bone.torso] run data modify entity @s {} merge value {transformation:[-0.9957674144676598f,-0.0042281044651999115f,0.09181165185870047f,-0.0031710783488999336f,0f,0.9989412931868569f,0.04600318213091462f,1.4992059698901428f,-0.09190895649713285f,0.045808469727785704f,-0.9947131887216569f,0.034356352295839276f,0f,0f,0f,1f],start_interpolation:0}
execute if entity @s[tag=aj.gojo.bone.bottom2] run data modify entity @s {} merge value {transformation:[-0.9593244126726242f,-0.08096551303466823f,0.27044640309931606f,-0.42371793699578425f,-0.13855089036565238f,-0.6996483568269253f,-0.7009249799859242f,1.1903353472550273f,0.24596813214156357f,-0.7098850346981658f,0.6599719050704915f,0.1429876666889099f,0f,0f,0f,1f],start_interpolation:0}
execute if entity @s[tag=aj.gojo.bone.rightarm] run data modify entity @s {} merge value {transformation:[-0.9786166316366713f,0.19493806082639445f,0.06564023709083278f,-0.31381988231189367f,0.10935375106459848f,0.7633502817131824f,-0.6366616876619065f,1.3743383082417855f,-0.17421608827027896f,-0.6158697101251611f,-0.7683444896256837f,-0.00009125532548794751f,0f,0f,0f,1f],start_interpolation:0}
execute if entity @s[tag=aj.gojo.bone.bottom] run data modify entity @s {} merge value {transformation:[-0.9606189537227922f,0.26685872273361144f,0.07744448236971832f,0.3697131890183225f,0.20641519467559818f,0.8719040356353319f,-0.44404517793785026f,1.1246029849450712f,-0.1860214857363606f,-0.41057249633141246f,-0.8926512376626323f,0.0745482696982373f,0f,0f,0f,1f],start_interpolation:0}
execute if entity @s[tag=aj.gojo.bone.leftarm] run data modify entity @s {} merge value {transformation:[-0.9957674144676598f,0.004228104465199914f,0.09181165185870047f,0.30853475173039374f,0f,0.998941293186857f,-0.04600318213091464f,1.3743383082417855f,-0.09190895649713285f,-0.04580846972778571f,-0.9947131887216569f,0.05735184248522008f,0f,0f,0f,1f],start_interpolation:0}
execute if entity @s[tag=aj.gojo.bone.head] run data modify entity @s {} merge value {transformation:[-0.9508246247098087f,0.24599987044934582f,0.1881929775107365f,-0.0031710783488999336f,0.2641539227423411f,0.9613212948735328f,0.07800046873261443f,1.4992059698901428f,-0.1617258116235154f,0.1238766796518995f,-0.9790297901969766f,0.034356352295839276f,0f,0f,0f,1f],start_interpolation:0}
execute if entity @s[tag=aj.gojo.locator_origin.purple] at @s on origin run tp @s ^0 ^1 ^0.5 ~0 ~0
execute if entity @s[tag=aj.gojo.locator_origin.blue] at @s on origin run tp @s ^-1.0625 ^1.78125 ^-0.53125 ~0 ~0
execute if entity @s[tag=aj.gojo.locator_origin.red] at @s on origin run tp @s ^1.0625 ^1.78125 ^-0.53125 ~0 ~0
execute if entity @s[tag=aj.gojo.camera_origin.camera] at @s on origin run tp @s ^0 ^0.005 ^0 ~0 ~0