execute if entity @s[tag=aj.gojo.locator_origin.head] at @s on origin run tp @s ^-0.00017 ^1.49996 ^0.00792 ~1.20991 ~0.60496
execute if entity @s[tag=aj.gojo.bone.torso] run data modify entity @s {} merge value {transformation:[-0.9997770453399062f,-0.00022294223255233888f,0.021114211047730626f,-0.00016720667441425416f,-1.3552527156068805e-20f,0.9999442597814906f,0.010558282533011915f,1.4999581948361178f,-0.021115388024073f,0.010555928514718593f,-0.9997213175489382f,0.007916946386038945f,0f,0f,0f,1f],start_interpolation:0}
execute if entity @s[tag=aj.gojo.bone.bottom2] run data modify entity @s {} merge value {transformation:[-0.9970806892009942f,-0.0714640230738961f,0.02688852224582098f,-0.3826667644671423f,-0.07523742043865243f,0.8595183576176852f,-0.5055368665922739f,1.1296804585847167f,0.01301651981936076f,-0.5060840704115184f,-0.8623859251445967f,0.03644146532051457f,0f,0f,0f,1f],start_interpolation:0}
execute if entity @s[tag=aj.gojo.bone.rightarm] run data modify entity @s {} merge value {transformation:[-0.9988511520525397f,0.0306756075991706f,0.03681552854076179f,-0.3125696655640659f,0.024527909056435915f,0.9872707923789684f,-0.15714567825022496f,1.3749651623634316f,-0.041167435196197824f,-0.1560621338244025f,-0.9868889768689999f,-0.000001103435823691934f,0f,0f,0f,1f],start_interpolation:0}
execute if entity @s[tag=aj.gojo.bone.bottom] run data modify entity @s {} merge value {transformation:[-0.9979470370282545f,0.0526874719059885f,0.0364107345529206f,0.37472131754898147f,0.04864263880389115f,0.9933631861884935f,-0.10422799055742483f,1.124979097418059f,-0.04166059261126463f,-0.10224290014274892f,-0.9938867060151666f,0.017154707959406143f,0f,0f,0f,1f],start_interpolation:0}
execute if entity @s[tag=aj.gojo.bone.leftarm] run data modify entity @s {} merge value {transformation:[-0.9997770453399062f,0.00022294223255233886f,0.021114211047730626f,0.31229098777337544f,-1.3552527156068805e-20f,0.9999442597814906f,-0.010558282533011911f,1.3749651623634316f,-0.021115388024073f,-0.010555928514718588f,-0.9997213175489382f,0.013196014079221934f,0f,0f,0f,1f],start_interpolation:0}
execute if entity @s[tag=aj.gojo.bone.head] run data modify entity @s {} merge value {transformation:[-0.9987189497213879f,0.027182068853321903f,0.04268014292690676f,-0.00016720667441425416f,0.028063666650669217f,0.9994021305007975f,0.02019435972213819f,1.4999581948361178f,-0.04210570129481324f,0.02136625103569338f,-0.9988846746422491f,0.007916946386038945f,0f,0f,0f,1f],start_interpolation:0}
execute if entity @s[tag=aj.gojo.locator_origin.purple] at @s on origin run tp @s ^0 ^1 ^0.5 ~0 ~0
execute if entity @s[tag=aj.gojo.locator_origin.blue] at @s on origin run tp @s ^-1.0625 ^1.78125 ^-0.53125 ~0 ~0
execute if entity @s[tag=aj.gojo.locator_origin.red] at @s on origin run tp @s ^1.0625 ^1.78125 ^-0.53125 ~0 ~0
execute if entity @s[tag=aj.gojo.camera_origin.camera] at @s on origin run tp @s ^0 ^0.005 ^0 ~0 ~0