execute if entity @s[tag=aj.gojo.locator_origin.head] at @s on origin run tp @s ^-0.00231 ^1.49942 ^0.02938 ~4.50437 ~2.25219
execute if entity @s[tag=aj.gojo.bone.torso] run data modify entity @s {} merge value {transformation:[-0.996911342332689f,-0.003086271794265529f,0.07847452105523271f,-0.0023147038456991465f,0f,0.9992275372338096f,0.039297949484108134f,1.499420652925357f,-0.0785351865626882f,0.03917657157112444f,-0.9961412654395442f,0.029382428678343328f,0f,0f,0f,1f],start_interpolation:0}
execute if entity @s[tag=aj.gojo.bone.bottom2] run data modify entity @s {} merge value {transformation:[-0.9700227548476746f,-0.10665556890630092f,0.21835852330285088f,-0.41506783890897475f,-0.154912167001298f,-0.4209246196016658f,-0.8937699285208442f,1.173863807729954f,0.1872380185557685f,-0.9008035602918467f,0.39178421378718586f,0.1257249214064696f,0f,0f,0f,1f],start_interpolation:0}
execute if entity @s[tag=aj.gojo.bone.rightarm] run data modify entity @s {} merge value {transformation:[-0.9843315261751939f,0.16033361669057533f,0.07337968340442325f,-0.3134637143503813f,0.09306733919569042f,0.8258804469636307f,-0.5561114615777917f,1.374517210771131f,-0.14976620764594406f,-0.5405687918129135f,-0.8278619838869756f,-0.00005688856888728597f,0f,0f,0f,1f],start_interpolation:0}
execute if entity @s[tag=aj.gojo.bone.bottom] run data modify entity @s {} merge value {transformation:[-0.971297837369778f,0.22395641421269127f,0.08015008205726025f,0.371141265554776f,0.17741894882306591f,0.9065415382340467f,-0.3830208297922799f,1.1247103264626785f,-0.15843935028682232f,-0.3578071603381378f,-0.9202559471644005f,0.06373019508574196f,0f,0f,0f,1f],start_interpolation:0}
execute if entity @s[tag=aj.gojo.bone.leftarm] run data modify entity @s {} merge value {transformation:[-0.996911342332689f,0.0030862717942655286f,0.07847452105523271f,0.30960587460754935f,0f,0.9992275372338096f,-0.039297949484108134f,1.374517210771131f,-0.0785351865626882f,-0.03917657157112445f,-0.9961412654395442f,0.04902760303279284f,0f,0f,0f,1f],start_interpolation:0}
execute if entity @s[tag=aj.gojo.bone.head] run data modify entity @s {} merge value {transformation:[-0.9818368524086668f,0.10126492903451793f,0.16044254236291544f,-0.0023147038456991465f,0.11347975435456632f,0.9911504118838973f,0.0688709399820261f,1.499420652925357f,-0.1520484810968829f,0.08582700722974446f,-0.9846395199392092f,0.029382428678343328f,0f,0f,0f,1f],start_interpolation:0}
execute if entity @s[tag=aj.gojo.locator_origin.purple] at @s on origin run tp @s ^0 ^1 ^0.5 ~0 ~0
execute if entity @s[tag=aj.gojo.locator_origin.blue] at @s on origin run tp @s ^-1.0625 ^1.78125 ^-0.53125 ~0 ~0
execute if entity @s[tag=aj.gojo.locator_origin.red] at @s on origin run tp @s ^1.0625 ^1.78125 ^-0.53125 ~0 ~0
execute if entity @s[tag=aj.gojo.camera_origin.camera] at @s on origin run tp @s ^0 ^0.005 ^0 ~0 ~0