execute if entity @s[tag=aj.gojo.locator_origin.head] at @s on origin run tp @s ^-0.00007 ^1.49998 ^0.00497 ~0.76 ~0.38
execute if entity @s[tag=aj.gojo.bone.torso] run data modify entity @s {} merge value {transformation:[-0.9999120277790478f,-0.00008797028615300845f,0.013263821622047532f,-0.00006597771461475634f,6.776263578034403e-21f,0.9999780067029094f,0.006632202535817145f,1.4999835050271821f,-0.01326411334363294f,0.006631619086230265f,-0.9998900364167563f,0.004973714314672699f,0f,0f,0f,1f],start_interpolation:0}
execute if entity @s[tag=aj.gojo.bone.bottom2] run data modify entity @s {} merge value {transformation:[-0.9987769627871461f,-0.0479661254453729f,0.011992890203889037f,-0.37946001327928014f,-0.049251742678200885f,0.9439109760389958f,-0.3265062559221046f,1.1272006366351603f,0.004341019332377287f,-0.32669759736317205f,-0.9451189530573844f,0.022990487163483123f,0f,0f,0f,1f],start_interpolation:0}
execute if entity @s[tag=aj.gojo.bone.rightarm] run data modify entity @s {} merge value {transformation:[-0.9995458401891114f,0.0178436326306503f,0.02428411281446167f,-0.3125274901097981f,0.015360289995754865f,0.9949825427155705f,-0.0988625367998637f,1.3749862541893183f,-0.025926335103315747f,-0.09844462639372695f,-0.9948047450039178f,-2.7349099137805033e-7f,0f,0f,0f,1f],start_interpolation:0}
execute if entity @s[tag=aj.gojo.bone.bottom] run data modify entity @s {} merge value {transformation:[-0.9991913562470811f,0.032245346447803705f,0.024018143841263353f,0.37489003641675905f,0.030616268604216953f,0.9973921761180451f,-0.06535664553252948f,1.124991752513591f,-0.026062956430016597f,-0.06456844934618902f,-0.9975728733536992f,0.010776709204313836f,0f,0f,0f,1f],start_interpolation:0}
execute if entity @s[tag=aj.gojo.bone.leftarm] run data modify entity @s {} merge value {transformation:[-0.9999120277790478f,0.0000879702861530084f,0.01326382162204753f,0.3124175272521068f,6.776263578034403e-21f,0.9999780067029094f,-0.006632202535817144f,1.3749862541893183f,-0.01326411334363294f,-0.006631619086230264f,-0.9998900364167562f,0.00828979734877921f,0f,0f,0f,1f],start_interpolation:0}
execute if entity @s[tag=aj.gojo.bone.head] run data modify entity @s {} merge value {transformation:[-0.9988007557818578f,0.04161802669922032f,0.025787402026038204f,-0.00006597771461475634f,0.042003683123535696f,0.9990108008426418f,0.01459830140122148f,1.4999835050271821f,-0.025154340652204288f,0.0156639603359523f,-0.9995608533215706f,0.004973714314672699f,0f,0f,0f,1f],start_interpolation:0}
execute if entity @s[tag=aj.gojo.locator_origin.purple] at @s on origin run tp @s ^0 ^1 ^0.5 ~0 ~0
execute if entity @s[tag=aj.gojo.locator_origin.blue] at @s on origin run tp @s ^-1.0625 ^1.78125 ^-0.53125 ~0 ~0
execute if entity @s[tag=aj.gojo.locator_origin.red] at @s on origin run tp @s ^1.0625 ^1.78125 ^-0.53125 ~0 ~0
execute if entity @s[tag=aj.gojo.camera_origin.camera] at @s on origin run tp @s ^0 ^0.005 ^0 ~0 ~0