execute if entity @s[tag=aj.gojo.locator_origin.head] at @s on origin run tp @s ^-0.00157 ^1.49961 ^0.02423 ~3.71 ~1.855
execute if entity @s[tag=aj.gojo.bone.torso] run data modify entity @s {} merge value {transformation:[-0.9979043400605829f,-0.002094561704005298f,0.06467256682335001f,-0.0015709212780039734f,-2.168404344971009e-19f,0.999475947699739f,0.03237020187932963f,1.4996069607748042f,-0.06470647640114982f,0.03230236494402027f,-0.9973813859957337f,0.024226773708015202f,0f,0f,0f,1f],start_interpolation:0}
execute if entity @s[tag=aj.gojo.bone.bottom2] run data modify entity @s {} merge value {transformation:[-0.9788645752705084f,-0.11974346596037866f,0.16578795384551606f,-0.4062892593626241f,-0.15682029925663937f,-0.08085018416485157f,-0.9843122682673255f,1.1591679268864898f,0.13126894919037552f,-0.9895073269462461f,0.060363175017136006f,0.10622216950281538f,0f,0f,0f,1f],start_interpolation:0}
execute if entity @s[tag=aj.gojo.bone.rightarm] run data modify entity @s {} merge value {transformation:[-0.9893256005965543f,0.12520880796561606f,0.07454938237233664f,-0.31315420733393545f,0.07634321044871599f,0.881103964315567f,-0.4667199570253828f,1.374672467312337f,-0.1241232058184546f,-0.45604666260726173f,-0.8812575510610551f,-0.00003179578534664648f,0f,0f,0f,1f],start_interpolation:0}
execute if entity @s[tag=aj.gojo.bone.bottom] run data modify entity @s {} merge value {transformation:[-0.9805573956182626f,0.1802178582204842f,0.07764481616149158f,0.37238138603171395f,0.14699062198400364f,0.9366926124240007f,-0.31780608376658953f,1.124803480387402f,-0.13000365743734338f,-0.3002140459883951f,-0.9449712036057986f,0.05252949797644891f,0f,0f,0f,1f],start_interpolation:0}
execute if entity @s[tag=aj.gojo.bone.leftarm] run data modify entity @s {} merge value {transformation:[-0.9979043400605829f,0.0020945617040052976f,0.06467256682335001f,0.3105360052039288f,-2.168404344971009e-19f,0.9994759476997391f,-0.03237020187932961f,1.374672467312337f,-0.06470647640114982f,-0.03230236494402025f,-0.9973813859957337f,0.040409751965371984f,0f,0f,0f,1f],start_interpolation:0}
execute if entity @s[tag=aj.gojo.bone.head] run data modify entity @s {} merge value {transformation:[-0.972035406590852f,0.19498912173401795f,0.1308679133292553f,-0.0015709212780039734f,0.2041708736430498f,0.9770498877403996f,0.06072702217552269f,1.4996069607748042f,-0.11602337130764183f,0.08574823188771286f,-0.9895381842246109f,0.024226773708015202f,0f,0f,0f,1f],start_interpolation:0}
execute if entity @s[tag=aj.gojo.locator_origin.purple] at @s on origin run tp @s ^0 ^1 ^0.5 ~0 ~0
execute if entity @s[tag=aj.gojo.locator_origin.blue] at @s on origin run tp @s ^-1.0625 ^1.78125 ^-0.53125 ~0 ~0
execute if entity @s[tag=aj.gojo.locator_origin.red] at @s on origin run tp @s ^1.0625 ^1.78125 ^-0.53125 ~0 ~0
execute if entity @s[tag=aj.gojo.camera_origin.camera] at @s on origin run tp @s ^0 ^0.005 ^0 ~0 ~0