execute if entity @s[tag=aj.gojo.locator_origin.head] at @s on origin run tp @s ^-0.0025 ^1.49937 ^0.03052 ~4.68 ~2.34
execute if entity @s[tag=aj.gojo.bone.torso] run data modify entity @s {} merge value {transformation:[-0.9966659280340299f,-0.0033312917978581976f,0.08152257595919983f,-0.002498468848393648f,2.168404344971009e-19f,0.9991661343425401f,0.04082935197850999f,1.499374600756905f,-0.08159061156815765f,0.04069322398068972f,-0.9958348425446819f,0.030519917985517286f,0f,0f,0f,1f],start_interpolation:0}
execute if entity @s[tag=aj.gojo.bone.bottom2] run data modify entity @s {} merge value {transformation:[-0.9677918130846297f,-0.10195581111746768f,0.2301825777632715f,-0.41703952796631993f,-0.1524507070358703f,-0.4902746868996062f,-0.8581314079497129f,1.1774362817325752f,0.2003441749855196f,-0.8655840478918685f,0.45894059265279546f,0.12981446270757213f,0f,0f,0f,1f],start_interpolation:0}
execute if entity @s[tag=aj.gojo.bone.rightarm] run data modify entity @s {} merge value {transformation:[-0.9831021842087418f,0.1682219262759116f,0.07219057365073889f,-0.3135401598842957f,0.09677883691306874f,0.8123649181543161f,-0.5750626891721327f,1.3744788339640874f,-0.15538324275723758f,-0.5583588660280706f,-0.8149180477803226f,-0.00006380112711819319f,0f,0f,0f,1f],start_interpolation:0}
execute if entity @s[tag=aj.gojo.bone.bottom] run data modify entity @s {} merge value {transformation:[-0.969007574579391f,0.23372524105679865f,0.07998019817871935f,0.3708348426896353f,0.18408250401469728f,0.8990990004120532f,-0.3971581790341546f,1.1246873003784523f,-0.16473600736768146f,-0.3701263286379234f,-0.9142584693212129f,0.06620305032116262f,0f,0f,0f,1f],start_interpolation:0}
execute if entity @s[tag=aj.gojo.bone.leftarm] run data modify entity @s {} merge value {transformation:[-0.9966659280340299f,0.003331291797858198f,0.08152257595919983f,0.309376045136973f,2.168404344971009e-19f,0.9991661343425401f,-0.04082935197850998f,1.3744788339640874f,-0.08159061156815765f,-0.0406932239806897f,-0.9958348425446819f,0.05093033110298034f,0f,0f,0f,1f],start_interpolation:0}
execute if entity @s[tag=aj.gojo.bone.head] run data modify entity @s {} merge value {transformation:[-0.9574638271971659f,0.23570013736681697f,0.16645859801830387f,-0.002498468848393648f,0.25019232179580675f,0.9655188142121442f,0.07195291180208313f,1.499374600756905f,-0.14375959697835528f,0.11053897343307696f,-0.9834197037018235f,0.030519917985517286f,0f,0f,0f,1f],start_interpolation:0}
execute if entity @s[tag=aj.gojo.locator_origin.purple] at @s on origin run tp @s ^0 ^1 ^0.5 ~0 ~0
execute if entity @s[tag=aj.gojo.locator_origin.blue] at @s on origin run tp @s ^-1.0625 ^1.78125 ^-0.53125 ~0 ~0
execute if entity @s[tag=aj.gojo.locator_origin.red] at @s on origin run tp @s ^1.0625 ^1.78125 ^-0.53125 ~0 ~0
execute if entity @s[tag=aj.gojo.camera_origin.camera] at @s on origin run tp @s ^0 ^0.005 ^0 ~0 ~0