execute if entity @s[tag=aj.gojo.locator_origin.head] at @s on origin run tp @s ^-0.00356 ^1.49911 ^0.03637 ~5.58594 ~2.79297
execute if entity @s[tag=aj.gojo.bone.torso] run data modify entity @s {} merge value {transformation:[-0.9952513204526506f,-0.004743038707681169f,0.09722300510204783f,-0.0035572790307608765f,0f,0.9988121245891668f,0.048727197474046184f,1.4991090934418752f,-0.09733863126865604f,0.04849580762800152f,-0.9940690858814857f,0.03637185572100114f,0f,0f,0f,1f],start_interpolation:0}
execute if entity @s[tag=aj.gojo.bone.bottom2] run data modify entity @s {} merge value {transformation:[-0.9541914110541585f,-0.06653843149503741f,0.29170428211573146f,-0.4272158743524823f,-0.12775193761246348f,-0.7910080448665107f,-0.5983190749029492f,1.1976228673440563f,0.2705516466531579f,-0.6081767095924012f,0.7462726689371818f,0.14950494168336986f,0f,0f,0f,1f],start_interpolation:0}
execute if entity @s[tag=aj.gojo.bone.rightarm] run data modify entity @s {} merge value {transformation:[-0.9760505393147956f,0.20892911524621433f,0.06061327829552583f,-0.31398043683375404f,0.11599509180350862f,0.7355376150475692f,-0.6674800038410361f,1.3742575778682293f,-0.18403935280475306f,-0.644463374950484f,-0.7421566377569089f,-0.00010844250395406277f,0f,0f,0f,1f],start_interpolation:0}
execute if entity @s[tag=aj.gojo.bone.bottom] run data modify entity @s {} merge value {transformation:[-0.9557992581495024f,0.28432342040886954f,0.07488638546399581f,0.36906908630052293f,0.2180565138197962f,0.8563312114106549f,-0.4681326875413821f,1.1245545467209377f,-0.1972286361095111f,-0.43111141132074143f,-0.8804793104482471f,0.07893581840024734f,0f,0f,0f,1f],start_interpolation:0}
execute if entity @s[tag=aj.gojo.bone.leftarm] run data modify entity @s {} merge value {transformation:[-0.9952513204526506f,0.004743038707681168f,0.09722300510204783f,0.30805163844915256f,0f,0.9988121245891668f,-0.04872719747404618f,1.3742575778682293f,-0.09733863126865604f,-0.04849580762800153f,-0.9940690858814857f,0.06072820203895596f,0f,0f,0f,1f],start_interpolation:0}
execute if entity @s[tag=aj.gojo.bone.head] run data modify entity @s {} merge value {transformation:[-0.9632365767493835f,0.1801909858514143f,0.19926491369537358f,-0.0035572790307608765f,0.19959016636526192f,0.976457568616187f,0.08181920423990605f,1.4991090934418752f,-0.17983065006393198f,0.1185825674796249f,-0.9765239945784866f,0.03637185572100114f,0f,0f,0f,1f],start_interpolation:0}
execute if entity @s[tag=aj.gojo.locator_origin.purple] at @s on origin run tp @s ^0 ^1 ^0.5 ~0 ~0
execute if entity @s[tag=aj.gojo.locator_origin.blue] at @s on origin run tp @s ^-1.0625 ^1.78125 ^-0.53125 ~0 ~0
execute if entity @s[tag=aj.gojo.locator_origin.red] at @s on origin run tp @s ^1.0625 ^1.78125 ^-0.53125 ~0 ~0
execute if entity @s[tag=aj.gojo.camera_origin.camera] at @s on origin run tp @s ^0 ^0.005 ^0 ~0 ~0