execute if entity @s[tag=aj.gojo.locator_origin.head] at @s on origin run tp @s ^-0.00164 ^1.49959 ^0.02475 ~3.79009 ~1.89504
execute if entity @s[tag=aj.gojo.bone.torso] run data modify entity @s {} merge value {transformation:[-0.9978129191680883f,-0.002185884674169206f,0.0660651212777916f,-0.0016394135056269046f,0f,0.9994530802314054f,0.033068722623588655f,1.499589810173554f,-0.06610127337092744f,0.032996398654202806f,-0.9972671955572362f,0.024747298990652103f,0f,0f,0f,1f],start_interpolation:0}
execute if entity @s[tag=aj.gojo.bone.bottom2] run data modify entity @s {} merge value {transformation:[-0.9780547095376014f,-0.11902277308466264f,0.17100457490533705f,-0.4071592659766604f,-0.15729997455351474f,-0.11637352203777296f,-0.9806701389223531f,1.1605384665349483f,0.1366224840821661f,-0.9860480631570454f,0.09509739211701546f,0.10825926021000876f,0f,0f,0f,1f],start_interpolation:0}
execute if entity @s[tag=aj.gojo.bone.rightarm] run data modify entity @s {} merge value {transformation:[-0.9888644124449377f,0.1286901001498737f,0.07473976132784715f,-0.31318271516138335f,0.07802435943467201f,0.8759849242973878f,-0.4759859364923598f,1.3746581751446283f,-0.12672558200591225f,-0.46485403141966536f,-0.8762712801057373f,-0.00003389876953806964f,0f,0f,0f,1f],start_interpolation:0}
execute if entity @s[tag=aj.gojo.bone.bottom] run data modify entity @s {} merge value {transformation:[-0.9797055461612593f,0.1845845215525479f,0.07813832109845596f,0.3722671955981351f,0.15007889636049854f,0.9339155178303672f,-0.32446591565656324f,1.124794905086777f,-0.1328659764126361f,-0.30615414411510783f,-0.9426644537443122f,0.053659826336525246f,0f,0f,0f,1f],start_interpolation:0}
execute if entity @s[tag=aj.gojo.bone.leftarm] run data modify entity @s {} merge value {transformation:[-0.9978129191680883f,0.0021858846741692074f,0.06606512127779161f,0.3104503593186719f,0f,0.9994530802314056f,-0.033068722623588676f,1.3746581751446283f,-0.06610127337092744f,-0.032996398654202806f,-0.9972671955572362f,0.04127939708729158f,0f,0f,0f,1f],start_interpolation:0}
execute if entity @s[tag=aj.gojo.bone.head] run data modify entity @s {} merge value {transformation:[-0.9873977146267386f,0.08286092081849539f,0.13483256635918783f,-0.0016394135056269046f,0.09149500532661836f,0.9940477376983808f,0.05914185638795311f,1.499589810173554f,-0.12912945887819643f,0.0707330402134832f,-0.9891018248249175f,0.024747298990652103f,0f,0f,0f,1f],start_interpolation:0}
execute if entity @s[tag=aj.gojo.locator_origin.purple] at @s on origin run tp @s ^0 ^1 ^0.5 ~0 ~0
execute if entity @s[tag=aj.gojo.locator_origin.blue] at @s on origin run tp @s ^-1.0625 ^1.78125 ^-0.53125 ~0 ~0
execute if entity @s[tag=aj.gojo.locator_origin.red] at @s on origin run tp @s ^1.0625 ^1.78125 ^-0.53125 ~0 ~0
execute if entity @s[tag=aj.gojo.camera_origin.camera] at @s on origin run tp @s ^0 ^0.005 ^0 ~0 ~0