execute if entity @s[tag=aj.gojo.locator_origin.head] at @s on origin run tp @s ^-0.00111 ^1.49972 ^0.02039 ~3.12 ~1.56
execute if entity @s[tag=aj.gojo.bone.torso] run data modify entity @s {} merge value {transformation:[-0.9985177324254199f,-0.0014817181934794323f,0.054407192017166615f,-0.0011112886451095743f,0f,0.9996293644209887f,0.027223772466175432f,1.4997220233157416f,-0.05442736473500923f,0.027183419550991073f,-0.9981476462275093f,0.020387564663243304f,0f,0f,0f,1f],start_interpolation:0}
execute if entity @s[tag=aj.gojo.bone.bottom2] run data modify entity @s {} merge value {transformation:[-0.984358815684724f,-0.12088328296879283f,0.1281598762579542f,-0.4000331355016007f,-0.1488269667932996f,0.1812857851805068f,-0.9721039029067795f,1.149862564535029f,0.09427754737408835f,-0.9759726922358913f,-0.19644095314102056f,0.0907687746654854f,0f,0f,0f,1f],start_interpolation:0}
execute if entity @s[tag=aj.gojo.bone.rightarm] run data modify entity @s {} merge value {transformation:[-0.9924280451224906f,0.10017406971030679f,0.07107553033236061f,-0.31296286525386835f,0.06399524752687949f,0.9156219647940745f,-0.39691438104534826f,1.3747683527631178f,-0.10483884560755684f,-0.3893604671051147f,-0.9150995809786834f,-0.00001891426032096452f,0f,0f,0f,1f],start_interpolation:0}
execute if entity @s[tag=aj.gojo.bone.bottom] run data modify entity @s {} merge value {transformation:[-0.986268141369052f,0.1484500340135524f,0.07237223723093641f,0.37314764624023794f,0.12410711442969494f,0.9553196846292571f,-0.2682568252771796f,1.1248610116578706f,-0.10896135768413684f,-0.25559125094813356f,-0.9606250751309785f,0.04419575388274565f,0f,0f,0f,1f],start_interpolation:0}
execute if entity @s[tag=aj.gojo.bone.leftarm] run data modify entity @s {} merge value {transformation:[-0.9985177324254199f,0.0014817181934794316f,0.05440719201716662f,0.3111107175120191f,0f,0.9996293644209887f,-0.027223772466175432f,1.3747683527631178f,-0.05442736473500923f,-0.027183419550991066f,-0.9981476462275094f,0.03399818869905981f,0f,0f,0f,1f],start_interpolation:0}
execute if entity @s[tag=aj.gojo.bone.head] run data modify entity @s {} merge value {transformation:[-0.9799217833785417f,0.16670865285973951f,0.10936875020731024f,-0.0011112886451095743f,0.1732197609153277f,0.9834589880373404f,0.052946513360246666f,1.4997220233157416f,-0.09873303848588308f,0.07082827055816718f,-0.9925901184280873f,0.020387564663243304f,0f,0f,0f,1f],start_interpolation:0}
execute if entity @s[tag=aj.gojo.locator_origin.purple] at @s on origin run tp @s ^0 ^1 ^0.5 ~0 ~0
execute if entity @s[tag=aj.gojo.locator_origin.blue] at @s on origin run tp @s ^-1.0625 ^1.78125 ^-0.53125 ~0 ~0
execute if entity @s[tag=aj.gojo.locator_origin.red] at @s on origin run tp @s ^1.0625 ^1.78125 ^-0.53125 ~0 ~0
execute if entity @s[tag=aj.gojo.camera_origin.camera] at @s on origin run tp @s ^0 ^0.005 ^0 ~0 ~0