execute if entity @s[tag=aj.gojo.locator_origin.head] at @s on origin run tp @s ^-0.00003 ^1.49999 ^0.00324 ~0.49563 ~0.24781
execute if entity @s[tag=aj.gojo.bone.torso] run data modify entity @s {} merge value {transformation:[-0.9999625862160468f,-0.00003741343400370834f,0.008650131117505226f,-0.000028060075502781255f,3.3881317890172014e-21f,0.9999906465102678f,0.004325146468800326f,1.499992984882701f,-0.008650212027174604f,0.004324984648704777f,-0.9999532330762642f,0.0032437384865285825f,0f,0f,0f,1f],start_interpolation:0}
execute if entity @s[tag=aj.gojo.bone.bottom2] run data modify entity @s {} merge value {transformation:[-0.9994608276365363f,-0.03232544984008037f,0.005754938116642605f,-0.3777667464633865f,-0.03280664933865712f,0.976059304311771f,-0.21501618131106273f,1.1261520579209254f,0.001333333889288909f,-0.21508905076516066f,-0.9765935298074025f,0.015021208978278881f,0f,0f,0f,1f],start_interpolation:0}
execute if entity @s[tag=aj.gojo.bone.rightarm] run data modify entity @s {} merge value {transformation:[-0.9998066418495146f,0.01106855903609953f,0.016253181671937886f,-0.3125116915887669f,0.009998674854592039f,0.9978680533056155f,-0.06449321431913134f,1.3749941540689172f,-0.016932377705118292f,-0.06431823375160141f,-0.9977857783073106f,-7.585305157771505e-8f,0f,0f,0f,1f],start_interpolation:0}
execute if entity @s[tag=aj.gojo.bone.bottom] run data modify entity @s {} merge value {transformation:[-0.9996564597054267f,0.020688944057476243f,0.01609130706310933f,0.3749532330762643f,0.019988048504570897f,0.9988938670714625f,-0.04256195770870907f,1.1249964924413502f,-0.016954069900515772f,-0.042225702135140826f,-0.9989642383954507f,0.007028191077807156f,0f,0f,0f,1f],start_interpolation:0}
execute if entity @s[tag=aj.gojo.bone.leftarm] run data modify entity @s {} merge value {transformation:[-0.9999625862160468f,0.000037413434003708354f,0.008650131117505226f,0.3124649247962623f,3.3881317890172014e-21f,0.9999906465102677f,-0.004325146468800327f,1.3749941540689172f,-0.008650212027174604f,-0.004324984648704776f,-0.9999532330762642f,0.005406306663932549f,0f,0f,0f,1f],start_interpolation:0}
execute if entity @s[tag=aj.gojo.bone.head] run data modify entity @s {} merge value {transformation:[-0.9997798711201097f,0.011716288254194848f,0.017405111105692914f,-0.000028060075502781255f,0.011864735504197536f,0.9998939045574474f,0.008450306519747007f,1.499992984882701f,-0.017304258275705822f,0.008654953402928304f,-0.999812809693455f,0.0032437384865285825f,0f,0f,0f,1f],start_interpolation:0}
execute if entity @s[tag=aj.gojo.locator_origin.purple] at @s on origin run tp @s ^0 ^1 ^0.5 ~0 ~0
execute if entity @s[tag=aj.gojo.locator_origin.blue] at @s on origin run tp @s ^-1.0625 ^1.78125 ^-0.53125 ~0 ~0
execute if entity @s[tag=aj.gojo.locator_origin.red] at @s on origin run tp @s ^1.0625 ^1.78125 ^-0.53125 ~0 ~0
execute if entity @s[tag=aj.gojo.camera_origin.camera] at @s on origin run tp @s ^0 ^0.005 ^0 ~0 ~0