execute if entity @s[tag=aj.gojo.locator_origin.head] at @s on origin run tp @s ^-0.00317 ^1.49921 ^0.03436 ~5.27344 ~2.63672
execute if entity @s[tag=aj.gojo.bone.torso] run data modify entity @s {} merge value {transformation:[-0.9957674144676598f,-0.0042281044651999115f,0.09181165185870047f,-0.0031710783488999336f,0f,0.9989412931868569f,0.04600318213091462f,1.4992059698901428f,-0.09190895649713285f,0.045808469727785704f,-0.9947131887216569f,0.034356352295839276f,0f,0f,0f,1f],start_interpolation:0}
execute if entity @s[tag=aj.gojo.bone.bottom2] run data modify entity @s {} merge value {transformation:[-0.9593244126726242f,-0.0809655130346683f,0.270446403099316f,-0.42371793699578425f,-0.13855089036565232f,-0.6996483568269254f,-0.7009249799859242f,1.1903353472550273f,0.24596813214156363f,-0.7098850346981657f,0.6599719050704916f,0.14298766668890991f,0f,0f,0f,1f],start_interpolation:0}
execute if entity @s[tag=aj.gojo.bone.rightarm] run data modify entity @s {} merge value {transformation:[-0.9786166316366713f,0.19493806082639448f,0.06564023709083273f,-0.31381988231189367f,0.10935375106459853f,0.7633502817131824f,-0.6366616876619066f,1.3743383082417855f,-0.17421608827027896f,-0.6158697101251612f,-0.7683444896256836f,-0.00009125532548794751f,0f,0f,0f,1f],start_interpolation:0}
execute if entity @s[tag=aj.gojo.bone.bottom] run data modify entity @s {} merge value {transformation:[-0.9606189537227922f,0.26685872273361144f,0.07744448236971832f,0.3697131890183225f,0.20641519467559818f,0.8719040356353319f,-0.44404517793785026f,1.1246029849450712f,-0.1860214857363606f,-0.41057249633141246f,-0.8926512376626323f,0.0745482696982373f,0f,0f,0f,1f],start_interpolation:0}
execute if entity @s[tag=aj.gojo.bone.leftarm] run data modify entity @s {} merge value {transformation:[-0.9957674144676598f,0.004228104465199914f,0.09181165185870047f,0.30853475173039374f,0f,0.998941293186857f,-0.04600318213091464f,1.3743383082417855f,-0.09190895649713285f,-0.04580846972778571f,-0.9947131887216569f,0.05735184248522008f,0f,0f,0f,1f],start_interpolation:0}
execute if entity @s[tag=aj.gojo.bone.head] run data modify entity @s {} merge value {transformation:[-0.9727194910972589f,0.13591318450371337f,0.18800105828837615f,-0.0031710783488999336f,0.1528321729254965f,0.9851237723776104f,0.07857149620172212f,1.4992059698901428f,-0.17452540949203066f,0.10516063605059478f,-0.9790210018518875f,0.034356352295839276f,0f,0f,0f,1f],start_interpolation:0}
execute if entity @s[tag=aj.gojo.locator_origin.purple] at @s on origin run tp @s ^0 ^1 ^0.5 ~0 ~0
execute if entity @s[tag=aj.gojo.locator_origin.blue] at @s on origin run tp @s ^-1.0625 ^1.78125 ^-0.53125 ~0 ~0
execute if entity @s[tag=aj.gojo.locator_origin.red] at @s on origin run tp @s ^1.0625 ^1.78125 ^-0.53125 ~0 ~0
execute if entity @s[tag=aj.gojo.camera_origin.camera] at @s on origin run tp @s ^0 ^0.005 ^0 ~0 ~0