execute if entity @s[tag=aj.gojo.locator_origin.head] at @s on origin run tp @s ^-0.00071 ^1.49982 ^0.01635 ~2.5 ~1.25
execute if entity @s[tag=aj.gojo.bone.torso] run data modify entity @s {} merge value {transformation:[-0.9990482215818578f,-0.0009515519206527956f,0.04360900713235222f,-0.0007136639404895967f,5.421010862427522e-20f,0.9997620270799091f,0.021814885034561124f,1.4998215203099319f,-0.04361938736533612f,0.021794122097790976f,-0.9988104751592563f,0.016345591573343234f,0f,0f,0f,1f],start_interpolation:0}
execute if entity @s[tag=aj.gojo.bone.bottom2] run data modify entity @s {} merge value {transformation:[-0.9893312929530463f,-0.11394219462056915f,0.09077868179755552f,-0.3938336028014265f,-0.1323919991543463f,0.4431515195336593f,-0.8866166529537578f,1.1416204594892898f,0.06079433644484544f,-0.8891759707842183f,-0.453508700728193f,0.0737653064917475f,0f,0f,0f,1f],start_interpolation:0}
execute if entity @s[tag=aj.gojo.bone.rightarm] run data modify entity @s {} merge value {transformation:[-0.99512368887744f,0.07536433220739178f,0.0636322344876387f,-0.31279728919473854f,0.05109443623730404f,0.9456968388019392f,-0.3210091083841874f,1.374851266924943f,-0.0843694400867282f,-0.31619251495086476f,-0.944936024854857f,-0.000009732240548177007f,0f,0f,0f,1f],start_interpolation:0}
execute if entity @s[tag=aj.gojo.bone.bottom] run data modify entity @s {} merge value {transformation:[-0.9911979929026371f,0.11600750586258779f,0.06378712604691783f,0.37381047516262544f,0.09982595148868632f,0.9714006171909667f,-0.21544284701606492f,1.1249107601549657f,-0.08695584094908271f,-0.2071789069971911f,-0.9744309017166313f,0.035427127097568144f,0f,0f,0f,1f],start_interpolation:0}
execute if entity @s[tag=aj.gojo.bone.leftarm] run data modify entity @s {} merge value {transformation:[-0.9990482215818578f,0.0009515519206527953f,0.04360900713235222f,0.31160784929392255f,5.421010862427522e-20f,0.9997620270799091f,-0.021814885034561124f,1.374851266924943f,-0.04361938736533612f,-0.021794122097790965f,-0.9988104751592563f,0.027252384862786895f,0f,0f,0f,1f],start_interpolation:0}
execute if entity @s[tag=aj.gojo.bone.head] run data modify entity @s {} merge value {transformation:[-0.9869732320679293f,0.1353448297913375f,0.08698055087282094f,-0.0007136639404895967f,0.13953161966599786f,0.9892404664217666f,0.04397984432702618f,1.4998215203099319f,-0.08009223617036068f,0.05554346624401484f,-0.9952387437508806f,0.016345591573343234f,0f,0f,0f,1f],start_interpolation:0}
execute if entity @s[tag=aj.gojo.locator_origin.purple] at @s on origin run tp @s ^0 ^1 ^0.5 ~0 ~0
execute if entity @s[tag=aj.gojo.locator_origin.blue] at @s on origin run tp @s ^-1.0625 ^1.78125 ^-0.53125 ~0 ~0
execute if entity @s[tag=aj.gojo.locator_origin.red] at @s on origin run tp @s ^1.0625 ^1.78125 ^-0.53125 ~0 ~0
execute if entity @s[tag=aj.gojo.camera_origin.camera] at @s on origin run tp @s ^0 ^0.005 ^0 ~0 ~0