execute if entity @s[tag=aj.gojo.locator_origin.head] at @s on origin run tp @s ^-0.00049 ^1.41898 ^0.00212 ~12.99225 ~0.16656
execute if entity @s[tag=aj.gojo.bone.torso] run data modify entity @s {} merge value {transformation:[-0.9744004739563101f,-0.0006535399356292665f,0.2248183472034048f,-0.0004901549517219499f,-5.421010862427522e-20f,0.9999957747927873f,0.002906956582579658f,1.418978312576072f,-0.22481929711152052f,0.0028325398718360346f,-0.9743963569123996f,0.002124404903877026f,0f,0f,0f,1f],start_interpolation:0}
execute if entity @s[tag=aj.gojo.bone.bottom2] run data modify entity @s {} merge value {transformation:[-0.9980658827438799f,0.05806284862605604f,-0.022208091140562523f,-0.3818034403991217f,0.029620735835488136f,0.1300991960290339f,-0.9910584297614157f,1.263305337709433f,-0.05465442078408725f,-0.9897994265516757f,-0.13156743322999503f,0.17554826241146082f,0f,0f,0f,1f],start_interpolation:0}
execute if entity @s[tag=aj.gojo.bone.rightarm] run data modify entity @s {} merge value {transformation:[-0.9980658827438799f,0.05806284862605604f,-0.022208091140562523f,-0.3049086105711152f,0.029620735835488136f,0.1300991960290339f,-0.9910584297614157f,1.2939788407269734f,-0.05465442078408725f,-0.9897994265516757f,-0.13156743322999503f,-0.06848569292745264f,0f,0f,0f,1f],start_interpolation:0}
execute if entity @s[tag=aj.gojo.bone.bottom] run data modify entity @s {} merge value {transformation:[-0.35403643715485716f,0.9292474149969346f,0.10562879762739825f,0.18939724689653373f,0.4706268290769159f,0.27461960877322766f,-0.8385072797717662f,1.1598295365208586f,-0.8081884612636476f,-0.24715038377221743f,-0.5345541122108625f,0.25979058134289296f,0f,0f,0f,1f],start_interpolation:0}
execute if entity @s[tag=aj.gojo.bone.leftarm] run data modify entity @s {} merge value {transformation:[-0.7547411293690075f,0.6474630373624315f,0.10562879762739825f,0.3040916856515786f,0.2824071597865617f,0.46599542687781875f,-0.8385072797717662f,1.2939788407269734f,-0.592125006852508f,-0.603025602589454f,-0.5345541122108625f,0.07202636776724768f,0f,0f,0f,1f],start_interpolation:0}
execute if entity @s[tag=aj.gojo.bone.head] run data modify entity @s {} merge value {transformation:[-0.9798217964096795f,0.01804247252751276f,0.19905706836382964f,-0.0004901549517219499f,0.0628608969320389f,0.9731979634413562f,0.22121083063560942f,1.418978312576072f,-0.18973074320575456f,0.22926009931667268f,-0.9546947428073025f,0.002124404903877026f,0f,0f,0f,1f],start_interpolation:0}
execute if entity @s[tag=aj.gojo.bone.bottom3] run data modify entity @s {} merge value {transformation:[-0.9845368255264468f,0.16309426869899538f,0.06393354909471789f,-0.17964271470320045f,0.16705385981399667f,0.7642633910719845f,0.622892026749738f,0.3777367299347735f,0.052728048546787275f,0.623940484809802f,-0.7796909800117973f,-0.09572818024265865f,0f,0f,0f,1f],start_interpolation:0}
execute if entity @s[tag=aj.gojo.bone.rightleg] run data modify entity @s {} merge value {transformation:[-0.9845368255264468f,0.17516595053971248f,0.002031982732653677f,-0.11875f,0.16705385981399667f,0.9353242821457457f,0.31186775266094935f,0.6689814814814815f,0.052728048546787275f,0.30738473774744335f,-0.9501233477272217f,-1.4542680739874818e-17f,0f,0f,0f,1f],start_interpolation:0}
execute if entity @s[tag=aj.gojo.bone.bottom4] run data modify entity @s {} merge value {transformation:[-0.9959394671402801f,-0.08261929163405027f,0.035757942365616274f,0.16675456383905685f,-0.08274136595544855f,0.9965691560511547f,-0.0019451394078394135f,0.42826589999723763f,-0.03547455640542288f,-0.004895902100444438f,-0.9993585872900985f,0.2583267864892419f,0f,0f,0f,1f],start_interpolation:0}
execute if entity @s[tag=aj.gojo.bone.leftleg] run data modify entity @s {} merge value {transformation:[-0.9908013913303138f,-0.13379857645837565f,-0.0202618823317756f,0.11874999999999998f,-0.09140699928792431f,0.772118000735339f,-0.628870855916889f,0.6689814814814815f,0.09978658937498526f,-0.6212340411456663f,-0.7772457157828101f,0.06481481481481483f,0f,0f,0f,1f],start_interpolation:0}
execute if entity @s[tag=aj.gojo.locator_origin.purple] at @s on origin run tp @s ^0 ^1 ^0.5 ~0 ~0
execute if entity @s[tag=aj.gojo.locator_origin.blue] at @s on origin run tp @s ^-1.0625 ^1.78125 ^-0.53125 ~0 ~0
execute if entity @s[tag=aj.gojo.locator_origin.red] at @s on origin run tp @s ^-0.39063 ^1.23438 ^0.79688 ~0 ~0
execute if entity @s[tag=aj.gojo.bone.red] run data modify entity @s {} merge value {transformation:[1.6083509553062123f,0.5679586712269162f,2.0888647372206513e-16f,-0.3906250000000001f,0.5679586712269162f,-1.6083509553062123f,0f,1.234375f,1.9696618493213407e-16f,6.95548768766027e-17f,-1.7056875000000002f,0.796875f,0f,0f,0f,1f],start_interpolation:0}
execute if entity @s[tag=aj.gojo.camera_origin.camera] at @s on origin run tp @s ^0 ^0.005 ^0 ~0 ~0