execute if entity @s[tag=aj.gojo.locator_origin.head] at @s on origin run tp @s ^-0.00004 ^1.42171 ^0.00016 ~12.56304 ~0.01281
execute if entity @s[tag=aj.gojo.bone.torso] run data modify entity @s {} merge value {transformation:[-0.9760572616222294f,-0.00004863875767613324f,0.21751372294360202f,-0.000036479068257099924f,3.3881317890172014e-21f,0.9999999749987564f,0.00022361235788656464f,1.4217129442120302f,-0.21751372838171576f,0.00021825846570365024f,-0.976057237219584f,0.00016369384927773767f,0f,0f,0f,1f],start_interpolation:0}
execute if entity @s[tag=aj.gojo.bone.bottom2] run data modify entity @s {} merge value {transformation:[-0.9984275964475473f,0.04989290057032239f,-0.02555451280407331f,-0.37992324340104655f,0.03011084734306316f,0.092817640855461f,-0.9952277238995652f,1.275390465082262f,-0.04728288828166449f,-0.9944322923249761f,-0.09417401157982513f,0.17781626398541858f,0f,0f,0f,1f],start_interpolation:0}
execute if entity @s[tag=aj.gojo.bone.rightarm] run data modify entity @s {} merge value {transformation:[-0.9984275964475473f,0.04989290057032239f,-0.02555451280407331f,-0.3050482934804943f,0.03011084734306316f,0.092817640855461f,-0.9952277238995652f,1.296712947337186f,-0.04728288828166449f,-0.9944322923249761f,-0.09417401157982513f,-0.0678366285782214f,0f,0f,0f,1f],start_interpolation:0}
execute if entity @s[tag=aj.gojo.bone.bottom] run data modify entity @s {} merge value {transformation:[-0.4091355790381586f,0.9042987347234224f,0.12186827455383104f,0.2006978361154229f,0.4693966792974299f,0.32311388539839714f,-0.8217445920280201f,1.1541429911336147f,-0.7824799265346406f,-0.2790003860935837f,-0.5566722097697843f,0.2557360079653793f,0f,0f,0f,1f],start_interpolation:0}
execute if entity @s[tag=aj.gojo.bone.leftarm] run data modify entity @s {} merge value {transformation:[-0.7810764265473022f,0.6124277423087304f,0.12186827455383104f,0.3049874950333991f,0.26666134309469625f,0.5036144890406108f,-0.8217445920280201f,1.296712947337186f,-0.5646338140698177f,-0.609347771702659f,-0.5566722097697843f,0.06810945166035096f,0f,0f,0f,1f],start_interpolation:0}
execute if entity @s[tag=aj.gojo.bone.head] run data modify entity @s {} merge value {transformation:[-0.981103073552179f,0.022147066743732763f,0.19221411628992355f,-0.000036479068257099924f,0.06124694129778867f,0.9778911165517299f,0.19994443315800606f,1.4217129442120302f,-0.18353629408956923f,0.20793862460798324f,-0.9607684201450458f,0.00016369384927773767f,0f,0f,0f,1f],start_interpolation:0}
execute if entity @s[tag=aj.gojo.bone.bottom3] run data modify entity @s {} merge value {transformation:[-0.9855586241528278f,0.1590303457822984f,0.058168268655236235f,-0.17782677645089215f,0.16148714965236302f,0.7793312114511088f,0.6054459210823889f,0.37908939293991883f,0.05095192690311566f,0.6060958768862479f,-0.7937579537657244f,-0.09261043813274973f,0f,0f,0f,1f],start_interpolation:0}
execute if entity @s[tag=aj.gojo.bone.rightleg] run data modify entity @s {} merge value {transformation:[-0.9855586241528278f,0.16933451215979833f,0.00014611498294838396f,-0.11875f,0.16148714965236302f,0.9396251670667887f,0.301705893067843f,0.671712962962963f,0.05095192690311566f,0.2973724405628614f,-0.9534010345801744f,-1.4542680739874818e-17f,0f,0f,0f,1f],start_interpolation:0}
execute if entity @s[tag=aj.gojo.bone.bottom4] run data modify entity @s {} merge value {transformation:[-0.9964506566221298f,-0.07686982490132178f,0.03430916695238048f,0.16520837383160503f,-0.07698448523748565f,0.9970302210324669f,-0.002031595597003444f,0.42638900562754434f,-0.03405110791215977f,-0.004665658323380784f,-0.9994092023202328f,0.25065379817775146f,0f,0f,0f,1f],start_interpolation:0}
execute if entity @s[tag=aj.gojo.bone.leftleg] run data modify entity @s {} merge value {transformation:[-0.991409438376761f,-0.1288386074936009f,-0.022537495792240417f,0.11874999999999998f,-0.08836289231573648f,0.7868039213196545f,-0.6108449792358226f,0.671712962962963f,0.09643300658526091f,-0.603605999485695f,-0.7914293857482184f,0.06262962962962965f,0f,0f,0f,1f],start_interpolation:0}
execute if entity @s[tag=aj.gojo.locator_origin.purple] at @s on origin run tp @s ^0 ^1 ^0.5 ~0 ~0
execute if entity @s[tag=aj.gojo.locator_origin.blue] at @s on origin run tp @s ^-1.0625 ^1.78125 ^-0.53125 ~0 ~0
execute if entity @s[tag=aj.gojo.locator_origin.red] at @s on origin run tp @s ^-0.39063 ^1.23438 ^0.79688 ~0 ~0
execute if entity @s[tag=aj.gojo.bone.red] run data modify entity @s {} merge value {transformation:[0.08640265506446493f,-0.242902997828477f,3.15729252905177e-17f,-0.3906250000000001f,-0.242902997828477f,-0.08640265506446493f,0f,1.234375f,1.0581273496252982e-17f,-2.9747037879394086e-17f,-0.2578125f,0.796875f,0f,0f,0f,1f],start_interpolation:0}
execute if entity @s[tag=aj.gojo.camera_origin.camera] at @s on origin run tp @s ^0 ^0.005 ^0 ~0 ~0