execute if entity @s[tag=aj.gojo.locator_origin.head] at @s on origin run tp @s ^0 ^1.4811 ^0 ~2.99825 ~0
execute if entity @s[tag=aj.gojo.bone.torso] run data modify entity @s {} merge value {transformation:[-0.9986311321342054f,0f,0.05230546751875117f,0f,0f,1f,0f,1.481095116618076f,-0.05230546751875117f,0f,-0.9986311321342054f,0f,0f,0f,0f,1f],start_interpolation:0}
execute if entity @s[tag=aj.gojo.bone.bottom2] run data modify entity @s {} merge value {transformation:[-0.9993185447131164f,-0.011515667844136296f,-0.03506901177054075f,-0.3716507208754749f,0.015210543055389224f,0.7371941241615183f,-0.675509779856437f,1.1727472445186582f,0.03363161566768614f,-0.6755828688590582f,-0.7365165997665942f,0.1546522345943852f,0f,0f,0f,1f],start_interpolation:0}
execute if entity @s[tag=aj.gojo.bone.rightarm] run data modify entity @s {} merge value {transformation:[-0.9993185447131164f,-0.011515667844136296f,-0.03506901177054075f,-0.3120722287919392f,0.015210543055389224f,0.7371941241615183f,-0.675509779856437f,1.356095116618076f,0.03363161566768614f,-0.6755828688590582f,-0.7365165997665942f,-0.01634545859960974f,0f,0f,0f,1f],start_interpolation:0}
execute if entity @s[tag=aj.gojo.bone.bottom] run data modify entity @s {} merge value {transformation:[-0.968936701736668f,0.21260324021427546f,0.12633894996420617f,0.3490405262512545f,0.18151433293709998f,0.958329815475095f,-0.22058221077382917f,1.108540792818535f,-0.1679708753506593f,-0.19079786954225f,-0.9671514659101085f,0.07763535785806455f,0f,0f,0f,1f],start_interpolation:0}
execute if entity @s[tag=aj.gojo.bone.leftarm] run data modify entity @s {} merge value {transformation:[-0.9870458842220269f,0.09888828121824568f,0.12633894996420617f,0.3120722287919392f,0.06923797215692204f,0.9729078021589339f,-0.22058221077382917f,1.356095116618076f,-0.1447291458274881f,-0.2089773105769472f,-0.9671514659101085f,0.01634545859960974f,0f,0f,0f,1f],start_interpolation:0}
execute if entity @s[tag=aj.gojo.bone.head] run data modify entity @s {} merge value {transformation:[-0.9986311321342054f,0f,0.05230546751875117f,0f,0f,1f,0f,1.481095116618076f,-0.05230546751875117f,0f,-0.9986311321342054f,0f,0f,0f,0f,1f],start_interpolation:0}
execute if entity @s[tag=aj.gojo.bone.bottom3] run data modify entity @s {} merge value {transformation:[-0.9991553300548525f,0.04065277033165277f,-0.005998223682123963f,-0.1374952760904396f,0.039206065375252334f,0.9867907241937898f,0.15718444924001646f,0.4199233485228567f,0.012308974805821169f,0.15681651351008213f,-0.9875510468982208f,-0.022716907025129206f,0f,0f,0f,1f],start_interpolation:0}
execute if entity @s[tag=aj.gojo.bone.rightleg] run data modify entity @s {} merge value {transformation:[-0.9991553300548525f,0.04000177688830969f,-0.009406607717811634f,-0.11875f,0.039206065375252334f,0.9965337792122062f,0.07337105237645995f,0.7310951166180758f,0.012308974805821169f,0.07294028197652984f,-0.9972603493593907f,-1.4542680739874818e-17f,0f,0f,0f,1f],start_interpolation:0}
execute if entity @s[tag=aj.gojo.bone.bottom4] run data modify entity @s {} merge value {transformation:[-0.999987555238398f,-0.0039243947696802894f,0.003080339920146717f,0.13276335401427902f,-0.003925694051380159f,0.9999922079607857f,-0.0004158652760496151f,0.4226850445609349f,-0.003078683898503045f,-0.0004279525728061173f,-0.9999951692693564f,0.06393134325961058f,0f,0f,0f,1f],start_interpolation:0}
execute if entity @s[tag=aj.gojo.bone.leftleg] run data modify entity @s {} merge value {transformation:[-0.9994977029491834f,-0.024852778786709176f,-0.01966421078723667f,0.11875f,-0.021458703398952866f,0.9873414046508298f,-0.15715112061503803f,0.7310951166180758f,0.02332093153674925f,-0.15665021560376277f,-0.9873787743837483f,0.01512390670553939f,0f,0f,0f,1f],start_interpolation:0}
execute if entity @s[tag=aj.gojo.locator_origin.purple] at @s on origin run tp @s ^0 ^1 ^0.5 ~0 ~0
execute if entity @s[tag=aj.gojo.locator_origin.blue] at @s on origin run tp @s ^-1.0625 ^1.78125 ^-0.53125 ~0 ~0
execute if entity @s[tag=aj.gojo.locator_origin.red] at @s on origin run tp @s ^-0.39063 ^1.23438 ^0.79688 ~0 ~0
execute if entity @s[tag=aj.gojo.camera_origin.camera] at @s on origin run tp @s ^0 ^0.005 ^0 ~0 ~0