execute if entity @s[tag=aj.gojo.locator_origin.head] at @s on origin run tp @s ^-0.00056 ^1.41796 ^0.00229 ~13.66424 ~0.18
execute if entity @s[tag=aj.gojo.bone.torso] run data modify entity @s {} merge value {transformation:[-0.9716967484910851f,-0.0007421426381783316f,0.23623056152021812f,-0.0005566069786337487f,-5.421010862427522e-20f,0.9999950652018582f,0.003141587485879564f,1.4179592618643566f,-0.23623172727610695f,0.0030526703451294553f,-0.9716919533637762f,0.0022895027588470916f,0f,0f,0f,1f],start_interpolation:0}
execute if entity @s[tag=aj.gojo.bone.bottom2] run data modify entity @s {} merge value {transformation:[-0.9976864134002565f,0.06317072669793444f,-0.02512528218721795f,-0.3822671555643252f,0.03054097291721164f,0.08628196211795228f,-0.9958025266017086f,1.273298198991962f,-0.06073771060718869f,-0.9942660017829893f,-0.08801163677983882f,0.17285589772472054f,0f,0f,0f,1f],start_interpolation:0}
execute if entity @s[tag=aj.gojo.bone.rightarm] run data modify entity @s {} merge value {transformation:[-0.9976864134002565f,0.06317072669793444f,-0.02512528218721795f,-0.30411907305232555f,0.03054097291721164f,0.08628196211795228f,-0.9958025266017086f,1.2929598787141243f,-0.06073771060718869f,-0.9942660017829893f,-0.08801163677983882f,-0.0719144958080775f,0f,0f,0f,1f],start_interpolation:0}
execute if entity @s[tag=aj.gojo.bone.bottom] run data modify entity @s {} merge value {transformation:[-0.310923815922479f,0.9474333408679406f,0.07547479913200951f,0.17893621052511935f,0.4560499748631556f,0.21839220459289552f,-0.8627417141881865f,1.1717232156774482f,-0.8338733723530929f,-0.233826665683937f,-0.4999802889070857f,0.26617342426216656f,0f,0f,0f,1f],start_interpolation:0}
execute if entity @s[tag=aj.gojo.bone.leftarm] run data modify entity @s {} merge value {transformation:[-0.7298083543592205f,0.6794728255077384f,0.07547479913200951f,0.30319139475460266f,0.2938754057982159f,0.41147780069715056f,-0.8627417141881865f,1.2929598787141243f,-0.617265754577735f,-0.6074559234462751f,-0.4999802889070857f,0.07573033373948933f,0f,0f,0f,1f],start_interpolation:0}
execute if entity @s[tag=aj.gojo.bone.head] run data modify entity @s {} merge value {transformation:[-0.9745949790836261f,0.0028795385517981463f,0.22395610061508725f,-0.0005566069786337487f,0.024754702118578553f,0.9951761116632435f,0.0949300347511156f,1.4179592618643566f,-0.2226024066985953f,0.09806230179103628f,-0.9699649238500518f,0.0022895027588470916f,0f,0f,0f,1f],start_interpolation:0}
execute if entity @s[tag=aj.gojo.bone.bottom3] run data modify entity @s {} merge value {transformation:[-0.9841469698160892f,0.16456135220306214f,0.06613851497357127f,-0.18031756012076464f,0.1691278181236088f,0.7585351738338162f,0.6293013357634399f,0.37724401735965285f,0.05339028880383657f,0.6305108654242224f,-0.7743419952730454f,-0.09688778410138014f,0f,0f,0f,1f],start_interpolation:0}
execute if entity @s[tag=aj.gojo.bone.rightleg] run data modify entity @s {} merge value {transformation:[-0.9841469698160892f,0.17733325299012503f,0.0027675233964483768f,-0.11875f,0.1691278181236088f,0.9336831822930646f,0.3156445726443646f,0.667962962962963f,0.05339028880383657f,0.31110871490049313f,-0.9488734607809445f,-1.4542680739874818e-17f,0f,0f,0f,1f],start_interpolation:0}
execute if entity @s[tag=aj.gojo.bone.bottom4] run data modify entity @s {} merge value {transformation:[-0.9957357028508531f,-0.08481674275716843f,0.036284021499578316f,0.1673278070902216f,-0.0849414826091853f,0.9963841156841083f,-0.001907496933427788f,0.4290005244791063f,-0.03599103499860792f,-0.004981381380890326f,-0.9993396976200171f,0.26116086026083657f,0f,0f,0f,1f],start_interpolation:0}
execute if entity @s[tag=aj.gojo.bone.leftleg] run data modify entity @s {} merge value {transformation:[-0.9905693900881739f,-0.13563759488694574f,-0.019357847856304716f,0.11874999999999998f,-0.09254107473970935f,0.7665306246431355f,-0.6355052721812968f,0.667962962962963f,0.10103678986568494f,-0.6277206738171759f,-0.771853822142605f,0.06562962962962963f,0f,0f,0f,1f],start_interpolation:0}
execute if entity @s[tag=aj.gojo.locator_origin.purple] at @s on origin run tp @s ^0 ^1 ^0.5 ~0 ~0
execute if entity @s[tag=aj.gojo.locator_origin.blue] at @s on origin run tp @s ^-1.0625 ^1.78125 ^-0.53125 ~0 ~0
execute if entity @s[tag=aj.gojo.locator_origin.red] at @s on origin run tp @s ^-0.39063 ^1.23438 ^0.79688 ~0 ~0
execute if entity @s[tag=aj.gojo.camera_origin.camera] at @s on origin run tp @s ^0 ^0.005 ^0 ~0 ~0