execute if entity @s[tag=aj.gojo.locator_origin.head] at @s on origin run tp @s ^-0.00013 ^1.41625 ^0.00053 ~13.39122 ~0.04151
execute if entity @s[tag=aj.gojo.bone.torso] run data modify entity @s {} merge value {transformation:[-0.972811379159628f,-0.00016779427855149963f,0.23159877465699713f,-0.00012584570891362471f,0f,0.9999997375469555f,0.0007245039822075368f,1.4162498031602166f,-0.2315988354408166f,0.0007048057181379565f,-0.9728111238423198f,0.0005286042886034674f,0f,0f,0f,1f],start_interpolation:0}
execute if entity @s[tag=aj.gojo.bone.bottom2] run data modify entity @s {} merge value {transformation:[-0.9976485073156312f,0.06434586675884663f,-0.023602230444295415f,-0.38254792580841707f,0.02996568485974701f,0.09979610908422588f,-0.9945565817702561f,1.268173663999525f,-0.06164019453067285f,-0.9929251462435134f,-0.10148960722910876f,0.17244464190129233f,0f,0f,0f,1f],start_interpolation:0}
execute if entity @s[tag=aj.gojo.bone.rightarm] run data modify entity @s {} merge value {transformation:[-0.9976485073156312f,0.06434586675884663f,-0.023602230444295415f,-0.3041084274114785f,0.02996568485974701f,0.09979610908422588f,-0.9945565817702561f,1.2912498359668472f,-0.06164019453067285f,-0.9929251462435134f,-0.10148960722910876f,-0.07193413250141896f,0f,0f,0f,1f],start_interpolation:0}
execute if entity @s[tag=aj.gojo.bone.bottom] run data modify entity @s {} merge value {transformation:[-0.3310216959446423f,0.939540529171721f,0.08768255731703484f,0.18705840625008674f,0.46096352313038436f,0.24208519433693204f,-0.8537607328907048f,1.1642179107479753f,-0.8233694596942227f,-0.24219486519447947f,-0.5132293640432818f,0.2641721080063487f,0f,0f,0f,1f],start_interpolation:0}
execute if entity @s[tag=aj.gojo.bone.leftarm] run data modify entity @s {} merge value {transformation:[-0.7505299206151912f,0.6549935934066071f,0.08768255731703484f,0.30389868456328906f,0.2821465400171054f,0.43759106587121105f,-0.8537607328907048f,1.2912498359668472f,-0.5975769140602161f,-0.6160336449139752f,-0.5132293640432818f,0.0728151396490914f,0f,0f,0f,1f],start_interpolation:0}
execute if entity @s[tag=aj.gojo.bone.head] run data modify entity @s {} merge value {transformation:[-0.9785336738861461f,0.01988571185033635f,0.2051253459109497f,-0.00012584570891362471f,0.06470463278703482f,0.9746484147736033f,0.21418164738183623f,1.4162498031602166f,-0.1956659386985286f,0.22285651447401678f,-0.9550129917387072f,0.0005286042886034674f,0f,0f,0f,1f],start_interpolation:0}
execute if entity @s[tag=aj.gojo.bone.bottom3] run data modify entity @s {} merge value {transformation:[-0.9834804769170343f,0.1669679162227801f,0.06991327824716448f,-0.18144958080333284f,0.17261362963500507f,0.7487689339235364f,0.6399606382077263f,0.37642962820815085f,0.05450400340591564f,0.6414567783905893f,-0.7652205662875863f,-0.09883434201491234f,0f,0f,0f,1f],start_interpolation:0}
execute if entity @s[tag=aj.gojo.bone.rightleg] run data modify entity @s {} merge value {transformation:[-0.9834804769170343f,0.18096904903232447f,0.004044108724911429f,-0.11875f,0.17261362963500507f,0.9308774623266174f,0.32198087675603715f,0.66625f,0.05450400340591564f,0.31735997451583775f,-0.946737535005365f,-1.4542680739874818e-17f,0f,0f,0f,1f],start_interpolation:0}
execute if entity @s[tag=aj.gojo.bone.bottom4] run data modify entity @s {} merge value {transformation:[-0.9953762438568602f,-0.088577744091474f,0.03714991813010875f,0.16828736523946186f,-0.08870682488519482f,0.9960560840575217f,-0.0018375610964075917f,0.43027811558296586f,-0.03684063495918362f,-0.005124515944066543f,-0.9993080140537968f,0.2658935185213586f,0f,0f,0f,1f],start_interpolation:0}
execute if entity @s[tag=aj.gojo.bone.leftleg] run data modify entity @s {} merge value {transformation:[-0.9901727534558185f,-0.13871611369716166f,-0.017769583970341788f,0.11874999999999998f,-0.09444711190229253f,0.7569989723725551f,-0.6465541731983573f,0.66625f,0.10313903900579424f,-0.6385220400484635f,-0.7626610931503649f,0.06700000000000002f,0f,0f,0f,1f],start_interpolation:0}
execute if entity @s[tag=aj.gojo.locator_origin.purple] at @s on origin run tp @s ^0 ^1 ^0.5 ~0 ~0
execute if entity @s[tag=aj.gojo.locator_origin.blue] at @s on origin run tp @s ^-1.0625 ^1.78125 ^-0.53125 ~0 ~0
execute if entity @s[tag=aj.gojo.locator_origin.red] at @s on origin run tp @s ^-0.39063 ^1.23438 ^0.79688 ~0 ~0
execute if entity @s[tag=aj.gojo.bone.red] run data modify entity @s {} merge value {transformation:[-0.9579919598686923f,-2.783706056453014f,3.605283636264861e-16f,-0.3906250000000001f,-2.783706056453014f,0.9579919598686923f,0f,1.234375f,-1.1732017872620938e-16f,-3.4090567118022845e-16f,-2.9439374999999997f,0.796875f,0f,0f,0f,1f],start_interpolation:0}
execute if entity @s[tag=aj.gojo.camera_origin.camera] at @s on origin run tp @s ^0 ^0.005 ^0 ~0 ~0