execute if entity @s[tag=aj.gojo.locator_origin.head] at @s on origin run tp @s ^0 ^1.42188 ^0 ~12.5 ~0
execute if entity @s[tag=aj.gojo.bone.torso] run data modify entity @s {} merge value {transformation:[-0.9762960071199334f,0f,0.216439613938103f,0f,0f,1f,0f,1.421875f,-0.216439613938103f,0f,-0.9762960071199334f,0f,0f,0f,0f,1f],start_interpolation:0}
execute if entity @s[tag=aj.gojo.bone.bottom2] run data modify entity @s {} merge value {transformation:[-0.9984772311435619f,0.04873275790659942f,-0.025852218371019267f,-0.37968051864810165f,0.030153630346052424f,0.08970397605821423f,-0.9955119061348793f,1.2763336078820746f,-0.046194993937002826f,-0.9947755098443889f,-0.0910368472048334f,0.17816931098437738f,0f,0f,0f,1f],start_interpolation:0}
execute if entity @s[tag=aj.gojo.bone.rightarm] run data modify entity @s {} merge value {transformation:[-0.9984772311435619f,0.04873275790659942f,-0.025852218371019267f,-0.3050925022249792f,0.030153630346052424f,0.08970397605821423f,-0.9955119061348793f,1.296875f,-0.046194993937002826f,-0.9947755098443889f,-0.0910368472048334f,-0.06763737935565718f,0f,0f,0f,1f],start_interpolation:0}
execute if entity @s[tag=aj.gojo.bone.bottom] run data modify entity @s {} merge value {transformation:[-0.4147471937884337f,0.901428246079105f,0.12414460284429646f,0.2020829887473672f,0.4698463589951619f,0.3289898721741829f,-0.8191520389682273f,1.1531298665994305f,-0.7792491027801115f,-0.28141211981285275f,-0.5599804055847203f,0.2550743734543627f,0f,0f,0f,1f],start_interpolation:0}
execute if entity @s[tag=aj.gojo.bone.leftarm] run data modify entity @s {} merge value {transformation:[-0.7841184964785236f,0.6080676780300789f,0.12414460284429646f,0.3050925022249792f,0.2648481931132524f,0.5087684853239646f,-0.8191520389682273f,1.296875f,-0.5612607398392525f,-0.609432791435009f,-0.5599804055847203f,0.06763737935565718f,0f,0f,0f,1f],start_interpolation:0}
execute if entity @s[tag=aj.gojo.bone.head] run data modify entity @s {} merge value {transformation:[-0.9812899161162039f,0.022522726812908497f,0.19121408762317887f,0f,0.06099701660733142f,0.9783441901761205f,0.19779284495055885f,1.421875f,-0.18261835749359528f,0.205755613108226f,-0.9614131074521501f,0f,0f,0f,0f,1f],start_interpolation:0}
execute if entity @s[tag=aj.gojo.bone.bottom3] run data modify entity @s {} merge value {transformation:[-0.985618152706928f,0.15878345984242528f,0.05783312143617778f,-0.17771878157921672f,0.16115670798794815f,0.7802114586731044f,0.6043993673273276f,0.379171070485249f,0.05084655863546688f,0.6050271833857184f,-0.7945795962893047f,-0.092425131569754f,0f,0f,0f,1f],start_interpolation:0}
execute if entity @s[tag=aj.gojo.bone.rightleg] run data modify entity @s {} merge value {transformation:[-0.985618152706928f,0.16898773799935496f,0.000038215757539760073f,-0.11875f,0.16115670798794815f,0.939875708606962f,0.3011015905654572f,0.671875f,0.05084655863546688f,0.2967773521959221f,-0.9535920672376148f,-1.4542680739874818e-17f,0f,0f,0f,1f],start_interpolation:0}
execute if entity @s[tag=aj.gojo.bone.bottom4] run data modify entity @s {} merge value {transformation:[-0.9964794135354557f,-0.07653535549337487f,0.03422159785189878f,0.16511628033374703f,-0.07664956536176284f,0.9970560157672719f,-0.0020360629033866484f,0.42628196746204083f,-0.033965019209286455f,-0.004651965369221078f,-0.9994121955871443f,0.2501953460180122f,0f,0f,0f,1f],start_interpolation:0}
execute if entity @s[tag=aj.gojo.bone.leftleg] run data modify entity @s {} merge value {transformation:[-0.9914448614360867f,-0.12854319983926885f,-0.022665668025909413f,0.11874999999999998f,-0.0881821870634823f,0.787661347862739f,-0.6097651211472778f,0.671875f,0.0962340304501477f,-0.6025497878666418f,-0.7922580163842995f,0.06250000000000001f,0f,0f,0f,1f],start_interpolation:0}
execute if entity @s[tag=aj.gojo.locator_origin.purple] at @s on origin run tp @s ^0 ^1 ^0.5 ~0 ~0
execute if entity @s[tag=aj.gojo.locator_origin.blue] at @s on origin run tp @s ^-1.0625 ^1.78125 ^-0.53125 ~0 ~0
execute if entity @s[tag=aj.gojo.locator_origin.red] at @s on origin run tp @s ^-0.39063 ^1.23438 ^0.79688 ~0 ~0
execute if entity @s[tag=aj.gojo.camera_origin.camera] at @s on origin run tp @s ^0 ^0.005 ^0 ~0 ~0