execute if entity @s[tag=aj.gojo.locator_origin.head] at @s on origin run tp @s ^-0.00031 ^1.41687 ^0.00129 ~13.40598 ~0.10125
execute if entity @s[tag=aj.gojo.bone.torso] run data modify entity @s {} merge value {transformation:[-0.9727516649899918f,-0.0004097117015962393f,0.2318491543989767f,-0.0003072837761971795f,0f,0.9999984385981475f,0.0017671449479025475f,1.4168738289486105f,-0.23184951640924112f,0.0017189931903508553f,-0.97275014613374f,0.0012892448927631416f,0f,0f,0f,1f],start_interpolation:0}
execute if entity @s[tag=aj.gojo.bone.bottom2] run data modify entity @s {} merge value {transformation:[-0.9976610129540235f,0.0643020801185975f,-0.023189345052700688f,-0.38267029846214595f,0.02992932255013948f,0.10591987331831992f,-0.9939241500677608f,1.267264638453646f,-0.06145517783914922f,-0.992293415743878f,-0.10759664580323129f,0.1728538021871041f,0f,0f,0f,1f],start_interpolation:0}
execute if entity @s[tag=aj.gojo.bone.rightarm] run data modify entity @s {} merge value {transformation:[-0.9976610129540235f,0.0643020801185975f,-0.023189345052700688f,-0.3042409651228701f,0.02992932255013948f,0.10591987331831992f,-0.9939241500677608f,1.2918740241238422f,-0.06145517783914922f,-0.992293415743878f,-0.10759664580323129f,-0.07137860313391857f,0f,0f,0f,1f],start_interpolation:0}
execute if entity @s[tag=aj.gojo.bone.bottom] run data modify entity @s {} merge value {transformation:[-0.3271464960041444f,0.9409418528159346f,0.08719862253227606f,0.1850641205061252f,0.4616462373686423f,0.2396538641321229f,-0.8540777347114938f,1.165344219767592f,-0.8245349729851277f,-0.2391536222302687f,-0.5127841878398324f,0.264092678298433f,0f,0f,0f,1f],start_interpolation:0}
execute if entity @s[tag=aj.gojo.bone.leftarm] run data modify entity @s {} merge value {transformation:[-0.7453135631734409f,0.6609872107523588f,0.08719862253227606f,0.3037288254958748f,0.2856086620742913f,0.4347170519064282f,-0.8540777347114938f,1.2918740241238422f,-0.6024411877501759f,-0.6116510377687597f,-0.5127841878398324f,0.07352734462185713f,0f,0f,0f,1f],start_interpolation:0}
execute if entity @s[tag=aj.gojo.bone.head] run data modify entity @s {} merge value {transformation:[-0.977948274008269f,0.014030984789826485f,0.20837539401300642f,-0.0003072837761971795f,0.05460842411723774f,0.9802087318912787f,0.1902860003771251f,1.4168738289486105f,-0.2015814807458262f,0.1974689175286051f,-0.9593596474890953f,0.0012892448927631416f,0f,0f,0f,1f],start_interpolation:0}
execute if entity @s[tag=aj.gojo.bone.bottom3] run data modify entity @s {} merge value {transformation:[-0.9837252295646023f,0.16609877429180073f,0.06852641751056252f,-0.18103698277162344f,0.17134210325657748f,0.7523514236778293f,0.6360890023743184f,0.37672469915936635f,0.05409765586125558f,0.6374782603890934f,-0.7685667903062247f,-0.09812465133337937f,0f,0f,0f,1f],start_interpolation:0}
execute if entity @s[tag=aj.gojo.bone.rightleg] run data modify entity @s {} merge value {transformation:[-0.9837252295646023f,0.17964384027790303f,0.00357258565716217f,-0.11875f,0.17134210325657748f,0.9319078047551592f,0.31967127973596937f,0.666875f,0.05409765586125558f,0.3150808373840391f,-0.9475217725961181f,-1.4542680739874818e-17f,0f,0f,0f,1f],start_interpolation:0}
execute if entity @s[tag=aj.gojo.bone.bottom4] run data modify entity @s {} merge value {transformation:[-0.9955098710686155f,-0.08719601979042013f,0.03683681226242742f,0.16793794222676348f,-0.08732353851229258f,0.9961782596369642f,-0.0018640408688865295f,0.42980587980084084f,-0.03653349458566491f,-0.005072391879320182f,-0.9993195558048394f,0.26417167497517996f,0f,0f,0f,1f],start_interpolation:0}
execute if entity @s[tag=aj.gojo.bone.leftleg] run data modify entity @s {} merge value {transformation:[-0.9903184096774698f,-0.1375950469320938f,-0.018358935525842262f,0.11874999999999998f,-0.09375185225903221f,0.76049622168249f,-0.6425387824907205f,0.666875f,0.1023720550340166f,-0.6345968010212562f,-0.7660331993338803f,0.06650000000000002f,0f,0f,0f,1f],start_interpolation:0}
execute if entity @s[tag=aj.gojo.locator_origin.purple] at @s on origin run tp @s ^0 ^1 ^0.5 ~0 ~0
execute if entity @s[tag=aj.gojo.locator_origin.blue] at @s on origin run tp @s ^-1.0625 ^1.78125 ^-0.53125 ~0 ~0
execute if entity @s[tag=aj.gojo.locator_origin.red] at @s on origin run tp @s ^-0.39063 ^1.23438 ^0.79688 ~0 ~0
execute if entity @s[tag=aj.gojo.camera_origin.camera] at @s on origin run tp @s ^0 ^0.005 ^0 ~0 ~0