execute if entity @s[tag=aj.gojo.locator_origin.head] at @s on origin run tp @s ^0 ^1.42962 ^0 ~11.21318 ~0
execute if entity @s[tag=aj.gojo.bone.torso] run data modify entity @s {} merge value {transformation:[-0.9809104561362707f,0f,0.19445996256950518f,0f,0f,1f,0f,1.42961916909621f,-0.19445996256950518f,0f,-0.9809104561362707f,0f,0f,0f,0f,1f],start_interpolation:0}
execute if entity @s[tag=aj.gojo.bone.bottom2] run data modify entity @s {} merge value {transformation:[-0.9993961421290425f,0.014689726200428882f,-0.03148909401273848f,-0.372669207975757f,0.03169904169480764f,0.014285169674415399f,-0.9993953695525131f,1.3030290667835316f,-0.014231017293837245f,-0.9997900508964518f,-0.014742193705582243f,0.18828933584027777f,0f,0f,0f,1f],start_interpolation:0}
execute if entity @s[tag=aj.gojo.bone.rightarm] run data modify entity @s {} merge value {transformation:[-0.9993961421290425f,0.014689726200428882f,-0.03148909401273848f,-0.3065345175425846f,0.03169904169480764f,0.014285169674415399f,-0.9993953695525131f,1.30461916909621f,-0.014231017293837245f,-0.9997900508964518f,-0.014742193705582243f,-0.06076873830297037f,0f,0f,0f,1f],start_interpolation:0}
execute if entity @s[tag=aj.gojo.bone.bottom] run data modify entity @s {} merge value {transformation:[-0.5223657646652893f,0.8363570975994827f,0.1662552651816384f,0.22295887644145235f,0.47234766358258706f,0.44612595675189903f,-0.7601705831063669f,1.1387482667113993f,-0.7099448518115465f,-0.31855680185356583f,-0.6280922475075691f,0.23939742008891235f,0f,0f,0f,1f],start_interpolation:0}
execute if entity @s[tag=aj.gojo.bone.leftarm] run data modify entity @s {} merge value {transformation:[-0.8247589149833128f,0.5404922931503572f,0.1662552651816384f,0.3065345175425846f,0.24193121503220893f,0.6030008057811906f,-0.7601705831063669f,1.30461916909621f,-0.5111184005184979f,-0.5867351270141434f,-0.6280922475075691f,0.06076873830297037f,0f,0f,0f,1f],start_interpolation:0}
execute if entity @s[tag=aj.gojo.bone.head] run data modify entity @s {} merge value {transformation:[-0.9809104561362707f,0f,0.19445996256950518f,0f,0f,1f,0f,1.42961916909621f,-0.19445996256950518f,0f,-0.9809104561362707f,0f,0f,0f,0f,1f],start_interpolation:0}
execute if entity @s[tag=aj.gojo.bone.bottom3] run data modify entity @s {} merge value {transformation:[-0.9883210312500511f,0.1462696882659079f,0.04274011562255902f,-0.17252599566961221f,0.14533744909464513f,0.8204562756398681f,0.5529272335975306f,0.383262747327008f,0.045810098007939525f,0.5526813530939423f,-0.8321326558084066f,-0.08352440401401706f,0f,0f,0f,1f],start_interpolation:0}
execute if entity @s[tag=aj.gojo.bone.rightleg] run data modify entity @s {} merge value {transformation:[-0.9883210312500511f,0.15231676551775805f,-0.004598057311941205f,-0.11875f,0.14533744909464513f,0.9512472986433391f,0.2720397079736918f,0.6796191690962099f,0.045810098007939525f,0.26819429480501333f,-0.9622750413237083f,-1.4542680739874818e-17f,0f,0f,0f,1f],start_interpolation:0}
execute if entity @s[tag=aj.gojo.bone.bottom4] run data modify entity @s {} merge value {transformation:[-0.9976652117340395f,-0.0614188705092862f,0.02986381825951962f,0.16067895552780545f,-0.06151069238996626f,0.9981040766493636f,-0.002164924393233847f,0.4217403040731317f,-0.02967423153817183f,-0.003996813891714968f,-0.9995516322138311f,0.22787321126567875f,0f,0f,0f,1f],start_interpolation:0}
execute if entity @s[tag=aj.gojo.bone.leftleg] run data modify entity @s {} merge value {transformation:[-0.9930531309558761f,-0.11431159506985995f,-0.027898715585414575f,0.11875f,-0.07953051078172488f,0.8268029782894848f,-0.5568408506444509f,0.6796191690962099f,0.08672010697369686f,-0.5507537510759433f,-0.8301505458181958f,0.05630466472303211f,0f,0f,0f,1f],start_interpolation:0}
execute if entity @s[tag=aj.gojo.locator_origin.purple] at @s on origin run tp @s ^0 ^1 ^0.5 ~0 ~0
execute if entity @s[tag=aj.gojo.locator_origin.blue] at @s on origin run tp @s ^-1.0625 ^1.78125 ^-0.53125 ~0 ~0
execute if entity @s[tag=aj.gojo.locator_origin.red] at @s on origin run tp @s ^-0.39063 ^1.23438 ^0.79688 ~0 ~0
execute if entity @s[tag=aj.gojo.camera_origin.camera] at @s on origin run tp @s ^0 ^0.005 ^0 ~0 ~0