execute if entity @s[tag=aj.gojo.locator_origin.head] at @s on origin run tp @s ^0 ^1.45399 ^0 ~7.29784 ~0
execute if entity @s[tag=aj.gojo.bone.torso] run data modify entity @s {} merge value {transformation:[-0.9918992264200261f,0f,0.1270272593869275f,0f,0f,1f,0f,1.4539905247813412f,-0.1270272593869275f,0f,-0.9918992264200261f,0f,0f,0f,0f,1f],start_interpolation:0}
execute if entity @s[tag=aj.gojo.bone.bottom2] run data modify entity @s {} merge value {transformation:[-0.9985522888455541f,-0.041729489196691116f,-0.03394077448569123f,-0.3619456540099325f,0.030088344604191006f,0.08971348031082726f,-0.9955130250124796f,1.3084426762413963f,0.04458719502597977f,-0.9950930314206314f,-0.08832802985357019f,0.21186393898586678f,0f,0f,0f,1f],start_interpolation:0}
execute if entity @s[tag=aj.gojo.bone.rightarm] run data modify entity @s {} merge value {transformation:[-0.9985522888455541f,-0.041729489196691116f,-0.03394077448569123f,-0.30996850825625816f,0.030088344604191006f,0.08971348031082726f,-0.9955130250124796f,1.3289905247813412f,0.04458719502597977f,-0.9950930314206314f,-0.08832802985357019f,-0.03969601855841484f,0f,0f,0f,1f],start_interpolation:0}
execute if entity @s[tag=aj.gojo.bone.bottom] run data modify entity @s {} merge value {transformation:[-0.7990773784063381f,0.5623671494246052f,0.21264649672002128f,0.28843782235390136f,0.3900853753700267f,0.7540788620103325f,-0.5283923445619054f,1.110484297703589f,-0.45750272484618004f,-0.33927608096835526f,-0.8219385607459202f,0.1745949002914369f,0f,0f,0f,1f],start_interpolation:0}
execute if entity @s[tag=aj.gojo.bone.leftarm] run data modify entity @s {} merge value {transformation:[-0.9242185740062506f,0.3171773871109898f,0.21264649672002128f,0.30996850825625816f,0.16428304240910313f,0.8329541477087328f,-0.5283923445619054f,1.3289905247813412f,-0.3447188846562681f,-0.4534158057680212f,-0.8219385607459202f,0.03969601855841484f,0f,0f,0f,1f],start_interpolation:0}
execute if entity @s[tag=aj.gojo.bone.head] run data modify entity @s {} merge value {transformation:[-0.9918992264200261f,0f,0.1270272593869275f,0f,0f,1f,0f,1.4539905247813412f,-0.1270272593869275f,0f,-0.9918992264200261f,0f,0f,0f,0f,1f],start_interpolation:0}
execute if entity @s[tag=aj.gojo.bone.bottom3] run data modify entity @s {} merge value {transformation:[-0.9950015630387626f,0.0995395784244672f,0.007985103474505336f,-0.15592928596699346f,0.0952612401537365f,0.9221611285384016f,0.37489218335029867f,0.39856397448737574f,0.029953057853771035f,0.3737789792642988f,-0.9270340279543937f,-0.05502395451539644f,0f,0f,0f,1f],start_interpolation:0}
execute if entity @s[tag=aj.gojo.bone.rightleg] run data modify entity @s {} merge value {transformation:[-0.9950015630387626f,0.09907368383360386f,-0.012501788754346873f,-0.11875f,0.0952612401537365f,0.9792701857437637f,0.17876017296295837f,0.703990524781341f,0.029953057853771035f,0.17667571560634399f,-0.9838132474408926f,-1.4542680739874818e-17f,0f,0f,0f,1f],start_interpolation:0}
execute if entity @s[tag=aj.gojo.bone.bottom4] run data modify entity @s {} merge value {transformation:[-0.9995667628383867f,-0.025039704780143966f,0.015469318450130883f,0.14673310519577762f,-0.02506831235572983f,0.9996843653144737f,-0.001658150003251091f,0.4151905569962152f,-0.01542291621010397f,-0.00204522133788837f,-0.9998789680382597f,0.15302649830322634f,0f,0f,0f,1f],start_interpolation:0}
execute if entity @s[tag=aj.gojo.bone.leftleg] run data modify entity @s {} merge value {transformation:[-0.9970273051703605f,-0.06960539052308115f,-0.033040011423397284f,0.11875f,-0.05213515329119471f,0.9252025999782266f,-0.3758750786961449f,0.703990524781341f,0.0567316361127765f,-0.3730351707328129f,-0.9260811426977167f,0.03680758017492716f,0f,0f,0f,1f],start_interpolation:0}
execute if entity @s[tag=aj.gojo.locator_origin.purple] at @s on origin run tp @s ^0 ^1 ^0.5 ~0 ~0
execute if entity @s[tag=aj.gojo.locator_origin.blue] at @s on origin run tp @s ^-1.0625 ^1.78125 ^-0.53125 ~0 ~0
execute if entity @s[tag=aj.gojo.locator_origin.red] at @s on origin run tp @s ^-0.39063 ^1.23438 ^0.79688 ~0 ~0
execute if entity @s[tag=aj.gojo.camera_origin.camera] at @s on origin run tp @s ^0 ^0.005 ^0 ~0 ~0