execute if entity @s[tag=aj.gojo.locator_origin.head] at @s on origin run tp @s ^0 ^1.42186 ^0.00002 ~12.51792 ~0.00154
execute if entity @s[tag=aj.gojo.bone.torso] run data modify entity @s {} merge value {transformation:[-0.9762282693472545f,-0.000005816021520185902f,0.21674493325897667f,-0.000004362016140139426f,0f,0.9999999996399821f,0.00002683348316679118f,1.42185613827594f,-0.21674493333700875f,0.00002619560483247524f,-0.9762282689957948f,0.00001964670362435643f,0f,0f,0f,1f],start_interpolation:0}
execute if entity @s[tag=aj.gojo.bone.bottom2] run data modify entity @s {} merge value {transformation:[-0.998463004248685f,0.04905105986929628f,-0.025799664191406814f,-0.379741671917334f,0.030147753746263658f,0.09007777059129589f,-0.9954783313509926f,1.2762209302822598f,-0.04650529099731862f,-0.9947260873079589f,-0.0914181007145419f,0.17805852172486236f,0f,0f,0f,1f],start_interpolation:0}
execute if entity @s[tag=aj.gojo.bone.rightarm] run data modify entity @s {} merge value {transformation:[-0.998463004248685f,0.04905105986929628f,-0.025799664191406814f,-0.30507496918446714f,0.030147753746263658f,0.09007777059129589f,-0.9954783313509926f,1.2968561383209423f,-0.04650529099731862f,-0.9947260873079589f,-0.0914181007145419f,-0.06771641941479493f,0f,0f,0f,1f],start_interpolation:0}
execute if entity @s[tag=aj.gojo.bone.bottom] run data modify entity @s {} merge value {transformation:[-0.41353264310892f,0.9020770934616802f,0.12348145826429993f,0.20175259594784895f,0.46958502780508526f,0.32750079844945434f,-0.8198982428791195f,1.153438882042523f,-0.7800517000459957f,-0.28106964344570784f,-0.559034167818618f,0.25526910966084354f,0f,0f,0f,1f],start_interpolation:0}
execute if entity @s[tag=aj.gojo.bone.leftarm] run data modify entity @s {} merge value {transformation:[-0.7834113683916291f,0.6091132549367789f,0.12348145826429993f,0.3050676991575669f,0.26524517820960214f,0.5073577305612769f,-0.8198982428791195f,1.2968561383209423f,-0.5620601598684182f,-0.6095647429929274f,-0.559034167818618f,0.06774916392083553f,0f,0f,0f,1f],start_interpolation:0}
execute if entity @s[tag=aj.gojo.bone.head] run data modify entity @s {} merge value {transformation:[-0.9812364730160615f,0.022459987083131717f,0.19149551692722616f,-0.000004362016140139426f,0.061070720791445356f,0.978258528773529f,0.1981933852172263f,1.42185613827594f,-0.1828807017840137f,0.20616934753274085f,-0.9612745960717524f,0.00001964670362435643f,0f,0f,0f,1f],start_interpolation:0}
execute if entity @s[tag=aj.gojo.bone.bottom3] run data modify entity @s {} merge value {transformation:[-0.9856112297188996f,0.15881223081414692f,0.057872093411527735f,-0.17773135391921294f,0.16119517330975797f,0.7801090749860232f,0.6045212545693395f,0.37916155477267754f,0.05085882375395199f,0.6051516392345684f,-0.7944840297816433f,-0.09244670367106309f,0f,0f,0f,1f],start_interpolation:0}
execute if entity @s[tag=aj.gojo.bone.rightleg] run data modify entity @s {} merge value {transformation:[-0.9856112297188996f,0.1690281079471034f,0.00005075254499674559f,-0.11875f,0.16119517330975797f,0.9398465715406779f,0.3011719410318141f,0.6718561385459534f,0.05085882375395199f,0.29684662822248087f,-0.9535698502780531f,-1.4542680739874818e-17f,0f,0f,0f,1f],start_interpolation:0}
execute if entity @s[tag=aj.gojo.bone.bottom4] run data modify entity @s {} merge value {transformation:[-0.9964760750049735f,-0.07657425033028163f,0.0342317999678319f,0.1651270021968481f,-0.07668851268907934f,0.9970530219457654f,-0.002035546696624424f,0.42629440199903457f,-0.03397504914226347f,-0.004653559408944796f,-0.9994118472484745f,0.2502487294925486f,0f,0f,0f,1f],start_interpolation:0}
execute if entity @s[tag=aj.gojo.bone.leftleg] run data modify entity @s {} merge value {transformation:[-0.9914407418482102f,-0.12857759219294976f,-0.022650787830317272f,0.11874999999999998f,-0.08820322223518551f,0.7875616213948439f,-0.6098908788408425f,0.6718561385459534f,0.09625719189131283f,-0.6026727928916223f,-0.792161636105543f,0.06251508916323732f,0f,0f,0f,1f],start_interpolation:0}
execute if entity @s[tag=aj.gojo.locator_origin.purple] at @s on origin run tp @s ^0 ^1 ^0.5 ~0 ~0
execute if entity @s[tag=aj.gojo.locator_origin.blue] at @s on origin run tp @s ^-1.0625 ^1.78125 ^-0.53125 ~0 ~0
execute if entity @s[tag=aj.gojo.locator_origin.red] at @s on origin run tp @s ^-0.39063 ^1.23438 ^0.79688 ~0 ~0
execute if entity @s[tag=aj.gojo.bone.red] run data modify entity @s {} merge value {transformation:[-0.022880516206021256f,0.06648555959301249f,8.610797806504841e-18f,-0.3906250000000001f,0.06648555959301249f,0.022880516206021256f,0f,1.234375f,-2.802055093454307e-18f,8.142132774510335e-18f,-0.07031250000000011f,0.796875f,0f,0f,0f,1f],start_interpolation:0}
execute if entity @s[tag=aj.gojo.camera_origin.camera] at @s on origin run tp @s ^0 ^0.005 ^0 ~0 ~0