execute if entity @s[tag=aj.gojo.locator_origin.head] at @s on origin run tp @s ^0 ^1.44078 ^0 ~9.40889 ~0
execute if entity @s[tag=aj.gojo.bone.torso] run data modify entity @s {} merge value {transformation:[-0.9865468020401003f,0f,0.16347907323095293f,0f,0f,1f,0f,1.440779883381924f,-0.16347907323095293f,0f,-0.9865468020401003f,0f,0f,0f,0f,1f],start_interpolation:0}
execute if entity @s[tag=aj.gojo.bone.bottom2] run data modify entity @s {} merge value {transformation:[-0.9994279894317918f,-0.012066967431719117f,-0.031592439559619406f,-0.36774338311908855f,0.031046423142234048f,0.04303213712333642f,-0.9985911850125012f,1.3069622505474796f,0.013409457498337884f,-0.9990008125480179f,-0.04263288610920054f,0.1995010838459778f,0f,0f,0f,1f],start_interpolation:0}
execute if entity @s[tag=aj.gojo.bone.rightarm] run data modify entity @s {} merge value {transformation:[-0.9994279894317918f,-0.012066967431719117f,-0.031592439559619406f,-0.30829587563753136f,0.031046423142234048f,0.04303213712333642f,-0.9985911850125012f,1.315779883381924f,0.013409457498337884f,-0.9990008125480179f,-0.04263288610920054f,-0.05108721038467279f,0f,0f,0f,1f],start_interpolation:0}
execute if entity @s[tag=aj.gojo.bone.bottom] run data modify entity @s {} merge value {transformation:[-0.6618465592074327f,0.7215807546637504f,0.20317565445735564f,0.25329420150167004f,0.4502414181062124f,0.5993342050978784f,-0.6618770097392727f,1.1227308220613246f,-0.5993678315416913f,-0.3465829267269045f,-0.7215528237173104f,0.21268277271695943f,0f,0f,0f,1f],start_interpolation:0}
execute if entity @s[tag=aj.gojo.bone.leftarm] run data modify entity @s {} merge value {transformation:[-0.8752981246551326f,0.4388312277072284f,0.20317565445735564f,0.30829587563753136f,0.20749776744580983f,0.7203218034209456f,-0.6618770097392727f,1.315779883381924f,-0.4368041546050274f,-0.5371812106778897f,-0.7215528237173104f,0.05108721038467279f,0f,0f,0f,1f],start_interpolation:0}
execute if entity @s[tag=aj.gojo.bone.head] run data modify entity @s {} merge value {transformation:[-0.9865468020401003f,0f,0.16347907323095293f,0f,0f,1f,0f,1.440779883381924f,-0.16347907323095293f,0f,-0.9865468020401003f,0f,0f,0f,0f,1f],start_interpolation:0}
execute if entity @s[tag=aj.gojo.bone.bottom3] run data modify entity @s {} merge value {transformation:[-0.9917251028233571f,0.12605246919417165f,0.024333011323182982f,-0.16495739274450869f,0.12245507187528967f,0.8718965033394731f,0.4741320942906286f,0.3898114320801748f,0.03854965372113449f,0.4731884006127499f,-0.8801174136008946f,-0.07055622351558524f,0f,0f,0f,1f],start_interpolation:0}
execute if entity @s[tag=aj.gojo.bone.rightleg] run data modify entity @s {} merge value {transformation:[-0.9917251028233571f,0.12802915472596066f,-0.009479238901819443f,-0.11875f,0.12245507187528967f,0.9655481456031039f,0.22961170243353216f,0.6907798833819242f,0.03854965372113449f,0.22655090832429542f,-0.9732361533232401f,-1.4542680739874818e-17f,0f,0f,0f,1f],start_interpolation:0}
execute if entity @s[tag=aj.gojo.bone.bottom4] run data modify entity @s {} merge value {transformation:[-0.9988198686490906f,-0.042651082251975364f,0.023232631675049246f,0.15423664376762705f,-0.04271080910988512f,0.9990853108705571f,-0.0020804777963760457f,0.41724125128050593f,-0.023122646409791107f,-0.003070307055897059f,-0.9997279212053598f,0.19438843074337844f,0f,0f,0f,1f],start_interpolation:0}
execute if entity @s[tag=aj.gojo.bone.leftleg] run data modify entity @s {} merge value {transformation:[-0.995078332214364f,-0.09365569341211925f,-0.03236856266464143f,0.11875f,-0.06701357084075533f,0.8766638941413536f,-0.4764132639128435f,0.6907798833819242f,0.0729951647758313f,-0.47189938313205365f,-0.878625448139841f,0.04737609329446063f,0f,0f,0f,1f],start_interpolation:0}
execute if entity @s[tag=aj.gojo.locator_origin.purple] at @s on origin run tp @s ^0 ^1 ^0.5 ~0 ~0
execute if entity @s[tag=aj.gojo.locator_origin.blue] at @s on origin run tp @s ^-1.0625 ^1.78125 ^-0.53125 ~0 ~0
execute if entity @s[tag=aj.gojo.locator_origin.red] at @s on origin run tp @s ^-0.39063 ^1.23438 ^0.79688 ~0 ~0
execute if entity @s[tag=aj.gojo.camera_origin.camera] at @s on origin run tp @s ^0 ^0.005 ^0 ~0 ~0