execute if entity @s[tag=aj.gojo.locator_origin.head] at @s on origin run tp @s ^0 ^1.44502 ^0 ~8.7963 ~0
execute if entity @s[tag=aj.gojo.bone.torso] run data modify entity @s {} merge value {transformation:[-0.9882382686653837f,0f,0.15292195507920048f,0f,0f,1f,0f,1.4450231481481481f,-0.15292195507920048f,0f,-0.9882382686653837f,0f,0f,0f,0f,1f],start_interpolation:0}
execute if entity @s[tag=aj.gojo.bone.bottom2] run data modify entity @s {} merge value {transformation:[-0.9991216274771463f,-0.027040915122642117f,-0.03201191054511764f,-0.36450933189459356f,0.03168510663207304f,0.012428876745065653f,-0.9994206206800871f,1.3188962481263864f,0.027423120266167916f,-0.9995570578672268f,-0.01156116528215305f,0.20381509852119206f,0f,0f,0f,1f],start_interpolation:0}
execute if entity @s[tag=aj.gojo.bone.rightarm] run data modify entity @s {} merge value {transformation:[-0.9991216274771463f,-0.027040915122642117f,-0.03201191054511764f,-0.3088244589579324f,0.03168510663207304f,0.012428876745065653f,-0.9994206206800871f,1.3200231481481481f,0.027423120266167916f,-0.9995570578672268f,-0.01156116528215305f,-0.04778811096225015f,0f,0f,0f,1f],start_interpolation:0}
execute if entity @s[tag=aj.gojo.bone.bottom] run data modify entity @s {} merge value {transformation:[-0.7372406004549604f,0.673998486473825f,0.04692906638537041f,0.20902459649017208f,0.32113106187813223f,0.4106805276052295f,-0.8533559312168127f,1.192549009739133f,-0.5944334598067581f,-0.6140582582108017f,-0.5192122084324327f,0.24827896234528796f,0f,0f,0f,1f],start_interpolation:0}
execute if entity @s[tag=aj.gojo.bone.leftarm] run data modify entity @s {} merge value {transformation:[-0.7993457712446121f,0.5990358926821945f,0.04692906638537041f,0.3088244589579324f,0.2796310329267905f,0.4399887954043633f,-0.8533559312168127f,1.3200231481481481f,-0.5318390954204593f,-0.6690036316770365f,-0.5192122084324327f,0.04778811096225015f,0f,0f,0f,1f],start_interpolation:0}
execute if entity @s[tag=aj.gojo.bone.head] run data modify entity @s {} merge value {transformation:[-0.9910504066775722f,0.037866675561331435f,0.128004712046673f,0f,0.06415611529403609f,0.9760256726126509f,0.2079852861896743f,1.4450231481481481f,-0.11706017381926762f,0.21433618752547418f,-0.9697200185736333f,0f,0f,0f,0f,1f],start_interpolation:0}
execute if entity @s[tag=aj.gojo.bone.bottom3] run data modify entity @s {} merge value {transformation:[-0.999404790555108f,0.034348098279329636f,0.003205114677249073f,-0.1357740484113405f,0.03291359133726048f,0.9215714677028464f,0.3868109685897045f,0.4385055178186339f,0.010332478927373495f,0.3866862268824881f,-0.9221534589311045f,-0.10005574299044606f,0f,0f,0f,1f],start_interpolation:0}
execute if entity @s[tag=aj.gojo.bone.rightleg] run data modify entity @s {} merge value {transformation:[-0.999404790555108f,0.03448885910518742f,0.0007636839158552302f,-0.11875f,0.03291359133726048f,0.9466593648071169f,0.32055068636374784f,0.734130859375f,0.010332478927373495f,0.3203850271479748f,-0.9472310564263646f,-1.4542680739874818e-17f,0f,0f,0f,1f],start_interpolation:0}
execute if entity @s[tag=aj.gojo.bone.bottom4] run data modify entity @s {} merge value {transformation:[-0.9923054250989749f,-0.12364907706998035f,0.006391326848531763f,0.1685621656886185f,-0.09725925881990147f,0.7464985780713339f,-0.6582404648084771f,0.4919503470031651f,0.07661970955926498f,-0.6537971999612866f,-0.7527806064384465f,0.27630775654424694f,0f,0f,0f,1f],start_interpolation:0}
execute if entity @s[tag=aj.gojo.bone.leftleg] run data modify entity @s {} merge value {transformation:[-0.9902035674281462f,-0.1395948588550163f,0.003189111760469818f,0.11875f,-0.09430047350092355f,0.6517189731339643f,-0.7525754452244058f,0.6950231481481481f,0.10297725841210914f,-0.7455036253690916f,-0.6584983134461823f,0.043981481481481496f,0f,0f,0f,1f],start_interpolation:0}
execute if entity @s[tag=aj.gojo.locator_origin.purple] at @s on origin run tp @s ^0 ^1 ^0.5 ~0 ~0
execute if entity @s[tag=aj.gojo.locator_origin.blue] at @s on origin run tp @s ^-1.0625 ^1.78125 ^-0.53125 ~0 ~0
execute if entity @s[tag=aj.gojo.locator_origin.red] at @s on origin run tp @s ^-0.39063 ^1.23438 ^0.79688 ~0 ~0
execute if entity @s[tag=aj.gojo.camera_origin.camera] at @s on origin run tp @s ^0 ^0.005 ^0 ~0 ~0