execute if entity @s[tag=aj.gojo.locator_origin.head] at @s on origin run tp @s ^-0.00055 ^1.41785 ^0.00236 ~13.14924 ~0.18501
execute if entity @s[tag=aj.gojo.bone.torso] run data modify entity @s {} merge value {transformation:[-0.973780811074295f,-0.0007345499456699774f,0.22748712583323372f,-0.000550912459252483f,-5.421010862427522e-20f,0.9999947869051976f,0.0032289568638269f,1.417847599095222f,-0.2274883117513693f,0.0031442962337812704f,-0.9737757346626101f,0.002358222175335953f,0f,0f,0f,1f],start_interpolation:0}
execute if entity @s[tag=aj.gojo.bone.bottom2] run data modify entity @s {} merge value {transformation:[-0.9979154772591109f,0.06084406278094828f,-0.02151046887050508f,-0.3823463302006924f,0.02955430796747526f,0.1345628664701644f,-0.9904642234063259f,1.2610546783624983f,-0.05736935704088525f,-0.9890353052301222f,-0.13608057128434867f,0.1745483292162856f,0f,0f,0f,1f],start_interpolation:0}
execute if entity @s[tag=aj.gojo.bone.rightarm] run data modify entity @s {} merge value {transformation:[-0.9979154772591109f,0.06084406278094828f,-0.02151046887050508f,-0.30476559717676094f,0.02955430796747526f,0.1345628664701644f,-0.9904642234063259f,1.2928482507320722f,-0.05736935704088525f,-0.9890353052301222f,-0.13608057128434867f,-0.06912491227618961f,0f,0f,0f,1f],start_interpolation:0}
execute if entity @s[tag=aj.gojo.bone.bottom] run data modify entity @s {} merge value {transformation:[-0.3371058405762125f,0.9362553831406879f,0.09892173567770104f,0.18645186934457253f,0.4693285906985688f,0.2582050004384365f,-0.8444293053308147f,1.1617381816700514f,-0.8161435696017585f,-0.2382352519856598f,-0.526453833217148f,0.26129631657726454f,0f,0f,0f,1f],start_interpolation:0}
execute if entity @s[tag=aj.gojo.bone.leftarm] run data modify entity @s {} merge value {transformation:[-0.7477863864993383f,0.6565287582252383f,0.09892173567770104f,0.30384740974467345f,0.28596600358330904f,0.4529487753522561f,-0.8444293053308147f,1.2928482507320722f,-0.5991986022687745f,-0.6031644854681997f,-0.526453833217148f,0.0730552825684162f,0f,0f,0f,1f],start_interpolation:0}
execute if entity @s[tag=aj.gojo.bone.head] run data modify entity @s {} merge value {transformation:[-0.9793348798794382f,0.01728781409571943f,0.20150514766456518f,-0.000550912459252483f,0.0634985417311487f,0.9722418129992816f,0.2251972296763167f,1.417847599095222f,-0.19201856225256958f,0.23333878490225754f,-0.9532480701322159f,0.002358222175335953f,0f,0f,0f,1f],start_interpolation:0}
execute if entity @s[tag=aj.gojo.bone.bottom3] run data modify entity @s {} merge value {transformation:[-0.9841040173462212f,0.16472026804389633f,0.06638159638465528f,-0.18039132870072228f,0.1693547073374712f,0.757904768670393f,0.6299994799436881f,0.37719048519558035f,0.05346275475195603f,0.631227054966931f,-0.7737532804015161f,-0.0970145782118283f,0f,0f,0f,1f],start_interpolation:0}
execute if entity @s[tag=aj.gojo.bone.rightleg] run data modify entity @s {} merge value {transformation:[-0.9841040173462212f,0.17757017149538687f,0.0028490767148730087f,-0.11875f,0.1693547073374712f,0.9335023700531283f,0.3160574444746267f,0.6678515089163237f,0.05346275475195603f,0.31151590537288965f,-0.9487357769969682f,-1.4542680739874818e-17f,0f,0f,0f,1f],start_interpolation:0}
execute if entity @s[tag=aj.gojo.bone.bottom4] run data modify entity @s {} merge value {transformation:[-0.9957129593609599f,-0.0850589648338157f,0.03634109329724157f,0.16739041756811082f,-0.0851839927086694f,0.9963634202530947f,-0.0019031993494976196f,0.42908204950992374f,-0.03604705184683577f,-0.004990719682999356f,-0.9993376320194276f,0.26147008285905143f,0f,0f,0f,1f],start_interpolation:0}
execute if entity @s[tag=aj.gojo.bone.leftleg] run data modify entity @s {} merge value {transformation:[-0.9905438290192436f,-0.13583845963756977f,-0.01925709415222329f,0.11874999999999998f,-0.09266513989894216f,0.7659155728984588f,-0.6362283450453422f,0.6678515089163237f,0.10117358666867922f,-0.6284275997081269f,-0.7712604341502793f,0.06571879286694103f,0f,0f,0f,1f],start_interpolation:0}
execute if entity @s[tag=aj.gojo.locator_origin.purple] at @s on origin run tp @s ^0 ^1 ^0.5 ~0 ~0
execute if entity @s[tag=aj.gojo.locator_origin.blue] at @s on origin run tp @s ^-1.0625 ^1.78125 ^-0.53125 ~0 ~0
execute if entity @s[tag=aj.gojo.locator_origin.red] at @s on origin run tp @s ^-0.39063 ^1.23438 ^0.79688 ~0 ~0
execute if entity @s[tag=aj.gojo.bone.red] run data modify entity @s {} merge value {transformation:[-0.9874504132019518f,1.9440291594710055f,2.670265805115857e-16f,-0.3906250000000001f,1.9440291594710055f,0.9874504132019518f,0f,1.234375f,-1.2092779878445017e-16f,2.3807490875952865e-16f,-2.1804375f,0.796875f,0f,0f,0f,1f],start_interpolation:0}
execute if entity @s[tag=aj.gojo.camera_origin.camera] at @s on origin run tp @s ^0 ^0.005 ^0 ~0 ~0