execute if entity @s[tag=aj.gojo.locator_origin.head] at @s on origin run tp @s ^-0.0003 ^1.42037 ^0.00131 ~12.7931 ~0.1025
execute if entity @s[tag=aj.gojo.bone.torso] run data modify entity @s {} merge value {transformation:[-0.9751760157019612f,-0.0003961176607311878f,0.2214307600367375f,-0.00029708824554839085f,0f,0.9999983999208288f,0.0017888979238740352f,1.4203734570050934f,-0.22143111434405144f,0.0017444903499009919f,-0.9751744553431303f,0.001308367762425744f,0f,0f,0f,1f],start_interpolation:0}
execute if entity @s[tag=aj.gojo.bone.bottom2] run data modify entity @s {} merge value {transformation:[-0.9982413612339023f,0.054330121836633216f,-0.02371545030360348f,-0.3809626939810971f,0.02982645304410164f,0.11458414724245312f,-0.9929656871712779f,1.268591773519633f,-0.051230532114102556f,-0.9919267669853137f,-0.11600310994697297f,0.17667286672536905f,0f,0f,0f,1f],start_interpolation:0}
execute if entity @s[tag=aj.gojo.bone.rightarm] run data modify entity @s {} merge value {transformation:[-0.9982413612339023f,0.054330121836633216f,-0.02371545030360348f,-0.3049900784448199f,0.02982645304410164f,0.11458414724245312f,-0.9929656871712779f,1.2953736570149899f,-0.051230532114102556f,-0.9919267669853137f,-0.11600310994697297f,-0.06810691676382796f,0f,0f,0f,1f],start_interpolation:0}
execute if entity @s[tag=aj.gojo.bone.bottom] run data modify entity @s {} merge value {transformation:[-0.37964579565932227f,0.9181407688096591f,0.11351915471764325f,0.1943895641037669f,0.4704418629116769f,0.29725245919720955f,-0.8308582485125862f,1.157286305005066f,-0.7965886789670006f,-0.26202767821514455f,-0.5447825000775902f,0.2579439746059722f,0f,0f,0f,1f],start_interpolation:0}
execute if entity @s[tag=aj.gojo.bone.leftarm] run data modify entity @s {} merge value {transformation:[-0.7665586303113412f,0.6320611266383912f,0.11351915471764325f,0.3044949313689059f,0.2755866889420701f,0.48345273580417814f,-0.8308582485125862f,1.2953736570149899f,-0.580034346546088f,-0.60561719298255f,-0.5447825000775902f,0.0702875297012042f,0f,0f,0f,1f],start_interpolation:0}
execute if entity @s[tag=aj.gojo.bone.head] run data modify entity @s {} merge value {transformation:[-0.9804227627751443f,0.019830104102943176f,0.19590296884840608f,-0.00029708824554839085f,0.06210349965641655f,0.9752761627886813f,0.21208385517669853f,1.4203734570050934f,-0.18685385081067665f,0.22009809919091033f,-0.9574144688533643f,0.001308367762425744f,0f,0f,0f,1f],start_interpolation:0}
execute if entity @s[tag=aj.gojo.bone.bottom3] run data modify entity @s {} merge value {transformation:[-0.9850623077734754f,0.16104476181399943f,0.060965846965880297f,-0.17871759526139874f,0.16421544570932678f,0.7720025395652651f,0.6140401992502351f,0.37842094502171136f,0.05182216894806796f,0.6148793894716698f,-0.786916640571582f,-0.0941394181149319f,0f,0f,0f,1f],start_interpolation:0}
execute if entity @s[tag=aj.gojo.bone.rightleg] run data modify entity @s {} merge value {transformation:[-0.9850623077734754f,0.17219505868100646f,0.00105431012500702f,-0.11875f,0.16421544570932678f,0.9375361874510201f,0.30669069860413595f,0.6703746570644719f,0.05182216894806796f,0.3022825813467434f,-0.9518086487418925f,-1.4542680739874818e-17f,0f,0f,0f,1f],start_interpolation:0}
execute if entity @s[tag=aj.gojo.bone.bottom4] run data modify entity @s {} merge value {transformation:[-0.9962065018620913f,-0.07966059623277127f,0.03502563426312971f,0.165967465185489f,-0.07977893375878517f,0.9968105909255451f,-0.00199187022090086f,0.4272915431220433f,-0.03475524961795707f,-0.004778621820664575f,-0.9993844292350609f,0.2544263166119515f,0f,0f,0f,1f],start_interpolation:0}
execute if entity @s[tag=aj.gojo.bone.leftleg] run data modify entity @s {} merge value {transformation:[-0.9911140964767997f,-0.13127360666402885f,-0.021449661032163704f,0.11874999999999998f,-0.08985486169376988f,0.7796630618496467f,-0.6197189797135694f,0.6703746570644719f,0.0980762539811262f,-0.6122848603229152f,-0.7845306228722865f,0.06370027434842251f,0f,0f,0f,1f],start_interpolation:0}
execute if entity @s[tag=aj.gojo.locator_origin.purple] at @s on origin run tp @s ^0 ^1 ^0.5 ~0 ~0
execute if entity @s[tag=aj.gojo.locator_origin.blue] at @s on origin run tp @s ^-1.0625 ^1.78125 ^-0.53125 ~0 ~0
execute if entity @s[tag=aj.gojo.locator_origin.red] at @s on origin run tp @s ^-0.39063 ^1.23438 ^0.79688 ~0 ~0
execute if entity @s[tag=aj.gojo.bone.red] run data modify entity @s {} merge value {transformation:[-0.04814753023583827f,1.1675076296676563f,1.4309997848036823e-16f,-0.3906250000000001f,1.1675076296676563f,0.04814753023583827f,0f,1.234375f,-5.8963718790169746e-18f,1.4297844816526086e-16f,-1.1685f,0.796875f,0f,0f,0f,1f],start_interpolation:0}
execute if entity @s[tag=aj.gojo.camera_origin.camera] at @s on origin run tp @s ^0 ^0.005 ^0 ~0 ~0