execute if entity @s[tag=aj.gojo.locator_origin.head] at @s on origin run tp @s ^-0.0004 ^1.41669 ^0.00167 ~13.31717 ~0.1312
execute if entity @s[tag=aj.gojo.bone.torso] run data modify entity @s {} merge value {transformation:[-0.97310988129078f,-0.0005274330952299534f,0.23034079262817114f,-0.00039557482142246503f,0f,0.9999973784307323f,0.0022897885628924163f,1.416687848637864f,-0.23034139648409724f,0.002228215876617225f,-0.9731073302158212f,0.0016711619074629186f,0f,0f,0f,1f],start_interpolation:0}
execute if entity @s[tag=aj.gojo.bone.bottom2] run data modify entity @s {} merge value {transformation:[-0.9977376526003501f,0.06349419471920806f,-0.022092166496350134f,-0.3826586355552114f,0.02970303792210558f,0.12154310168240606f,-0.9921416249566483f,1.2631588407835528f,-0.06031008308517832f,-0.9905532603905658f,-0.12315409943594768f,0.1732798834264232f,0f,0f,0f,1f],start_interpolation:0}
execute if entity @s[tag=aj.gojo.bone.rightarm] run data modify entity @s {} merge value {transformation:[-0.9977376526003501f,0.06349419471920806f,-0.022092166496350134f,-0.3044264835878875f,0.02970303792210558f,0.12154310168240606f,-0.9921416249566483f,1.2916881763340227f,-0.06031008308517832f,-0.9905532603905658f,-0.12315409943594768f,-0.07058905147839462f,0f,0f,0f,1f],start_interpolation:0}
execute if entity @s[tag=aj.gojo.bone.bottom] run data modify entity @s {} merge value {transformation:[-0.32745141462625155f,0.9404497721778924f,0.0912677219493125f,0.18550769203521605f,0.4651553834880757f,0.2445267285481849f,-0.8507861941978041f,1.163574303017136f,-0.8224390799757317f,-0.23613747063114032f,-0.5175258976057137f,0.2631314715980406f,0f,0f,0f,1f],start_interpolation:0}
execute if entity @s[tag=aj.gojo.bone.leftarm] run data modify entity @s {} merge value {transformation:[-0.7460899235444269f,0.6595604816206427f,0.0912677219493125f,0.30376719221885007f,0.2857868027597932f,0.44100879257759884f,-0.8507861941978041f,1.2916881763340227f,-0.6013948198594716f,-0.6086798961306299f,-0.5175258976057137f,0.07337432132416616f,0f,0f,0f,1f],start_interpolation:0}
execute if entity @s[tag=aj.gojo.bone.head] run data modify entity @s {} merge value {transformation:[-0.9787910396405463f,0.01807516091387397f,0.20406221913258757f,-0.00039557482142246503f,0.06427582634006399f,0.972897263531553f,0.22212503857313706f,1.416687848637864f,-0.19451662876906067f,0.2305302651947316f,-0.9534249199394603f,0.0016711619074629186f,0f,0f,0f,1f],start_interpolation:0}
execute if entity @s[tag=aj.gojo.bone.bottom3] run data modify entity @s {} merge value {transformation:[-0.9836528986090936f,0.1663573739533454f,0.06893619651007117f,-0.1811592869309513f,0.17171889078908964f,0.7512922286574265f,0.6372382676088449f,0.376637022800893f,0.05421805607076891f,0.6386589162380056f,-0.7675774821512178f,-0.09833499504092547f,0f,0f,0f,1f],start_interpolation:0}
execute if entity @s[tag=aj.gojo.bone.rightleg] run data modify entity @s {} merge value {transformation:[-0.9836528986090936f,0.18003666020686224f,0.0037116087465102975f,-0.11875f,0.17171889078908964f,0.9316033122603314f,0.32035588199960385f,0.6666898148148148f,0.05421805607076891f,0.31575634525237684f,-0.9472899940508022f,-1.4542680739874818e-17f,0f,0f,0f,1f],start_interpolation:0}
execute if entity @s[tag=aj.gojo.bone.bottom4] run data modify entity @s {} merge value {transformation:[-0.9954705767465226f,-0.08760428720070751f,0.03692992954232968f,0.16804155912100308f,-0.08773227145082071f,0.9961423606384696f,-0.001856310237180081f,0.42994507442380153f,-0.03662484645735708f,-0.005087848825693464f,-0.9993161333713682f,0.2646824446642122f,0f,0f,0f,1f],start_interpolation:0}
execute if entity @s[tag=aj.gojo.bone.leftleg] run data modify entity @s {} merge value {transformation:[-0.990275364543197f,-0.13792748189634596f,-0.018185491925473512f,0.11874999999999998f,-0.09395787754968474f,0.7594623268022362f,-0.6437304493454474f,0.6666898148148148f,0.10259931590998426f,-0.6357617351696045f,-0.7650362059856624f,0.06664814814814816f,0f,0f,0f,1f],start_interpolation:0}
execute if entity @s[tag=aj.gojo.locator_origin.purple] at @s on origin run tp @s ^0 ^1 ^0.5 ~0 ~0
execute if entity @s[tag=aj.gojo.locator_origin.blue] at @s on origin run tp @s ^-1.0625 ^1.78125 ^-0.53125 ~0 ~0
execute if entity @s[tag=aj.gojo.locator_origin.red] at @s on origin run tp @s ^-0.39063 ^1.23438 ^0.79688 ~0 ~0
execute if entity @s[tag=aj.gojo.bone.red] run data modify entity @s {} merge value {transformation:[-2.707905843933784f,0.1489628825891319f,3.321242119287622e-16f,-0.3906250000000001f,0.1489628825891319f,2.707905843933784f,0f,1.234375f,-3.3162282241659205e-16f,1.8242691735454337e-17f,-2.712f,0.796875f,0f,0f,0f,1f],start_interpolation:0}
execute if entity @s[tag=aj.gojo.camera_origin.camera] at @s on origin run tp @s ^0 ^0.005 ^0 ~0 ~0