execute if entity @s[tag=aj.gojo.locator_origin.head] at @s on origin run tp @s ^-0.00052 ^1.41869 ^0.00223 ~13.03242 ~0.17493
execute if entity @s[tag=aj.gojo.bone.torso] run data modify entity @s {} merge value {transformation:[-0.9742426241513424f,-0.0006884697974664026f,0.22550129777019948f,-0.000516352348099802f,-5.421010862427522e-20f,0.9999953394339968f,0.0030530493421331113f,1.4186890628745372f,-0.22550234873877964f,0.0029744108027432922f,-0.9742380836292894f,0.002230808102057469f,0f,0f,0f,1f],start_interpolation:0}
execute if entity @s[tag=aj.gojo.bone.bottom2] run data modify entity @s {} merge value {transformation:[-0.998028529479801f,0.05879129076256309f,-0.02196903445437847f,-0.3819557194538393f,0.029592832939420798f,0.13212438639413546f,-0.9907913053507243f,1.2625081009054677f,-0.05534725452093758f,-0.9894881154670048f,-0.13360370790718942f,0.17530234823003854f,0f,0f,0f,1f],start_interpolation:0}
execute if entity @s[tag=aj.gojo.bone.rightarm] run data modify entity @s {} merge value {transformation:[-0.998028529479801f,0.05879129076256309f,-0.02196903445437847f,-0.304881113670711f,0.029592832939420798f,0.13212438639413546f,-0.9907913053507243f,1.2936896454452878f,-0.05534725452093758f,-0.9894881154670048f,-0.13360370790718942f,-0.06861047722915407f,0f,0f,0f,1f],start_interpolation:0}
execute if entity @s[tag=aj.gojo.bone.bottom] run data modify entity @s {} merge value {transformation:[-0.34930674646154863f,0.9312241899915787f,0.1039533782566756f,0.1885325167492713f,0.47044758875152143f,0.27024040059971954f,-0.8400292805144247f,1.1603281574949218f,-0.8103479889000322f,-0.24452327876550145f,-0.5324889698645806f,0.26016747271732016f,0f,0f,0f,1f],start_interpolation:0}
execute if entity @s[tag=aj.gojo.bone.leftarm] run data modify entity @s {} merge value {transformation:[-0.7526842872803652f,0.6501231105185181f,0.1039533782566756f,0.304020526423878f,0.28351987405298934f,0.4625659832882165f,-0.8400292805144247f,1.2936896454452878f,-0.5942077454041018f,-0.6028039915879224f,-0.5324889698645806f,0.0723284907325832f,0f,0f,0f,1f],start_interpolation:0}
execute if entity @s[tag=aj.gojo.bone.head] run data modify entity @s {} merge value {transformation:[-0.9796985491377832f,0.017772737947602223f,0.19968696152520427f,-0.000516352348099802f,0.06301937386130686f,0.9728719675813833f,0.22259535757166315f,1.4186890628745372f,-0.19031371820089948f,0.23066049614134973f,-0.9542412819535607f,0.002230808102057469f,0f,0f,0f,1f],start_interpolation:0}
execute if entity @s[tag=aj.gojo.bone.bottom3] run data modify entity @s {} merge value {transformation:[-0.9844267231101084f,0.16351314239083298f,0.06455601515094639f,-0.1798342778867561f,0.1676422782009059f,0.762644473495132f,0.6247155141397907f,0.37759631885224276f,0.052915908631564756f,0.6258089639121576f,-0.778179315647035f,-0.09605728954632548f,0f,0f,0f,1f],start_interpolation:0}
execute if entity @s[tag=aj.gojo.bone.rightleg] run data modify entity @s {} merge value {transformation:[-0.9844267231101084f,0.1757811547754174f,0.0022388507129320247f,-0.11875f,0.1676422782009059f,0.9348608117937685f,0.31293981710850793f,0.6686925582990397f,0.052915908631564756f,0.30844164472087277f,-0.9497703187695322f,-1.4542680739874818e-17f,0f,0f,0f,1f],start_interpolation:0}
execute if entity @s[tag=aj.gojo.bone.bottom4] run data modify entity @s {} merge value {transformation:[-0.9958824073670381f,-0.08323969388629655f,0.035907994354296535f,0.16691737016639818f,-0.08336253032122258f,0.9965174083988622f,-0.0019347600518854202f,0.42847238463314f,-0.03562189264028216f,-0.0049201747662834805f,-0.9993532271649466f,0.2591322360166481f,0f,0f,0f,1f],start_interpolation:0}
execute if entity @s[tag=aj.gojo.bone.leftleg] run data modify entity @s {} merge value {transformation:[-0.9907358703512742f,-0.13432086712544872f,-0.02000849454533438f,0.11874999999999998f,-0.09172875923620066f,0.7705391309156031f,-0.6307577050316657f,0.6686925582990397f,0.10014124988380294f,-0.6230789294964918f,-0.7757218429883326f,0.0650459533607682f,0f,0f,0f,1f],start_interpolation:0}
execute if entity @s[tag=aj.gojo.locator_origin.purple] at @s on origin run tp @s ^0 ^1 ^0.5 ~0 ~0
execute if entity @s[tag=aj.gojo.locator_origin.blue] at @s on origin run tp @s ^-1.0625 ^1.78125 ^-0.53125 ~0 ~0
execute if entity @s[tag=aj.gojo.locator_origin.red] at @s on origin run tp @s ^-0.39063 ^1.23438 ^0.79688 ~0 ~0
execute if entity @s[tag=aj.gojo.bone.red] run data modify entity @s {} merge value {transformation:[-1.3996485262079532f,-1.1695982229312356f,2.233755761644772e-16f,-0.3906250000000001f,-1.1695982229312356f,1.3996485262079532f,0f,1.234375f,-1.7140750875518803e-16f,-1.43234472000117e-16f,-1.8239999999999998f,0.796875f,0f,0f,0f,1f],start_interpolation:0}
execute if entity @s[tag=aj.gojo.camera_origin.camera] at @s on origin run tp @s ^0 ^0.005 ^0 ~0 ~0