execute if entity @s[tag=aj.gojo.locator_origin.head] at @s on origin run tp @s ^-0.00024 ^1.41961 ^0.001 ~13.65195 ~0.07875
execute if entity @s[tag=aj.gojo.bone.torso] run data modify entity @s {} merge value {transformation:[-0.9717473774730497f,-0.0003244014694491853f,0.23602315381745254f,-0.00024330110208688898f,0f,0.999999055448165f,0.0013744463532000919f,1.4196057730676053f,-0.23602337675376617f,0.0013356146391995864f,-0.9717464596072812f,0.0010017109793996899f,0f,0f,0f,1f],start_interpolation:0}
execute if entity @s[tag=aj.gojo.bone.bottom2] run data modify entity @s {} merge value {transformation:[-0.9979962800222952f,0.055496742832465f,-0.030389744925674707f,-0.38012275958824343f,0.03181714192072471f,0.025020370515906727f,-0.9991804894708682f,1.2903393698776533f,-0.05469089998945689f,-0.9981453263900176f,-0.026735984442493015f,0.17319560426211114f,0f,0f,0f,1f],start_interpolation:0}
execute if entity @s[tag=aj.gojo.bone.rightarm] run data modify entity @s {} merge value {transformation:[-0.9979962800222952f,0.055496742832465f,-0.030389744925674707f,-0.30387380637873374f,0.03181714192072471f,0.025020370515906727f,-0.9991804894708682f,1.2946058911365848f,-0.05469089998945689f,-0.9981453263900176f,-0.026735984442493015f,-0.0729225460860522f,0f,0f,0f,1f],start_interpolation:0}
execute if entity @s[tag=aj.gojo.bone.bottom] run data modify entity @s {} merge value {transformation:[-0.3325327204306409f,0.940021725025544f,0.07603384984990635f,0.18211049529156442f,0.4508794242636127f,0.229273135914483f,-0.8626364088789972f,1.1726821379259658f,-0.8283294843350144f,-0.25257273334218006f,-0.5000772737821124f,0.2664595460931042f,0f,0f,0f,1f],start_interpolation:0}
execute if entity @s[tag=aj.gojo.bone.leftarm] run data modify entity @s {} merge value {transformation:[-0.7384234210016036f,0.6700370922518324f,0.07603384984990635f,0.3034683045419223f,0.28830417848272427f,0.41561896822179495f,-0.8626364088789972f,1.2946058911365848f,-0.6095995013003949f,-0.6150700515071114f,-0.5000772737821124f,0.07459206438505167f,0f,0f,0f,1f],start_interpolation:0}
execute if entity @s[tag=aj.gojo.bone.head] run data modify entity @s {} merge value {transformation:[-0.9717473774730497f,-0.0003244014694491853f,0.23602315381745254f,-0.00024330110208688898f,0f,0.999999055448165f,0.0013744463532000919f,1.4196057730676053f,-0.23602337675376617f,0.0013356146391995864f,-0.9717464596072812f,0.0010017109793996899f,0f,0f,0f,1f],start_interpolation:0}
execute if entity @s[tag=aj.gojo.bone.bottom3] run data modify entity @s {} merge value {transformation:[-0.9847736769682555f,0.16218088754207577f,0.06259524635694488f,-0.17922797815290892f,0.16578072505569388f,0.7677490941749833f,0.6189330170490996f,0.37804221218647077f,0.05232166234391333f,0.6198860283225918f,-0.782945563586647f,-0.09501580673236806f,0f,0f,0f,1f],start_interpolation:0}
execute if entity @s[tag=aj.gojo.bone.rightleg] run data modify entity @s {} merge value {transformation:[-0.9847736769682555f,0.1738340565499435f,0.0015893186631689273f,-0.11875f,0.16578072505569388f,0.9363212762451483f,0.30954679589791456f,0.6696064814814815f,0.05232166234391333f,0.30509701479045603f,-0.9508828819657664f,-1.4542680739874818e-17f,0f,0f,0f,1f],start_interpolation:0}
execute if entity @s[tag=aj.gojo.bone.bottom4] run data modify entity @s {} merge value {transformation:[-0.996060912365331f,-0.08128523777375452f,0.035431186517088785f,0.16640187156830957f,-0.08140564803866766f,0.9966791119672782f,-0.0019667830389474283f,0.4278244154789814f,-0.03515365308682881f,-0.004843334407401145f,-0.9993701830585446f,0.2565803712611009f,0f,0f,0f,1f],start_interpolation:0}
execute if entity @s[tag=aj.gojo.bone.leftleg] run data modify entity @s {} merge value {transformation:[-0.9909423383789834f,-0.13266714225101103f,-0.020801715673049892f,0.11874999999999998f,-0.09071081394753058f,0.7755168274869509f,-0.6247761187157775f,0.6696064814814815f,0.09901934276174984f,-0.6172301674833504f,-0.7805268029398519f,0.06431481481481482f,0f,0f,0f,1f],start_interpolation:0}
execute if entity @s[tag=aj.gojo.locator_origin.purple] at @s on origin run tp @s ^0 ^1 ^0.5 ~0 ~0
execute if entity @s[tag=aj.gojo.locator_origin.blue] at @s on origin run tp @s ^-1.0625 ^1.78125 ^-0.53125 ~0 ~0
execute if entity @s[tag=aj.gojo.locator_origin.red] at @s on origin run tp @s ^-0.39063 ^1.23438 ^0.79688 ~0 ~0
execute if entity @s[tag=aj.gojo.camera_origin.camera] at @s on origin run tp @s ^0 ^0.005 ^0 ~0 ~0