execute if entity @s[tag=aj.gojo.locator_origin.head] at @s on origin run tp @s ^0.00324 ^1.41614 ^-0.01349 ~13.49672 ~-1.06
execute if entity @s[tag=aj.gojo.bone.torso] run data modify entity @s {} merge value {transformation:[-0.9723832828042767f,0.004317577493395899f,0.23334975861861673f,0.003238183120046924f,0f,0.9998288708146529f,-0.018499434734501507f,1.4161448012591378f,-0.23338969840757362f,-0.017988541077158037f,-0.9722168796452453f,-0.013491405807868527f,0f,0f,0f,1f],start_interpolation:0}
execute if entity @s[tag=aj.gojo.bone.bottom2] run data modify entity @s {} merge value {transformation:[-0.9973874031962209f,0.057648052027770874f,-0.043532402218376245f,-0.3779200156496705f,0.033292549278602306f,-0.1679808457942433f,-0.9852279135351281f,1.3352421881857797f,-0.0641090797627833f,-0.9841032148833037f,0.165622728960475f,0.15784186731006145f,0f,0f,0f,1f],start_interpolation:0}
execute if entity @s[tag=aj.gojo.bone.rightarm] run data modify entity @s {} merge value {transformation:[-0.9973874031962209f,0.057648052027770874f,-0.043532402218376245f,-0.301171289942964f,0.033292549278602306f,-0.1679808457942433f,-0.9852279135351281f,1.2911661924073061f,-0.0641090797627833f,-0.9841032148833037f,0.165622728960475f,-0.08417711892559053f,0f,0f,0f,1f],start_interpolation:0}
execute if entity @s[tag=aj.gojo.bone.bottom] run data modify entity @s {} merge value {transformation:[-0.44672729584544985f,0.8911114760113824f,0.07971863312568339f,0.21927433509745736f,0.41492116157585196f,0.2852967519294841f,-0.8639711760325294f,1.164232622253628f,-0.792638097004653f,-0.3528825593016775f,-0.49719085522316336f,0.26826803643042446f,0f,0f,0f,1f],start_interpolation:0}
execute if entity @s[tag=aj.gojo.bone.leftarm] run data modify entity @s {} merge value {transformation:[-0.8273428756843657f,0.5560114257700977f,0.07971863312568339f,0.3065682618097089f,0.22086449287035648f,0.45251815739712375f,-0.8639711760325294f,1.2911661924073061f,-0.5164519743823663f,-0.6971933818095344f,-0.49719085522316336f,0.06169144257914298f,0f,0f,0f,1f],start_interpolation:0}
execute if entity @s[tag=aj.gojo.bone.head] run data modify entity @s {} merge value {transformation:[-0.9779939559859665f,0.04477328314759612f,0.20377236115603314f,0.003238183120046924f,0.06830646537269881f,0.9915861518343942f,0.10995967569316344f,1.4161448012591378f,-0.19713459575429151f,0.12145886796130849f,-0.9728235680483639f,-0.013491405807868527f,0f,0f,0f,1f],start_interpolation:0}
execute if entity @s[tag=aj.gojo.bone.bottom3] run data modify entity @s {} merge value {transformation:[-0.9834895740448633f,0.16693591022612428f,0.06986171785769897f,-0.18143430847553232f,0.1725665427432994f,0.7489020088545469f,0.6398176063998624f,0.37644051436094833f,0.05448895365740082f,0.6413097403054155f,-0.7653448705771287f,-0.09880806830881404f,0f,0f,0f,1f],start_interpolation:0}
execute if entity @s[tag=aj.gojo.bone.rightleg] run data modify entity @s {} merge value {transformation:[-0.9834895740448633f,0.1809199956408062f,0.004026527335560503f,-0.11875f,0.1725665427432994f,0.9309157589739052f,0.32189538365696246f,0.6662731481481481f,0.05448895365740082f,0.31727559766135294f,-0.9467666814257634f,-1.4542680739874818e-17f,0f,0f,0f,1f],start_interpolation:0}
execute if entity @s[tag=aj.gojo.bone.bottom4] run data modify entity @s {} merge value {transformation:[-0.9953812442953485f,-0.08852637551051162f,0.03713838100961719f,0.16827443815102755f,-0.08865539891482456f,0.9960606607705895f,-0.0018385615327535243f,0.4302605011156315f,-0.03682931913974149f,-0.0051225876496441836f,-0.9993084410468445f,0.2658298482500567f,0f,0f,0f,1f],start_interpolation:0}
execute if entity @s[tag=aj.gojo.bone.leftleg] run data modify entity @s {} merge value {transformation:[-0.9901781673326088f,-0.13867463873663605f,-0.017791613448466203f,0.11874999999999998f,-0.09442136538873228f,0.7571288978118276f,-0.6464057842070834f,0.6662731481481481f,0.10311063328272053f,-0.638376986325095f,-0.7627863532041759f,0.06698148148148149f,0f,0f,0f,1f],start_interpolation:0}
execute if entity @s[tag=aj.gojo.locator_origin.purple] at @s on origin run tp @s ^0 ^1 ^0.5 ~0 ~0
execute if entity @s[tag=aj.gojo.locator_origin.blue] at @s on origin run tp @s ^-1.0625 ^1.78125 ^-0.53125 ~0 ~0
execute if entity @s[tag=aj.gojo.locator_origin.red] at @s on origin run tp @s ^-0.39063 ^1.23438 ^0.79688 ~0 ~0
execute if entity @s[tag=aj.gojo.camera_origin.camera] at @s on origin run tp @s ^0 ^0.005 ^0 ~0 ~0