execute if entity @s[tag=aj.gojo.locator_origin.head] at @s on origin run tp @s ^-0.00009 ^1.42145 ^0.00042 ~12.61894 ~0.03274
execute if entity @s[tag=aj.gojo.bone.torso] run data modify entity @s {} merge value {transformation:[-0.9758445973043439f,-0.00012484312769980724f,0.2184658012736006f,-0.00009363234577485543f,0f,0.9999998367202769f,0.0005714537771479658f,1.4214462081300567f,-0.21846583694464194f,0.000557650081039003f,-0.9758444379687083f,0.00041823756077925226f,0f,0f,0f,1f],start_interpolation:0}
execute if entity @s[tag=aj.gojo.bone.bottom2] run data modify entity @s {} merge value {transformation:[-0.9983835794739505f,0.0509661663371582f,-0.02515309375952109f,-0.38016997891383136f,0.030047316517373916f,0.09765887622687609f,-0.9947662552902609f,1.2739094667656388f,-0.048242999563531314f,-0.9939140776661717f,-0.09903241494640178f,0.17754128919927098f,0f,0f,0f,1f],start_interpolation:0}
execute if entity @s[tag=aj.gojo.bone.rightarm] run data modify entity @s {} merge value {transformation:[-0.9983835794739505f,0.0509661663371582f,-0.02515309375952109f,-0.3050294636124199f,0.030047316517373916f,0.09765887622687609f,-0.9947662552902609f,1.296446228540022f,-0.048242999563531314f,-0.9939140776661717f,-0.09903241494640178f,-0.06792204274455123f,0f,0f,0f,1f],start_interpolation:0}
execute if entity @s[tag=aj.gojo.bone.bottom] run data modify entity @s {} merge value {transformation:[-0.40253092979766364f,0.9075214092690429f,0.1198905428904161f,0.19921435220462577f,0.4695392102313532f,0.3171200827909059f,-0.8239950140298218f,1.1549478572966112f,-0.7858128152502641f,-0.2753901683230887f,-0.5537675275595665f,0.256290692177902f,0f,0f,0f,1f],start_interpolation:0}
execute if entity @s[tag=aj.gojo.bone.leftarm] run data modify entity @s {} merge value {transformation:[-0.7777238236133743f,0.6170671858960208f,0.1198905428904161f,0.3048734097027951f,0.268743903681835f,0.4988075090531843f,-0.8239950140298218f,1.296446228540022f,-0.5682625875579368f,-0.608620700438724f,-0.5537675275595665f,0.06861910534584999f,0f,0f,0f,1f],start_interpolation:0}
execute if entity @s[tag=aj.gojo.bone.head] run data modify entity @s {} merge value {transformation:[-0.9809384382155379f,0.021631356517739647f,0.1931110168956286f,-0.00009363234577485543f,0.06145758845883651f,0.9773082767450378f,0.2027103772046927f,1.4214462081300567f,-0.18434409470358848f,0.21071453822849284f,-0.9600086656520697f,0.00041823756077925226f,0f,0f,0f,1f],start_interpolation:0}
execute if entity @s[tag=aj.gojo.bone.bottom3] run data modify entity @s {} merge value {transformation:[-0.9854604047564963f,0.15943520056804733f,0.05872143967060932f,-0.17800441818440033f,0.16203084086901745f,0.7778794241832457f,0.6071652230156313f,0.3789553424369626f,0.05112530943125556f,0.6078519706739204f,-0.7924027918195328f,-0.09291527471291389f,0f,0f,0f,1f],start_interpolation:0}
execute if entity @s[tag=aj.gojo.bone.rightleg] run data modify entity @s {} merge value {transformation:[-0.9854604047564963f,0.16990493009495117f,0.00032463301164531666f,-0.11875f,0.16203084086901745f,0.939211778906617f,0.302699919012786f,0.671446330589849f,0.05112530943125556f,0.2983513852699495f,-0.9530858584844603f,-1.4542680739874818e-17f,0f,0f,0f,1f],start_interpolation:0}
execute if entity @s[tag=aj.gojo.bone.bottom4] run data modify entity @s {} merge value {transformation:[-0.9964029619300204f,-0.07742180765183582f,0.0344528831450223f,0.16535982901618257f,-0.07753720686732388f,0.9969874044519677f,-0.002024083827917189f,0.42656619156218845f,-0.0341923823138465f,-0.004688183448922467f,-0.9994042735188062f,0.2514073909508643f,0f,0f,0f,1f],start_interpolation:0}
execute if entity @s[tag=aj.gojo.bone.leftleg] run data modify entity @s {} merge value {transformation:[-0.991350991727604f,-0.12932443301723218f,-0.022324923862522786f,0.11874999999999998f,-0.08866021369731074f,0.78538964916246f,-0.6126193479605546f,0.671446330589849f,0.09676041395035061f,-0.6053414656317864f,-0.7900627394573911f,0.06284293552812073f,0f,0f,0f,1f],start_interpolation:0}
execute if entity @s[tag=aj.gojo.locator_origin.purple] at @s on origin run tp @s ^0 ^1 ^0.5 ~0 ~0
execute if entity @s[tag=aj.gojo.locator_origin.blue] at @s on origin run tp @s ^-1.0625 ^1.78125 ^-0.53125 ~0 ~0
execute if entity @s[tag=aj.gojo.locator_origin.red] at @s on origin run tp @s ^-0.39063 ^1.23438 ^0.79688 ~0 ~0
execute if entity @s[tag=aj.gojo.bone.red] run data modify entity @s {} merge value {transformation:[0.19942263025288062f,0.4670162199530899f,6.218909526920153e-17f,-0.3906250000000001f,0.4670162199530899f,-0.19942263025288062f,0f,1.234375f,2.4422228581673637e-17f,5.719299189154478e-17f,-0.5078125f,0.796875f,0f,0f,0f,1f],start_interpolation:0}
execute if entity @s[tag=aj.gojo.camera_origin.camera] at @s on origin run tp @s ^0 ^0.005 ^0 ~0 ~0