execute if entity @s[tag=aj.gojo.locator_origin.head] at @s on origin run tp @s ^-0.00017 ^1.42108 ^0.00075 ~12.68367 ~0.05859
execute if entity @s[tag=aj.gojo.bone.torso] run data modify entity @s {} merge value {transformation:[-0.9755971560024108f,-0.0002245422155862728f,0.21956807322741903f,-0.00016840666168970462f,0f,0.9999994770895884f,0.0010226536803383045f,1.4210764253754904f,-0.2195681880419106f,0.0009976980221134482f,-0.9755966458525003f,0.0007482735165850862f,0f,0f,0f,1f],start_interpolation:0}
execute if entity @s[tag=aj.gojo.bone.bottom2] run data modify entity @s {} merge value {transformation:[-0.998331763277449f,0.052220017675201236f,-0.024632502620347437f,-0.3804651897591357f,0.02996545695975342f,0.10393513210621304f,-0.9941325664634757f,1.271965548772723f,-0.049353437778263454f,-0.9932122422060983f,-0.10532654039415407f,0.17722697319110695f,0f,0f,0f,1f],start_interpolation:0}
execute if entity @s[tag=aj.gojo.bone.rightarm] run data modify entity @s {} merge value {transformation:[-0.998331763277449f,0.052220017675201236f,-0.024632502620347437f,-0.3050144501354948f,0.02996545695975342f,0.10393513210621304f,-0.9941325664634757f,1.2960764907392917f,-0.049353437778263454f,-0.9932122422060983f,-0.10532654039415407f,-0.06799149749927616f,0f,0f,0f,1f],start_interpolation:0}
execute if entity @s[tag=aj.gojo.bone.bottom] run data modify entity @s {} merge value {transformation:[-0.39421780999326306f,0.9114654641589759f,0.11757136526203284f,0.19741809892437484f,0.4698731067749866f,0.3098451120326964f,-0.826568369875758f,1.1558365473038055f,-0.7898174357493875f,-0.2706043499186744f,-0.5504195708651302f,0.2569148159042308f,0f,0f,0f,1f],start_interpolation:0}
execute if entity @s[tag=aj.gojo.bone.leftarm] run data modify entity @s {} merge value {transformation:[-0.7736060175596995f,0.6226641981564733f,0.11757136526203284f,0.30473377236601196f,0.27129707747854886f,0.49313550437230785f,-0.826568369875758f,1.2960764907392917f,-0.5726531457584255f,-0.6075414970696451f,-0.5504195708651302f,0.06923862002691797f,0f,0f,0f,1f],start_interpolation:0}
execute if entity @s[tag=aj.gojo.bone.head] run data modify entity @s {} merge value {transformation:[-0.9807475139943151f,0.020969657884584943f,0.19415093932859104f,-0.00016840666168970462f,0.06169788020620578f,0.9765651177685878f,0.20618909363903098f,1.4210764253754904f,-0.1852773201771643f,0.21419814239583843f,-0.9590575949452361f,0.0007482735165850862f,0f,0f,0f,1f],start_interpolation:0}
execute if entity @s[tag=aj.gojo.bone.bottom3] run data modify entity @s {} merge value {transformation:[-0.985323742266519f,0.15999338453793233f,0.05949151057083486f,-0.17825047040439207f,0.16278421038069715f,0.7758606105377432f,0.6095421346114912f,0.3787702880937473f,0.05136558942166788f,0.610280615717145f,-0.7905182770203779f,-0.09333755596781605f,0f,0f,0f,1f],start_interpolation:0}
execute if entity @s[tag=aj.gojo.bone.rightleg] run data modify entity @s {} merge value {transformation:[-0.985323742266519f,0.1706950304487242f,0.000574026141875949f,-0.11875f,0.16278421038069715f,0.9386365784941796f,0.30407675735490325f,0.6710768175582991f,0.05136558942166788f,0.2997074908854447f,-0.9526473618976309f,-1.4542680739874818e-17f,0f,0f,0f,1f],start_interpolation:0}
execute if entity @s[tag=aj.gojo.bone.bottom4] run data modify entity @s {} merge value {transformation:[-0.9963360879651963f,-0.07819008812328461f,0.03465126170114976f,0.16556954529371404f,-0.0783065062951307f,0.9969272980130298f,-0.002013342566496268f,0.42681390989388923f,-0.03438736526777292f,-0.004719385098972129f,-0.9993974367158585f,0.252450126734405f,0f,0f,0f,1f],start_interpolation:0}
execute if entity @s[tag=aj.gojo.bone.leftleg] run data modify entity @s {} merge value {transformation:[-0.9912696685940073f,-0.12999715156800482f,-0.022026908764780036f,0.11874999999999998f,-0.0890721960980433f,0.7834227484480725f,-0.6150731184959556f,0.6710768175582991f,0.09721413481484305f,-0.6077413411956384f,-0.7881623399997796f,0.06313854595336078f,0f,0f,0f,1f],start_interpolation:0}
execute if entity @s[tag=aj.gojo.locator_origin.purple] at @s on origin run tp @s ^0 ^1 ^0.5 ~0 ~0
execute if entity @s[tag=aj.gojo.locator_origin.blue] at @s on origin run tp @s ^-1.0625 ^1.78125 ^-0.53125 ~0 ~0
execute if entity @s[tag=aj.gojo.locator_origin.red] at @s on origin run tp @s ^-0.39063 ^1.23438 ^0.79688 ~0 ~0
execute if entity @s[tag=aj.gojo.bone.red] run data modify entity @s {} merge value {transformation:[-0.8045504253307749f,0.16003502977885423f,1.0045930774255629e-16f,-0.3906250000000001f,0.16003502977885423f,0.8045504253307749f,0f,1.234375f,-9.852901031339752e-17f,1.9598638697012517e-17f,-0.8203124999999998f,0.796875f,0f,0f,0f,1f],start_interpolation:0}
execute if entity @s[tag=aj.gojo.camera_origin.camera] at @s on origin run tp @s ^0 ^0.005 ^0 ~0 ~0