execute if entity @s[tag=aj.gojo.locator_origin.head] at @s on origin run tp @s ^0 ^1.41616 ^0 ~13.41 ~0
execute if entity @s[tag=aj.gojo.bone.torso] run data modify entity @s {} merge value {transformation:[-0.9727354157538723f,0f,0.23191768138316038f,0f,0f,1f,0f,1.416161694101509f,-0.23191768138316038f,0f,-0.9727354157538723f,0f,0f,0f,0f,1f],start_interpolation:0}
execute if entity @s[tag=aj.gojo.bone.bottom2] run data modify entity @s {} merge value {transformation:[-0.99762331644243f,0.064460312385056f,-0.024343102054345672f,-0.382446352797001f,0.030088344604191006f,0.08971348031082726f,-0.9955130250124796f,1.270613845561564f,-0.061987176168839614f,-0.9938794492179318f,-0.09143976384961548f,0.17212138836169286f,0f,0f,0f,1f],start_interpolation:0}
execute if entity @s[tag=aj.gojo.bone.rightarm] run data modify entity @s {} merge value {transformation:[-0.99762331644243f,0.064460312385056f,-0.024343102054345672f,-0.3039798174230851f,0.030088344604191006f,0.08971348031082726f,-0.9955130250124796f,1.291161694101509f,-0.061987176168839614f,-0.9938794492179318f,-0.09143976384961548f,-0.07247427543223761f,0f,0f,0f,1f],start_interpolation:0}
execute if entity @s[tag=aj.gojo.bone.bottom] run data modify entity @s {} merge value {transformation:[-0.334166803477458f,0.9385152898475482f,0.08672714786057961f,0.18801343046599708f,0.4592229513947673f,0.24248177544935962f,-0.8545857882548749f,1.1643413051257532f,-0.8230715815565116f,-0.2457471043518097f,-0.5120171211363578f,0.26450197144548704f,0f,0f,0f,1f],start_interpolation:0}
execute if entity @s[tag=aj.gojo.bone.leftarm] run data modify entity @s {} merge value {transformation:[-0.7531171903613657f,0.6521448454186936f,0.08672714786057961f,0.3039798174230851f,0.28019899654333946f,0.43723180676718854f,-0.8545857882548749f,1.291161694101509f,-0.5952335843333338f,-0.6193023879696642f,-0.5120171211363578f,0.07247427543223761f,0f,0f,0f,1f],start_interpolation:0}
execute if entity @s[tag=aj.gojo.bone.head] run data modify entity @s {} merge value {transformation:[-0.9784637544236893f,0.020763320725728715f,0.2053717745736711f,0f,0.06483789427762057f,0.9754871041046821f,0.2102877961059683f,1.416161694101509f,-0.19597124468845512f,0.219074859894744f,-0.9558250242682266f,0f,0f,0f,0f,1f],start_interpolation:0}
execute if entity @s[tag=aj.gojo.bone.bottom3] run data modify entity @s {} merge value {transformation:[-0.9834457503037316f,0.16708988242400363f,0.070110109121745f,-0.18150783544984625f,0.17279325267629222f,0.7482610026602413f,0.6405060216168443f,0.3763881294956649f,0.054561415295769f,0.6420174788036717f,-0.7647461074575663f,-0.09893456345116586f,0f,0f,0f,1f],start_interpolation:0}
execute if entity @s[tag=aj.gojo.bone.rightleg] run data modify entity @s {} merge value {transformation:[-0.9834457503037316f,0.18115615843343336f,0.004111261506051721f,-0.11875f,0.17279325267629222f,0.9307312717922267f,0.3223069833831889f,0.6661616941015089f,0.054561415295769f,0.31768183134964606f,-0.9466262757769075f,-1.4542680739874818e-17f,0f,0f,0f,1f],start_interpolation:0}
execute if entity @s[tag=aj.gojo.bone.bottom4] run data modify entity @s {} merge value {transformation:[-0.9953571316995741f,-0.08877384237834884f,0.03719388772608488f,0.16833666930743887f,-0.08890314176789735f,0.9960385880152935f,-0.0018337307047437412f,0.4303453991498444f,-0.03688376009294169f,-0.005131870407994621f,-0.9993063855232398f,0.266136336796218f,0f,0f,0f,1f],start_interpolation:0}
execute if entity @s[tag=aj.gojo.bone.leftleg] run data modify entity @s {} merge value {transformation:[-0.9901520869548258f,-0.13887430004470794f,-0.017685403192898647f,0.11874999999999998f,-0.09454532736072592f,0.7565030503925411f,-0.6471200165510518f,0.6661616941015089f,0.10324740080629696f,-0.6390751626638864f,-0.7621829902935849f,0.06707064471879289f,0f,0f,0f,1f],start_interpolation:0}
execute if entity @s[tag=aj.gojo.locator_origin.purple] at @s on origin run tp @s ^0 ^1 ^0.5 ~0 ~0
execute if entity @s[tag=aj.gojo.locator_origin.blue] at @s on origin run tp @s ^-1.0625 ^1.78125 ^-0.53125 ~0 ~0
execute if entity @s[tag=aj.gojo.locator_origin.red] at @s on origin run tp @s ^-0.39063 ^1.23438 ^0.79688 ~0 ~0
execute if entity @s[tag=aj.gojo.bone.red] run data modify entity @s {} merge value {transformation:[-3f,-7.34788079488412e-15f,3.6739403974420594e-16f,-0.3906250000000001f,-7.34788079488412e-15f,3f,0f,1.234375f,-3.6739403974420594e-16f,-8.998558695971147e-31f,-3f,0.796875f,0f,0f,0f,1f],start_interpolation:0}
execute if entity @s[tag=aj.gojo.camera_origin.camera] at @s on origin run tp @s ^0 ^0.005 ^0 ~0 ~0