execute if entity @s[tag=aj.gojo.locator_origin.head] at @s on origin run tp @s ^0 ^1.45553 ^0 ~7.11591 ~0
execute if entity @s[tag=aj.gojo.bone.torso] run data modify entity @s {} merge value {transformation:[-0.9922975729620968f,0f,0.12387706282251092f,0f,0f,1f,0f,1.455525548696845f,-0.12387706282251092f,0f,-0.9922975729620968f,0f,0f,0f,0f,1f],start_interpolation:0}
execute if entity @s[tag=aj.gojo.bone.bottom2] run data modify entity @s {} merge value {transformation:[-0.9984065719550913f,-0.044823846366340445f,-0.03428031321050093f,-0.36128744070626334f,0.030153630346052424f,0.08970397605821423f,-0.9955119061348793f,1.3099841565789196f,0.04769775313195537f,-0.9949593054372996f,-0.0882094375330044f,0.21300935379803745f,0f,0f,0f,1f],start_interpolation:0}
execute if entity @s[tag=aj.gojo.bone.rightarm] run data modify entity @s {} merge value {transformation:[-0.9984065719550913f,-0.044823846366340445f,-0.03428031321050093f,-0.31009299155065523f,0.030153630346052424f,0.08970397605821423f,-0.9955119061348793f,1.330525548696845f,0.04769775313195537f,-0.9949593054372996f,-0.0882094375330044f,-0.03871158213203466f,0f,0f,0f,1f],start_interpolation:0}
execute if entity @s[tag=aj.gojo.bone.bottom] run data modify entity @s {} merge value {transformation:[-0.8333231320177042f,0.5482007320586316f,0.07105290292862323f,0.22512550428710384f,0.2648481931132524f,0.5087684853239646f,-0.8191520389682273f,1.1867804152962755f,-0.48520922523056925f,-0.6638001097555944f,-0.5691585210111605f,0.23498718614784384f,0f,0f,0f,1f],start_interpolation:0}
execute if entity @s[tag=aj.gojo.bone.leftarm] run data modify entity @s {} merge value {transformation:[-0.8333231320177042f,0.5482007320586316f,0.07105290292862323f,0.31009299155065523f,0.2648481931132524f,0.5087684853239646f,-0.8191520389682273f,1.330525548696845f,-0.48520922523056925f,-0.6638001097555944f,-0.5691585210111605f,0.03871158213203466f,0f,0f,0f,1f],start_interpolation:0}
execute if entity @s[tag=aj.gojo.bone.head] run data modify entity @s {} merge value {transformation:[-0.9940959390339249f,0.04172978196161532f,0.10015931955487273f,0f,0.06099701660733142f,0.9783441901761205f,0.19779284495055885f,1.455525548696845f,-0.08973643608514882f,0.20273448361358493f,-0.9751133786348484f,0f,0f,0f,0f,1f],start_interpolation:0}
execute if entity @s[tag=aj.gojo.bone.bottom3] run data modify entity @s {} merge value {transformation:[-1f,-3.6825839484795376e-17f,1.16796641102639e-16f,-0.12499999999999999f,0f,0.9537169507482269f,0.30070579950427306f,0.45196345289117906f,-1.2246467991473532e-16f,0.30070579950427306f,-0.9537169507482269f,-0.09397056234508534f,0f,0f,0f,1f],start_interpolation:0}
execute if entity @s[tag=aj.gojo.bone.rightleg] run data modify entity @s {} merge value {transformation:[-1f,-3.6825839484795376e-17f,1.16796641102639e-16f,-0.11875f,0f,0.9537169507482269f,0.30070579950427306f,0.75f,-1.2246467991473532e-16f,0.30070579950427306f,-0.9537169507482269f,-1.4542680739874818e-17f,0f,0f,0f,1f],start_interpolation:0}
execute if entity @s[tag=aj.gojo.bone.bottom4] run data modify entity @s {} merge value {transformation:[-0.9914448614360867f,-0.13052619174701233f,-3.3195551398499495e-8f,0.16573596530491688f,-0.08818218706348228f,0.6698104000311913f,-0.7372773764973103f,0.4967609373562445f,0.09623403045014768f,-0.730969863454081f,-0.6755901643046932f,0.2634061806816109f,0f,0f,0f,1f],start_interpolation:0}
execute if entity @s[tag=aj.gojo.bone.leftleg] run data modify entity @s {} merge value {transformation:[-0.9914448614360867f,-0.13052619174701233f,-3.3195551398499495e-8f,0.11875f,-0.08818218706348228f,0.6698104000311913f,-0.7372773764973103f,0.705525548696845f,0.09623403045014768f,-0.730969863454081f,-0.6755901643046932f,0.03557956104252402f,0f,0f,0f,1f],start_interpolation:0}
execute if entity @s[tag=aj.gojo.locator_origin.purple] at @s on origin run tp @s ^0 ^1 ^0.5 ~0 ~0
execute if entity @s[tag=aj.gojo.locator_origin.blue] at @s on origin run tp @s ^-1.0625 ^1.78125 ^-0.53125 ~0 ~0
execute if entity @s[tag=aj.gojo.locator_origin.red] at @s on origin run tp @s ^-0.39063 ^1.23438 ^0.79688 ~0 ~0
execute if entity @s[tag=aj.gojo.camera_origin.camera] at @s on origin run tp @s ^0 ^0.005 ^0 ~0 ~0