execute if entity @s[tag=aj.gojo.locator_origin.head] at @s on origin run tp @s ^-0.00055 ^1.41812 ^0.00235 ~13.11116 ~0.18449
execute if entity @s[tag=aj.gojo.bone.torso] run data modify entity @s {} merge value {transformation:[-0.9739318135468472f,-0.0007304307177755243f,0.22683978714572064f,-0.0005478230383316432f,0f,0.9999948157465823f,0.0032200124159363496f,1.4181211118099366f,-0.22684096314675908f,0.003136072531896254f,-0.9739267644375142f,0.0023520543989221905f,0f,0f,0f,1f],start_interpolation:0}
execute if entity @s[tag=aj.gojo.bone.bottom2] run data modify entity @s {} merge value {transformation:[-0.9979531091472281f,0.06018720288722712f,-0.02161232407660405f,-0.382229080975508f,0.029558579907597145f,0.1344385597874871f,-0.9904809760899561f,1.261359531138967f,-0.056708749741345876f,-0.9890923992483602f,-0.1359424269751551f,0.17480104730232887f,0f,0f,0f,1f],start_interpolation:0}
execute if entity @s[tag=aj.gojo.bone.rightarm] run data modify entity @s {} merge value {transformation:[-0.9979531091472281f,0.06018720288722712f,-0.02161232407660405f,-0.3048102109319995f,0.029558579907597145f,0.1344385597874871f,-0.9904809760899561f,1.2931217598416138f,-0.056708749741345876f,-0.9890923992483602f,-0.1359424269751551f,-0.06892775565092706f,0f,0f,0f,1f],start_interpolation:0}
execute if entity @s[tag=aj.gojo.bone.bottom] run data modify entity @s {} merge value {transformation:[-0.3407739835416606f,0.9347487126118141f,0.10058795361127468f,0.18704629200365025f,0.4698050851227319f,0.2619878332401417f,-0.8429979580206338f,1.1612863146429424f,-0.8143440760108533f,-0.2400150401635105f,-0.5284283360696488f,0.2609210690466469f,0f,0f,0f,1f],start_interpolation:0}
execute if entity @s[tag=aj.gojo.bone.leftarm] run data modify entity @s {} merge value {transformation:[-0.7491697224621887f,0.6546959527400663f,0.10058795361127468f,0.30389717253478005f,0.28532057247409864f,0.4560116376761609f,-0.8429979580206338f,1.2931217598416138f,-0.5977766287410204f,-0.602848733738143f,-0.5284283360696488f,0.07284784631579737f,0f,0f,0f,1f],start_interpolation:0}
execute if entity @s[tag=aj.gojo.bone.head] run data modify entity @s {} merge value {transformation:[-0.9794544000565395f,0.017386932347150386f,0.2009148396546159f,-0.0005478230383316432f,0.06333876123066139f,0.9723844274232798f,0.22462574792410994f,1.4181211118099366f,-0.1914609086358091f,0.23273637422684088f,-0.9535074727426599f,0.0023520543989221905f,0f,0f,0f,1f],start_interpolation:0}
execute if entity @s[tag=aj.gojo.bone.bottom3] run data modify entity @s {} merge value {transformation:[-0.9842093135446087f,0.16432973924891361f,0.06578574260760597f,-0.18021028423788554f,0.16879793525001613f,0.7594504291633908f,0.628285208085367f,0.37732198003177925f,0.05328493396243908f,0.6294686508809835f,-0.7751967062434495f,-0.0967034101713117f,0f,0f,0f,1f],start_interpolation:0}
execute if entity @s[tag=aj.gojo.bone.rightleg] run data modify entity @s {} merge value {transformation:[-0.9842093135446087f,0.17698872329034157f,0.0026493320110986523f,-0.11875f,0.16879793525001613f,0.9339456226033066f,0.3150441732129852f,0.668125f,0.05328493396243908f,0.31051661122744617f,-0.9490733111643387f,-1.4542680739874818e-17f,0f,0f,0f,1f],start_interpolation:0}
execute if entity @s[tag=aj.gojo.bone.bottom4] run data modify entity @s {} merge value {transformation:[-0.9957686104561754f,-0.08446520798217533f,0.03620087113186079f,0.16723673878564002f,-0.08458952777482878f,0.9964140452700416f,-0.0019136821635656887f,0.42888239890232804f,-0.03590941688483956f,-0.004967799222950153f,-0.9993427013541807f,0.26071097940933885f,0f,0f,0f,1f],start_interpolation:0}
execute if entity @s[tag=aj.gojo.bone.leftleg] run data modify entity @s {} merge value {transformation:[-0.9906064908268706f,-0.1353454342975107f,-0.019503685459198606f,0.11874999999999998f,-0.09236069107772331f,0.7674235373341047f,-0.634453006210275f,0.668125f,0.10083790495304085f,-0.6266918922089452f,-0.7727153351424141f,0.06550000000000002f,0f,0f,0f,1f],start_interpolation:0}
execute if entity @s[tag=aj.gojo.locator_origin.purple] at @s on origin run tp @s ^0 ^1 ^0.5 ~0 ~0
execute if entity @s[tag=aj.gojo.locator_origin.blue] at @s on origin run tp @s ^-1.0625 ^1.78125 ^-0.53125 ~0 ~0
execute if entity @s[tag=aj.gojo.locator_origin.red] at @s on origin run tp @s ^-0.39063 ^1.23438 ^0.79688 ~0 ~0
execute if entity @s[tag=aj.gojo.bone.red] run data modify entity @s {} merge value {transformation:[-0.0849844083110429f,-2.0607483835597256f,2.525834023241416e-16f,-0.3906250000000001f,-2.0607483835597256f,0.0849844083110429f,0f,1.234375f,-1.0407588361555041e-17f,-2.5236889117745e-16f,-2.0625f,0.796875f,0f,0f,0f,1f],start_interpolation:0}
execute if entity @s[tag=aj.gojo.camera_origin.camera] at @s on origin run tp @s ^0 ^0.005 ^0 ~0 ~0