execute if entity @s[tag=aj.toji.locator_origin.head] at @s on origin run tp @s ^0 ^0.89811 ^0.63562 ~0 ~57.94
execute if entity @s[tag=aj.toji.bone.blade2] run data modify entity @s {} merge value {transformation:[-0.1274390528161185f,0.3955191087893325f,1.4412924486029275f,-0.26954683756220565f,1.444776828317972f,-0.3376927513427018f,0.2204167009236324f,0.34392387875859465f,0.38259535304652137f,1.406957085441162f,-0.35226773277454637f,0.7246571757926881f,0f,0f,0f,1f],start_interpolation:0}
execute if entity @s[tag=aj.toji.bone.chain2] run data modify entity @s {} merge value {transformation:[-1.4913373252905293f,-0.13186401992778896f,-0.4092524111778507f,-0.4085972963294746f,-0.22807005859459145f,1.4949426904123462f,0.34941819409765684f,0.54163312875808f,0.3644992512736624f,0.3958799139161922f,-1.4558097620189803f,0.2772598458478168f,0f,0f,0f,1f],start_interpolation:0}
execute if entity @s[tag=aj.toji.bone.bottom2] run data modify entity @s {} merge value {transformation:[-0.9608616324019517f,-0.08495936854407879f,-0.2636794058595548f,-0.42452717793148936f,-0.14694446728242133f,0.9631845522119813f,0.2251285008951346f,0.7222302322978266f,0.23484515518303078f,0.2550635686976809f,-0.937971390294108f,0.32508426497863196f,0f,0f,0f,1f],start_interpolation:0}
execute if entity @s[tag=aj.toji.bone.rightarm] run data modify entity @s {} merge value {transformation:[-0.9786021764513593f,0.20345816761311739f,-0.03070104682539612f,-0.31250000000000006f,0.06668745382715605f,0.45476855276488204f,0.8881094228292961f,0.8317544046248498f,0.19465498644194412f,0.8670584394650958f,-0.458605602675806f,0.5296829381922844f,0f,0f,0f,1f],start_interpolation:0}
execute if entity @s[tag=aj.toji.bone.chain] run data modify entity @s {} merge value {transformation:[-1.5188723451427302f,-0.266058523125039f,0.17664182699535622f,0.42452701629157386f,-0.10350392277417933f,1.2222525948036846f,0.9509722425376713f,0.7222301907835837f,-0.3021198615485102f,0.9188439096926606f,-1.213841889411354f,0.3250841986965093f,0f,0f,0f,1f],start_interpolation:0}
execute if entity @s[tag=aj.toji.bone.blade] run data modify entity @s {} merge value {transformation:[0.25713038476513805f,-0.17071424890826403f,-1.4679034745003565f,0.4152794752129308f,-1.1812374070585945f,-0.9190604223182863f,-0.10003063677504531f,0.1983523140289879f,-0.8880102214479405f,1.173108940102248f,-0.2919816111609763f,0.553687714235186f,0f,0f,0f,1f],start_interpolation:0}
execute if entity @s[tag=aj.toji.bone.bottom] run data modify entity @s {} merge value {transformation:[-0.9786023163335711f,-0.17142025651009224f,0.1138094992721758f,0.42452701629157386f,-0.06668709118336386f,0.7874916047057297f,0.6127069482121908f,0.7222301907835837f,-0.19465440744065085f,0.5920068142986269f,-0.7820726267348321f,0.3250841986965093f,0f,0f,0f,1f],start_interpolation:0}
execute if entity @s[tag=aj.toji.bone.leftarm] run data modify entity @s {} merge value {transformation:[-0.9786023163335711f,-0.20345748608290293f,0.030701104595674877f,0.31249999999999994f,-0.06668709118336386f,0.4547686281609054f,0.8881094114522995f,0.8317544046248498f,-0.19465440744065085f,0.8670585598432632f,-0.458605620840451f,0.5296829381922844f,0f,0f,0f,1f],start_interpolation:0}
execute if entity @s[tag=aj.toji.locator_origin.mount] at @s on origin run tp @s ^0 ^1.12406 ^0.74259 ~-0.00001 ~25.33445
execute if entity @s[tag=aj.toji.bone.head] run data modify entity @s {} merge value {transformation:[-0.9999999999999848f,1.4702657184052545e-7f,-9.404748328880539e-8f,-7.784094177841758e-17f,9.26433066956464e-8f,0.9038254305319504f,0.4279013801376737f,0.8981052855498197f,1.479153800814226e-7f,0.42790138013765844f,-0.9038254305319502f,0.6356195258307413f,0f,0f,0f,1f],start_interpolation:0}
execute if entity @s[tag=aj.toji.bone.upper] run data modify entity @s {} merge value {transformation:[-1f,-1.0378792237122344e-16f,6.500511515629731e-17f,0f,0f,0.5308070473997597f,0.8474927011076551f,0.5f,-1.2246467991473532e-16f,0.8474927011076551f,-0.5308070473997597f,0f,0f,0f,0f,1f],start_interpolation:0}
execute if entity @s[tag=aj.toji.bone.bottom3] run data modify entity @s {} merge value {transformation:[-0.9917035227936418f,0.1254981940822794f,0.027826716672421828f,-0.15335406743471708f,0.06905872835033133f,0.3375582743920363f,0.9387679710280415f,0.1963319904918021f,0.10842054656436602f,0.9329011816219106f,-0.3434244755563104f,-0.06544930112921434f,0f,0f,0f,1f],start_interpolation:0}
execute if entity @s[tag=aj.toji.bone.rightleg] run data modify entity @s {} merge value {transformation:[-0.9917035227936418f,0.0908989453352218f,-0.09089281938428949f,-0.11875f,0.06905872835033133f,0.97311880499324f,0.21970590207630694f,0.5f,0.10842054656436602f,0.21160617454477312f,-0.9713227125817717f,-1.4542680739874818e-17f,0f,0f,0f,1f],start_interpolation:0}
execute if entity @s[tag=aj.toji.bone.bottom4] run data modify entity @s {} merge value {transformation:[-0.9917035888637982f,-0.12549762558208732f,-0.027826925951694108f,0.15335402755059852f,-0.06905873295122351f,0.33755831398037994f,0.9387679564545728f,0.19633198771441307f,-0.1084199393000865f,0.9329012437744851f,-0.34342449843624157f,-0.06544930933018346f,0f,0f,0f,1f],start_interpolation:0}
execute if entity @s[tag=aj.toji.bone.leftleg] run data modify entity @s {} merge value {transformation:[-0.9917035888637982f,-0.09089881638463927f,0.0908922274704195f,0.11875f,-0.06905873295122351f,0.9731188139729027f,0.21970586085751753f,0.5f,-0.1084199393000865f,0.21160618864258884f,-0.9713227772940994f,1.4542680739874818e-17f,0f,0f,0f,1f],start_interpolation:0}