execute if entity @s[tag=aj.toji.locator_origin.head] at @s on origin run tp @s ^-0.03354 ^1.04082 ^0.86434 ~22.06862 ~49.60617
execute if entity @s[tag=aj.toji.bone.blade2] run data modify entity @s {} merge value {transformation:[-0.04897603748395385f,0.19803777005659068f,1.4860627138123692f,-0.3725274439321302f,0.9033995473646694f,1.1904874855469547f,-0.12887515112465023f,1.0587341066595986f,-1.1964408073840023f,0.8907977258542501f,-0.1581417276977052f,1.0909264343516356f,0f,0f,0f,1f],start_interpolation:0}
execute if entity @s[tag=aj.toji.bone.chain2] run data modify entity @s {} merge value {transformation:[-1.537662113597521f,-0.05067659434103524f,-0.20491408151688864f,-0.4410175048766371f,0.13334998276092272f,0.9347675872037204f,-1.2318238565728907f,0.7142869212304692f,0.1636327599094306f,-1.2379838909737246f,-0.9217282024464116f,0.7231580337755178f,0f,0f,0f,1f],start_interpolation:0}
execute if entity @s[tag=aj.toji.bone.bottom2] run data modify entity @s {} merge value {transformation:[-0.9907084758749128f,-0.03265069165596901f,-0.1320251800377269f,-0.4471395095621313f,0.08591676741643342f,0.6022663649097796f,-0.7936583236979698f,0.8272118646510529f,0.10542781846513649f,-0.7976272049226681f,-0.5938651505695001f,0.5736029328525175f,0f,0f,0f,1f],start_interpolation:0}
execute if entity @s[tag=aj.toji.bone.rightarm] run data modify entity @s {} merge value {transformation:[-0.8824307168654585f,0.24506513611566919f,0.40157080196762507f,-0.33072130572912284f,0.3983161236656109f,0.8434021535789422f,0.36057880271364307f,1.0131676453166878f,-0.250320385826474f,0.47813793658212383f,-0.8418573620517162f,0.7087824411122031f,0f,0f,0f,1f],start_interpolation:0}
execute if entity @s[tag=aj.toji.bone.chain] run data modify entity @s {} merge value {transformation:[-1.2102679001577368f,-0.6400590316508463f,0.7311215490334525f,0.46676796641882434f,0.33825816588485996f,0.8172514171092512f,1.2753996268057488f,0.8655381581180467f,-0.9109312249951174f,1.1538575435668883f,-0.4977747945545192f,0.659888042739225f,0f,0f,0f,1f],start_interpolation:0}
execute if entity @s[tag=aj.toji.bone.blade] run data modify entity @s {} merge value {transformation:[0.6185805406558512f,-0.7065872688645449f,-1.16965488337392f,0.3449184126590786f,-0.789826872910954f,-1.232600981610925f,0.32690722072093886f,0.30875200772319333f,-1.115137491769342f,0.48107094238825987f,-0.8803630630825293f,0.6158996003642385f,0f,0f,0f,1f],start_interpolation:0}
execute if entity @s[tag=aj.toji.bone.bottom] run data modify entity @s {} merge value {transformation:[-0.77976992224928f,-0.41238702710390096f,0.4710581792430298f,0.46676796641882434f,0.2179381471472923f,0.5265512486073027f,0.8217339877406166f,0.8655381581180467f,-0.5869087087216863f,0.7434249945128945f,-0.3207139615921734f,0.659888042739225f,0f,0f,0f,1f],start_interpolation:0}
execute if entity @s[tag=aj.toji.bone.leftarm] run data modify entity @s {} merge value {transformation:[-0.77976992224928f,-0.5728273628275876f,0.25264140743619856f,0.27482550557134744f,0.2179381471472923f,0.1299377073744769f,0.967274085365813f,0.9116437191583717f,-0.5869087087216863f,0.8093114385687727f,0.02351941811326863f,0.8255341080863128f,0f,0f,0f,1f],start_interpolation:0}
execute if entity @s[tag=aj.toji.locator_origin.mount] at @s on origin run tp @s ^-0.00798 ^1.27496 ^0.94816 ~7.4731 ~18.8158
execute if entity @s[tag=aj.toji.bone.head] run data modify entity @s {} merge value {transformation:[-0.9871138423884046f,0.10222583902882403f,0.12311027576954339f,-0.03353748009466522f,0.13721537206133125f,0.9365620438182285f,0.32252671168306896f,1.0408243186850359f,-0.08232984777873992f,0.3352632039366624f,-0.9385203142451706f,0.8643399295191095f,0f,0f,0f,1f],start_interpolation:0}
execute if entity @s[tag=aj.toji.bone.upper] run data modify entity @s {} merge value {transformation:[-0.9688748980807524f,-0.044716640126220245f,0.24347865196939483f,-3.444319122601931e-17f,0.16243828185330594f,0.6273490915800477f,0.7616081156882686f,0.5703125f,-0.18680266715857544f,0.7774532393588127f,-0.6005590929733156f,0.28125f,0f,0f,0f,1f],start_interpolation:0}
execute if entity @s[tag=aj.toji.bone.bottom3] run data modify entity @s {} merge value {transformation:[-0.991299388166361f,0.13143934755293263f,-0.007015763383815973f,-0.1652787378977551f,0.04517741685671612f,0.38981727544290345f,0.9197833944861292f,0.5239509124715325f,0.12363059502870966f,0.9114637621327198f,-0.3923637168390016f,-0.024333036589864243f,0f,0f,0f,1f],start_interpolation:0}
execute if entity @s[tag=aj.toji.bone.rightleg] run data modify entity @s {} merge value {transformation:[-0.991299388166361f,0.129065973509489f,0.0258359730423724f,-0.11875000000000002f,0.04517741685671612f,0.1492606284282303f,0.9877652888249134f,0.5703125f,0.12363059502870966f,0.9803383289881397f,-0.1537928369254873f,0.28125f,0f,0f,0f,1f],start_interpolation:0}
execute if entity @s[tag=aj.toji.bone.bottom4] run data modify entity @s {} merge value {transformation:[-0.9912993745091053f,-0.11616171471045568f,-0.06190319970230426f,0.11687049883356808f,-0.09296379029415625f,0.2849248813839251f,0.954031207908054f,0.39691800328117627f,-0.09318413916542233f,0.9514852957370825f,-0.29324468998451836f,0.541300242228288f,0f,0f,0f,1f],start_interpolation:0}
execute if entity @s[tag=aj.toji.bone.leftleg] run data modify entity @s {} merge value {transformation:[-0.9912993745091053f,0.025840391222764148f,0.12906519391110505f,0.11874999999999997f,-0.09296379029415625f,0.5567216653061191f,-0.8254809029123119f,0.5703125f,-0.09318413916542233f,-0.8302970923472129f,-0.5494756178828714f,0.28125f,0f,0f,0f,1f],start_interpolation:0}