execute if entity @s[tag=aj.toji.locator_origin.head] at @s on origin run tp @s ^-0.03319 ^1.03666 ^0.85833 ~21.565 ~49.90107
execute if entity @s[tag=aj.toji.bone.blade2] run data modify entity @s {} merge value {transformation:[-0.05036267654056403f,0.18434447294485098f,1.4877771056533824f,-0.3744429015760439f,0.9669442568801012f,1.1415776665213797f,-0.10871630690099525f,1.0272177547976535f,-1.1456362445812633f,0.955414855753399f,-0.15716249077770714f,1.0940303801715867f,0f,0f,0f,1f],start_interpolation:0}
execute if entity @s[tag=aj.toji.bone.chain2] run data modify entity @s {} merge value {transformation:[-1.539436032933014f,-0.05211138058711105f,-0.1907453226998802f,-0.43844192139940674f,0.11249117866839088f,1.0005187102439939f,-1.1812157799422611f,0.7028409331512704f,0.16261952170748817f,-1.1854152808514462f,-0.988588982689281f,0.7076728365662026f,0f,0f,0f,1f],start_interpolation:0}
execute if entity @s[tag=aj.toji.bone.bottom2] run data modify entity @s {} merge value {transformation:[-0.9918514037689217f,-0.03357511769370913f,-0.1228963152965671f,-0.4447372559669772f,0.0724775379339968f,0.6446295045867342f,-0.7610517776809198f,0.823708965261283f,0.10477499385180444f,-0.7637574963875089f,-0.6369432371689326f,0.5644683059935447f,0f,0f,0f,1f],start_interpolation:0}
execute if entity @s[tag=aj.toji.bone.rightarm] run data modify entity @s {} merge value {transformation:[-0.891911255919759f,0.23214343377790048f,0.38807697395934726f,-0.33095694402751713f,0.38774717582192497f,0.8341880333785643f,0.39215105840750286f,1.0080217751170537f,-0.2326938744482965f,0.5002396936687543f,-0.834034657356894f,0.7040715965637518f,0f,0f,0f,1f],start_interpolation:0}
execute if entity @s[tag=aj.toji.bone.chain] run data modify entity @s {} merge value {transformation:[-1.230388973786301f,-0.6104284296145112f,0.7228297027063614f,0.4635077931857876f,0.32370469334454116f,0.8426254561291795f,1.2626006042295879f,0.8591014541465558f,-0.8889999540511359f,1.1516606039161732f,-0.5406658937787959f,0.6484886422727494f,0f,0f,0f,1f],start_interpolation:0}
execute if entity @s[tag=aj.toji.bone.blade] run data modify entity @s {} merge value {transformation:[0.589944254124091f,-0.6985736724142018f,-1.189100753189445f,0.3390784732831337f,-0.8143494341114216f,-1.2202314564366485f,0.31284211974237575f,0.30194396526276235f,-1.1130142749256977f,0.5225227429808494f,-0.8591677408279432f,0.6187230410724479f,0f,0f,0f,1f],start_interpolation:0}
execute if entity @s[tag=aj.toji.bone.bottom] run data modify entity @s {} merge value {transformation:[-0.79273383545963f,-0.3932961694160608f,0.4657157816094677f,0.4635077931857876f,0.20856141316158355f,0.5428996227409478f,0.8134876376244323f,0.8591014541465558f,-0.5727784938852956f,0.7420095166171317f,-0.34834849532056644f,0.6484886422727494f,0f,0f,0f,1f],start_interpolation:0}
execute if entity @s[tag=aj.toji.bone.leftarm] run data modify entity @s {} merge value {transformation:[-0.79273383545963f,-0.5532673750424659f,0.2558676959506292f,0.2756450847089443f,0.20856141316158355f,0.1482394243089949f,0.9667094754995325f,0.9091963985464036f,-0.5727784938852956f,0.819707438537773f,-0.0021241818037405213f,0.8176168460393617f,0f,0f,0f,1f],start_interpolation:0}
execute if entity @s[tag=aj.toji.locator_origin.mount] at @s on origin run tp @s ^-0.00854 ^1.27067 ^0.94277 ~7.43541 ~18.99199
execute if entity @s[tag=aj.toji.bone.head] run data modify entity @s {} merge value {transformation:[-0.9875753397225625f,0.09860018452943198f,0.12236401424694827f,-0.03318711559114371f,0.13377878016104033f,0.9360526931998224f,0.3254360052790461f,1.0366590291980744f,-0.08245111491356225f,0.3377622820329726f,-0.9376131688950351f,0.8583255655618681f,0f,0f,0f,1f],start_interpolation:0}
execute if entity @s[tag=aj.toji.bone.upper] run data modify entity @s {} merge value {transformation:[-0.9705632459783383f,-0.04424948745485823f,0.23674663337833127f,-3.348643591418544e-17f,0.15812060251304005f,0.6243995389307658f,0.7649333898085247f,0.568359375f,-0.1816723991609756f,0.7798507540824908f,-0.5990224876747665f,0.2734375f,0f,0f,0f,1f],start_interpolation:0}
execute if entity @s[tag=aj.toji.bone.bottom3] run data modify entity @s {} merge value {transformation:[-0.991338771405952f,0.13122413295811527f,-0.005259965468394294f,-0.16553704262339386f,0.046370450983799265f,0.38721776182447043f,0.9208214735784602f,0.5036072946044404f,0.12287075153549314f,0.9126021213305603f,-0.3899489024988589f,-0.02874365961622044f,0f,0f,0f,1f],start_interpolation:0}
execute if entity @s[tag=aj.toji.bone.rightleg] run data modify entity @s {} merge value {transformation:[-0.991338771405952f,0.1298917609667412f,0.019379647579271988f,-0.11875000000000002f,0.046370450983799265f,0.2081340662854666f,0.9770005075367342f,0.568359375f,0.12287075153549314f,0.9694371258026154f,-0.21235450909426712f,0.2734375f,0f,0f,0f,1f],start_interpolation:0}
execute if entity @s[tag=aj.toji.bone.bottom4] run data modify entity @s {} merge value {transformation:[-0.9913387970601716f,-0.11670772918328387f,-0.060222050713780326f,0.11888878943577724f,-0.0917684517328555f,0.2875609569735261f,0.9533557821144342f,0.37978287072577965f,-0.09394647790016626f,0.9506250585658633f,-0.2957804207800145f,0.5227048168973571f,0f,0f,0f,1f],start_interpolation:0}
execute if entity @s[tag=aj.toji.bone.leftleg] run data modify entity @s {} merge value {transformation:[-0.9913387970601716f,0.01938264974671617f,0.12989111721779892f,0.11874999999999997f,-0.0917684517328555f,0.6052801827121621f,-0.7907050345625011f,0.568359375f,-0.09394647790016626f,-0.7957764845135396f,-0.5982590124564993f,0.2734375f,0f,0f,0f,1f],start_interpolation:0}