execute if entity @s[tag=aj.toji.locator_origin.head] at @s on origin run tp @s ^0.02295 ^0.95282 ^0.72658 ~-12.20103 ~55.02138
execute if entity @s[tag=aj.toji.bone.blade2] run data modify entity @s {} merge value {transformation:[0.1781704247214498f,0.6164096959696093f,1.3558371533739708f,-0.2642089848056237f,1.1550466870112512f,-0.9192583078287775f,0.2661415306037473f,0.26028980496573617f,0.9402778581775234f,1.0124244417251227f,-0.5838444135372562f,0.6203373838769235f,0f,0f,0f,1f],start_interpolation:0}
execute if entity @s[tag=aj.toji.bone.chain2] run data modify entity @s {} merge value {transformation:[-1.4029148323105674f,0.18435689780205605f,-0.6378128104129982f,-0.45908426952432274f,-0.27538255597193245f,1.1951524747546975f,0.9511769990728325f,0.6351655561379121f,0.6041167890072999f,0.9729263949197986f,-1.047578068173912f,0.33735303263210703f,0f,0f,0f,1f],start_interpolation:0}
execute if entity @s[tag=aj.toji.bone.bottom2] run data modify entity @s {} merge value {transformation:[-0.9038914355826474f,0.11878028314763342f,-0.4109397973130726f,-0.43681296643414147f,-0.1774276870691645f,0.7700311246741675f,0.6128388718858517f,0.7795463920143185f,0.3892296090248375f,0.6268519054516822f,-0.6749496278167486f,0.45488776490429744f,0f,0f,0f,1f],start_interpolation:0}
execute if entity @s[tag=aj.toji.bone.rightarm] run data modify entity @s {} merge value {transformation:[-0.9151899114869412f,0.3547674295150563f,-0.1912262975320198f,-0.2909217395874436f,-0.0894363179649958f,0.28387335966417304f,0.954681654113998f,0.856104501803174f,0.3929740079717604f,0.8908175944761388f,-0.2280689422748225f,0.6530312880250971f,0f,0f,0f,1f],start_interpolation:0}
execute if entity @s[tag=aj.toji.bone.chain] run data modify entity @s {} merge value {transformation:[-1.5061911976865252f,-0.3386478997853369f,-0.16021345010242652f,0.4283616654639893f,-0.3735635938729529f,1.407763546860786f,0.5362972226981739f,0.7537432295636611f,0.02830178360926701f,0.5590009568077962f,-1.4476462319723056f,0.4131114598348804f,0f,0f,0f,1f],start_interpolation:0}
execute if entity @s[tag=aj.toji.bone.blade] run data modify entity @s {} merge value {transformation:[0.32728387630260714f,0.15483715983053264f,-1.455647868905098f,0.5406960806274221f,-1.3605231593822362f,-0.5183006716009197f,-0.3610279028033903f,0.33081618827031617f,-0.540242535438407f,1.3990674993557852f,0.02735205932707665f,0.7809522011867509f,0f,0f,0f,1f],start_interpolation:0}
execute if entity @s[tag=aj.toji.bone.bottom] run data modify entity @s {} merge value {transformation:[-0.9704319126033987f,-0.21818925086840496f,-0.10322477322035532f,0.4283616654639893f,-0.2406852685355938f,0.9070154395881574f,0.3455337810672798f,0.7537432295636611f,0.018234706218051226f,0.3601616902922713f,-0.9327116662371902f,0.4131114598348804f,0f,0f,0f,1f],start_interpolation:0}
execute if entity @s[tag=aj.toji.bone.leftarm] run data modify entity @s {} merge value {transformation:[-0.9704319126033987f,-0.15412194288276407f,-0.185764177717211f,0.32917918520558587f,-0.2406852685355938f,0.676006269933872f,0.6964812449162161f,0.9077019677636545f,0.018234706218051226f,0.7205983275946005f,-0.6931129386737824f,0.5944007108721587f,0f,0f,0f,1f],start_interpolation:0}
execute if entity @s[tag=aj.toji.locator_origin.mount] at @s on origin run tp @s ^0.01198 ^1.18252 ^0.82464 ~-4.18469 ~22.89206
execute if entity @s[tag=aj.toji.bone.head] run data modify entity @s {} merge value {transformation:[-0.9967720316441594f,-0.043890732560173146f,-0.06722440425400768f,0.022954467370885308f,-0.06669309683890355f,0.9188220450017187f,0.3889962473506608f,0.952815131740097f,0.04469393433131073f,0.3922239834765223f,-0.9187833253927705f,0.7265841993383536f,0f,0f,0f,1f],start_interpolation:0}
execute if entity @s[tag=aj.toji.bone.upper] run data modify entity @s {} merge value {transformation:[-0.9921614796688472f,0.030605956494513763f,-0.1211564017639172f,-1.3394574365674175e-17f,-0.08255594553676879f,0.5672951756534628f,0.8193660351374329f,0.52734375f,0.09380892344470143f,0.8229455991178048f,-0.5603217172078765f,0.109375f,0f,0f,0f,1f],start_interpolation:0}
execute if entity @s[tag=aj.toji.bone.bottom3] run data modify entity @s {} merge value {transformation:[-0.991612372234308f,0.1214816204106446f,0.044126172893785426f,-0.13764445772692233f,0.08041247105565767f,0.3125861907555144f,0.9464796394258465f,0.23498939692421683f,0.10118664798564679f,0.9420892151231545f,-0.3197329714278269f,0.2183118817473947f,0f,0f,0f,1f],start_interpolation:0}
execute if entity @s[tag=aj.toji.bone.rightleg] run data modify entity @s {} merge value {transformation:[-0.991612372234308f,0.04063001728146522f,-0.1226951707589016f,-0.11875000000000001f,0.08041247105565767f,0.9371421792636193f,-0.33955613724943534f,0.52734375f,0.10118664798564679f,-0.34657428863195006f,-0.9325489395890634f,0.10937499999999999f,0f,0f,0f,1f],start_interpolation:0}
execute if entity @s[tag=aj.toji.bone.bottom4] run data modify entity @s {} merge value {transformation:[-0.9916123306359388f,-0.12874807422404808f,-0.011354255341527293f,0.1632904816119362f,-0.057710194674989085f,0.3624460188114452f,0.9302163280002713f,0.3084648967998622f,-0.11564825619669523f,0.923069237290103f,-0.36683601787083425f,-0.10926512810911289f,0f,0f,0f,1f],start_interpolation:0}
execute if entity @s[tag=aj.toji.bone.leftleg] run data modify entity @s {} merge value {transformation:[-0.9916123306359388f,-0.12269729454547718f,0.040624618668758154f,0.11874999999999998f,-0.057710194674989085f,0.7015665341339407f,0.710263283306877f,0.52734375f,-0.11564825619669523f,0.7019613750730952f,-0.7027629107630488f,0.10937500000000001f,0f,0f,0f,1f],start_interpolation:0}