execute if entity @s[tag=aj.toji.locator_origin.head] at @s on origin run tp @s ^0 ^0.89811 ^0.63562 ~0 ~57.94
execute if entity @s[tag=aj.toji.bone.blade2] run data modify entity @s {} merge value {transformation:[-0.1274390528161195f,0.39551910878933194f,1.4412924486029277f,-0.26954683756220554f,1.444776828317973f,-0.3376927513426989f,0.22041670092363255f,0.3439238787585953f,0.38259535304651837f,1.4069570854411628f,-0.35226773277454604f,0.724657175792689f,0f,0f,0f,1f],start_interpolation:0}
execute if entity @s[tag=aj.toji.bone.chain2] run data modify entity @s {} merge value {transformation:[-1.4913373252905295f,-0.13186401992778998f,-0.4092524111778501f,-0.4085972963294744f,-0.2280700585945916f,1.494942690412347f,0.34941819409765384f,0.5416331287580798f,0.36449925127366206f,0.39587991391618915f,-1.4558097620189812f,0.2772598458478172f,0f,0f,0f,1f],start_interpolation:0}
execute if entity @s[tag=aj.toji.bone.bottom2] run data modify entity @s {} merge value {transformation:[-0.9608616324019518f,-0.08495936854407944f,-0.2636794058595544f,-0.4245271779314893f,-0.14694446728242141f,0.963184552211982f,0.22512850089513264f,0.7222302322978265f,0.23484515518303056f,0.2550635686976789f,-0.9379713902941086f,0.325084264978632f,0f,0f,0f,1f],start_interpolation:0}
execute if entity @s[tag=aj.toji.bone.rightarm] run data modify entity @s {} merge value {transformation:[-0.9786021764513594f,0.20345816761311708f,-0.030701046825395612f,-0.31250000000000006f,0.06668745382715657f,0.4547685527648829f,0.8881094228292957f,0.8317544046248498f,0.19465498644194357f,0.8670584394650954f,-0.45860560267580697f,0.5296829381922844f,0f,0f,0f,1f],start_interpolation:0}
execute if entity @s[tag=aj.toji.bone.chain] run data modify entity @s {} merge value {transformation:[-1.5188723451427302f,-0.2660585231250391f,0.17664182699535705f,0.42452701629157397f,-0.10350392277417862f,1.2222525948036838f,0.9509722425376725f,0.722230190783584f,-0.302119861548511f,0.9188439096926618f,-1.2138418894113532f,0.32508419869650923f,0f,0f,0f,1f],start_interpolation:0}
execute if entity @s[tag=aj.toji.bone.blade] run data modify entity @s {} merge value {transformation:[0.2571303847651381f,-0.17071424890826487f,-1.4679034745003565f,0.4152794752129306f,-1.1812374070585936f,-0.9190604223182874f,-0.10003063677504462f,0.1983523140289879f,-0.8880102214479416f,1.1731089401022472f,-0.29198161116097715f,0.5536877142351855f,0f,0f,0f,1f],start_interpolation:0}
execute if entity @s[tag=aj.toji.bone.bottom] run data modify entity @s {} merge value {transformation:[-0.9786023163335711f,-0.1714202565100923f,0.11380949927217635f,0.42452701629157397f,-0.0666870911833634f,0.7874916047057291f,0.6127069482121916f,0.722230190783584f,-0.19465440744065138f,0.5920068142986277f,-0.7820726267348315f,0.32508419869650923f,0f,0f,0f,1f],start_interpolation:0}
execute if entity @s[tag=aj.toji.bone.leftarm] run data modify entity @s {} merge value {transformation:[-0.9786023163335711f,-0.2034574860829032f,0.03070110459567535f,0.31249999999999994f,-0.0666870911833634f,0.4547686281609045f,0.8881094114522999f,0.8317544046248498f,-0.19465440744065138f,0.8670585598432635f,-0.4586056208404501f,0.5296829381922844f,0f,0f,0f,1f],start_interpolation:0}
execute if entity @s[tag=aj.toji.locator_origin.mount] at @s on origin run tp @s ^0 ^1.12406 ^0.74259 ~-0.00001 ~25.33445
execute if entity @s[tag=aj.toji.bone.head] run data modify entity @s {} merge value {transformation:[-0.9999999999999848f,1.4702657187322685e-7f,-9.404748353974516e-8f,-7.784094177841758e-17f,9.264330661782532e-8f,0.9038254305319504f,0.4279013801376737f,0.8981052855498197f,1.4791538032222133e-7f,0.42790138013765844f,-0.9038254305319502f,0.6356195258307413f,0f,0f,0f,1f],start_interpolation:0}
execute if entity @s[tag=aj.toji.bone.upper] run data modify entity @s {} merge value {transformation:[-1f,-1.0378792237122344e-16f,6.500511515629731e-17f,0f,0f,0.5308070473997597f,0.8474927011076551f,0.5f,-1.2246467991473532e-16f,0.8474927011076551f,-0.5308070473997597f,0f,0f,0f,0f,1f],start_interpolation:0}
execute if entity @s[tag=aj.toji.bone.bottom3] run data modify entity @s {} merge value {transformation:[-0.9917035227936418f,0.1254981940822794f,0.027826716672421856f,-0.15335406743471713f,0.06905872835033128f,0.3375582743920358f,0.9387679710280417f,0.19633199049180233f,0.10842054656436603f,0.9329011816219109f,-0.34342447555630995f,-0.0654493011292153f,0f,0f,0f,1f],start_interpolation:0}
execute if entity @s[tag=aj.toji.bone.rightleg] run data modify entity @s {} merge value {transformation:[-0.9917035227936418f,0.09089894533522205f,-0.09089281938428923f,-0.11875f,0.06905872835033128f,0.9731188049932392f,0.21970590207631005f,0.5f,0.10842054656436603f,0.21160617454477623f,-0.971322712581771f,-1.4542680739874818e-17f,0f,0f,0f,1f],start_interpolation:0}
execute if entity @s[tag=aj.toji.bone.bottom4] run data modify entity @s {} merge value {transformation:[-0.9917035888637982f,-0.12549762558208735f,-0.027826925951694094f,0.15335402755059843f,-0.06905873295122357f,0.33755831398038033f,0.9387679564545727f,0.19633198771441285f,-0.10841993930008648f,0.9329012437744851f,-0.343424498436242f,-0.06544930933018249f,0f,0f,0f,1f],start_interpolation:0}
execute if entity @s[tag=aj.toji.bone.leftleg] run data modify entity @s {} merge value {transformation:[-0.9917035888637982f,-0.09089881638463902f,0.09089222747041978f,0.11875f,-0.06905873295122357f,0.9731188139729033f,0.21970586085751442f,0.5f,-0.10841993930008648f,0.21160618864258574f,-0.9713227772941001f,1.4542680739874818e-17f,0f,0f,0f,1f],start_interpolation:0}