execute if entity @s[tag=aj.toji.locator_origin.head] at @s on origin run tp @s ^0 ^0.89811 ^0.63562 ~0 ~57.94
execute if entity @s[tag=aj.toji.bone.blade2] run data modify entity @s {} merge value {transformation:[-0.12743905281611884f,0.39551910878933216f,1.441292448602928f,-0.26954683756220565f,1.444776828317972f,-0.33769275134270055f,0.2204167009236324f,0.343923878758595f,0.38259535304652037f,1.406957085441162f,-0.35226773277454615f,0.7246571757926883f,0f,0f,0f,1f],start_interpolation:0}
execute if entity @s[tag=aj.toji.bone.chain2] run data modify entity @s {} merge value {transformation:[-1.4913373252905295f,-0.1318640199277893f,-0.4092524111778504f,-0.4085972963294745f,-0.22807005859459145f,1.4949426904123462f,0.34941819409765557f,0.54163312875808f,0.3644992512736621f,0.3958799139161912f,-1.45580976201898f,0.27725984584781693f,0f,0f,0f,1f],start_interpolation:0}
execute if entity @s[tag=aj.toji.bone.bottom2] run data modify entity @s {} merge value {transformation:[-0.9608616324019519f,-0.084959368544079f,-0.26367940585955457f,-0.4245271779314893f,-0.14694446728242133f,0.9631845522119814f,0.22512850089513375f,0.7222302322978265f,0.23484515518303062f,0.2550635686976802f,-0.9379713902941079f,0.32508426497863196f,0f,0f,0f,1f],start_interpolation:0}
execute if entity @s[tag=aj.toji.bone.rightarm] run data modify entity @s {} merge value {transformation:[-0.9786021764513594f,0.2034581676131172f,-0.030701046825395862f,-0.31250000000000006f,0.06668745382715627f,0.4547685527648824f,0.888109422829296f,0.8317544046248498f,0.19465498644194384f,0.8670584394650956f,-0.4586056026758063f,0.5296829381922844f,0f,0f,0f,1f],start_interpolation:0}
execute if entity @s[tag=aj.toji.bone.chain] run data modify entity @s {} merge value {transformation:[-1.5188723451427302f,-0.266058523125039f,0.17664182699535655f,0.42452701629157386f,-0.10350392277417902f,1.2222525948036844f,0.9509722425376719f,0.7222301907835839f,-0.3021198615485105f,0.9188439096926609f,-1.2138418894113538f,0.3250841986965093f,0f,0f,0f,1f],start_interpolation:0}
execute if entity @s[tag=aj.toji.bone.blade] run data modify entity @s {} merge value {transformation:[0.25713038476513805f,-0.17071424890826437f,-1.4679034745003565f,0.4152794752129307f,-1.1812374070585943f,-0.9190604223182868f,-0.10003063677504502f,0.1983523140289879f,-0.8880102214479407f,1.1731089401022479f,-0.2919816111609766f,0.5536877142351859f,0f,0f,0f,1f],start_interpolation:0}
execute if entity @s[tag=aj.toji.bone.bottom] run data modify entity @s {} merge value {transformation:[-0.9786023163335711f,-0.17142025651009224f,0.11380949927217603f,0.42452701629157386f,-0.06668709118336366f,0.7874916047057294f,0.6127069482121912f,0.7222301907835839f,-0.19465440744065104f,0.5920068142986271f,-0.7820726267348319f,0.3250841986965093f,0f,0f,0f,1f],start_interpolation:0}
execute if entity @s[tag=aj.toji.bone.leftarm] run data modify entity @s {} merge value {transformation:[-0.9786023163335711f,-0.203457486082903f,0.030701104595675082f,0.31249999999999994f,-0.06668709118336366f,0.454768628160905f,0.8881094114522997f,0.8317544046248498f,-0.19465440744065104f,0.8670585598432633f,-0.4586056208404507f,0.5296829381922844f,0f,0f,0f,1f],start_interpolation:0}
execute if entity @s[tag=aj.toji.locator_origin.mount] at @s on origin run tp @s ^0 ^1.12406 ^0.74259 ~-0.00001 ~25.33445
execute if entity @s[tag=aj.toji.bone.head] run data modify entity @s {} merge value {transformation:[-0.9999999999999848f,1.4702657186405285e-7f,-9.404748339586376e-8f,-7.784094177841758e-17f,9.264330667110067e-8f,0.9038254305319504f,0.4279013801376737f,0.8981052855498197f,1.479153801882521e-7f,0.42790138013765844f,-0.9038254305319502f,0.6356195258307413f,0f,0f,0f,1f],start_interpolation:0}
execute if entity @s[tag=aj.toji.bone.upper] run data modify entity @s {} merge value {transformation:[-1f,-1.0378792237122344e-16f,6.500511515629731e-17f,0f,0f,0.5308070473997597f,0.8474927011076551f,0.5f,-1.2246467991473532e-16f,0.8474927011076551f,-0.5308070473997597f,0f,0f,0f,0f,1f],start_interpolation:0}
execute if entity @s[tag=aj.toji.bone.bottom3] run data modify entity @s {} merge value {transformation:[-0.9917035227936418f,0.1254981940822794f,0.027826716672421856f,-0.1533540674347171f,0.0690587283503313f,0.3375582743920361f,0.9387679710280417f,0.19633199049180217f,0.108420546564366f,0.9329011816219108f,-0.34342447555631017f,-0.06544930112921478f,0f,0f,0f,1f],start_interpolation:0}
execute if entity @s[tag=aj.toji.bone.rightleg] run data modify entity @s {} merge value {transformation:[-0.9917035227936418f,0.09089894533522191f,-0.09089281938428936f,-0.11875f,0.0690587283503313f,0.9731188049932397f,0.21970590207630836f,0.5f,0.108420546564366f,0.21160617454477454f,-0.9713227125817714f,-1.4542680739874818e-17f,0f,0f,0f,1f],start_interpolation:0}
execute if entity @s[tag=aj.toji.bone.bottom4] run data modify entity @s {} merge value {transformation:[-0.9917035888637982f,-0.12549762558208735f,-0.027826925951694045f,0.15335402755059846f,-0.06905873295122351f,0.3375583139803804f,0.9387679564545727f,0.19633198771441296f,-0.10841993930008652f,0.932901243774485f,-0.343424498436242f,-0.06544930933018302f,0f,0f,0f,1f],start_interpolation:0}
execute if entity @s[tag=aj.toji.bone.leftleg] run data modify entity @s {} merge value {transformation:[-0.9917035888637982f,-0.09089881638463913f,0.09089222747041965f,0.11875f,-0.06905873295122351f,0.973118813972903f,0.21970586085751612f,0.5f,-0.10841993930008652f,0.21160618864258743f,-0.9713227772940998f,1.4542680739874818e-17f,0f,0f,0f,1f],start_interpolation:0}