execute if entity @s[tag=aj.toji.locator_origin.head] at @s on origin run tp @s ^0 ^1.49683 ^-0.06893 ~0 ~-5.27344
execute if entity @s[tag=aj.toji.bone.blade2] run data modify entity @s {} merge value {transformation:[0.4018451600801535f,0.25301911319783205f,1.4228498851518872f,-0.44077493508061255f,0.9506497192312794f,1.0660444024119213f,-0.45805506591642375f,1.3447475670722953f,-1.0884785614083747f,1.024466036744407f,0.12523482307873576f,0.5442324618636392f,0f,0f,0f,1f],start_interpolation:0}
execute if entity @s[tag=aj.toji.bone.chain2] run data modify entity @s {} merge value {transformation:[-1.4722543950529945f,0.4157981170273814f,-0.26180449907275644f,-0.5011567535850968f,0.47395975570518856f,0.983658390037921f,-1.1030598330512242f,1.0445129685392218f,-0.1295832544356368f,-1.1262729559017213f,-1.0600377741313656f,0.13827486518841667f,0f,0f,0f,1f],start_interpolation:0}
execute if entity @s[tag=aj.toji.bone.bottom2] run data modify entity @s {} merge value {transformation:[-0.9485665901012581f,0.2678967733867692f,-0.16867940879855448f,-0.4509261085750776f,0.3053700439442825f,0.6337664794875195f,-0.7106962682746142f,1.1633441834431317f,-0.08348988205249083f,-0.7256523742722498f,-0.6829773578296047f,0.002215045012369833f,0f,0f,0f,1f],start_interpolation:0}
execute if entity @s[tag=aj.toji.bone.rightarm] run data modify entity @s {} merge value {transformation:[-0.9485665901012581f,0.3165627867749958f,-0.0030702073090243917f,-0.3125f,0.3053700439442825f,0.9123843133826931f,-0.2725876023495173f,1.3723546340422874f,-0.08348988205249083f,-0.25950504180543404f,-0.9621260691159039f,-0.057443097810708f,0f,0f,0f,1f],start_interpolation:0}
execute if entity @s[tag=aj.toji.bone.chain] run data modify entity @s {} merge value {transformation:[-1.4722542468102808f,-0.41579815511567975f,0.26180527222078964f,0.45092617315786526f,-0.4739603576505617f,0.9836583537036431f,-1.1030596068100318f,1.163344231781953f,0.1295827370291128f,-1.1262729735737014f,-1.0600378186048873f,0.0022150645130001242f,0f,0f,0f,1f],start_interpolation:0}
execute if entity @s[tag=aj.toji.bone.blade] run data modify entity @s {} merge value {transformation:[0.40184519689032094f,-0.25301986040130037f,-1.4228497418837611f,0.44077475690176093f,-0.9506496841162725f,1.0660441837627153f,-0.4580556476622878f,1.344747549059919f,1.0884785784873354f,1.0244660797255285f,0.1252343230348468f,0.5442324990241898f,0f,0f,0f,1f],start_interpolation:0}
execute if entity @s[tag=aj.toji.bone.bottom] run data modify entity @s {} merge value {transformation:[-0.9485664945891741f,-0.26789679792688087f,0.1686799069342f,0.45092617315786526f,-0.3053704317748585f,0.6337664560775149f,-0.7106961225084768f,1.163344231781953f,0.08348954868989818f,-0.7256523856582237f,-0.6829773864836857f,0.0022150645130001242f,0f,0f,0f,1f],start_interpolation:0}
execute if entity @s[tag=aj.toji.bone.leftarm] run data modify entity @s {} merge value {transformation:[-0.9485664945891741f,-0.31656306898416753f,0.0030706185259037027f,0.3125f,-0.3053704317748585f,0.9123842169850523f,-0.2725874905314062f,1.3723546340422874f,0.08348954868989818f,-0.2595050364673067f,-0.962126099483669f,-0.057443097810707916f,0f,0f,0f,1f],start_interpolation:0}
execute if entity @s[tag=aj.toji.locator_origin.mount] at @s on origin run tp @s ^0 ^1.73007 ^-0.15891 ~0 ~-21.09375
execute if entity @s[tag=aj.toji.bone.head] run data modify entity @s {} merge value {transformation:[-1f,4.40744304521593e-17f,1.1425866447204934e-16f,8.44170070403902e-18f,0f,0.9329927988347388f,-0.35989503653498817f,1.4968255608507448f,-1.2246467991473532e-16f,-0.35989503653498817f,-0.9329927988347388f,-0.06893171737284956f,0f,0f,0f,1f],start_interpolation:0}
execute if entity @s[tag=aj.toji.bone.upper] run data modify entity @s {} merge value {transformation:[-1f,1.1255600938718693e-17f,1.2194633768230554e-16f,0f,0f,0.9957674144676598f,-0.09190895649713274f,0.75f,-1.2246467991473532e-16f,-0.09190895649713274f,-0.9957674144676598f,0f,0f,0f,0f,1f],start_interpolation:0}