execute if entity @s[tag=aj.toji.locator_origin.head] at @s on origin run tp @s ^0.0332 ^1.03671 ^0.85829 ~-21.5569 ~49.89788
execute if entity @s[tag=aj.toji.bone.blade2] run data modify entity @s {} merge value {transformation:[0.6723617689850394f,0.610291040390786f,1.193932367274646f,-0.38369103104734154f,0.7222096798200434f,-1.2901632086058326f,0.25276881440188237f,0.2956110693138536f,1.129753437694057f,0.4615449503338052f,-0.8721430093968686f,0.5952541330387646f,0f,0f,0f,1f],start_interpolation:0}
execute if entity @s[tag=aj.toji.bone.chain2] run data modify entity @s {} merge value {transformation:[-1.2353883522494602f,0.6957076637414648f,-0.6314817015154658f,-0.5475436185539482f,-0.26154550934639176f,0.747286404813795f,1.3349605422379796f,0.7688896921040929f,0.9024257527787045f,1.1689809876139894f,-0.4775708166648403f,0.5072312767018389f,0f,0f,0f,1f],start_interpolation:0}
execute if entity @s[tag=aj.toji.bone.bottom2] run data modify entity @s {} merge value {transformation:[-0.7959549115164307f,0.4482411793233598f,-0.4068606935938571f,-0.46349839743081817f,-0.16851254293458795f,0.48147311988002894f,0.8601088057372217f,0.8591659020815983f,0.5814286729312458f,0.7531689584627045f,-0.30769663355587024f,0.648450456413596f,0f,0f,0f,1f],start_interpolation:0}
execute if entity @s[tag=aj.toji.bone.rightarm] run data modify entity @s {} merge value {transformation:[-0.7927642919345955f,0.5532548084641267f,-0.2558004971550323f,-0.27563692706887427f,-0.20845630860542605f,0.14827262546797065f,0.966727053484816f,0.90926257773643f,0.5727746021220202f,0.819709915426279f,-0.0022157878517653495f,0.8175795226375395f,0f,0f,0f,1f],start_interpolation:0}
execute if entity @s[tag=aj.toji.bone.chain] run data modify entity @s {} merge value {transformation:[-1.3843713455246827f,-0.5810094268471703f,-0.39358188120899784f,0.44474651906459217f,-0.6016900151585871f,1.4307036451671669f,0.004344994240777386f,0.8237038183579102f,0.3611755486737025f,0.1564538245975983f,-1.5013450960455912f,0.5644584322143642f,0f,0f,0f,1f],start_interpolation:0}
execute if entity @s[tag=aj.toji.bone.blade] run data modify entity @s {} merge value {transformation:[0.5615124662147145f,0.3803744355308432f,-1.337915931245331f,0.6753833262421054f,-1.3826934557320272f,-0.004199189064912502f,-0.5814990750525939f,0.5684267571585069f,-0.15120369625539692f,1.4509643881245982f,0.34905556381888f,1.0210035004014004f,0f,0f,0f,1f],start_interpolation:0}
execute if entity @s[tag=aj.toji.bone.bottom] run data modify entity @s {} merge value {transformation:[-0.8919439541635539f,-0.3743416441431432f,-0.2535829570205623f,0.44474651906459217f,-0.3876660500350628f,0.9217956371546846f,0.0027994593766082487f,0.8237038183579102f,0.23270370921258682f,0.10080246417026467f,-0.9673095920830654f,0.5644584322143642f,0f,0f,0f,1f],start_interpolation:0}
execute if entity @s[tag=aj.toji.bone.leftarm] run data modify entity @s {} merge value {transformation:[-0.8919439541635539f,-0.23209995859593668f,-0.3880278235524464f,0.3309750322803859f,-0.3876660500350628f,0.8342474613541451f,0.3921048416869861f,1.008036555569255f,0.23270370921258682f,0.5001607566012439f,-0.8340792535933113f,0.7040426031904619f,0f,0f,0f,1f],start_interpolation:0}
execute if entity @s[tag=aj.toji.locator_origin.mount] at @s on origin run tp @s ^0.00857 ^1.27073 ^0.94271 ~-7.43226 ~18.98756
execute if entity @s[tag=aj.toji.bone.head] run data modify entity @s {} merge value {transformation:[-0.9875868009574769f,-0.09854523623394015f,-0.12231576754520915f,0.03320286312690697f,-0.13370379075101685f,0.9360888511704757f,0.3253628114169588f,1.036707604983411f,0.08243547120860667f,0.3376780998672199f,-0.9376448655843421f,0.8582857754968009f,0f,0f,0f,1f],start_interpolation:0}
execute if entity @s[tag=aj.toji.bone.upper] run data modify entity @s {} merge value {transformation:[-0.9705791349588162f,0.04427048416920934f,-0.23667755916862873f,-3.348643591418544e-17f,-0.15803836453251968f,0.624464306644548f,0.7648975127837915f,0.568359375f,0.1816590711153242f,0.7797977006624012f,-0.5990955916405577f,0.2734375f,0f,0f,0f,1f],start_interpolation:0}
execute if entity @s[tag=aj.toji.bone.bottom3] run data modify entity @s {} merge value {transformation:[-0.9913387298527653f,0.11670854209415191f,0.06022158164780843f,-0.11888852156733318f,0.09176823828806188f,0.2875609003938394f,0.9533558197263967f,0.3797828495184362f,0.09394739557545793f,0.950624975880048f,-0.2957803950528947f,0.5227048010025112f,0f,0f,0f,1f],start_interpolation:0}
execute if entity @s[tag=aj.toji.bone.rightleg] run data modify entity @s {} merge value {transformation:[-0.9913387298527653f,-0.01938350558158925f,-0.12989150243674363f,-0.11875000000000002f,0.09176823828806188f,0.6052802463067652f,-0.790705010653358f,0.568359375f,0.09394739557545793f,-0.7957764152965265f,-0.5982589604196483f,0.2734375f,0f,0f,0f,1f],start_interpolation:0}
execute if entity @s[tag=aj.toji.bone.bottom4] run data modify entity @s {} merge value {transformation:[-0.9913388178348493f,-0.13122377924219883f,0.005260039467355104f,0.16553693865417696f,-0.04637024724324609f,0.3872178018129814f,0.920821467022638f,0.5036072806720041f,-0.12287045383005507f,0.9126021552245633f,-0.38994891698154377f,-0.028743672728395897f,0f,0f,0f,1f],start_interpolation:0}
execute if entity @s[tag=aj.toji.bone.leftleg] run data modify entity @s {} merge value {transformation:[-0.9913388178348493f,-0.12989142733666934f,-0.01937950872045559f,0.11874999999999997f,-0.04637024724324609f,0.20813410679445188f,0.9770005085768769f,0.568359375f,-0.12287045383005507f,0.969437161807468f,-0.21235451698110364f,0.2734375f,0f,0f,0f,1f],start_interpolation:0}