execute if entity @s[tag=aj.toji.locator_origin.head] at @s on origin run tp @s ^0 ^1.49859 ^-0.04603 ~0 ~-3.51852
execute if entity @s[tag=aj.toji.bone.blade2] run data modify entity @s {} merge value {transformation:[0.3041052457671926f,0.09958347298534198f,1.4654702765341414f,-0.44995425841387354f,1.2460702110268125f,0.7748827959339627f,-0.31123252040421473f,1.1763898423367918f,-0.7777075470178174f,1.2804841992284568f,0.07437194926709276f,0.5730048599848767f,0f,0f,0f,1f],start_interpolation:0}
execute if entity @s[tag=aj.toji.bone.chain2] run data modify entity @s {} merge value {transformation:[-1.5163546611360215f,0.31466445568966495f,-0.10304123246399936f,-0.4648348467477794f,0.32203920514047235f,1.2893365377985768f,-0.8017884485705589f,0.9907754433737811f,-0.07695430861664505f,-0.8047112812892695f,-1.3249454561461116f,0.09980911671473278f,0f,0f,0f,1f],start_interpolation:0}
execute if entity @s[tag=aj.toji.bone.bottom2] run data modify entity @s {} merge value {transformation:[-0.9769801843560942f,0.20273683051146196f,-0.06638898199022777f,-0.4268216910268803f,0.20748834693614324f,0.830713474017875f,-0.5165885306226419f,1.1465342197521327f,-0.04958129951139547f,-0.5184716980118783f,-0.8536561328189711f,0.0025956733375056065f,0f,0f,0f,1f],start_interpolation:0}
execute if entity @s[tag=aj.toji.bone.rightarm] run data modify entity @s {} merge value {transformation:[-0.9769801843560942f,0.21304171801849744f,0.011088090875306836f,-0.3125f,0.20748834693614324f,0.9610227448324573f,-0.1827125332329355f,1.373821884276738f,-0.04958129951139547f,-0.17620587475568716f,-0.9831038523169078f,-0.03835696413195397f,0f,0f,0f,1f],start_interpolation:0}
execute if entity @s[tag=aj.toji.bone.chain] run data modify entity @s {} merge value {transformation:[-1.5163545947188235f,-0.3146646100529619f,0.10304173846767968f,0.42682174090338376f,-0.32203960323718794f,1.289336497579035f,-0.8017883533505417f,1.1465342473505966f,0.0769539513804123f,-0.8047112853700736f,-1.324945474416248f,0.0025956872761061164f,0f,0f,0f,1f],start_interpolation:0}
execute if entity @s[tag=aj.toji.bone.blade] run data modify entity @s {} merge value {transformation:[0.3041053949505132f,-0.09958396200903302f,-1.4654702123457084f,0.4499541724058558f,-1.2460701721569194f,0.7748827039092482f,-0.31123290514198015f,1.1763898464840743f,0.7777075509616819f,1.2804842168855013f,0.07437160401865305f,0.573004880661619f,0f,0f,0f,1f],start_interpolation:0}
execute if entity @s[tag=aj.toji.bone.bottom] run data modify entity @s {} merge value {transformation:[-0.9769801415638056f,-0.202736929967009f,0.0663893080060218f,0.42682174090338376f,-0.20748860342798683f,0.830713448104613f,-0.5165884692728322f,1.1465342473505966f,0.049581069345768995f,-0.5184717006411212f,-0.8536561445903342f,0.0025956872761061164f,0f,0f,0f,1f],start_interpolation:0}
execute if entity @s[tag=aj.toji.bone.leftarm] run data modify entity @s {} merge value {transformation:[-0.9769801415638056f,-0.21304192822258358f,-0.011087822562157757f,0.3125f,-0.20748860342798683f,0.9610226985615626f,-0.1827124853340774f,1.373821884276738f,0.049581069345768995f,-0.17620587296868226f,-0.9831038642452153f,-0.038356964131953886f,0f,0f,0f,1f],start_interpolation:0}
execute if entity @s[tag=aj.toji.locator_origin.mount] at @s on origin run tp @s ^0 ^1.74108 ^-0.10682 ~0 ~-14.07407
execute if entity @s[tag=aj.toji.bone.head] run data modify entity @s {} merge value {transformation:[-1f,2.978048652989241e-17f,1.1878855352541958e-16f,5.636848001904865e-18f,0f,0.9699821500217436f,-0.24317612678714176f,1.4985862611320857f,-1.2246467991473532e-16f,-0.24317612678714176f,-0.9699821500217436f,-0.04602835695834471f,0f,0f,0f,1f],start_interpolation:0}
execute if entity @s[tag=aj.toji.bone.upper] run data modify entity @s {} merge value {transformation:[-1f,7.515797335873153e-18f,1.2223383581081245e-16f,0f,0f,0.998115014842781f,-0.06137114261112628f,0.75f,-1.2246467991473532e-16f,-0.06137114261112628f,-0.998115014842781f,0f,0f,0f,0f,1f],start_interpolation:0}