execute if entity @s[tag=aj.toji.locator_origin.head] at @s on origin run tp @s ^-0.02295 ^0.95279 ^0.7266 ~12.20474 ~55.02362
execute if entity @s[tag=aj.toji.bone.blade2] run data modify entity @s {} merge value {transformation:[-0.157320233370439f,0.17942119351399521f,1.4808978288492032f,-0.340051251804255f,1.424625390892242f,0.4596667266991804f,0.09565038416435255f,0.6454037821147534f,-0.4423718343174636f,1.4165149260363175f,-0.21861524310744584f,0.9674265323509286f,0f,0f,0f,1f],start_interpolation:0}
execute if entity @s[tag=aj.toji.bone.chain2] run data modify entity @s {} merge value {transformation:[-1.532317892350912f,-0.16278274147357888f,-0.1856510960665642f,-0.4086929067491133f,-0.0989715780589479f,1.4740915502982226f,-0.47562737693179086f,0.575663681151187f,0.22620605015978731f,-0.4577319674534867f,-1.4656994720792453f,0.46841451848295634f,0f,0f,0f,1f],start_interpolation:0}
execute if entity @s[tag=aj.toji.bone.bottom2] run data modify entity @s {} merge value {transformation:[-0.9872652192328022f,-0.10488015558029243f,-0.11961412900932993f,-0.42835793592041815f,-0.06376692277623489f,0.9497502605948279f,-0.30644448446612027f,0.7537418550127173f,0.14574349540496362f,-0.2949145562116424f,-0.9443432840242116f,0.4131180391932734f,0f,0f,0f,1f],start_interpolation:0}
execute if entity @s[tag=aj.toji.bone.rightarm] run data modify entity @s {} merge value {transformation:[-0.970424615073517f,0.15413587481201707f,0.18579073861565498f,-0.32917242877531905f,0.24071491338775752f,0.6759681613090721f,0.6965079865795918f,0.9076892132532505f,-0.018231756145276633f,0.7206310963262456f,-0.69307894649563f,0.5944152980339146f,0f,0f,0f,1f],start_interpolation:0}
execute if entity @s[tag=aj.toji.bone.chain] run data modify entity @s {} merge value {transformation:[-1.420441327326909f,-0.3735850433911748f,0.5017402959572753f,0.4368171026329961f,0.13888413516875903f,1.0254873893178245f,1.1567408892918283f,0.7795173537399113f,-0.6099346737408081f,1.1035273006662036f,-0.9050800318558392f,0.45490346600639775f,0f,0f,0f,1f],start_interpolation:0}
execute if entity @s[tag=aj.toji.bone.blade] run data modify entity @s {} merge value {transformation:[0.3610486325391216f,-0.4849033732741455f,-1.372775510973657f,0.3417307052314398f,-0.9910750608172262f,-1.1179240809263307f,0.1342235937201434f,0.22410554708341646f,-1.0664961831941835f,0.8747082187063141f,-0.5894670672394386f,0.5511812731132725f,0f,0f,0f,1f],start_interpolation:0}
execute if entity @s[tag=aj.toji.bone.bottom] run data modify entity @s {} merge value {transformation:[-0.9151836739824379f,-0.24069908835941461f,0.3232689155160968f,0.4368171026329961f,0.08948239581342862f,0.6607167072114841f,0.7452827206175537f,0.7795173537399113f,-0.39297804482629245f,0.7109974554627889f,-0.5831388124708762f,0.45490346600639775f,0f,0f,0f,1f],start_interpolation:0}
execute if entity @s[tag=aj.toji.bone.leftarm] run data modify entity @s {} merge value {transformation:[-0.9151836739824379f,-0.354766805262974f,0.19125730511410463f,0.29092642169335026f,0.08948239581342862f,0.2838426088782124f,0.9546864795443051f,0.8560706556978036f,-0.39297804482629245f,0.8908276417291467f,-0.22802273793591554f,0.6530492486370412f,0f,0f,0f,1f],start_interpolation:0}
execute if entity @s[tag=aj.toji.locator_origin.mount] at @s on origin run tp @s ^-0.01197 ^1.18249 ^0.82467 ~4.18601 ~22.89459
execute if entity @s[tag=aj.toji.bone.head] run data modify entity @s {} merge value {transformation:[-0.9967696393056781f,0.043914596291710316f,0.06724428890964962f,-0.02294760424918132f,0.06672489780534441f,0.918802518123836f,0.3890369143181203f,0.9527871713706324f,-0.044699822944779845f,0.3922670530669564f,-0.918764651533172f,0.7266037280025733f,0f,0f,0f,1f],start_interpolation:0}
execute if entity @s[tag=aj.toji.bone.upper] run data modify entity @s {} merge value {transformation:[-0.992158160749871f,-0.030596805665575075f,0.12118588837194007f,-1.339457436567427e-17f,0.08258969208871507f,0.5672578951608429f,0.819388444596567f,0.5273437500000002f,-0.09381432096500257f,0.8229716373367634f,-0.5602825691748068f,0.10937500000000076f,0f,0f,0f,1f],start_interpolation:0}
execute if entity @s[tag=aj.toji.bone.bottom3] run data modify entity @s {} merge value {transformation:[-0.9916122720756124f,0.12874853145969584f,0.011354184955923698f,-0.16329060369940132f,0.05771029437464077f,0.3624459810449415f,0.9302163365301439f,0.3084649072007798f,0.11564870856275877f,0.9230691883446992f,-0.3668359984194904f,-0.10926511365018701f,0f,0f,0f,1f],start_interpolation:0}
execute if entity @s[tag=aj.toji.bone.rightleg] run data modify entity @s {} merge value {transformation:[-0.9916122720756124f,0.12269768639657193f,-0.040624864577867806f,-0.11875000000000001f,0.05771029437464077f,0.7015665028449983f,0.7102633061119173f,0.5273437500000002f,0.11564870856275877f,0.701961337851856f,-0.7027628734993039f,0.10937500000000075f,0f,0f,0f,1f],start_interpolation:0}
execute if entity @s[tag=aj.toji.bone.bottom4] run data modify entity @s {} merge value {transformation:[-0.9916124411874517f,-0.12148093323457422f,-0.04412651518893622f,0.13764457122942775f,-0.08041258008273185f,0.31258623651833567f,0.9464796150492313f,0.23498940562964588f,-0.10118588561010246f,0.94208928854953f,-0.3197329963477952f,0.21831188542379254f,0f,0f,0f,1f],start_interpolation:0}
execute if entity @s[tag=aj.toji.bone.leftleg] run data modify entity @s {} merge value {transformation:[-0.9916124411874517f,-0.04063037911041979f,0.1226944936645735f,0.11874999999999998f,-0.08041258008273185f,0.9371421535867885f,-0.33955618229558754f,0.5273437500000002f,-0.10118588561010246f,-0.34657431564393165f,-0.9325490122718696f,0.10937500000000078f,0f,0f,0f,1f],start_interpolation:0}