execute if entity @s[tag=aj.toji.locator_origin.head] at @s on origin run tp @s ^-0.0155 ^1.46511 ^0.1459 ~-1.80581 ~7.92376
execute if entity @s[tag=aj.toji.bone.blade2] run data modify entity @s {} merge value {transformation:[0.045591944721691265f,0.10965255290200925f,1.4952918418217118f,-0.3678242505448175f,1.4772010766113992f,-0.2592284414120787f,-0.026030643887300326f,0.7329000083975743f,0.25651189803714214f,1.4733556708429694f,-0.11586506531412408f,0.5317038223987939f,0f,0f,0f,1f],start_interpolation:0}
execute if entity @s[tag=aj.toji.bone.chain2] run data modify entity @s {} merge value {transformation:[-1.5472116974405214f,0.047174998357861445f,-0.11345993321110645f,-0.40124491644984256f,0.0269344856889431f,1.5284927806604063f,0.2682294289611092f,0.9062322755327197f,0.1198881578597531f,0.2654185611634318f,-1.5245138538583505f,0.05481040378117222f,0f,0f,0f,1f],start_interpolation:0}
execute if entity @s[tag=aj.toji.bone.bottom2] run data modify entity @s {} merge value {transformation:[-0.9968612278811412f,0.030394629814461064f,-0.07310170193467261f,-0.3955459233596311f,0.01735376259153381f,0.9848007177409328f,0.17281896094138577f,1.0908824101091446f,0.07724337687608253f,0.17100793202476142f,-0.982237113895313f,0.08687439103581499f,0f,0f,0f,1f],start_interpolation:0}
execute if entity @s[tag=aj.toji.bone.rightarm] run data modify entity @s {} merge value {transformation:[-0.9964222108528958f,0.03229334243284258f,-0.07810197022830284f,-0.3251961995731145f,0.013970390966205514f,0.9743429818274354f,0.22463432938861605f,1.3335950061306154f,0.08335229987996069f,0.22273952006354208f,-0.9713081387008882f,0.13734975230920296f,0f,0f,0f,1f],start_interpolation:0}
execute if entity @s[tag=aj.toji.bone.chain] run data modify entity @s {} merge value {transformation:[-1.5476474760289625f,-0.0688606529046801f,-0.09491140096866874f,0.37174124446863044f,-0.069556449323871f,1.5504962025825766f,0.00927899485808581f,1.1027876064778588f,0.09440266897577637f,0.013505919800657363f,-1.549150864129023f,0.09730612528341669f,0f,0f,0f,1f],start_interpolation:0}
execute if entity @s[tag=aj.toji.bone.blade] run data modify entity @s {} merge value {transformation:[0.06654989274009318f,0.0917264546274379f,-1.4957129969675877f,0.41510730674155427f,-1.4984661286704095f,-0.008967619191707106f,-0.06722234028615687f,0.8244689680184669f,-0.013052701015400382f,1.4971659358025458f,0.09123479417793118f,0.5947508299638444f,0f,0f,0f,1f],start_interpolation:0}
execute if entity @s[tag=aj.toji.bone.bottom] run data modify entity @s {} merge value {transformation:[-0.9971419979783918f,-0.04436659516006234f,-0.06115096975162549f,0.37174124446863044f,-0.0448148935241048f,0.9989774191136063f,0.005978412794471394f,1.1027876064778588f,0.06082319611862101f,0.008701800676933602f,-0.9981106238683638f,0.09730612528341669f,0f,0f,0f,1f],start_interpolation:0}
execute if entity @s[tag=aj.toji.bone.leftarm] run data modify entity @s {} merge value {transformation:[-0.9971419979783918f,-0.04021634051514653f,-0.06395687471437975f,0.29936578446619433f,-0.0448148935241048f,0.9963849228480681f,0.07217139904056356f,1.3490829063446192f,0.06082319611862101f,0.07483135356666275f,-0.9953395437423838f,0.11981541343249619f,0f,0f,0f,1f],start_interpolation:0}
execute if entity @s[tag=aj.toji.locator_origin.mount] at @s on origin run tp @s ^-0.02348 ^1.71463 ^0.15908 ~-0.90591 ~2.99514
execute if entity @s[tag=aj.toji.bone.head] run data modify entity @s {} merge value {transformation:[-0.999365383429331f,-0.031930278447263004f,-0.015788848008219204f,-0.015498249064152097f,-0.03271529471597265f,0.9980979471886794f,0.05225129002609735f,1.4651067474851407f,0.014090418545715673f,0.05273466730742257f,-0.9985091461620078f,0.14589909944501953f,0f,0f,0f,1f],start_interpolation:0}
execute if entity @s[tag=aj.toji.bone.upper] run data modify entity @s {} merge value {transformation:[-0.9992991744628942f,-0.020664332085536124f,-0.031211300793733996f,-5.1435165564188605e-18f,-0.024780640342406186f,0.9901423299801875f,0.1378553090948107f,0.7225000000000001f,0.028054942202730856f,0.1385321325933596f,-0.9899604883312956f,0.041999999999999815f,0f,0f,0f,1f],start_interpolation:0}
execute if entity @s[tag=aj.toji.bone.bottom3] run data modify entity @s {} merge value {transformation:[-0.9997989910558637f,0.01657070454235183f,-0.01128668395264992f,-0.12871855754754474f,0.014095904951886737f,0.9812854346322704f,0.19204218610020002f,0.41335034031644985f,0.014257732893566907f,0.1918444878789238f,-0.9813217665593733f,0.08697141623260624f,0f,0f,0f,1f],start_interpolation:0}
execute if entity @s[tag=aj.toji.bone.rightleg] run data modify entity @s {} merge value {transformation:[-0.9997989910558637f,0.011903404331025857f,-0.016133395458149524f,-0.11875f,0.014095904951886737f,0.9895608290863986f,-0.14342479214357168f,0.7225000000000001f,0.014257732893566907f,-0.14362337728646923f,-0.9895297077650393f,0.0419999999999998f,0f,0f,0f,1f],start_interpolation:0}
execute if entity @s[tag=aj.toji.bone.bottom4] run data modify entity @s {} merge value {transformation:[-0.9997991553975585f,-0.010235581029563267f,0.01723025673969824f,0.1283686015349589f,-0.0070362318876188955f,0.9842879736870586f,0.1764303723734894f,0.41688286972241523f,-0.01876540186493023f,0.1762737012035877f,-0.9841623046819239f,-0.02281484926623993f,0f,0f,0f,1f],start_interpolation:0}
execute if entity @s[tag=aj.toji.bone.leftleg] run data modify entity @s {} merge value {transformation:[-0.9997991553975585f,-0.010783541803917376f,0.016892723063255326f,0.11875f,-0.0070362318876188955f,0.9781155415260241f,0.20794345112572393f,0.7225000000000001f,-0.01876540186493023f,0.20778282568926587f,-0.9779949677996467f,0.04199999999999983f,0f,0f,0f,1f],start_interpolation:0}