execute if entity @s[tag=aj.toji.locator_origin.head] at @s on origin run tp @s ^-0.01504 ^1.26134 ^0.40922 ~-9.35948 ~32.56698
execute if entity @s[tag=aj.toji.bone.blade2] run data modify entity @s {} merge value {transformation:[0.12786458575760007f,0.48945639237421523f,1.41212006843365f,-0.28203802031844327f,1.3849334847231547f,-0.5715534912019212f,0.07270384850525077f,0.4791588483894864f,0.5617916790071003f,1.2975974131674717f,-0.5006306650011264f,0.5808786336751156f,0f,0f,0f,1f],start_interpolation:0}
execute if entity @s[tag=aj.toji.bone.chain2] run data modify entity @s {} merge value {transformation:[-1.461152015254263f,0.13230432831862818f,-0.5064514059983196f,-0.4374624444527988f,-0.07522828768946044f,1.4330214529427088f,0.5913990985353214f,0.7513831185709305f,0.5180136742025542f,0.58129833452818f,-1.3426528789024537f,0.18047191099524967f,0f,0f,0f,1f],start_interpolation:0}
execute if entity @s[tag=aj.toji.bone.bottom2] run data modify entity @s {} merge value {transformation:[-0.9414133789557666f,0.08524305717173358f,-0.32630426158280995f,-0.42147937123309875f,-0.04846923233683356f,0.9232889898154365f,0.3810356608012808f,0.9244998041613248f,0.33375377666741746f,0.3745277860047334f,-0.8650649421116479f,0.2506958708711372f,0f,0f,0f,1f],start_interpolation:0}
execute if entity @s[tag=aj.toji.bone.rightarm] run data modify entity @s {} merge value {transformation:[-0.9414133789557666f,0.16247704672882024f,-0.29553689991161347f,-0.3220217733661583f,-0.04846923233683356f,0.8020231652406936f,0.5953230853360023f,1.1280349224925503f,0.33375377666741746f,0.5747695640024618f,-0.7471602002627388f,0.37352865083003906f,0f,0f,0f,1f],start_interpolation:0}
execute if entity @s[tag=aj.toji.bone.chain] run data modify entity @s {} merge value {transformation:[-1.4991535000937606f,-0.27684310193836587f,-0.29130628842660045f,0.3890806979332361f,-0.31109835736176883f,1.511673380907644f,0.1643900091647092f,0.9681089382334995f,0.25439982078324525f,0.21717311061802191f,-1.515611838440521f,0.2046275376857734f,0f,0f,0f,1f],start_interpolation:0}
execute if entity @s[tag=aj.toji.bone.blade] run data modify entity @s {} merge value {transformation:[0.26755306496056797f,0.28153090962033833f,-1.448846335661084f,0.5327376375754217f,-1.4609460862463135f,-0.15887356590414853f,-0.30065881516842047f,0.6467139117812806f,-0.2098854223422493f,1.4647523807747316f,0.24586291404555213f,0.6550285087659495f,0f,0f,0f,1f],start_interpolation:0}
execute if entity @s[tag=aj.toji.bone.bottom] run data modify entity @s {} merge value {transformation:[-0.9658975571073893f,-0.1783687099737122f,-0.18768727308022576f,0.3890806979332361f,-0.20043921011228055f,0.9739640574975423f,0.10591571060276564f,0.9681089382334995f,0.1639086093637016f,0.1399236148948329f,-0.9765015871831544f,0.2046275376857734f,0f,0f,0f,1f],start_interpolation:0}
execute if entity @s[tag=aj.toji.bone.leftarm] run data modify entity @s {} merge value {transformation:[-0.9658975571073893f,-0.1270351849083841f,-0.22561908378785284f,0.2969533043869282f,-0.20043921011228055f,0.9184612784676572f,0.3409589462165811f,1.1851968072183963f,0.1639086093637016f,0.3745543241651992f,-0.9126023372891439f,0.30851040681230457f,0f,0f,0f,1f],start_interpolation:0}
execute if entity @s[tag=aj.toji.locator_origin.mount] at @s on origin run tp @s ^-0.03541 ^1.50338 ^0.46838 ~-4.18386 ~13.36603
execute if entity @s[tag=aj.toji.bone.head] run data modify entity @s {} merge value {transformation:[-0.9941429219929558f,-0.0814956433118211f,-0.07098105925174852f,-0.01504108138753808f,-0.09587257764270449f,0.9681778740811444f,0.23117104705360297f,1.261339037826568f,0.04988285785168503f,0.23662219731231465f,-0.9703203781389118f,0.4092234345854062f,0f,0f,0f,1f],start_interpolation:0}
execute if entity @s[tag=aj.toji.bone.upper] run data modify entity @s {} merge value {transformation:[-0.9903601244049384f,-0.020054775183384107f,-0.13705703185527907f,0f,-0.09145901556135352f,0.8377853837687573f,0.5382851467540081f,0.633f,0.10402919042837525f,0.5456312461138749f,-0.8315434268894422f,0f,0f,0f,0f,1f],start_interpolation:0}
execute if entity @s[tag=aj.toji.bone.bottom3] run data modify entity @s {} merge value {transformation:[-0.9966630297616454f,0.08156359860640389f,-0.003191314574100223f,-0.13200985771794888f,0.05522653911899962f,0.7025965474323342f,0.7094421194946784f,0.3540618299905459f,0.060106858870473664f,0.7068984869969218f,-0.7047564789331048f,0.140402941511482f,0f,0f,0f,1f],start_interpolation:0}
execute if entity @s[tag=aj.toji.bone.rightleg] run data modify entity @s {} merge value {transformation:[-0.9966630297616454f,0.02249828410220349f,-0.07846421043248936f,-0.11875f,0.05522653911899962f,0.8937066748126331f,-0.4452397205689134f,0.633f,0.060106858870473664f,-0.448087275659333f,-0.8919669046040452f,-1.4542680739874818e-17f,0f,0f,0f,1f],start_interpolation:0}
execute if entity @s[tag=aj.toji.bone.bottom4] run data modify entity @s {} merge value {transformation:[-0.9966644626384755f,-0.07374719582914181f,0.03494710318319786f,0.1480251515880973f,-0.03131682065027974f,0.7410650719029928f,0.670702479457002f,0.40161289515937904f,-0.07536050462886433f,0.6673708941156711f,-0.7409027493735818f,-0.2080824012572168f,0f,0f,0f,1f],start_interpolation:0}
execute if entity @s[tag=aj.toji.bone.leftleg] run data modify entity @s {} merge value {transformation:[-0.9966644626384755f,-0.07374719582914181f,0.03494710318319786f,0.11875f,-0.03131682065027974f,0.7410650719029928f,0.670702479457002f,0.633f,-0.07536050462886433f,0.6673708941156711f,-0.7409027493735818f,1.4542680739874818e-17f,0f,0f,0f,1f],start_interpolation:0}