execute if entity @s[tag=aj.toji.locator_origin.head] at @s on origin run tp @s ^0.02295 ^0.95282 ^0.72658 ~-12.20103 ~55.02138
execute if entity @s[tag=aj.toji.bone.blade2] run data modify entity @s {} merge value {transformation:[0.17817042472145106f,0.6164096959696103f,1.3558371533739697f,-0.2642089848056236f,1.1550466870112504f,-0.9192583078287785f,0.2661415306037474f,0.26028980496573606f,0.9402778581775245f,1.0124244417251211f,-0.5838444135372574f,0.6203373838769238f,0f,0f,0f,1f],start_interpolation:0}
execute if entity @s[tag=aj.toji.bone.chain2] run data modify entity @s {} merge value {transformation:[-1.4029148323105662f,0.18435689780205733f,-0.6378128104129992f,-0.45908426952432296f,-0.2753825559719326f,1.1951524747546967f,0.9511769990728335f,0.6351655561379124f,0.6041167890073011f,0.9729263949197996f,-1.0475780681739104f,0.3373530326321079f,0f,0f,0f,1f],start_interpolation:0}
execute if entity @s[tag=aj.toji.bone.bottom2] run data modify entity @s {} merge value {transformation:[-0.9038914355826466f,0.11878028314763424f,-0.4109397973130733f,-0.4368129664341415f,-0.17742768706916462f,0.7700311246741669f,0.6128388718858524f,0.7795463920143186f,0.3892296090248383f,0.6268519054516829f,-0.6749496278167476f,0.4548877649042985f,0f,0f,0f,1f],start_interpolation:0}
execute if entity @s[tag=aj.toji.bone.rightarm] run data modify entity @s {} merge value {transformation:[-0.9151899114869405f,0.354767429515057f,-0.19122629753202053f,-0.2909217395874435f,-0.08943631796499635f,0.2838733596641731f,0.954681654113998f,0.8561045018031742f,0.39297400797176124f,0.8908175944761387f,-0.22806894227482188f,0.6530312880250981f,0f,0f,0f,1f],start_interpolation:0}
execute if entity @s[tag=aj.toji.bone.chain] run data modify entity @s {} merge value {transformation:[-1.506191197686525f,-0.3386478997853373f,-0.16021345010242782f,0.42836166546398924f,-0.37356359387295385f,1.4077635468607863f,0.5362972226981727f,0.7537432295636615f,0.028301783609268272f,0.5590009568077953f,-1.4476462319723056f,0.4131114598348812f,0f,0f,0f,1f],start_interpolation:0}
execute if entity @s[tag=aj.toji.bone.blade] run data modify entity @s {} merge value {transformation:[0.3272838763026075f,0.15483715983053392f,-1.4556478689050978f,0.5406960806274226f,-1.3605231593822364f,-0.5183006716009186f,-0.3610279028033912f,0.3308161882703169f,-0.5402425354384062f,1.3990674993557852f,0.027352059327077866f,0.7809522011867519f,0f,0f,0f,1f],start_interpolation:0}
execute if entity @s[tag=aj.toji.bone.bottom] run data modify entity @s {} merge value {transformation:[-0.9704319126033986f,-0.21818925086840524f,-0.10322477322035617f,0.42836166546398924f,-0.2406852685355944f,0.9070154395881576f,0.345533781067279f,0.7537432295636615f,0.018234706218052038f,0.36016169029227074f,-0.9327116662371902f,0.4131114598348812f,0f,0f,0f,1f],start_interpolation:0}
execute if entity @s[tag=aj.toji.bone.leftarm] run data modify entity @s {} merge value {transformation:[-0.9704319126033986f,-0.15412194288276398f,-0.18576417771721188f,0.32917918520558587f,-0.2406852685355944f,0.6760062699338725f,0.6964812449162154f,0.907701967763655f,0.018234706218052038f,0.7205983275946f,-0.6931129386737828f,0.5944007108721594f,0f,0f,0f,1f],start_interpolation:0}
execute if entity @s[tag=aj.toji.locator_origin.mount] at @s on origin run tp @s ^0.01198 ^1.18252 ^0.82464 ~-4.18469 ~22.89206
execute if entity @s[tag=aj.toji.bone.head] run data modify entity @s {} merge value {transformation:[-0.9967720316441594f,-0.04389073256017335f,-0.06722440425400801f,0.02295446737088542f,-0.06669309683890387f,0.9188220450017187f,0.3889962473506606f,0.9528151317400975f,0.04469393433131097f,0.3922239834765222f,-0.9187833253927705f,0.7265841993383543f,0f,0f,0f,1f],start_interpolation:0}
execute if entity @s[tag=aj.toji.bone.upper] run data modify entity @s {} merge value {transformation:[-0.992161479668847f,0.03060595649451391f,-0.1211564017639177f,-1.3394574365674271e-17f,-0.08255594553676912f,0.567295175653463f,0.8193660351374328f,0.5273437500000002f,0.09380892344470185f,0.8229455991178047f,-0.5603217172078765f,0.10937500000000078f,0f,0f,0f,1f],start_interpolation:0}
execute if entity @s[tag=aj.toji.bone.bottom3] run data modify entity @s {} merge value {transformation:[-0.991612372234308f,0.12148162041064457f,0.044126172893785384f,-0.13764445772692224f,0.0804124710556577f,0.31258619075551514f,0.9464796394258462f,0.23498939692421728f,0.10118664798564674f,0.9420892151231544f,-0.3197329714278277f,0.21831188174739613f,0f,0f,0f,1f],start_interpolation:0}
execute if entity @s[tag=aj.toji.bone.rightleg] run data modify entity @s {} merge value {transformation:[-0.991612372234308f,0.04063001728146498f,-0.12269517075890163f,-0.11875000000000001f,0.0804124710556577f,0.9371421792636185f,-0.3395561372494375f,0.5273437500000002f,0.10118664798564674f,-0.3465742886319522f,-0.9325489395890626f,0.10937500000000076f,0f,0f,0f,1f],start_interpolation:0}
execute if entity @s[tag=aj.toji.bone.bottom4] run data modify entity @s {} merge value {transformation:[-0.9916123306359388f,-0.1287480742240481f,-0.011354255341527314f,0.16329048161193624f,-0.057710194674989036f,0.3624460188114446f,0.9302163280002715f,0.308464896799863f,-0.11564825619669526f,0.9230692372901033f,-0.3668360178708338f,-0.1092651281091127f,0f,0f,0f,1f],start_interpolation:0}
execute if entity @s[tag=aj.toji.bone.leftleg] run data modify entity @s {} merge value {transformation:[-0.9916123306359388f,-0.12269729454547726f,0.04062461866875789f,0.11874999999999998f,-0.057710194674989036f,0.7015665341339389f,0.7102632833068789f,0.5273437500000002f,-0.11564825619669526f,0.7019613750730971f,-0.7027629107630471f,0.10937500000000079f,0f,0f,0f,1f],start_interpolation:0}