execute if entity @s[tag=aj.toji.locator_origin.head] at @s on origin run tp @s ^-0.02295 ^0.95279 ^0.7266 ~12.20474 ~55.02362
execute if entity @s[tag=aj.toji.bone.blade2] run data modify entity @s {} merge value {transformation:[-0.1573202333704391f,0.17942119351399527f,1.4808978288492034f,-0.34005125180425494f,1.424625390892242f,0.4596667266991795f,0.0956503841643528f,0.6454037821147529f,-0.44237183431746313f,1.4165149260363181f,-0.21861524310744584f,0.9674265323509286f,0f,0f,0f,1f],start_interpolation:0}
execute if entity @s[tag=aj.toji.bone.chain2] run data modify entity @s {} merge value {transformation:[-1.532317892350912f,-0.16278274147357902f,-0.18565109606656424f,-0.4086929067491133f,-0.09897157805894816f,1.4740915502982228f,-0.4756273769317899f,0.5756636811511869f,0.22620605015978731f,-0.45773196745348627f,-1.465699472079246f,0.468414518482956f,0f,0f,0f,1f],start_interpolation:0}
execute if entity @s[tag=aj.toji.bone.bottom2] run data modify entity @s {} merge value {transformation:[-0.9872652192328023f,-0.10488015558029251f,-0.11961412900932997f,-0.42835793592041815f,-0.06376692277623505f,0.949750260594828f,-0.30644448446611966f,0.7537418550127172f,0.14574349540496362f,-0.29491455621164214f,-0.9443432840242121f,0.4131180391932731f,0f,0f,0f,1f],start_interpolation:0}
execute if entity @s[tag=aj.toji.bone.rightarm] run data modify entity @s {} merge value {transformation:[-0.9704246150735171f,0.15413587481201704f,0.18579073861565487f,-0.32917242877531905f,0.2407149133877574f,0.6759681613090716f,0.6965079865795922f,0.9076892132532502f,-0.018231756145276452f,0.7206310963262459f,-0.6930789464956297f,0.5944152980339144f,0f,0f,0f,1f],start_interpolation:0}
execute if entity @s[tag=aj.toji.bone.chain] run data modify entity @s {} merge value {transformation:[-1.4204413273269094f,-0.3735850433911745f,0.5017402959572751f,0.4368171026329961f,0.13888413516875875f,1.0254873893178245f,1.1567408892918283f,0.7795173537399109f,-0.6099346737408077f,1.1035273006662036f,-0.9050800318558399f,0.4549034660063973f,0f,0f,0f,1f],start_interpolation:0}
execute if entity @s[tag=aj.toji.bone.blade] run data modify entity @s {} merge value {transformation:[0.36104863253912134f,-0.4849033732741453f,-1.3727755109736572f,0.3417307052314398f,-0.9910750608172262f,-1.1179240809263307f,0.13422359372014317f,0.22410554708341612f,-1.0664961831941835f,0.8747082187063148f,-0.5894670672394382f,0.5511812731132723f,0f,0f,0f,1f],start_interpolation:0}
execute if entity @s[tag=aj.toji.bone.bottom] run data modify entity @s {} merge value {transformation:[-0.9151836739824382f,-0.24069908835941442f,0.32326891551609666f,0.4368171026329961f,0.08948239581342846f,0.6607167072114841f,0.7452827206175537f,0.7795173537399109f,-0.39297804482629217f,0.7109974554627888f,-0.5831388124708766f,0.4549034660063973f,0f,0f,0f,1f],start_interpolation:0}
execute if entity @s[tag=aj.toji.bone.leftarm] run data modify entity @s {} merge value {transformation:[-0.9151836739824382f,-0.3547668052629738f,0.19125730511410455f,0.29092642169335026f,0.08948239581342846f,0.2838426088782125f,0.9546864795443051f,0.8560706556978034f,-0.39297804482629217f,0.8908276417291469f,-0.228022737935916f,0.6530492486370407f,0f,0f,0f,1f],start_interpolation:0}
execute if entity @s[tag=aj.toji.locator_origin.mount] at @s on origin run tp @s ^-0.01197 ^1.18249 ^0.82467 ~4.18601 ~22.89459
execute if entity @s[tag=aj.toji.bone.head] run data modify entity @s {} merge value {transformation:[-0.9967696393056781f,0.043914596291710226f,0.06724428890964936f,-0.022947604249181262f,0.06672489780534423f,0.9188025181238358f,0.3890369143181205f,0.9527871713706322f,-0.044699822944779616f,0.3922670530669564f,-0.918764651533172f,0.726603728002573f,0f,0f,0f,1f],start_interpolation:0}
execute if entity @s[tag=aj.toji.bone.upper] run data modify entity @s {} merge value {transformation:[-0.992158160749871f,-0.030596805665575f,0.12118588837193979f,-1.3394574365674223e-17f,0.08258969208871489f,0.5672578951608427f,0.8193884445965671f,0.5273437500000001f,-0.09381432096500235f,0.8229716373367635f,-0.5602825691748068f,0.10937500000000039f,0f,0f,0f,1f],start_interpolation:0}
execute if entity @s[tag=aj.toji.bone.bottom3] run data modify entity @s {} merge value {transformation:[-0.9916122720756124f,0.12874853145969586f,0.011354184955923781f,-0.16329060369940135f,0.0577102943746408f,0.3624459810449408f,0.9302163365301443f,0.3084649072007797f,0.11564870856275881f,0.9230691883446995f,-0.36683599841948983f,-0.10926511365018744f,0f,0f,0f,1f],start_interpolation:0}
execute if entity @s[tag=aj.toji.bone.rightleg] run data modify entity @s {} merge value {transformation:[-0.9916122720756124f,0.12269768639657198f,-0.04062486457786779f,-0.11875000000000001f,0.0577102943746408f,0.7015665028449981f,0.7102633061119176f,0.5273437500000001f,0.11564870856275881f,0.7019613378518562f,-0.7027628734993037f,0.10937500000000037f,0f,0f,0f,1f],start_interpolation:0}
execute if entity @s[tag=aj.toji.bone.bottom4] run data modify entity @s {} merge value {transformation:[-0.9916124411874517f,-0.1214809332345743f,-0.04412651518893617f,0.13764457122942772f,-0.08041258008273183f,0.312586236518336f,0.9464796150492314f,0.23498940562964576f,-0.10118588561010251f,0.9420892885495302f,-0.31973299634779545f,0.21831188542379226f,0f,0f,0f,1f],start_interpolation:0}
execute if entity @s[tag=aj.toji.bone.leftleg] run data modify entity @s {} merge value {transformation:[-0.9916124411874517f,-0.04063037911041972f,0.12269449366457355f,0.11874999999999998f,-0.08041258008273183f,0.9371421535867884f,-0.33955618229558776f,0.5273437500000001f,-0.10118588561010251f,-0.3465743156439319f,-0.9325490122718696f,0.1093750000000004f,0f,0f,0f,1f],start_interpolation:0}