execute if entity @s[tag=aj.toji.locator_origin.head] at @s on origin run tp @s ^0.0332 ^1.03671 ^0.85829 ~-21.5569 ~49.89788
execute if entity @s[tag=aj.toji.bone.blade2] run data modify entity @s {} merge value {transformation:[0.67236176898504f,0.6102910403907857f,1.193932367274646f,-0.38369103104734176f,0.7222096798200427f,-1.290163208605833f,0.2527688144018823f,0.2956110693138536f,1.129753437694057f,0.46154495033380444f,-0.8721430093968691f,0.5952541330387646f,0f,0f,0f,1f],start_interpolation:0}
execute if entity @s[tag=aj.toji.bone.chain2] run data modify entity @s {} merge value {transformation:[-1.2353883522494602f,0.6957076637414652f,-0.6314817015154657f,-0.5475436185539483f,-0.2615455093463917f,0.7472864048137943f,1.3349605422379802f,0.7688896921040931f,0.902425752778705f,1.1689809876139894f,-0.4775708166648395f,0.5072312767018392f,0f,0f,0f,1f],start_interpolation:0}
execute if entity @s[tag=aj.toji.bone.bottom2] run data modify entity @s {} merge value {transformation:[-0.7959549115164307f,0.4482411793233601f,-0.406860693593857f,-0.4634983974308182f,-0.16851254293458792f,0.4814731198800285f,0.860108805737222f,0.8591659020815984f,0.5814286729312461f,0.7531689584627045f,-0.30769663355586974f,0.6484504564135963f,0f,0f,0f,1f],start_interpolation:0}
execute if entity @s[tag=aj.toji.bone.rightarm] run data modify entity @s {} merge value {transformation:[-0.7927642919345955f,0.5532548084641269f,-0.25580049715503217f,-0.27563692706887427f,-0.2084563086054261f,0.14827262546797032f,0.966727053484816f,0.90926257773643f,0.5727746021220206f,0.8197099154262789f,-0.002215787851764961f,0.8175795226375397f,0f,0f,0f,1f],start_interpolation:0}
execute if entity @s[tag=aj.toji.bone.chain] run data modify entity @s {} merge value {transformation:[-1.3843713455246824f,-0.5810094268471703f,-0.3935818812089979f,0.44474651906459217f,-0.6016900151585871f,1.4307036451671666f,0.004344994240777042f,0.8237038183579102f,0.3611755486737028f,0.15645382459759813f,-1.5013450960455912f,0.5644584322143644f,0f,0f,0f,1f],start_interpolation:0}
execute if entity @s[tag=aj.toji.bone.blade] run data modify entity @s {} merge value {transformation:[0.5615124662147145f,0.3803744355308433f,-1.3379159312453308f,0.6753833262421055f,-1.382693455732027f,-0.004199189064912169f,-0.5814990750525939f,0.5684267571585071f,-0.15120369625539676f,1.4509643881245982f,0.3490555638188802f,1.0210035004014006f,0f,0f,0f,1f],start_interpolation:0}
execute if entity @s[tag=aj.toji.bone.bottom] run data modify entity @s {} merge value {transformation:[-0.8919439541635538f,-0.37434164414314325f,-0.2535829570205624f,0.44474651906459217f,-0.3876660500350628f,0.9217956371546845f,0.0027994593766080267f,0.8237038183579102f,0.23270370921258698f,0.10080246417026456f,-0.9673095920830654f,0.5644584322143644f,0f,0f,0f,1f],start_interpolation:0}
execute if entity @s[tag=aj.toji.bone.leftarm] run data modify entity @s {} merge value {transformation:[-0.8919439541635538f,-0.23209995859593668f,-0.3880278235524465f,0.3309750322803859f,-0.3876660500350628f,0.8342474613541451f,0.3921048416869859f,1.008036555569255f,0.23270370921258698f,0.5001607566012438f,-0.8340792535933113f,0.7040426031904621f,0f,0f,0f,1f],start_interpolation:0}
execute if entity @s[tag=aj.toji.locator_origin.mount] at @s on origin run tp @s ^0.00857 ^1.27073 ^0.94271 ~-7.43226 ~18.98756
execute if entity @s[tag=aj.toji.bone.head] run data modify entity @s {} merge value {transformation:[-0.9875868009574769f,-0.09854523623394015f,-0.12231576754520919f,0.03320286312690701f,-0.1337037907510168f,0.9360888511704757f,0.3253628114169588f,1.036707604983411f,0.0824354712086067f,0.3376780998672199f,-0.9376448655843421f,0.858285775496801f,0f,0f,0f,1f],start_interpolation:0}
execute if entity @s[tag=aj.toji.bone.upper] run data modify entity @s {} merge value {transformation:[-0.9705791349588162f,0.044270484169209395f,-0.23667755916862881f,-3.3486435914185454e-17f,-0.15803836453251968f,0.624464306644548f,0.7648975127837915f,0.568359375f,0.18165907111532428f,0.7797977006624012f,-0.5990955916405577f,0.2734375000000001f,0f,0f,0f,1f],start_interpolation:0}
execute if entity @s[tag=aj.toji.bone.bottom3] run data modify entity @s {} merge value {transformation:[-0.9913387298527653f,0.11670854209415187f,0.06022158164780844f,-0.11888852156733315f,0.09176823828806188f,0.28756090039383925f,0.9533558197263969f,0.3797828495184363f,0.09394739557545792f,0.950624975880048f,-0.29578039505289455f,0.5227048010025114f,0f,0f,0f,1f],start_interpolation:0}
execute if entity @s[tag=aj.toji.bone.rightleg] run data modify entity @s {} merge value {transformation:[-0.9913387298527653f,-0.019383505581589293f,-0.1298915024367436f,-0.11875000000000002f,0.09176823828806188f,0.605280246306765f,-0.7907050106533582f,0.568359375f,0.09394739557545792f,-0.7957764152965268f,-0.598258960419648f,0.2734375000000001f,0f,0f,0f,1f],start_interpolation:0}
execute if entity @s[tag=aj.toji.bone.bottom4] run data modify entity @s {} merge value {transformation:[-0.9913388178348493f,-0.13122377924219883f,0.005260039467355128f,0.16553693865417696f,-0.046370247243246066f,0.38721780181298127f,0.920821467022638f,0.5036072806720042f,-0.12287045383005508f,0.9126021552245633f,-0.38994891698154366f,-0.02874367272839584f,0f,0f,0f,1f],start_interpolation:0}
execute if entity @s[tag=aj.toji.bone.leftleg] run data modify entity @s {} merge value {transformation:[-0.9913388178348493f,-0.12989142733666934f,-0.019379508720455633f,0.11874999999999997f,-0.046370247243246066f,0.20813410679445132f,0.977000508576877f,0.568359375f,-0.12287045383005508f,0.9694371618074681f,-0.21235451698110308f,0.2734375000000001f,0f,0f,0f,1f],start_interpolation:0}