execute if entity @s[tag=aj.toji.locator_origin.head] at @s on origin run tp @s ^-0.02295 ^0.95279 ^0.7266 ~12.20474 ~55.02362
execute if entity @s[tag=aj.toji.bone.blade2] run data modify entity @s {} merge value {transformation:[-0.15732023337043935f,0.17942119351399569f,1.4808978288492032f,-0.34005125180425466f,1.4246253908922428f,0.45966672669917796f,0.09565038416435322f,0.6454037821147521f,-0.4423718343174616f,1.4165149260363186f,-0.21861524310744626f,0.9674265323509279f,0f,0f,0f,1f],start_interpolation:0}
execute if entity @s[tag=aj.toji.bone.chain2] run data modify entity @s {} merge value {transformation:[-1.5323178923509118f,-0.16278274147357927f,-0.18565109606656466f,-0.4086929067491132f,-0.0989715780589486f,1.4740915502982237f,-0.47562737693178836f,0.5756636811511867f,0.22620605015978773f,-0.45773196745348466f,-1.4656994720792462f,0.46841451848295546f,0f,0f,0f,1f],start_interpolation:0}
execute if entity @s[tag=aj.toji.bone.bottom2] run data modify entity @s {} merge value {transformation:[-0.9872652192328021f,-0.10488015558029268f,-0.11961412900933023f,-0.42835793592041804f,-0.06376692277623533f,0.9497502605948286f,-0.30644448446611866f,0.7537418550127171f,0.1457434954049639f,-0.2949145562116411f,-0.9443432840242123f,0.4131180391932727f,0f,0f,0f,1f],start_interpolation:0}
execute if entity @s[tag=aj.toji.bone.rightarm] run data modify entity @s {} merge value {transformation:[-0.9704246150735171f,0.15413587481201704f,0.1857907386156543f,-0.329172428775319f,0.24071491338775702f,0.6759681613090713f,0.6965079865795927f,0.90768921325325f,-0.01823175614527596f,0.7206310963262462f,-0.6930789464956295f,0.594415298033914f,0f,0f,0f,1f],start_interpolation:0}
execute if entity @s[tag=aj.toji.bone.chain] run data modify entity @s {} merge value {transformation:[-1.4204413273269096f,-0.37358504339117443f,0.5017402959572743f,0.4368171026329961f,0.13888413516875825f,1.0254873893178247f,1.1567408892918285f,0.7795173537399109f,-0.6099346737408072f,1.1035273006662039f,-0.90508003185584f,0.45490346600639686f,0f,0f,0f,1f],start_interpolation:0}
execute if entity @s[tag=aj.toji.bone.blade] run data modify entity @s {} merge value {transformation:[0.3610486325391213f,-0.4849033732741445f,-1.3727755109736575f,0.34173070523144f,-0.9910750608172265f,-1.1179240809263309f,0.13422359372014267f,0.224105547083416f,-1.0664961831941837f,0.874708218706315f,-0.5894670672394378f,0.5511812731132718f,0f,0f,0f,1f],start_interpolation:0}
execute if entity @s[tag=aj.toji.bone.bottom] run data modify entity @s {} merge value {transformation:[-0.9151836739824383f,-0.24069908835941436f,0.32326891551609616f,0.4368171026329961f,0.08948239581342812f,0.6607167072114843f,0.7452827206175539f,0.7795173537399109f,-0.39297804482629184f,0.710997455462789f,-0.5831388124708767f,0.45490346600639686f,0f,0f,0f,1f],start_interpolation:0}
execute if entity @s[tag=aj.toji.bone.leftarm] run data modify entity @s {} merge value {transformation:[-0.9151836739824383f,-0.3547668052629735f,0.19125730511410416f,0.2909264216933503f,0.08948239581342812f,0.28384260887821267f,0.9546864795443053f,0.8560706556978034f,-0.39297804482629184f,0.8908276417291471f,-0.22802273793591604f,0.6530492486370404f,0f,0f,0f,1f],start_interpolation:0}
execute if entity @s[tag=aj.toji.locator_origin.mount] at @s on origin run tp @s ^-0.01197 ^1.18249 ^0.82467 ~4.18601 ~22.89459
execute if entity @s[tag=aj.toji.bone.head] run data modify entity @s {} merge value {transformation:[-0.9967696393056782f,0.043914596291710115f,0.06724428890964917f,-0.022947604249181217f,0.06672489780534409f,0.918802518123836f,0.3890369143181206f,0.952787171370632f,-0.044699822944779505f,0.3922670530669566f,-0.918764651533172f,0.7266037280025727f,0f,0f,0f,1f],start_interpolation:0}
execute if entity @s[tag=aj.toji.bone.upper] run data modify entity @s {} merge value {transformation:[-0.992158160749871f,-0.030596805665574937f,0.12118588837193951f,-1.3394574365674175e-17f,0.08258969208871472f,0.5672578951608427f,0.8193884445965672f,0.52734375f,-0.09381432096500213f,0.8229716373367636f,-0.5602825691748067f,0.109375f,0f,0f,0f,1f],start_interpolation:0}
execute if entity @s[tag=aj.toji.bone.bottom3] run data modify entity @s {} merge value {transformation:[-0.9916122720756124f,0.12874853145969584f,0.011354184955923698f,-0.1632906036994013f,0.05771029437464081f,0.36244598104494163f,0.930216336530144f,0.30846490720077924f,0.11564870856275876f,0.9230691883446991f,-0.36683599841949055f,-0.1092651136501875f,0f,0f,0f,1f],start_interpolation:0}
execute if entity @s[tag=aj.toji.bone.rightleg] run data modify entity @s {} merge value {transformation:[-0.9916122720756124f,0.12269768639657189f,-0.04062486457786795f,-0.11875000000000001f,0.05771029437464081f,0.7015665028449993f,0.7102633061119165f,0.52734375f,0.11564870856275876f,0.7019613378518551f,-0.7027628734993048f,0.10937499999999999f,0f,0f,0f,1f],start_interpolation:0}
execute if entity @s[tag=aj.toji.bone.bottom4] run data modify entity @s {} merge value {transformation:[-0.9916124411874517f,-0.12148093323457425f,-0.0441265151889362f,0.13764457122942778f,-0.08041258008273183f,0.31258623651833584f,0.9464796150492315f,0.2349894056296455f,-0.10118588561010247f,0.9420892885495302f,-0.3197329963477953f,0.21831188542379143f,0f,0f,0f,1f],start_interpolation:0}
execute if entity @s[tag=aj.toji.bone.leftleg] run data modify entity @s {} merge value {transformation:[-0.9916124411874517f,-0.04063037911041992f,0.12269449366457345f,0.11874999999999998f,-0.08041258008273183f,0.937142153586789f,-0.3395561822955864f,0.52734375f,-0.10118588561010247f,-0.3465743156439305f,-0.93254901227187f,0.10937500000000001f,0f,0f,0f,1f],start_interpolation:0}