execute if entity @s[tag=aj.toji.locator_origin.head] at @s on origin run tp @s ^0 ^1.49975 ^-0.01939 ~0 ~-1.48148
execute if entity @s[tag=aj.toji.bone.blade2] run data modify entity @s {} merge value {transformation:[0.13554281734370088f,0.004495042283816595f,1.493856733178051f,-0.42109555150475786f,1.45411861623503f,0.34330447526599034f,-0.1329702492329218f,0.9795175306823573f,-0.342296939199366f,1.4601786986041159f,0.02666408741239458f,0.5519044948370226f,0f,0f,0f,1f],start_interpolation:0}
execute if entity @s[tag=aj.toji.bone.chain2] run data modify entity @s {} merge value {transformation:[-1.5457267586356223f,0.1402491651681353f,-0.004651120140893217f,-0.41412179875244504f,0.13758727177573185f,1.504608845965413f,-0.3552247695460595f,0.9502831124140305f,-0.027589923780880918f,-0.3541822495882329f,-1.5108793478612033f,0.044277600335156306f,0f,0f,0f,1f],start_interpolation:0}
execute if entity @s[tag=aj.toji.bone.bottom2] run data modify entity @s {} merge value {transformation:[-0.9959044887853673f,0.09036187822913413f,-0.002996694855877509f,-0.3971789465844824f,0.08864683282194803f,0.9694124108233533f,-0.22886965017732694f,1.1320479394434093f,-0.017776058274929986f,-0.228197959466244f,-0.9734524657360772f,0.0014904829352355604f,0f,0f,0f,1f],start_interpolation:0}
execute if entity @s[tag=aj.toji.bone.rightarm] run data modify entity @s {} merge value {transformation:[-0.9959044887853673f,0.08973966414158763f,0.011001904240228537f,-0.3125f,0.08864683282194803f,0.9931342839060685f,-0.07632845577514434f,1.3747910833685546f,-0.017776058274929986f,-0.07504056776261503f,-0.9970220283133521f,-0.01615865536323507f,0f,0f,0f,1f],start_interpolation:0}
execute if entity @s[tag=aj.toji.bone.chain] run data modify entity @s {} merge value {transformation:[-1.545726746811161f,-0.14024928921342708f,0.004651309366662766f,0.39717897055843854f,-0.1375874359630757f,1.5046088343546349f,-0.35522475513145974f,1.1320479482614754f,0.027589767465537922f,-0.3541822497927126f,-1.51087935066771f,0.001490489192503018f,0f,0f,0f,1f],start_interpolation:0}
execute if entity @s[tag=aj.toji.bone.blade] run data modify entity @s {} merge value {transformation:[0.13554293722639899f,-0.004495225159728105f,-1.4938567217503838f,0.4210955364449147f,-1.4541186050138752f,0.34330446133510195f,-0.13297040791062323f,0.9795175369653734f,0.342296939396984f,1.4601787013164444f,0.026663936342532894f,0.551904502087875f,0f,0f,0f,1f],start_interpolation:0}
execute if entity @s[tag=aj.toji.bone.bottom] run data modify entity @s {} merge value {transformation:[-0.9959044811669225f,-0.09036195815093287f,0.002996816773151849f,0.39717897055843854f,-0.08864693860708232f,0.9694124033425835f,-0.228869640890068f,1.1320479482614754f,0.01777595756168886f,-0.22819795959798933f,-0.9734524675442964f,0.001490489192503018f,0f,0f,0f,1f],start_interpolation:0}
execute if entity @s[tag=aj.toji.bone.leftarm] run data modify entity @s {} merge value {transformation:[-0.9959044811669225f,-0.08973976194202359f,-0.011001796136618874f,0.3125f,-0.08864693860708232f,0.9931342750800879f,-0.07632844775534633f,1.3747910833685546f,0.01777595756168886f,-0.07504056761337427f,-0.9970220301202113f,-0.016158655363234995f,0f,0f,0f,1f],start_interpolation:0}
execute if entity @s[tag=aj.toji.locator_origin.mount] at @s on origin run tp @s ^0 ^1.74841 ^-0.0452 ~0 ~-5.92593
execute if entity @s[tag=aj.toji.bone.head] run data modify entity @s {} merge value {transformation:[-1f,1.2643574666658844e-17f,1.2181025345293062e-16f,2.3746374682933193e-18f,0f,0.9946562024066015f,-0.10324262208060148f,1.4997493000422657f,-1.2246467991473532e-16f,-0.10324262208060148f,-0.9946562024066015f,-0.019390386435882038f,0f,0f,0f,1f],start_interpolation:0}
execute if entity @s[tag=aj.toji.bone.upper] run data modify entity @s {} merge value {transformation:[-1f,3.166183291057759e-18f,1.224237440612972e-16f,0f,0f,0.9996657333896874f,-0.02585384858117605f,0.75f,-1.2246467991473532e-16f,-0.02585384858117605f,-0.9996657333896874f,0f,0f,0f,0f,1f],start_interpolation:0}