execute if entity @s[tag=aj.toji.locator_origin.head] at @s on origin run tp @s ^-0.02295 ^0.95279 ^0.74223 ~12.20474 ~55.02362
execute if entity @s[tag=aj.toji.bone.blade2] run data modify entity @s {} merge value {transformation:[-0.15667264501074013f,0.17655995210571002f,1.4813103204993099f,-0.340744417060837f,1.4280703755940365f,0.4484314200753893f,0.09759233494428336f,0.6424490557319477f,-0.43135679507345887f,1.420470290010178f,-0.21493131587173323f,0.9809353303946876f,0f,0f,0f,1f],start_interpolation:0}
execute if entity @s[tag=aj.toji.bone.chain2] run data modify entity @s {} merge value {transformation:[-1.5327447066277582f,-0.16211266740694605f,-0.18269050599826905f,-0.4083925707206629f,-0.10098095768540409f,1.477656152524385f,-0.4640019554946737f,0.5766632708334088f,0.2223942087839458f,-0.4463344615690652f,-1.469792175079976f,0.481251123847946f,0f,0f,0f,1f],start_interpolation:0}
execute if entity @s[tag=aj.toji.bone.bottom2] run data modify entity @s {} merge value {transformation:[-0.9875402136662066f,-0.10444843000715986f,-0.11770663473713978f,-0.42797665134700535f,-0.0650615566295221f,0.952046917062691f,-0.29895428005025954f,0.7551720677826634f,0.14328754391448856f,-0.2875711967156393f,-0.9469801933401187f,0.42733152446376366f,0f,0f,0f,1f],start_interpolation:0}
execute if entity @s[tag=aj.toji.bone.rightarm] run data modify entity @s {} merge value {transformation:[-0.9704246150735171f,0.1526107365183659f,0.1870455280372621f,-0.32917242877531905f,0.2407149133877573f,0.6702473102292863f,0.7020148670812686f,0.9076892132532501f,-0.018231756145276265f,0.7262771552442833f,-0.6871601682563756f,0.6100402980339142f,0f,0f,0f,1f],start_interpolation:0}
execute if entity @s[tag=aj.toji.bone.chain] run data modify entity @s {} merge value {transformation:[-1.4204413273269094f,-0.37358504339117476f,0.5017402959572748f,0.4368171026329961f,0.13888413516875864f,1.025487389317824f,1.1567408892918287f,0.7795173537399112f,-0.6099346737408077f,1.103527300666204f,-0.9050800318558395f,0.47052846600639725f,0f,0f,0f,1f],start_interpolation:0}
execute if entity @s[tag=aj.toji.bone.blade] run data modify entity @s {} merge value {transformation:[0.3610486325391216f,-0.48490337327414496f,-1.3727755109736572f,0.34173070523143995f,-0.9910750608172259f,-1.1179240809263309f,0.13422359372014303f,0.22410554708341635f,-1.066496183194184f,0.8747082187063145f,-0.5894670672394382f,0.566806273113272f,0f,0f,0f,1f],start_interpolation:0}
execute if entity @s[tag=aj.toji.bone.bottom] run data modify entity @s {} merge value {transformation:[-0.9151836739824382f,-0.2406990883594146f,0.32326891551609643f,0.4368171026329961f,0.08948239581342837f,0.6607167072114839f,0.745282720617554f,0.7795173537399112f,-0.39297804482629217f,0.7109974554627891f,-0.5831388124708764f,0.47052846600639725f,0f,0f,0f,1f],start_interpolation:0}
execute if entity @s[tag=aj.toji.bone.leftarm] run data modify entity @s {} merge value {transformation:[-0.9151836739824382f,-0.35476680526297383f,0.19125730511410427f,0.29092642169335026f,0.08948239581342837f,0.2838426088782122f,0.9546864795443052f,0.8560706556978035f,-0.39297804482629217f,0.890827641729147f,-0.2280227379359157f,0.6686742486370407f,0f,0f,0f,1f],start_interpolation:0}
execute if entity @s[tag=aj.toji.locator_origin.mount] at @s on origin run tp @s ^-0.01197 ^1.18249 ^0.8403 ~4.18601 ~22.89459
execute if entity @s[tag=aj.toji.bone.head] run data modify entity @s {} merge value {transformation:[-0.9967696393056781f,0.04391459629171016f,0.0672442889096493f,-0.022947604249181266f,0.06672489780534416f,0.9188025181238358f,0.3890369143181205f,0.9527871713706322f,-0.044699822944779595f,0.3922670530669564f,-0.918764651533172f,0.7422287280025728f,0f,0f,0f,1f],start_interpolation:0}
execute if entity @s[tag=aj.toji.bone.upper] run data modify entity @s {} merge value {transformation:[-0.992158160749871f,-0.030596805665575003f,0.1211858883719397f,-1.530808498934195e-17f,0.08258969208871483f,0.5672578951608427f,0.8193884445965671f,0.5273437500000001f,-0.09381432096500229f,0.8229716373367635f,-0.5602825691748068f,0.12500000000000028f,0f,0f,0f,1f],start_interpolation:0}
execute if entity @s[tag=aj.toji.bone.bottom3] run data modify entity @s {} merge value {transformation:[-0.9916122720756124f,0.12874853145969584f,0.01135418495592367f,-0.16329060369940132f,0.057710294374640786f,0.3624459810449417f,0.9302163365301439f,0.30846490720077957f,0.11564870856275877f,0.9230691883446991f,-0.3668359984194906f,-0.0936401136501874f,0f,0f,0f,1f],start_interpolation:0}
execute if entity @s[tag=aj.toji.bone.rightleg] run data modify entity @s {} merge value {transformation:[-0.9916122720756124f,0.12269768639657191f,-0.04062486457786786f,-0.11875000000000001f,0.057710294374640786f,0.7015665028449987f,0.710263306111917f,0.5273437500000001f,0.11564870856275877f,0.7019613378518557f,-0.7027628734993042f,0.12500000000000025f,0f,0f,0f,1f],start_interpolation:0}
execute if entity @s[tag=aj.toji.bone.bottom4] run data modify entity @s {} merge value {transformation:[-0.9916124411874517f,-0.12148093323457423f,-0.04412651518893629f,0.13764457122942775f,-0.08041258008273185f,0.3125862365183353f,0.9464796150492317f,0.23498940562964565f,-0.10118588561010247f,0.9420892885495304f,-0.31973299634779473f,0.23393688542379193f,0f,0f,0f,1f],start_interpolation:0}
execute if entity @s[tag=aj.toji.bone.leftleg] run data modify entity @s {} merge value {transformation:[-0.9916124411874517f,-0.04063037911041985f,0.12269449366457348f,0.11874999999999998f,-0.08041258008273185f,0.9371421535867888f,-0.33955618229558704f,0.5273437500000001f,-0.10118588561010247f,-0.34657431564393115f,-0.9325490122718698f,0.1250000000000003f,0f,0f,0f,1f],start_interpolation:0}