execute if entity @s[tag=aj.toji.locator_origin.head] at @s on origin run tp @s ^0 ^1.49644 ^-0.073 ~0 ~-5.58594
execute if entity @s[tag=aj.toji.bone.blade2] run data modify entity @s {} merge value {transformation:[0.4125981739602326f,0.2857893024645717f,1.4135371312567262f,-0.43591098147583773f,0.8890159376870869f,1.1072548645822688f,-0.48336045286851037f,1.3732371155973457f,-1.135523407677284f,0.9707271189452344f,0.13518672701583265f,0.53470100793399f,0f,0f,0f,1f],start_interpolation:0}
execute if entity @s[tag=aj.toji.bone.chain2] run data modify entity @s {} merge value {transformation:[-1.4626182816475848f,0.42692449944496325f,-0.2957125421334801f,-0.5066055392364297f,0.5001438019264448f,0.9198845466345551f,-1.145701214046931f,1.0556133298017736f,-0.1398807105927718f,-1.1749513037771897f,-1.0044329216863885f,0.14392516597280952f,0f,0f,0f,1f],start_interpolation:0}
execute if entity @s[tag=aj.toji.bone.bottom2] run data modify entity @s {} merge value {transformation:[-0.9423580875044841f,0.2750654493068219f,-0.19052620164304757f,-0.4550307674914006f,0.32224030191234027f,0.5926772917913912f,-0.7381699097215125f,1.1667403220126593f,-0.09012448467722209f,-0.7570156051181893f,-0.6471514126301563f,0.0019847400131490223f,0f,0f,0f,1f],start_interpolation:0}
execute if entity @s[tag=aj.toji.bone.rightarm] run data modify entity @s {} merge value {transformation:[-0.9423580875044841f,0.33453354808948127f,-0.006967073815724916f,-0.3125f,0.32224030191234027f,0.9017270885590739f,-0.2881830071017717f,1.3720320752829065f,-0.09012448467722209f,-0.2738166593935415f,-0.9575500061616764f,-0.060836644542909976f,0f,0f,0f,1f],start_interpolation:0}
execute if entity @s[tag=aj.toji.bone.chain] run data modify entity @s {} merge value {transformation:[-1.462618115548757f,-0.4269245035634483f,0.2957133577247026f,0.455030833893994f,-0.5001444400107816f,0.9198845168647791f,-1.1457009593999063f,1.1667403743533107f,0.1398801658778555f,-1.174951325587859f,-1.0044329720316973f,0.001984760399323743f,0f,0f,0f,1f],start_interpolation:0}
execute if entity @s[tag=aj.toji.bone.blade] run data modify entity @s {} merge value {transformation:[0.4125981779405134f,-0.2857900906869612f,-1.4135369707316845f,0.4359107853828866f,-0.8890159089162967f,1.1072546184804462f,-0.4833610695406211f,1.373237091267088f,1.1355234287560516f,0.9707271676011034f,0.1351862005799404f,0.5347010486187765f,0f,0f,0f,1f],start_interpolation:0}
execute if entity @s[tag=aj.toji.bone.bottom] run data modify entity @s {} merge value {transformation:[-0.9423579804877896f,-0.2750654519603425f,0.19052672712464058f,0.455030833893994f,-0.32224071302708074f,0.5926772726108643f,-0.7381697456536308f,1.1667403743533107f,0.09012413371996059f,-0.757015619170701f,-0.6471514450674023f,0.001984760399323743f,0f,0f,0f,1f],start_interpolation:0}
execute if entity @s[tag=aj.toji.bone.leftarm] run data modify entity @s {} merge value {transformation:[-0.9423579804877896f,-0.3345338404540287f,0.006967510463085152f,0.3125f,-0.32224071302708074f,0.9017269819751532f,-0.288182880903395f,1.3720320752829065f,0.09012413371996059f,-0.2738166531989247f,-0.9575500409650488f,-0.06083664454290989f,0f,0f,0f,1f],start_interpolation:0}
execute if entity @s[tag=aj.toji.locator_origin.mount] at @s on origin run tp @s ^0 ^1.72767 ^-0.16804 ~0 ~-22.34375
execute if entity @s[tag=aj.toji.bone.head] run data modify entity @s {} merge value {transformation:[-1f,4.65564815609035e-17f,1.1326999537074162e-16f,8.940408241240794e-18f,0f,0.9249197029674565f,-0.38016252190687094f,1.496438490339488f,-1.2246467991473532e-16f,-0.38016252190687094f,-0.9249197029674565f,-0.07300397345149193f,0f,0f,0f,1f],start_interpolation:0}
execute if entity @s[tag=aj.toji.bone.upper] run data modify entity @s {} merge value {transformation:[-1f,1.1920544321654391e-17f,1.2188313439395152e-16f,0f,0f,0.9952513204526506f,-0.0973386312686559f,0.75f,-1.2246467991473532e-16f,-0.0973386312686559f,-0.9952513204526506f,0f,0f,0f,0f,1f],start_interpolation:0}