execute if entity @s[tag=aj.toji.locator_origin.head] at @s on origin run tp @s ^0.04502 ^0.98823 ^0.61034 ~-23.57038 ~53.09946
execute if entity @s[tag=aj.toji.bone.blade2] run data modify entity @s {} merge value {transformation:[0.5255766330383627f,0.7663080705111055f,1.1775148168382448f,-0.28498039749384335f,0.9473420991363123f,-1.121697909280492f,0.30714287802222967f,0.232384390893413f,1.0374546496151356f,0.6360548257700113f,-0.8769960710325998f,0.42340242516842475f,0f,0f,0f,1f],start_interpolation:0}
execute if entity @s[tag=aj.toji.bone.chain2] run data modify entity @s {} merge value {transformation:[-1.2184007479784618f,0.5438258216855284f,-0.7929159896260742f,-0.509553687054677f,-0.31780756128689003f,0.98023592202299f,1.1606457533527312f,0.6626615360830168f,0.9074473234990097f,1.0734773805045497f,-0.6581400627759147f,0.271689655752474f,0f,0f,0f,1f],start_interpolation:0}
execute if entity @s[tag=aj.toji.bone.bottom2] run data modify entity @s {} merge value {transformation:[-0.7850098778921631f,0.3503844220255753f,-0.5108720470074035f,-0.4438566079248816f,-0.20476191868148616f,0.6315613994242083f,0.7477986061869946f,0.7810792984750559f,0.5846640473550666f,0.6916364330767568f,-0.424036550513341f,0.4013714869543659f,0f,0f,0f,1f],start_interpolation:0}
execute if entity @s[tag=aj.toji.bone.rightarm] run data modify entity @s {} merge value {transformation:[-0.7800266404374103f,0.5193611174412711f,-0.3490307578109434f,-0.26526466353722566f,-0.23143304215461397f,0.2787852853864714f,0.9320501658446525f,0.865240184956337f,0.5813752550693809f,0.8078012096686522f,-0.09726262617714071f,0.5669858359296926f,0f,0f,0f,1f],start_interpolation:0}
execute if entity @s[tag=aj.toji.bone.chain] run data modify entity @s {} merge value {transformation:[-1.3842566857737277f,-0.5868526015049403f,-0.3852273687171392f,0.4528364060105477f,-0.6204312116270064f,1.4212277722723616f,0.06433820460578572f,0.791570158362824f,0.32842230914006376f,0.21137246045721056f,-1.5021395219587577f,0.2983687225321775f,0f,0f,0f,1f],start_interpolation:0}
execute if entity @s[tag=aj.toji.bone.blade] run data modify entity @s {} merge value {transformation:[0.5671595611859822f,0.3723002758071678f,-1.3378051191370255f,0.6818150416399757f,-1.3735355651491281f,-0.062179204451229285f,-0.5996113723106636f,0.5186236904880397f,-0.20427942487139802f,1.4517321554500744f,0.3174014262830143f,0.7454281416092302f,0f,0f,0f,1f],start_interpolation:0}
execute if entity @s[tag=aj.toji.bone.bottom] run data modify entity @s {} merge value {transformation:[-0.8918700794246835f,-0.3781063741239884f,-0.24820018387144538f,0.4528364060105477f,-0.39974091487377594f,0.9156903767660852f,0.0414528029674861f,0.791570158362824f,0.21160095085534308f,0.13618628324759874f,-0.9678214369667162f,0.2983687225321775f,0f,0f,0f,1f],start_interpolation:0}
execute if entity @s[tag=aj.toji.bone.leftarm] run data modify entity @s {} merge value {transformation:[-0.8918700794246835f,-0.22720753915218558f,-0.3910811879641065f,0.3402926412584586f,-0.39974091487377594f,0.800499998535666f,0.44655005690322686f,0.9667113508171294f,0.21160095085534308f,0.5545957865840732f,-0.8047661468403774f,0.45024272860665476f,0f,0f,0f,1f],start_interpolation:0}
execute if entity @s[tag=aj.toji.locator_origin.mount] at @s on origin run tp @s ^0.02207 ^1.22036 ^0.70028 ~-8.0033 ~20.30163
execute if entity @s[tag=aj.toji.bone.head] run data modify entity @s {} merge value {transformation:[-0.9871803073897663f,-0.09178045339509702f,-0.13058096751225684f,0.04501678663273974f,-0.13222096562547436f,0.9285121462488001f,0.34696226094132165f,0.9882334214640799f,0.08940166078386796f,0.35977985302548166f,-0.9287442061224656f,0.6103371387218085f,0f,0f,0f,1f],start_interpolation:0}
execute if entity @s[tag=aj.toji.bone.upper] run data modify entity @s {} merge value {transformation:[-0.9688916876730947f,0.060022382176986314f,-0.2400962540228023f,0f,-0.1623538653772679f,0.5780612286187732f,0.7996789595611568f,0.5546875f,0.18678897171686068f,0.813782851629078f,-0.5503338536192404f,0f,0f,0f,0f,1f],start_interpolation:0}
execute if entity @s[tag=aj.toji.bone.bottom3] run data modify entity @s {} merge value {transformation:[-0.9902728883596574f,0.11927563304346875f,0.07164446902518821f,-0.11859991271316953f,0.09601121787328808f,0.21309655184863696f,0.9723022707125133f,0.3626585708248664f,0.10070477954054304f,0.9697232507021275f,-0.22247553668974412f,0.24661747775382398f,0f,0f,0f,1f],start_interpolation:0}
execute if entity @s[tag=aj.toji.bone.rightleg] run data modify entity @s {} merge value {transformation:[-0.9902728883596574f,-0.020285737085050645f,-0.13765208117110894f,-0.11875f,0.09601121787328808f,0.6164127977178931f,-0.7815478928716318f,0.5546875f,0.10070477954054304f,-0.787161833221426f,-0.6084692232949622f,-1.4542680739874818e-17f,0f,0f,0f,1f],start_interpolation:0}
execute if entity @s[tag=aj.toji.bone.bottom4] run data modify entity @s {} merge value {transformation:[-0.9902719783592652f,-0.1389844518922034f,-0.006688124449415644f,0.16776904936006626f,-0.050633657532225776f,0.31516368981089715f,0.9476856447945647f,0.4943427855483234f,-0.1296057159284896f,0.9388051825362941f,-0.3191350617554568f,-0.302739096810407f,0f,0f,0f,1f],start_interpolation:0}
execute if entity @s[tag=aj.toji.bone.leftleg] run data modify entity @s {} merge value {transformation:[-0.9902719783592652f,-0.13705551838502672f,-0.024024857057611735f,0.11875f,-0.050633657532225776f,0.19411575939600967f,0.9796710185970695f,0.5546875f,-0.1296057159284896f,0.9713572241118723f,-0.1991670192686067f,1.4542680739874818e-17f,0f,0f,0f,1f],start_interpolation:0}