execute if entity @s[tag=aj.toji.locator_origin.head] at @s on origin run tp @s ^0.03122 ^0.90578 ^0.76477 ~-14.51053 ~58.11525
execute if entity @s[tag=aj.toji.bone.blade2] run data modify entity @s {} merge value {transformation:[0.21050049446364544f,0.6617103441762233f,1.329597293258656f,-0.257149532539234f,1.0949343600740362f,-0.9764236488127167f,0.3125949538436614f,0.22708165470096642f,1.0033983700205122f,0.9266802460662708f,-0.6200447020906916f,0.6187136032779972f,0f,0f,0f,1f],start_interpolation:0}
execute if entity @s[tag=aj.toji.bone.chain2] run data modify entity @s {} merge value {transformation:[-1.3757638659412486f,0.21780953941030012f,-0.684686397793453f,-0.46525930688185113f,-0.3234489452965659f,1.1329529142432737f,1.010327247729825f,0.617527910146437f,0.6415740320243962f,1.03823859120178f,-0.9588566434991277f,0.368053690463399f,0f,0f,0f,1f],start_interpolation:0}
execute if entity @s[tag=aj.toji.bone.bottom2] run data modify entity @s {} merge value {transformation:[-0.8863981955057708f,0.14033366297576383f,-0.4411402294508153f,-0.4389467450738954f,-0.208396635895774f,0.7299562400493576f,0.6509490992084779f,0.7543947051556916f,0.4133631347271277f,0.6689322466803413f,-0.6177868307108473f,0.49347848671596295f,0f,0f,0f,1f],start_interpolation:0}
execute if entity @s[tag=aj.toji.bone.rightarm] run data modify entity @s {} merge value {transformation:[-0.8967972345536169f,0.39774920982971784f,-0.19377896216261484f,-0.2834596154568649f,-0.12106205780135805f,0.20066487420397006f,0.9721510100913363f,0.812127302319269f,0.42555692716472804f,0.8952816173364333f,-0.13180336642731993f,0.6907015831022758f,0f,0f,0f,1f],start_interpolation:0}
execute if entity @s[tag=aj.toji.bone.chain] run data modify entity @s {} merge value {transformation:[-1.4984198637938064f,-0.36565583865114293f,-0.17319466810381803f,0.43586576182079806f,-0.4035239571404741f,1.3990021175029734f,0.537516664715617f,0.7233994440088614f,0.029478829911567406f,0.5639605983520812f,-1.4456977954277022f,0.4384398652057351f,0f,0f,0f,1f],start_interpolation:0}
execute if entity @s[tag=aj.toji.bone.blade] run data modify entity @s {} merge value {transformation:[0.3533855084950639f,0.1673827664895956f,-1.4481373180289134f,0.5571825911737406f,-1.3520557377209943f,-0.5194791927452943f,-0.38998288475320947f,0.30164473602842384f,-0.5450357460583872f,1.3971844465878462f,0.028489607431313277f,0.8047707365469745f,0f,0f,0f,1f],start_interpolation:0}
execute if entity @s[tag=aj.toji.bone.bottom] run data modify entity @s {} merge value {transformation:[-0.9654248786859423f,-0.2355903389967095f,-0.11158851099306395f,0.43586576182079806f,-0.25998858983547324f,0.9013704918139962f,0.34631946183019613f,0.7233994440088614f,0.018993071620875643f,0.3633571640389248f,-0.9314562977252309f,0.4384398652057351f,0f,0f,0f,1f],start_interpolation:0}
execute if entity @s[tag=aj.toji.bone.leftarm] run data modify entity @s {} merge value {transformation:[-0.9654248786859423f,-0.16012334972482356f,-0.20570687029638923f,0.3354958694717208f,-0.25998858983547324f,0.6489295257547527f,0.7150499309552262f,0.8693825385828324f,0.018993071620875643f,0.7438084319746675f,-0.6681229525721972f,0.6255790401757066f,0f,0f,0f,1f],start_interpolation:0}
execute if entity @s[tag=aj.toji.locator_origin.mount] at @s on origin run tp @s ^0.02018 ^1.13376 ^0.86677 ~-4.69559 ~23.8435
execute if entity @s[tag=aj.toji.bone.head] run data modify entity @s {} merge value {transformation:[-0.9962145849691004f,-0.04416131027281798f,-0.07487509178512378f,0.031221752408913526f,-0.07080659117192939f,0.9119081877077142f,0.40423988402710015f,0.9057809045412608f,0.05042744631105224f,0.4080113183070049f,-0.9115831485892691f,0.7647683739667891f,0f,0f,0f,1f],start_interpolation:0}
execute if entity @s[tag=aj.toji.bone.upper] run data modify entity @s {} merge value {transformation:[-0.9903287758857371f,0.04162900321188472f,-0.1323478059668627f,-1.530808498934212e-17f,-0.09160837802170148f,0.5202078727216808f,0.8491122859990995f,0.5156250000000002f,0.1041960686825107f,0.8530244986223833f,-0.5113632603356845f,0.12500000000000167f,0f,0f,0f,1f],start_interpolation:0}
execute if entity @s[tag=aj.toji.bone.bottom3] run data modify entity @s {} merge value {transformation:[-0.9903856343788207f,0.1250379440776066f,0.05917607419309169f,-0.13656513846139015f,0.08653427238823484f,0.22623902782987637f,0.9702204502013094f,0.22927473927289815f,0.10792643289898789f,0.9660131545830202f,-0.23488395061021622f,0.2490220203154367f,0f,0f,0f,1f],start_interpolation:0}
execute if entity @s[tag=aj.toji.bone.rightleg] run data modify entity @s {} merge value {transformation:[-0.9903856343788207f,0.037200730388872054f,-0.13323813596187623f,-0.11875000000000001f,0.08653427238823484f,0.9180515197744913f,-0.3869020893481783f,0.5156250000000002f,0.10792643289898789f,-0.3947119363514124f,-0.9124441749408119f,0.12500000000000164f,0f,0f,0f,1f],start_interpolation:0}
execute if entity @s[tag=aj.toji.bone.bottom4] run data modify entity @s {} merge value {transformation:[-0.9903849516479519f,-0.1364347567978336f,-0.022873667978702033f,0.16691533066528663f,-0.06115677738958502f,0.28349180106257577f,0.9570225949838477f,0.31609712767353987f,-0.12408664766446327f,0.9492196562797321f,-0.2891099237376373f,-0.11072026129880844f,0f,0f,0f,1f],start_interpolation:0}
execute if entity @s[tag=aj.toji.bone.leftleg] run data modify entity @s {} merge value {transformation:[-0.9903849516479519f,-0.13432135909595827f,0.03309713038767152f,0.11874999999999998f,-0.06115677738958502f,0.6397123269924648f,0.7661775168152656f,0.5156250000000002f,-0.12408664766446327f,0.7567865691094817f,-0.6417761234939292f,0.1250000000000017f,0f,0f,0f,1f],start_interpolation:0}