execute if entity @s[tag=aj.toji.locator_origin.head] at @s on origin run tp @s ^0.02295 ^0.95282 ^0.60158 ~-12.20103 ~55.02138
execute if entity @s[tag=aj.toji.bone.blade2] run data modify entity @s {} merge value {transformation:[0.19129147290046802f,0.6096039755617214f,1.357125847287168f,-0.27003927302204356f,1.131859210776632f,-0.9476628115395084f,0.26613891599150497f,0.2609455042114579f,0.9655580248621359f,0.9901101901325822f,-0.5808437931319856f,0.48190856282655475f,0f,0f,0f,1f],start_interpolation:0}
execute if entity @s[tag=aj.toji.bone.chain2] run data modify entity @s {} merge value {transformation:[-1.404248272540195f,0.1979335379317346f,-0.6307707802687254f,-0.46187092028428955f,-0.27537985057454284f,1.1711598778174876f,0.9805677702735193f,0.6439426301644444f,0.6010119803935129f,0.999084345169849f,-1.0244890161788527f,0.20786081318983132f,0f,0f,0f,1f],start_interpolation:0}
execute if entity @s[tag=aj.toji.bone.bottom2] run data modify entity @s {} merge value {transformation:[-0.9047505648581121f,0.1275276486003122f,-0.40640265037448076f,-0.437959486171731f,-0.1774259439943363f,0.7545728071844214f,0.6317752076930057f,0.7854250315115234f,0.3872291954213237f,0.6437053499080906f,-0.6600734600883882f,0.3285555662975983f,0f,0f,0f,1f],start_interpolation:0}
execute if entity @s[tag=aj.toji.bone.rightarm] run data modify entity @s {} merge value {transformation:[-0.915189911486941f,0.3593535084654145f,-0.18246227518619418f,-0.2909217395874436f,-0.089436317964996f,0.2603588016753532f,0.9613607228397872f,0.856104501803174f,0.39297400797176046f,0.8961463889029355f,-0.20613849401516277f,0.5280312880250971f,0f,0f,0f,1f],start_interpolation:0}
execute if entity @s[tag=aj.toji.bone.chain] run data modify entity @s {} merge value {transformation:[-1.5061911976865252f,-0.3386478997853369f,-0.1602134501024267f,0.4283616654639893f,-0.373563593872953f,1.407763546860786f,0.5362972226981741f,0.7537432295636611f,0.028301783609267116f,0.5590009568077965f,-1.4476462319723056f,0.2881114598348804f,0f,0f,0f,1f],start_interpolation:0}
execute if entity @s[tag=aj.toji.bone.blade] run data modify entity @s {} merge value {transformation:[0.32728387630260714f,0.15483715983053284f,-1.455647868905098f,0.5406960806274222f,-1.360523159382236f,-0.5183006716009201f,-0.3610279028033904f,0.3308161882703161f,-0.5402425354384073f,1.399067499355785f,0.027352059327076753f,0.6559522011867509f,0f,0f,0f,1f],start_interpolation:0}
execute if entity @s[tag=aj.toji.bone.bottom] run data modify entity @s {} merge value {transformation:[-0.9704319126033987f,-0.21818925086840496f,-0.10322477322035545f,0.4283616654639893f,-0.24068526853559385f,0.9070154395881573f,0.34553378106727994f,0.7537432295636611f,0.018234706218051296f,0.3601616902922715f,-0.93271166623719f,0.2881114598348804f,0f,0f,0f,1f],start_interpolation:0}
execute if entity @s[tag=aj.toji.bone.leftarm] run data modify entity @s {} merge value {transformation:[-0.9704319126033987f,-0.15412194288276404f,-0.1857641777172111f,0.32917918520558587f,-0.24068526853559385f,0.6760062699338719f,0.6964812449162162f,0.9077019677636545f,0.018234706218051296f,0.7205983275946006f,-0.6931129386737822f,0.4694007108721588f,0f,0f,0f,1f],start_interpolation:0}
execute if entity @s[tag=aj.toji.locator_origin.mount] at @s on origin run tp @s ^0.01198 ^1.18252 ^0.69964 ~-4.18469 ~22.89206
execute if entity @s[tag=aj.toji.bone.head] run data modify entity @s {} merge value {transformation:[-0.9967720316441594f,-0.04389073256017313f,-0.06722440425400761f,0.022954467370885346f,-0.06669309683890354f,0.9188220450017187f,0.3889962473506608f,0.952815131740097f,0.04469393433131067f,0.39222398347652243f,-0.9187833253927703f,0.6015841993383536f,0f,0f,0f,1f],start_interpolation:0}
execute if entity @s[tag=aj.toji.bone.upper] run data modify entity @s {} merge value {transformation:[-0.9921614796688472f,0.03060595649451379f,-0.12115640176391718f,1.9135106236677394e-18f,-0.08255594553676877f,0.5672951756534628f,0.8193660351374329f,0.52734375f,0.09380892344470143f,0.8229455991178048f,-0.5603217172078763f,-0.015625f,0f,0f,0f,1f],start_interpolation:0}
execute if entity @s[tag=aj.toji.bone.bottom3] run data modify entity @s {} merge value {transformation:[-0.991612372234308f,0.12148162041064463f,0.04412617289378534f,-0.13764445772692227f,0.0804124710556577f,0.3125861907555154f,0.9464796394258461f,0.23498939692421694f,0.10118664798564676f,0.9420892151231541f,-0.31973297142782797f,0.09331188174739499f,0f,0f,0f,1f],start_interpolation:0}
execute if entity @s[tag=aj.toji.bone.rightleg] run data modify entity @s {} merge value {transformation:[-0.991612372234308f,0.04063001728146513f,-0.12269517075890163f,-0.11875f,0.0804124710556577f,0.937142179263619f,-0.33955613724943634f,0.52734375f,0.10118664798564676f,-0.34657428863195106f,-0.932548939589063f,-0.015625000000000014f,0f,0f,0f,1f],start_interpolation:0}
execute if entity @s[tag=aj.toji.bone.bottom4] run data modify entity @s {} merge value {transformation:[-0.9916123306359388f,-0.12874807422404805f,-0.01135425534152739f,0.16329048161193624f,-0.057710194674989085f,0.36244601881144456f,0.9302163280002715f,0.30846489679986244f,-0.11564825619669523f,0.9230692372901033f,-0.3668360178708336f,-0.23426512810911315f,0f,0f,0f,1f],start_interpolation:0}
execute if entity @s[tag=aj.toji.bone.leftleg] run data modify entity @s {} merge value {transformation:[-0.9916123306359388f,-0.1226972945454772f,0.040624618668758f,0.11875f,-0.057710194674989085f,0.7015665341339399f,0.7102632833068778f,0.52734375f,-0.11564825619669523f,0.701961375073096f,-0.702762910763048f,-0.015624999999999986f,0f,0f,0f,1f],start_interpolation:0}