execute if entity @s[tag=aj.toji.locator_origin.head] at @s on origin run tp @s ^-0.01802 ^1.27032 ^0.57613 ~-10.3345 ~31.80042
execute if entity @s[tag=aj.toji.bone.blade2] run data modify entity @s {} merge value {transformation:[0.34186044214801226f,0.44130701478669665f,1.3922570009859603f,-0.3665493849410009f,1.1372886076289193f,-0.9775672929238208f,0.03060736452337922f,0.44347676508763545f,0.9163547681175889f,1.048623052629326f,-0.5573900182480067f,0.5643230136878489f,0f,0f,0f,1f],start_interpolation:0}
execute if entity @s[tag=aj.toji.bone.chain2] run data modify entity @s {} merge value {transformation:[-1.4405992579646396f,0.3537305963892631f,-0.4566301750223455f,-0.493331588931f,-0.03167012023599607f,1.1767777953938126f,1.0115106017058981f,0.836696833227998f,0.5767438383260626f,0.9481726420105607f,-1.085033575290067f,0.2678561534426038f,0f,0f,0f,1f],start_interpolation:0}
execute if entity @s[tag=aj.toji.bone.bottom2] run data modify entity @s {} merge value {transformation:[-0.9281713339906402f,0.2279069614320084f,-0.2942046765244642f,-0.4505990336624984f,-0.0204049096822525f,0.7581924050859462f,0.6517115286158806f,0.978857909181613f,0.3715933454986711f,0.6109031787450592f,-0.6990820350862176f,0.38240049945730237f,0f,0f,0f,1f],start_interpolation:0}
execute if entity @s[tag=aj.toji.bone.rightarm] run data modify entity @s {} merge value {transformation:[-0.9229110795665543f,0.2765681908015215f,-0.26785289815507074f,-0.3237750434892084f,-0.04972563919736016f,0.6042481478598803f,0.7952430676304687f,1.1330277985964181f,0.3817885540711134f,0.7472577946362804f,-0.5439147803981897f,0.5453531634869279f,0f,0f,0f,1f],start_interpolation:0}
execute if entity @s[tag=aj.toji.bone.chain] run data modify entity @s {} merge value {transformation:[-1.4767544733582791f,-0.35027445394713763f,-0.32475637936683815f,0.39347647937734587f,-0.3566502247443202f,1.5105323374099102f,-0.0074396532103537276f,0.9763735981167606f,0.3177412724485898f,0.06754656291847126f,-1.5177090034758849f,0.38384973427654906f,0f,0f,0f,1f],start_interpolation:0}
execute if entity @s[tag=aj.toji.bone.blade] run data modify entity @s {} merge value {transformation:[0.33852027764018633f,0.3138585142874137f,-1.4271989541180683f,0.5609600002447572f,-1.4598433327988394f,0.007190000418059901f,-0.34468209639719494f,0.7106416381744779f,-0.06527989973328759f,1.4667791711444793f,0.30707881364158973f,0.86147815657639f,0f,0f,0f,1f],start_interpolation:0}
execute if entity @s[tag=aj.toji.bone.bottom] run data modify entity @s {} merge value {transformation:[-0.9514659694120455f,-0.22568018509345777f,-0.20923900952494268f,0.39347647937734587f,-0.22978806426479687f,0.9732288885325595f,-0.004793333612039985f,0.9763735981167606f,0.2047192090943934f,0.0435199331555251f,-0.9778527807629862f,0.38384973427654906f,0f,0f,0f,1f],start_interpolation:0}
execute if entity @s[tag=aj.toji.bone.leftarm] run data modify entity @s {} merge value {transformation:[-0.9514659694120455f,-0.16109818944282173f,-0.26222105637999615f,0.2937353089283876f,-0.22978806426479687f,0.9386666567757507f,0.2571037786164811f,1.1966785082941485f,0.2047192090943934f,0.3048807649158597f,-0.930127821652533f,0.4728648760739136f,0f,0f,0f,1f],start_interpolation:0}
execute if entity @s[tag=aj.toji.locator_origin.mount] at @s on origin run tp @s ^-0.04179 ^1.51333 ^0.62981 ~-4.1777 ~12.03439
execute if entity @s[tag=aj.toji.bone.head] run data modify entity @s {} merge value {transformation:[-0.992916606707691f,-0.09507994912807882f,-0.07124896769698677f,-0.018023840736492467f,-0.10804181511833416f,0.9720366564110376f,0.20849869251193442f,1.27032378413434f,0.04943256325561134f,0.2147196820672303f,-0.9754239487642937f,0.5761308237365048f,0f,0f,0f,1f],start_interpolation:0}
execute if entity @s[tag=aj.toji.bone.upper] run data modify entity @s {} merge value {transformation:[-0.9880165638681535f,-0.024031787648656596f,-0.1524655459590031f,-2.1308854305164003e-17f,-0.10184113551636832f,0.8437650455124537f,0.5269619825832824f,0.6374999999999997f,0.11598125986082283f,0.5361744316486724f,-0.836101265521898f,0.17400000000000046f,0f,0f,0f,1f],start_interpolation:0}
execute if entity @s[tag=aj.toji.bone.bottom3] run data modify entity @s {} merge value {transformation:[-0.9966109584320809f,0.08225769079331335f,0.0005194597586191275f,-0.12958474699483694f,0.057985878686164685f,0.6980334133530947f,0.7137135221611128f,0.3804595221634573f,0.05834582595252691f,0.7113248386974685f,-0.7004375335787897f,0.35150524924947985f,0f,0f,0f,1f],start_interpolation:0}
execute if entity @s[tag=aj.toji.bone.rightleg] run data modify entity @s {} merge value {transformation:[-0.9966109584320809f,0.014738971214836485f,-0.08092811786157758f,-0.11875000000000002f,0.057985878686164685f,0.8236892466506591f,-0.5640688458203157f,0.6374999999999997f,0.05834582595252691f,-0.5668498810792836f,-0.8217523817515344f,0.17400000000000043f,0f,0f,0f,1f],start_interpolation:0}
execute if entity @s[tag=aj.toji.bone.bottom4] run data modify entity @s {} merge value {transformation:[-0.9966127337957841f,-0.07263890676606577f,0.038557075354912054f,0.14917706771493933f,-0.028559337966999117f,0.7453721869165431f,0.6660365359243717f,0.437151598082174f,-0.07711953741420059f,0.6626793283293821f,-0.7449219319861234f,-0.06397063663242919f,0f,0f,0f,1f],start_interpolation:0}
execute if entity @s[tag=aj.toji.bone.leftleg] run data modify entity @s {} merge value {transformation:[-0.9966127337957841f,-0.07743436201189026f,0.027694375167262572f,0.11874999999999997f,-0.028559337966999117f,0.6416860728963822f,0.7664354819981299f,0.6374999999999997f,-0.07711953741420059f,0.763048427972059f,-0.6417239854629008f,0.1740000000000005f,0f,0f,0f,1f],start_interpolation:0}