execute if entity @s[tag=aj.toji.locator_origin.head] at @s on origin run tp @s ^0.0374 ^1.01712 ^0.59533 ~-22.08871 ~51.21315
execute if entity @s[tag=aj.toji.bone.blade2] run data modify entity @s {} merge value {transformation:[0.5968208627257263f,0.6824635248133575f,1.195009788710807f,-0.33728023074175567f,0.8374953811522996f,-1.2136929869610718f,0.2748650940917674f,0.26695020682026305f,1.0919736005801077f,0.5578466372586997f,-0.8639448969322502f,0.36961602839228747f,0f,0f,0f,1f],start_interpolation:0}
execute if entity @s[tag=aj.toji.bone.chain2] run data modify entity @s {} merge value {transformation:[-1.2365031841521548f,0.6175438093481477f,-0.7061601749804878f,-0.5296676774217006f,-0.28440902096995335f,0.8665750818867547f,1.255835104563887f,0.7214778501174002f,0.8939429836312868f,1.1298893506002503f,-0.577216312163516f,0.24722305351517795f,0f,0f,0f,1f],start_interpolation:0}
execute if entity @s[tag=aj.toji.bone.bottom2] run data modify entity @s {} merge value {transformation:[-0.7966731924738715f,0.39788057515048436f,-0.4549756832089048f,-0.45506506958098475f,-0.18324339606117798f,0.5583302541015331f,0.8091286579740479f,0.8261647727614376f,0.5759632646215002f,0.7279824003867383f,-0.3718977581724666f,0.3837197535876914f,0f,0f,0f,1f],start_interpolation:0}
execute if entity @s[tag=aj.toji.bone.rightarm] run data modify entity @s {} merge value {transformation:[-0.7928425331917062f,0.5334932921002895f,-0.294594000017233f,-0.27213908823143074f,-0.2133232193580856f,0.20986655725172687f,0.9541746340319521f,0.8919641132842497f,0.5708711953189269f,0.819353974440414f,-0.05258462630690397f,0.552878797490362f,0f,0f,0f,1f],start_interpolation:0}
execute if entity @s[tag=aj.toji.bone.chain] run data modify entity @s {} merge value {transformation:[-1.3895757393247146f,-0.5734886940890687f,-0.3862028690252049f,0.44687956555178343f,-0.6026967547456806f,1.4295553723889958f,0.04572453065801974f,0.8105045158704993f,0.33881936206525975f,0.19090528708468543f,-1.5025708917931013f,0.2934417635804476f,0f,0f,0f,1f],start_interpolation:0}
execute if entity @s[tag=aj.toji.bone.blade] run data modify entity @s {} merge value {transformation:[0.5542441070390994f,0.3732430412055668f,-1.3429456809581135f,0.6738014782162065f,-1.3815837155974189f,-0.04419015043459639f,-0.5824720314320668f,0.5420795066447233f,-0.18449906939727978f,1.4521490497866214f,0.32744958481474734f,0.7442716362158008f,0f,0f,0f,1f],start_interpolation:0}
execute if entity @s[tag=aj.toji.bone.bottom] run data modify entity @s {} merge value {transformation:[-0.8952971206387421f,-0.3694960713593999f,-0.24882869413704473f,0.44687956555178343f,-0.3883146876213781f,0.9210558103982791f,0.02946010028973084f,0.8105045158704993f,0.21829972320983176f,0.12299937959818658f,-0.9680993665244142f,0.2934417635804476f,0f,0f,0f,1f],start_interpolation:0}
execute if entity @s[tag=aj.toji.bone.leftarm] run data modify entity @s {} merge value {transformation:[-0.8952971206387421f,-0.22580249757613052f,-0.3840003878440219f,0.3344728711178294f,-0.3883146876213781f,0.818012972891645f,0.4243424083903052f,0.9907380911170744f,0.21829972320983176f,0.5290255270488888f,-0.8200470855854293f,0.4393418780432843f,0f,0f,0f,1f],start_interpolation:0}
execute if entity @s[tag=aj.toji.locator_origin.mount] at @s on origin run tp @s ^0.01371 ^1.25039 ^0.68207 ~-7.62944 ~19.54777
execute if entity @s[tag=aj.toji.bone.head] run data modify entity @s {} merge value {transformation:[-0.9876082984945296f,-0.09474415834609126f,-0.12511352126781083f,0.03740026973183918f,-0.13190101515573188f,0.9330861948071387f,0.3345927005498203f,1.0171213226407945f,0.0850409956763652f,0.3469491281436303f,-0.9340205198681384f,0.5953324053201878f,0f,0f,0f,1f],start_interpolation:0}
execute if entity @s[tag=aj.toji.bone.upper] run data modify entity @s {} merge value {transformation:[-0.9705791349588162f,0.049867026309118906f,-0.2355619291602139f,0f,-0.15803836453251968f,0.6061617635210593f,0.7794817456367569f,0.5625f,0.18165907111532423f,0.793776540426917f,-0.580447056801387f,0f,0f,0f,0f,1f],start_interpolation:0}
execute if entity @s[tag=aj.toji.bone.bottom3] run data modify entity @s {} merge value {transformation:[-0.9909607788776387f,0.11801724834358239f,0.06378607857230953f,-0.11955069884474931f,0.09291255009323626f,0.26081020724175114f,0.9609085772505555f,0.36712808393653673f,0.09676772582527456f,0.9581492393630149f,-0.26941796960611314f,0.24397640417682f,0f,0f,0f,1f],start_interpolation:0}
execute if entity @s[tag=aj.toji.bone.rightleg] run data modify entity @s {} merge value {transformation:[-0.9909607788776387f,-0.017256979274355006f,-0.1330373308231495f,-0.11875f,0.09291255009323626f,0.6270483824049473f,-0.7734194102545595f,0.5625f,0.09676772582527456f,-0.7787891388493187f,-0.6197769634706836f,-1.4542680739874818e-17f,0f,0f,0f,1f],start_interpolation:0}
execute if entity @s[tag=aj.toji.bone.bottom4] run data modify entity @s {} merge value {transformation:[-0.9909605074512419f,-0.13415366064351691f,0.0002607832840932148f,0.166461195194834f,-0.04841760609985796f,0.35946063704515824f,0.9319033135656556f,0.4925503988949737f,-0.1251119822060867f,0.9234667540041892f,-0.3627066943929085f,-0.3008754022154822f,0f,0f,0f,1f],start_interpolation:0}
execute if entity @s[tag=aj.toji.bone.leftleg] run data modify entity @s {} merge value {transformation:[-0.9909605074512419f,-0.1328566144744439f,-0.018611627074658f,0.11875f,-0.04841760609985796f,0.22480707565808122f,0.9731996270825535f,0.5625f,-0.1251119822060867f,0.9653035267336648f,-0.22920753300014618f,1.4542680739874818e-17f,0f,0f,0f,1f],start_interpolation:0}