execute if entity @s[tag=aj.toji.locator_origin.head] at @s on origin run tp @s ^-0.03192 ^1.02421 ^0.84017 ~20.01781 ~50.7671
execute if entity @s[tag=aj.toji.bone.blade2] run data modify entity @s {} merge value {transformation:[-0.0598793197318373f,0.1540116441446927f,1.490870510988899f,-0.37647267793421596f,1.1418460160555415f,0.971195694564235f,-0.054466489495662906f,0.9292221932673326f,-0.9708769966821442f,1.1327220913921212f,-0.15600807987318455f,1.0937479606646996f,0f,0f,0f,1f],start_interpolation:0}
execute if entity @s[tag=aj.toji.bone.chain2] run data modify entity @s {} merge value {transformation:[-1.5426368481760138f,-0.061958462778081314f,-0.15935927067749422f,-0.4309022325810581f,0.056357687047595695f,1.1814934471685812f,-1.0049177672921599f,0.6720271218505478f,0.16142502709100298f,-1.0045880035113854f,-1.1720527195654589f,0.6584590137795205f,0f,0f,0f,1f],start_interpolation:0}
execute if entity @s[tag=aj.toji.bone.bottom2] run data modify entity @s {} merge value {transformation:[-0.9939136739925993f,-0.03991954648789131f,-0.10267442942979492f,-0.4383871475475377f,0.03631099299710863f,0.761230677370361f,-0.6474637963761567f,0.8147578738574905f,0.10400538658212272f,-0.6472513311214295f,-0.7551480609280808f,0.5370993891942525f,0f,0f,0f,1f],start_interpolation:0}
execute if entity @s[tag=aj.toji.bone.rightarm] run data modify entity @s {} merge value {transformation:[-0.9176626495923514f,0.19852785736733425f,0.34421207328082004f,-0.33140126760618216f,0.3546185919360013f,0.7999919383209853f,0.48400263726012993f,0.9925921964417368f,-0.1792788771620155f,0.5662151432720326f,-0.8045243910118316f,0.6898581048348866f,0f,0f,0f,1f],start_interpolation:0}
execute if entity @s[tag=aj.toji.bone.chain] run data modify entity @s {} merge value {transformation:[-1.2872987958220552f,-0.5259092067126969f,0.6893794239611595f,0.45373365118746356f,0.2781393847348469f,0.9183298087694065f,1.2199473425504797f,0.8397073828665339f,-0.8212569430729454f,1.135364497521161f,-0.6674182832632873f,0.6156603438277958f,0f,0f,0f,1f],start_interpolation:0}
execute if entity @s[tag=aj.toji.bone.blade] run data modify entity @s {} merge value {transformation:[0.5082612467558948f,-0.6662458862443421f,-1.2441008496535297f,0.32510726977143445f,-0.8875133722335202f,-1.1790095122635507f,0.2688058483343492f,0.28288407092882006f,-1.0972650177385719f,0.6450216965765996f,-0.7936979852517053f,0.6296663201265218f,0f,0f,0f,1f],start_interpolation:0}
execute if entity @s[tag=aj.toji.bone.bottom] run data modify entity @s {} merge value {transformation:[-0.8294005664356865f,-0.33884083117059666f,0.44416392416289463f,0.45373365118746356f,0.17920389888956578f,0.5916755814890136f,0.7860063415090338f,0.8397073828665339f,-0.5291319901678037f,0.7315100118257144f,-0.43001446438439983f,0.6156603438277958f,0f,0f,0f,1f],start_interpolation:0}
execute if entity @s[tag=aj.toji.bone.leftarm] run data modify entity @s {} merge value {transformation:[-0.8294005664356865f,-0.49480586941353294f,0.2593489001134961f,0.27819464843184993f,0.17920389888956578f,0.2040595531372164f,0.9624165737331303f,0.9019225148314358f,-0.5291319901678037f,0.8447051854744099f,-0.08057596796627386f,0.7937658908109105f,0f,0f,0f,1f],start_interpolation:0}
execute if entity @s[tag=aj.toji.locator_origin.mount] at @s on origin run tp @s ^-0.00995 ^1.2578 ^0.9265 ~7.31685 ~19.52355
execute if entity @s[tag=aj.toji.bone.head] run data modify entity @s {} merge value {transformation:[-0.9888705499658538f,0.0879028676496015f,0.12003383385198636f,-0.03192397150459928f,0.12362354093185736f,0.9343614812831471f,0.33419431835659963f,1.0242088267639038f,-0.08277835186628815f,0.3453139269611633f,-0.9348294156202839f,0.8401743973874783f,0f,0f,0f,1f],start_interpolation:0}
execute if entity @s[tag=aj.toji.bone.upper] run data modify entity @s {} merge value {transformation:[-0.9753534656608513f,-0.042565295339465674f,0.2165036088753038f,-3.061616997868383e-17f,0.1450714905764815f,0.6156117690185382f,0.774581443405265f,0.5625f,-0.16625245756163817f,0.7868991965166378f,-0.5942640615721143f,0.25f,0f,0f,0f,1f],start_interpolation:0}
execute if entity @s[tag=aj.toji.bone.bottom3] run data modify entity @s {} merge value {transformation:[-0.9914448174412315f,0.1305265259206831f,-1.8253718462077432e-8f,-0.1657360694592212f,0.049950327175312434f,0.37940954547267736f,0.9238795168306825f,0.44424670658463405f,0.1205907906268233f,0.91597555799011f,-0.38268347022141425f,-0.035488669430491754f,0f,0f,0f,1f],start_interpolation:0}
execute if entity @s[tag=aj.toji.bone.rightleg] run data modify entity @s {} merge value {transformation:[-0.9914448174412315f,0.1305265259206831f,-1.8253718462077432e-8f,-0.11875000000000002f,0.049950327175312434f,0.37940954547267736f,0.9238795168306825f,0.5625f,0.1205907906268233f,0.91597555799011f,-0.38268347022141425f,0.24999999999999997f,0f,0f,0f,1f],start_interpolation:0}
execute if entity @s[tag=aj.toji.bone.bottom4] run data modify entity @s {} merge value {transformation:[-0.991444929694812f,-0.11829614555694602f,-0.05516315191157216f,0.12494674416341824f,-0.08818236754330824f,0.2954675507558959f,0.9512743014003737f,0.33265197596409285f,-0.09623316183575308f,0.9480005002090885f,-0.3033714392727369f,0.4617234014193098f,0f,0f,0f,1f],start_interpolation:0}
execute if entity @s[tag=aj.toji.bone.leftleg] run data modify entity @s {} merge value {transformation:[-0.991444929694812f,-6.827290422178645e-7f,0.13052567326768794f,0.11874999999999997f,-0.08818236754330824f,0.7372773242657691f,-0.6698104337631392f,0.5625f,-0.09623316183575308f,-0.6755902213050762f,-0.7309699251269179f,0.25f,0f,0f,0f,1f],start_interpolation:0}