execute if entity @s[tag=aj.toji.locator_origin.head] at @s on origin run tp @s ^-0.03319 ^1.03666 ^0.85833 ~21.565 ~49.90107
execute if entity @s[tag=aj.toji.bone.blade2] run data modify entity @s {} merge value {transformation:[-0.05036267654056378f,0.184344472944851f,1.4877771056533824f,-0.3744429015760439f,0.9669442568801001f,1.1415776665213802f,-0.10871630690099587f,1.027217754797654f,-1.145636244581264f,0.9554148557533978f,-0.1571624907777069f,1.0940303801715867f,0f,0f,0f,1f],start_interpolation:0}
execute if entity @s[tag=aj.toji.bone.chain2] run data modify entity @s {} merge value {transformation:[-1.539436032933014f,-0.052111380587110796f,-0.19074532269988023f,-0.4384419213994068f,0.11249117866839153f,1.0005187102439925f,-1.1812157799422613f,0.7028409331512705f,0.1626195217074879f,-1.1854152808514469f,-0.9885889826892797f,0.707672836566203f,0f,0f,0f,1f],start_interpolation:0}
execute if entity @s[tag=aj.toji.bone.bottom2] run data modify entity @s {} merge value {transformation:[-0.9918514037689217f,-0.03357511769370897f,-0.12289631529656711f,-0.4447372559669772f,0.07247753793399722f,0.6446295045867334f,-0.76105177768092f,0.823708965261283f,0.10477499385180428f,-0.7637574963875093f,-0.6369432371689319f,0.5644683059935449f,0f,0f,0f,1f],start_interpolation:0}
execute if entity @s[tag=aj.toji.bone.rightarm] run data modify entity @s {} merge value {transformation:[-0.8919112559197588f,0.23214343377790067f,0.3880769739593475f,-0.33095694402751713f,0.38774717582192514f,0.8341880333785643f,0.39215105840750236f,1.0080217751170537f,-0.23269387444829676f,0.5002396936687539f,-0.8340346573568942f,0.704071596563752f,0f,0f,0f,1f],start_interpolation:0}
execute if entity @s[tag=aj.toji.bone.chain] run data modify entity @s {} merge value {transformation:[-1.2303889737863005f,-0.6104284296145118f,0.7228297027063617f,0.4635077931857877f,0.32370469334454144f,0.842625456129179f,1.262600604229588f,0.8591014541465559f,-0.8889999540511363f,1.1516606039161739f,-0.5406658937787953f,0.6484886422727495f,0f,0f,0f,1f],start_interpolation:0}
execute if entity @s[tag=aj.toji.bone.blade] run data modify entity @s {} merge value {transformation:[0.5899442541240917f,-0.6985736724142021f,-1.1891007531894449f,0.3390784732831338f,-0.8143494341114211f,-1.2202314564366488f,0.312842119742376f,0.30194396526276246f,-1.1130142749256984f,0.5225227429808489f,-0.8591677408279436f,0.6187230410724477f,0f,0f,0f,1f],start_interpolation:0}
execute if entity @s[tag=aj.toji.bone.bottom] run data modify entity @s {} merge value {transformation:[-0.7927338354596298f,-0.39329616941606127f,0.4657157816094679f,0.4635077931857877f,0.20856141316158372f,0.5428996227409475f,0.8134876376244325f,0.8591014541465559f,-0.5727784938852958f,0.7420095166171321f,-0.34834849532056605f,0.6484886422727495f,0f,0f,0f,1f],start_interpolation:0}
execute if entity @s[tag=aj.toji.bone.leftarm] run data modify entity @s {} merge value {transformation:[-0.7927338354596298f,-0.5532673750424664f,0.25586769595062914f,0.2756450847089443f,0.20856141316158372f,0.14823942430899456f,0.9667094754995325f,0.9091963985464036f,-0.5727784938852958f,0.8197074385377732f,-0.0021241818037400217f,0.8176168460393618f,0f,0f,0f,1f],start_interpolation:0}
execute if entity @s[tag=aj.toji.locator_origin.mount] at @s on origin run tp @s ^-0.00854 ^1.27067 ^0.94277 ~7.43541 ~18.99199
execute if entity @s[tag=aj.toji.bone.head] run data modify entity @s {} merge value {transformation:[-0.9875753397225626f,0.09860018452943206f,0.12236401424694829f,-0.03318711559114371f,0.1337787801610404f,0.9360526931998224f,0.32543600527904615f,1.0366590291980744f,-0.08245111491356223f,0.3377622820329726f,-0.9376131688950351f,0.8583255655618682f,0f,0f,0f,1f],start_interpolation:0}
execute if entity @s[tag=aj.toji.bone.upper] run data modify entity @s {} merge value {transformation:[-0.9705632459783383f,-0.04424948745485823f,0.23674663337833138f,-3.3486435914185454e-17f,0.15812060251304014f,0.6243995389307658f,0.7649333898085247f,0.568359375f,-0.18167239916097566f,0.7798507540824908f,-0.5990224876747665f,0.2734375000000001f,0f,0f,0f,1f],start_interpolation:0}
execute if entity @s[tag=aj.toji.bone.bottom3] run data modify entity @s {} merge value {transformation:[-0.991338771405952f,0.1312241329581153f,-0.005259965468394263f,-0.16553704262339386f,0.04637045098379925f,0.3872177618244701f,0.9208214735784604f,0.5036072946044408f,0.12287075153549314f,0.9126021213305605f,-0.3899489024988586f,-0.02874365961622044f,0f,0f,0f,1f],start_interpolation:0}
execute if entity @s[tag=aj.toji.bone.rightleg] run data modify entity @s {} merge value {transformation:[-0.991338771405952f,0.1298917609667412f,0.019379647579272127f,-0.11875000000000002f,0.04637045098379925f,0.2081340662854655f,0.9770005075367345f,0.568359375f,0.12287075153549314f,0.9694371258026158f,-0.212354509094266f,0.2734375000000001f,0f,0f,0f,1f],start_interpolation:0}
execute if entity @s[tag=aj.toji.bone.bottom4] run data modify entity @s {} merge value {transformation:[-0.9913387970601717f,-0.11670772918328388f,-0.060222050713780284f,0.11888878943577721f,-0.0917684517328555f,0.2875609569735265f,0.9533557821144341f,0.37978287072577993f,-0.09394647790016623f,0.9506250585658633f,-0.295780420780015f,0.5227048168973575f,0f,0f,0f,1f],start_interpolation:0}
execute if entity @s[tag=aj.toji.bone.leftleg] run data modify entity @s {} merge value {transformation:[-0.9913387970601717f,0.01938264974671628f,0.1298911172177989f,0.11874999999999997f,-0.0917684517328555f,0.6052801827121613f,-0.7907050345625017f,0.568359375f,-0.09394647790016623f,-0.7957764845135402f,-0.5982590124564986f,0.2734375000000001f,0f,0f,0f,1f],start_interpolation:0}