execute if entity @s[tag=aj.toji.locator_origin.head] at @s on origin run tp @s ^0 ^1.49715 ^-0.06537 ~0 ~-5
execute if entity @s[tag=aj.toji.bone.blade2] run data modify entity @s {} merge value {transformation:[0.390628230454104f,0.2255285305266714f,1.430575572100536f,-0.4442525812122849f,1.0025853724774247f,1.0271309576706722f,-0.43568861207154885f,1.3193303658640432f,-1.0450991132263958f,1.069644276249356f,0.11674316177143643f,0.5515067539529901f,0f,0f,0f,1f],start_interpolation:0}
execute if entity @s[tag=aj.toji.bone.chain2] run data modify entity @s {} merge value {transformation:[-1.4802483350206936f,0.4041917106782052f,-0.23335938228106945f,-0.49611221702294406f,0.45081668887958876f,1.0373973645773353f,-1.0627952270342371f,1.035147226773399f,-0.12079674377738958f,-1.0813872768800903f,-1.1067847025080142f,0.13301079209586494f,0f,0f,0f,1f],start_interpolation:0}
execute if entity @s[tag=aj.toji.bone.bottom2] run data modify entity @s {} merge value {transformation:[-0.953717048067024f,0.2604188203027362f,-0.1503523536844474f,-0.44728368821618103f,0.2904590747143659f,0.6683902483182831f,-0.6847539717804481f,1.160470398333077f,-0.07782877451429127f,-0.6967327421509306f,-0.7130961841662373f,0.00237340294256546f,0f,0f,0f,1f],start_interpolation:0}
execute if entity @s[tag=aj.toji.bone.rightarm] run data modify entity @s {} merge value {transformation:[-0.953717048067024f,0.300705490847968f,4.52341853772795e-7f,-0.3125f,0.2904590747143659f,0.9212199205756463f,-0.2588192107450191f,1.3726216863073408f,-0.07782877451429127f,-0.24684016226798028f,-0.9659257819051734f,-0.054472339217286406f,0f,0f,0f,1f],start_interpolation:0}
execute if entity @s[tag=aj.toji.bone.chain] run data modify entity @s {} merge value {transformation:[-1.480248201597434f,-0.40419177533589695f,0.23336011662126352f,0.4472837510042861f,-0.4508172591295623f,1.0373973242182397f,-1.0627950245399427f,1.1604704432342814f,0.12079625056094648f,-1.0813872914302092f,-1.1067847421223174f,0.0023734216428713192f,0f,0f,0f,1f],start_interpolation:0}
execute if entity @s[tag=aj.toji.bone.blade] run data modify entity @s {} merge value {transformation:[0.3906282929420746f,-0.22552924022457713f,-1.430575443154567f,0.44425241848439406f,-1.0025853334726613f,1.027130761971488f,-0.43568916318561723f,1.3193303527808884f,1.0450991272882557f,1.06964431453432f,0.11674268510588068f,0.5515067881828628f,0f,0f,0f,1f],start_interpolation:0}
execute if entity @s[tag=aj.toji.bone.bottom] run data modify entity @s {} merge value {transformation:[-0.9537169621030447f,-0.26041886196138325f,0.15035282681638454f,0.4472837510042861f,-0.2904594421237448f,0.6683902223151075f,-0.6847538413143254f,1.1604704432342814f,0.0778284567372541f,-0.6967327515255038f,-0.7130962096895467f,0.0023734216428713192f,0f,0f,0f,1f],start_interpolation:0}
execute if entity @s[tag=aj.toji.bone.leftarm] run data modify entity @s {} merge value {transformation:[-0.9537169621030447f,-0.30070576349138317f,-6.342690037389434e-8f,0.3125f,-0.2904594421237448f,0.9212198328231742f,-0.25881911075963043f,1.3726216863073408f,0.0778284567372541f,-0.2468401576249441f,-0.9659258086962943f,-0.05447233921728632f,0f,0f,0f,1f],start_interpolation:0}
execute if entity @s[tag=aj.toji.locator_origin.mount] at @s on origin run tp @s ^0 ^1.73207 ^-0.15087 ~0 ~-20
execute if entity @s[tag=aj.toji.bone.head] run data modify entity @s {} merge value {transformation:[-1f,4.188538737676992e-17f,1.1507915602278503e-16f,8.005125103742231e-18f,0f,0.9396926207859084f,-0.34202014332566877f,1.4971460235688092f,-1.2246467991473532e-16f,-0.34202014332566877f,-0.9396926207859084f,-0.06536680706074363f,0f,0f,0f,1f],start_interpolation:0}
execute if entity @s[tag=aj.toji.bone.upper] run data modify entity @s {} merge value {transformation:[-1f,1.0673500138322974e-17f,1.2199866483456202e-16f,0f,0f,0.9961946980917455f,-0.08715574274765818f,0.75f,-1.2246467991473532e-16f,-0.08715574274765818f,-0.9961946980917455f,0f,0f,0f,0f,1f],start_interpolation:0}