execute if entity @s[tag=aj.toji.locator_origin.head] at @s on origin run tp @s ^0.0332 ^1.03671 ^0.85829 ~-21.5569 ~49.89788
execute if entity @s[tag=aj.toji.bone.blade2] run data modify entity @s {} merge value {transformation:[0.672361768985039f,0.6102910403907862f,1.193932367274646f,-0.38369103104734137f,0.7222096798200441f,-1.2901632086058323f,0.2527688144018824f,0.2956110693138534f,1.1297534376940563f,0.4615449503338056f,-0.8721430093968684f,0.595254133038765f,0f,0f,0f,1f],start_interpolation:0}
execute if entity @s[tag=aj.toji.bone.chain2] run data modify entity @s {} merge value {transformation:[-1.2353883522494602f,0.6957076637414643f,-0.6314817015154661f,-0.547543618553948f,-0.26154550934639176f,0.7472864048137958f,1.3349605422379796f,0.7688896921040926f,0.9024257527787043f,1.168980987613989f,-0.47757081666484075f,0.5072312767018391f,0f,0f,0f,1f],start_interpolation:0}
execute if entity @s[tag=aj.toji.bone.bottom2] run data modify entity @s {} merge value {transformation:[-0.7959549115164307f,0.4482411793233595f,-0.4068606935938573f,-0.4634983974308181f,-0.16851254293458798f,0.4814731198800295f,0.8601088057372216f,0.8591659020815982f,0.5814286729312457f,0.7531689584627042f,-0.3076966335558705f,0.6484504564135961f,0f,0f,0f,1f],start_interpolation:0}
execute if entity @s[tag=aj.toji.bone.rightarm] run data modify entity @s {} merge value {transformation:[-0.7927642919345956f,0.5532548084641266f,-0.2558004971550323f,-0.27563692706887427f,-0.20845630860542597f,0.148272625467971f,0.966727053484816f,0.90926257773643f,0.5727746021220201f,0.8197099154262788f,-0.0022157878517655716f,0.8175795226375395f,0f,0f,0f,1f],start_interpolation:0}
execute if entity @s[tag=aj.toji.bone.chain] run data modify entity @s {} merge value {transformation:[-1.3843713455246827f,-0.5810094268471698f,-0.39358188120899784f,0.4447465190645921f,-0.601690015158587f,1.430703645167167f,0.004344994240777731f,0.8237038183579102f,0.3611755486737024f,0.15645382459759874f,-1.5013450960455912f,0.5644584322143642f,0f,0f,0f,1f],start_interpolation:0}
execute if entity @s[tag=aj.toji.bone.blade] run data modify entity @s {} merge value {transformation:[0.5615124662147141f,0.3803744355308432f,-1.337915931245331f,0.6753833262421054f,-1.3826934557320272f,-0.004199189064912835f,-0.5814990750525938f,0.5684267571585068f,-0.15120369625539734f,1.450964388124598f,0.3490555638188798f,1.0210035004014002f,0f,0f,0f,1f],start_interpolation:0}
execute if entity @s[tag=aj.toji.bone.bottom] run data modify entity @s {} merge value {transformation:[-0.8919439541635539f,-0.37434164414314297f,-0.2535829570205623f,0.4447465190645921f,-0.3876660500350627f,0.9217956371546847f,0.0027994593766084708f,0.8237038183579102f,0.23270370921258673f,0.10080246417026495f,-0.9673095920830653f,0.5644584322143642f,0f,0f,0f,1f],start_interpolation:0}
execute if entity @s[tag=aj.toji.bone.leftarm] run data modify entity @s {} merge value {transformation:[-0.8919439541635539f,-0.2320999585959365f,-0.3880278235524463f,0.3309750322803859f,-0.3876660500350627f,0.8342474613541451f,0.3921048416869864f,1.008036555569255f,0.23270370921258673f,0.5001607566012441f,-0.834079253593311f,0.7040426031904619f,0f,0f,0f,1f],start_interpolation:0}
execute if entity @s[tag=aj.toji.locator_origin.mount] at @s on origin run tp @s ^0.00857 ^1.27073 ^0.94271 ~-7.43226 ~18.98756
execute if entity @s[tag=aj.toji.bone.head] run data modify entity @s {} merge value {transformation:[-0.9875868009574769f,-0.09854523623394013f,-0.12231576754520919f,0.03320286312690697f,-0.13370379075101685f,0.9360888511704757f,0.3253628114169588f,1.036707604983411f,0.08243547120860673f,0.3376780998672199f,-0.9376448655843421f,0.8582857754968009f,0f,0f,0f,1f],start_interpolation:0}
execute if entity @s[tag=aj.toji.bone.upper] run data modify entity @s {} merge value {transformation:[-0.9705791349588162f,0.04427048416920934f,-0.23667755916862873f,-3.348643591418544e-17f,-0.15803836453251968f,0.624464306644548f,0.7648975127837915f,0.568359375f,0.1816590711153242f,0.7797977006624012f,-0.5990955916405577f,0.2734375f,0f,0f,0f,1f],start_interpolation:0}
execute if entity @s[tag=aj.toji.bone.bottom3] run data modify entity @s {} merge value {transformation:[-0.9913387298527653f,0.11670854209415184f,0.06022158164780847f,-0.11888852156733319f,0.09176823828806185f,0.2875609003938389f,0.9533558197263969f,0.3797828495184361f,0.09394739557545792f,0.9506249758800484f,-0.29578039505289405f,0.522704801002511f,0f,0f,0f,1f],start_interpolation:0}
execute if entity @s[tag=aj.toji.bone.rightleg] run data modify entity @s {} merge value {transformation:[-0.9913387298527653f,-0.019383505581589182f,-0.1298915024367436f,-0.11875000000000002f,0.09176823828806185f,0.6052802463067657f,-0.7907050106533576f,0.568359375f,0.09394739557545792f,-0.7957764152965262f,-0.5982589604196489f,0.2734375f,0f,0f,0f,1f],start_interpolation:0}
execute if entity @s[tag=aj.toji.bone.bottom4] run data modify entity @s {} merge value {transformation:[-0.9913388178348493f,-0.13122377924219883f,0.005260039467355138f,0.16553693865417696f,-0.0463702472432461f,0.38721780181298165f,0.9208214670226377f,0.5036072806720039f,-0.12287045383005506f,0.912602155224563f,-0.3899489169815441f,-0.02874367272839584f,0f,0f,0f,1f],start_interpolation:0}
execute if entity @s[tag=aj.toji.bone.leftleg] run data modify entity @s {} merge value {transformation:[-0.9913388178348493f,-0.12989142733666934f,-0.01937950872045553f,0.11874999999999997f,-0.0463702472432461f,0.20813410679445243f,0.9770005085768767f,0.568359375f,-0.12287045383005506f,0.9694371618074678f,-0.2123545169811042f,0.2734375f,0f,0f,0f,1f],start_interpolation:0}