execute if entity @s[tag=aj.toji.locator_origin.head] at @s on origin run tp @s ^-0.02295 ^0.95279 ^0.7266 ~12.20474 ~55.02362
execute if entity @s[tag=aj.toji.bone.blade2] run data modify entity @s {} merge value {transformation:[-0.15732023337043993f,0.17942119351399638f,1.4808978288492032f,-0.34005125180425433f,1.424625390892244f,0.45966672669917324f,0.09565038416435413f,0.64540378211475f,-0.44237183431745675f,1.41651492603632f,-0.21861524310744676f,0.9674265323509269f,0f,0f,0f,1f],start_interpolation:0}
execute if entity @s[tag=aj.toji.bone.chain2] run data modify entity @s {} merge value {transformation:[-1.5323178923509118f,-0.16278274147357988f,-0.18565109606656538f,-0.40869290674911307f,-0.09897157805894954f,1.4740915502982248f,-0.4756273769317835f,0.5756636811511863f,0.22620605015978826f,-0.45773196745347966f,-1.4656994720792478f,0.4684145184829542f,0f,0f,0f,1f],start_interpolation:0}
execute if entity @s[tag=aj.toji.bone.bottom2] run data modify entity @s {} merge value {transformation:[-0.9872652192328021f,-0.10488015558029307f,-0.1196141290093307f,-0.42835793592041804f,-0.06376692277623594f,0.9497502605948293f,-0.3064444844661155f,0.7537418550127167f,0.14574349540496423f,-0.29491455621163787f,-0.9443432840242133f,0.41311803919327206f,0f,0f,0f,1f],start_interpolation:0}
execute if entity @s[tag=aj.toji.bone.rightarm] run data modify entity @s {} merge value {transformation:[-0.9704246150735174f,0.15413587481201693f,0.18579073861565304f,-0.329172428775319f,0.24071491338775608f,0.6759681613090701f,0.6965079865795941f,0.9076892132532495f,-0.01823175614527474f,0.7206310963262474f,-0.6930789464956284f,0.5944152980339136f,0f,0f,0f,1f],start_interpolation:0}
execute if entity @s[tag=aj.toji.bone.chain] run data modify entity @s {} merge value {transformation:[-1.4204413273269103f,-0.3735850433911733f,0.5017402959572729f,0.43681710263299595f,0.13888413516875708f,1.025487389317826f,1.1567408892918272f,0.7795173537399105f,-0.6099346737408057f,1.103527300666203f,-0.905080031855842f,0.45490346600639614f,0f,0f,0f,1f],start_interpolation:0}
execute if entity @s[tag=aj.toji.bone.blade] run data modify entity @s {} merge value {transformation:[0.36104863253912023f,-0.48490337327414307f,-1.3727755109736584f,0.3417307052314401f,-0.9910750608172276f,-1.1179240809263296f,0.13422359372014153f,0.2241055470834158f,-1.066496183194183f,0.8747082187063168f,-0.5894670672394362f,0.5511812731132719f,0f,0f,0f,1f],start_interpolation:0}
execute if entity @s[tag=aj.toji.bone.bottom] run data modify entity @s {} merge value {transformation:[-0.9151836739824388f,-0.24069908835941367f,0.3232689155160952f,0.43681710263299595f,0.08948239581342737f,0.6607167072114851f,0.745282720617553f,0.7795173537399105f,-0.39297804482629084f,0.7109974554627885f,-0.583138812470878f,0.45490346600639614f,0f,0f,0f,1f],start_interpolation:0}
execute if entity @s[tag=aj.toji.bone.leftarm] run data modify entity @s {} merge value {transformation:[-0.9151836739824388f,-0.35476680526297244f,0.1912573051141036f,0.2909264216933504f,0.08948239581342737f,0.2838426088782136f,0.9546864795443049f,0.856070655697803f,-0.39297804482629084f,0.8908276417291471f,-0.22802273793591743f,0.6530492486370397f,0f,0f,0f,1f],start_interpolation:0}
execute if entity @s[tag=aj.toji.locator_origin.mount] at @s on origin run tp @s ^-0.01197 ^1.18249 ^0.82467 ~4.18601 ~22.89459
execute if entity @s[tag=aj.toji.bone.head] run data modify entity @s {} merge value {transformation:[-0.9967696393056782f,0.04391459629170987f,0.06724428890964904f,-0.022947604249181165f,0.0667248978053438f,0.9188025181238357f,0.389036914318121f,0.9527871713706315f,-0.04469982294477945f,0.3922670530669569f,-0.9187646515331719f,0.7266037280025721f,0f,0f,0f,1f],start_interpolation:0}
execute if entity @s[tag=aj.toji.bone.upper] run data modify entity @s {} merge value {transformation:[-0.9921581607498711f,-0.030596805665574867f,0.121185888371939f,-1.3394574365674083e-17f,0.08258969208871435f,0.5672578951608424f,0.8193884445965675f,0.5273437499999998f,-0.09381432096500175f,0.8229716373367638f,-0.5602825691748065f,0.10937499999999924f,0f,0f,0f,1f],start_interpolation:0}
execute if entity @s[tag=aj.toji.bone.bottom3] run data modify entity @s {} merge value {transformation:[-0.9916122720756124f,0.12874853145969584f,0.01135418495592385f,-0.16329060369940127f,0.05771029437464089f,0.3624459810449412f,0.9302163365301441f,0.30846490720077824f,0.11564870856275873f,0.9230691883446993f,-0.3668359984194903f,-0.10926511365018746f,0f,0f,0f,1f],start_interpolation:0}
execute if entity @s[tag=aj.toji.bone.rightleg] run data modify entity @s {} merge value {transformation:[-0.9916122720756124f,0.12269768639657178f,-0.04062486457786831f,-0.11875000000000001f,0.05771029437464089f,0.7015665028450018f,0.7102633061119139f,0.5273437499999998f,0.11564870856275873f,0.7019613378518526f,-0.7027628734993074f,0.10937499999999922f,0f,0f,0f,1f],start_interpolation:0}
execute if entity @s[tag=aj.toji.bone.bottom4] run data modify entity @s {} merge value {transformation:[-0.9916124411874517f,-0.1214809332345743f,-0.04412651518893611f,0.13764457122942791f,-0.08041258008273178f,0.3125862365183359f,0.9464796150492314f,0.23498940562964488f,-0.10118588561010257f,0.9420892885495301f,-0.31973299634779545f,0.21831188542378963f,0f,0f,0f,1f],start_interpolation:0}
execute if entity @s[tag=aj.toji.bone.leftleg] run data modify entity @s {} merge value {transformation:[-0.9916124411874517f,-0.04063037911042029f,0.12269449366457336f,0.11874999999999998f,-0.08041258008273178f,0.9371421535867902f,-0.33955618229558293f,0.5273437499999998f,-0.10118588561010257f,-0.34657431564392716f,-0.9325490122718714f,0.10937499999999925f,0f,0f,0f,1f],start_interpolation:0}