execute if entity @s[tag=aj.toji.locator_origin.head] at @s on origin run tp @s ^-0.02274 ^1.3829 ^0.25924 ~-4.76173 ~20.03183
execute if entity @s[tag=aj.toji.bone.blade2] run data modify entity @s {} merge value {transformation:[0.06040240133433331f,0.2828816359066867f,1.4718456202943988f,-0.3247673339137953f,1.4449287251184926f,-0.40231341178044155f,0.018024927989547895f,0.6173291479742425f,0.39816143615434885f,1.41708217784585f,-0.28869633179375287f,0.5521518832705709f,0f,0f,0f,1f],start_interpolation:0}
execute if entity @s[tag=aj.toji.bone.chain2] run data modify entity @s {} merge value {transformation:[-1.5229513709990654f,0.06249970693622023f,-0.2927039149312241f,-0.415163661269663f,-0.01865079354474011f,1.4950998614073292f,0.41628262746726247f,0.8365536605336941f,0.2987205099810358f,0.4119864860208193f,-1.4662864201321644f,0.1023102827552467f,0f,0f,0f,1f],start_interpolation:0}
execute if entity @s[tag=aj.toji.bone.bottom2] run data modify entity @s {} merge value {transformation:[-0.9812304135295992f,0.040268267556222426f,-0.18858775727112423f,-0.4076133611028713f,-0.012016618659698323f,0.9632858167456617f,0.26820894118696104f,1.0171697511735056f,0.19246422119583512f,0.2654409574362325f,-0.9447214518972333f,0.1520804622745403f,0f,0f,0f,1f],start_interpolation:0}
execute if entity @s[tag=aj.toji.bone.rightarm] run data modify entity @s {} merge value {transformation:[-0.9812304135295992f,0.06371413564547924f,-0.18200929779404526f,-0.3303579263459015f,-0.012016618659698323f,0.9218042464836246f,0.3874693949730023f,1.248371851460643f,0.19246422119583512f,0.3823838909835331f,-0.9037367334991833f,0.23564742119568388f,0f,0f,0f,1f],start_interpolation:0}
execute if entity @s[tag=aj.toji.bone.chain] run data modify entity @s {} merge value {transformation:[-1.5339729575131982f,-0.13306831379836243f,-0.19540333439372146f,0.3715171301022956f,-0.1536380407236765f,1.5361508944110474f,0.15999517384546416f,1.0469400103548487f,0.17968024841900096f,0.17747091895324965f,-1.5313986270286017f,0.129744524233889f,0f,0f,0f,1f],start_interpolation:0}
execute if entity @s[tag=aj.toji.bone.blade] run data modify entity @s {} merge value {transformation:[0.1286029341406989f,0.18884617552144858f,-1.482497354912084f,0.45870747174837434f,-1.484602206679133f,-0.15462620828018014f,-0.1484824017732172f,0.7225641552945552f,-0.17151551898837547f,1.4800094113565008f,0.17365070988145026f,0.5923148032868026f,0f,0f,0f,1f],start_interpolation:0}
execute if entity @s[tag=aj.toji.bone.bottom] run data modify entity @s {} merge value {transformation:[-0.9883315699413893f,-0.08573528942713282f,-0.1258974503476326f,0.3715171301022956f,-0.0989882678488117f,0.9897348044527553f,0.10308413885345341f,1.0469400103548487f,0.11576713992096704f,0.11434367932558366f,-0.9866729409043339f,0.129744524233889f,0f,0f,0f,1f],start_interpolation:0}
execute if entity @s[tag=aj.toji.bone.leftarm] run data modify entity @s {} merge value {transformation:[-0.9883315699413893f,-0.06918538793755616f,-0.13569852597990412f,0.29245005999656976f,-0.0989882678488117f,0.9688523455818567f,0.22699439484010664f,1.2829663300097622f,0.11576713992096704f,0.23777828865660583f,-0.9643959014627006f,0.19642454264310089f,0f,0f,0f,1f],start_interpolation:0}
execute if entity @s[tag=aj.toji.locator_origin.mount] at @s on origin run tp @s ^-0.03759 ^1.6293 ^0.29887 ~-2.39804 ~8.98815
execute if entity @s[tag=aj.toji.bone.head] run data modify entity @s {} merge value {transformation:[-0.9973786626837461f,-0.05939547938443608f,-0.04132771771916707f,-0.022744719809599034f,-0.06516577963131136f,0.9855686475349983f,0.15623015765554887f,1.3829029088822433f,0.031451937749930305f,0.15851377865891442f,-0.9868556923821472f,0.2592431783032708f,0f,0f,0f,1f],start_interpolation:0}
execute if entity @s[tag=aj.toji.bone.upper] run data modify entity @s {} merge value {transformation:[-0.996492778147954f,-0.03032629307946538f,-0.07799012147080506f,0f,-0.05535116567859094f,0.9378705451763243f,0.3425420980677929f,0.6795f,0.06275660568413281f,0.3456575710710278f,-0.9362598207785505f,0f,0f,0f,0f,1f],start_interpolation:0}
execute if entity @s[tag=aj.toji.bone.bottom3] run data modify entity @s {} merge value {transformation:[-0.9987875443673683f,0.046203716365886736f,-0.016989932624443437f,-0.1318736464426176f,0.03332675676489848f,0.8886267926484197f,0.45741857272187314f,0.3794853270173356f,0.03623214732990209f,0.4562977536448793f,-0.8890891921053259f,0.0866849375563834f,0f,0f,0f,1f],start_interpolation:0}
execute if entity @s[tag=aj.toji.bone.rightleg] run data modify entity @s {} merge value {transformation:[-0.9987875443673683f,0.022019917729028924f,-0.04402913171763935f,-0.11875f,0.03332675676489848f,0.9607134886798241f,-0.275533881677326f,0.6795f,0.03623214732990209f,-0.2766671572338289f,-0.9602825186412673f,-1.4542680739874818e-17f,0f,0f,0f,1f],start_interpolation:0}
execute if entity @s[tag=aj.toji.bone.bottom4] run data modify entity @s {} merge value {transformation:[-0.9987882758407474f,-0.03653347221266915f,0.03297401175400576f,0.1364091367904638f,-0.018906641110832234f,0.9034458109380604f,0.4282851919228314f,0.3972913505887988f,-0.0454369779471893f,0.42714280060251103f,-0.9030418090700287f,-0.13319814407611474f,0f,0f,0f,1f],start_interpolation:0}
execute if entity @s[tag=aj.toji.bone.leftleg] run data modify entity @s {} merge value {transformation:[-0.9987882758407474f,-0.03653347221266915f,0.03297401175400576f,0.11875f,-0.018906641110832234f,0.9034458109380604f,0.4282851919228314f,0.6795f,-0.0454369779471893f,0.42714280060251103f,-0.9030418090700287f,1.4542680739874818e-17f,0f,0f,0f,1f],start_interpolation:0}