execute if entity @s[tag=aj.toji.locator_origin.head] at @s on origin run tp @s ^0.02295 ^0.95282 ^0.72658 ~-12.20103 ~55.02138
execute if entity @s[tag=aj.toji.bone.blade2] run data modify entity @s {} merge value {transformation:[0.17817042472145098f,0.61640969596961f,1.35583715337397f,-0.2642089848056237f,1.1550466870112501f,-0.9192583078287785f,0.2661415306037475f,0.2602898049657363f,0.9402778581775243f,1.0124244417251216f,-0.5838444135372574f,0.6203373838769239f,0f,0f,0f,1f],start_interpolation:0}
execute if entity @s[tag=aj.toji.bone.chain2] run data modify entity @s {} merge value {transformation:[-1.4029148323105665f,0.18435689780205725f,-0.6378128104129991f,-0.4590842695243229f,-0.2753825559719327f,1.1951524747546964f,0.9511769990728335f,0.6351655561379125f,0.604116789007301f,0.9729263949197994f,-1.0475780681739109f,0.33735303263210786f,0f,0f,0f,1f],start_interpolation:0}
execute if entity @s[tag=aj.toji.bone.bottom2] run data modify entity @s {} merge value {transformation:[-0.9038914355826467f,0.11878028314763418f,-0.4109397973130732f,-0.4368129664341415f,-0.17742768706916467f,0.7700311246741668f,0.6128388718858524f,0.7795463920143187f,0.3892296090248382f,0.6268519054516828f,-0.6749496278167478f,0.4548877649042984f,0f,0f,0f,1f],start_interpolation:0}
execute if entity @s[tag=aj.toji.bone.rightarm] run data modify entity @s {} merge value {transformation:[-0.9151899114869406f,0.3547674295150569f,-0.19122629753202042f,-0.2909217395874435f,-0.08943631796499636f,0.2838733596641729f,0.9546816541139979f,0.8561045018031742f,0.39297400797176113f,0.8908175944761387f,-0.228068942274822f,0.653031288025098f,0f,0f,0f,1f],start_interpolation:0}
execute if entity @s[tag=aj.toji.bone.chain] run data modify entity @s {} merge value {transformation:[-1.5061911976865248f,-0.33864789978533727f,-0.16021345010242768f,0.42836166546398924f,-0.3735635938729538f,1.407763546860786f,0.5362972226981724f,0.7537432295636615f,0.028301783609268303f,0.5590009568077948f,-1.4476462319723056f,0.41311145983488107f,0f,0f,0f,1f],start_interpolation:0}
execute if entity @s[tag=aj.toji.bone.blade] run data modify entity @s {} merge value {transformation:[0.32728387630260747f,0.1548371598305338f,-1.4556478689050976f,0.5406960806274226f,-1.360523159382236f,-0.5183006716009183f,-0.36102790280339114f,0.33081618827031706f,-0.5402425354384057f,1.3990674993557852f,0.027352059327077897f,0.7809522011867518f,0f,0f,0f,1f],start_interpolation:0}
execute if entity @s[tag=aj.toji.bone.bottom] run data modify entity @s {} merge value {transformation:[-0.9704319126033984f,-0.21818925086840518f,-0.10322477322035609f,0.42836166546398924f,-0.24068526853559435f,0.9070154395881573f,0.3455337810672788f,0.7537432295636615f,0.01823470621805206f,0.36016169029227046f,-0.9327116662371902f,0.41311145983488107f,0f,0f,0f,1f],start_interpolation:0}
execute if entity @s[tag=aj.toji.bone.leftarm] run data modify entity @s {} merge value {transformation:[-0.9704319126033984f,-0.15412194288276398f,-0.1857641777172118f,0.32917918520558587f,-0.24068526853559435f,0.6760062699338725f,0.6964812449162152f,0.907701967763655f,0.01823470621805206f,0.7205983275945997f,-0.6931129386737829f,0.5944007108721593f,0f,0f,0f,1f],start_interpolation:0}
execute if entity @s[tag=aj.toji.locator_origin.mount] at @s on origin run tp @s ^0.01198 ^1.18252 ^0.82464 ~-4.18469 ~22.89206
execute if entity @s[tag=aj.toji.bone.head] run data modify entity @s {} merge value {transformation:[-0.9967720316441594f,-0.043890732560173354f,-0.067224404254008f,0.022954467370885398f,-0.06669309683890387f,0.9188220450017186f,0.3889962473506606f,0.9528151317400975f,0.04469393433131097f,0.39222398347652204f,-0.9187833253927706f,0.7265841993383543f,0f,0f,0f,1f],start_interpolation:0}
execute if entity @s[tag=aj.toji.bone.upper] run data modify entity @s {} merge value {transformation:[-0.992161479668847f,0.03060595649451388f,-0.1211564017639177f,-1.339457436567427e-17f,-0.08255594553676912f,0.567295175653463f,0.8193660351374327f,0.5273437500000002f,0.09380892344470182f,0.8229455991178046f,-0.5603217172078766f,0.10937500000000076f,0f,0f,0f,1f],start_interpolation:0}
execute if entity @s[tag=aj.toji.bone.bottom3] run data modify entity @s {} merge value {transformation:[-0.991612372234308f,0.12148162041064459f,0.04412617289378547f,-0.13764445772692227f,0.08041247105565771f,0.31258619075551464f,0.9464796394258465f,0.23498939692421722f,0.10118664798564675f,0.9420892151231545f,-0.3197329714278272f,0.21831188174739596f,0f,0f,0f,1f],start_interpolation:0}
execute if entity @s[tag=aj.toji.bone.rightleg] run data modify entity @s {} merge value {transformation:[-0.991612372234308f,0.040630017281465064f,-0.12269517075890164f,-0.11875000000000001f,0.08041247105565771f,0.9371421792636188f,-0.339556137249437f,0.5273437500000002f,0.10118664798564675f,-0.3465742886319517f,-0.9325489395890627f,0.10937500000000075f,0f,0f,0f,1f],start_interpolation:0}
execute if entity @s[tag=aj.toji.bone.bottom4] run data modify entity @s {} merge value {transformation:[-0.9916123306359388f,-0.1287480742240481f,-0.011354255341527217f,0.16329048161193624f,-0.05771019467498903f,0.3624460188114454f,0.9302163280002713f,0.30846489679986283f,-0.11564825619669526f,0.923069237290103f,-0.3668360178708345f,-0.10926512810911254f,0f,0f,0f,1f],start_interpolation:0}
execute if entity @s[tag=aj.toji.bone.leftleg] run data modify entity @s {} merge value {transformation:[-0.9916123306359388f,-0.12269729454547723f,0.04062461866875799f,0.11874999999999998f,-0.05771019467498903f,0.7015665341339394f,0.7102632833068784f,0.5273437500000002f,-0.11564825619669526f,0.7019613750730965f,-0.7027629107630475f,0.10937500000000078f,0f,0f,0f,1f],start_interpolation:0}