execute if entity @s[tag=aj.toji.locator_origin.head] at @s on origin run tp @s ^0.00744 ^1.13519 ^0.74823 ~-15.9524 ~42.91506
execute if entity @s[tag=aj.toji.bone.blade2] run data modify entity @s {} merge value {transformation:[0.49718338609995305f,0.5675466915414031f,1.2964179239375668f,-0.36246330338742716f,0.934824982591738f,-1.1633434652023682f,0.1507787580970989f,0.34781433756913027f,1.0625022035311464f,0.7579727797825946f,-0.739301246177838f,0.5893429323674129f,0f,0f,0f,1f],start_interpolation:0}
execute if entity @s[tag=aj.toji.bone.chain2] run data modify entity @s {} merge value {transformation:[-1.3414324351853995f,0.5144466981173129f,-0.5872531738865904f,-0.5223015722206635f,-0.1560141316421366f,0.9672841833761734f,1.203737335521895f,0.7912072116576371f,0.7649714283367908f,1.0993946411537556f,-0.7842912790806015f,0.3984428656191936f,0f,0f,0f,1f],start_interpolation:0}
execute if entity @s[tag=aj.toji.bone.bottom2] run data modify entity @s {} merge value {transformation:[-0.8642786159583781f,0.3314555907333022f,-0.37836446102760185f,-0.46015364895816935f,-0.10051917206473229f,0.6232166550611586f,0.7755623101349122f,0.9080603344816043f,0.492867497451892f,0.7083348023540975f,-0.5053151865217298f,0.5312556410605869f,0f,0f,0f,1f],start_interpolation:0}
execute if entity @s[tag=aj.toji.bone.rightarm] run data modify entity @s {} merge value {transformation:[-0.8603577191010724f,0.4259753670876901f,-0.27987422499706444f,-0.29988744974242976f,-0.12822697635365568f,0.35054889089757596f,0.927724807055238f,1.0037117432281017f,0.49329751440525105f,0.8340626245822234f,-0.24697591088325604f,0.7089402025558145f,0f,0f,0f,1f],start_interpolation:0}
execute if entity @s[tag=aj.toji.bone.chain] run data modify entity @s {} merge value {transformation:[-1.4320673688975647f,-0.4737191232209524f,-0.3656992163577735f,0.4197950885989872f,-0.49469271072663207f,1.4707887396359514f,0.03197309689627722f,0.8875161046766853f,0.336786054497294f,0.1460594032097014f,-1.5080465768142848f,0.490771883570908f,0f,0f,0f,1f],start_interpolation:0}
execute if entity @s[tag=aj.toji.bone.blade] run data modify entity @s {} merge value {transformation:[0.45782250834776567f,0.35342743057395526f,-1.3840114169211364f,0.622397254843872f,-1.4214334128025299f,-0.03090017418163715f,-0.47809228419218097f,0.6161701535981463f,-0.1411580809543422f,1.4574409869883018f,0.3254845090443644f,0.951333335661408f,0f,0f,0f,1f],start_interpolation:0}
execute if entity @s[tag=aj.toji.bone.bottom] run data modify entity @s {} merge value {transformation:[-0.9226742779474242f,-0.30521500556517733f,-0.23561828704930374f,0.4197950885989872f,-0.3187281894614542f,0.9476222752016866f,0.02060011612109136f,0.8875161046766853f,0.21698967269624309f,0.09410538730289486f,-0.9716273246588679f,0.490771883570908f,0f,0f,0f,1f],start_interpolation:0}
execute if entity @s[tag=aj.toji.bone.leftarm] run data modify entity @s {} merge value {transformation:[-0.9226742779474242f,-0.19935385241885623f,-0.3300457821878053f,0.3122894831225591f,-0.3187281894614542f,0.8760412935965978f,0.36188947643752123f,1.0866059162344939f,0.21698967269624309f,0.43910100596486984f,-0.8718404604649961f,0.6141089896056406f,0f,0f,0f,1f],start_interpolation:0}
execute if entity @s[tag=aj.toji.locator_origin.mount] at @s on origin run tp @s ^-0.01726 ^1.3731 ^0.82096 ~-6.00478 ~16.33999
execute if entity @s[tag=aj.toji.bone.head] run data modify entity @s {} merge value {transformation:[-0.9900304596950101f,-0.09880441546753241f,-0.10038613629483875f,0.007441220028077679f,-0.12349866203504997f,0.9516290503532507f,0.2813365084721906f,1.1351905956775572f,0.0677330742816181f,0.2909292663309927f,-0.9543439592937502f,0.748229515296873f,0f,0f,0f,1f],start_interpolation:0}
execute if entity @s[tag=aj.toji.bone.upper] run data modify entity @s {} merge value {transformation:[-0.9794830925839821f,0.00992162670410361f,-0.20128197302705123f,-2.792194702055967e-17f,-0.13263067681022728f,0.7202541275700767f,0.6809134271602586f,0.5949999999999999f,0.1517299407202784f,0.6936393537291639f,-0.7041608282538929f,0.22800000000000015f,0f,0f,0f,1f],start_interpolation:0}
execute if entity @s[tag=aj.toji.bone.bottom3] run data modify entity @s {} merge value {transformation:[-0.9937825112984645f,0.10714564060789053f,0.030267671467129605f,-0.12550431437302767f,0.077354216120669f,0.46891582526838327f,0.8798490063989546f,0.36738080645768045f,0.08007899528387058f,0.8767198871427495f,-0.47428851346277623f,0.4421008978694263f,0f,0f,0f,1f],start_interpolation:0}
execute if entity @s[tag=aj.toji.bone.rightleg] run data modify entity @s {} merge value {transformation:[-0.9937825112984645f,0.0017381557677191369f,-0.11132519504516701f,-0.11875000000000002f,0.077354216120669f,0.7299285036578353f,-0.679132317590755f,0.5949999999999999f,0.08007899528387058f,-0.6835212932764864f,-0.7255246351103215f,0.22800000000000012f,0f,0f,0f,1f],start_interpolation:0}
execute if entity @s[tag=aj.toji.bone.bottom4] run data modify entity @s {} merge value {transformation:[-0.9937839438056748f,-0.10887530191252948f,0.02323018870984342f,0.15963431314341744f,-0.04000288772847698f,0.5439677884516597f,0.838152023263318f,0.4602137828813522f,-0.10389052895919938f,0.8320127485564546f,-0.5449417805895524f,-0.05102770671321458f,0f,0f,0f,1f],start_interpolation:0}
execute if entity @s[tag=aj.toji.bone.leftleg] run data modify entity @s {} merge value {transformation:[-0.9937839438056748f,-0.11095412318282244f,0.009091511577864564f,0.11874999999999997f,-0.04000288772847698f,0.43211595253424206f,0.9009303927267677f,0.5949999999999999f,-0.10389052895919938f,0.8949664720614711f,-0.433868380823519f,0.22800000000000017f,0f,0f,0f,1f],start_interpolation:0}