execute if entity @s[tag=aj.toji.locator_origin.head] at @s on origin run tp @s ^-0.02295 ^0.95279 ^0.7266 ~12.20474 ~55.02362
execute if entity @s[tag=aj.toji.bone.blade2] run data modify entity @s {} merge value {transformation:[-0.1573202333704396f,0.17942119351399557f,1.480897828849203f,-0.34005125180425466f,1.4246253908922428f,0.4596667266991784f,0.09565038416435326f,0.6454037821147524f,-0.4423718343174621f,1.4165149260363181f,-0.21861524310744618f,0.9674265323509279f,0f,0f,0f,1f],start_interpolation:0}
execute if entity @s[tag=aj.toji.bone.chain2] run data modify entity @s {} merge value {transformation:[-1.5323178923509115f,-0.16278274147357955f,-0.18565109606656455f,-0.4086929067491131f,-0.09897157805894864f,1.4740915502982235f,-0.4756273769317888f,0.5756636811511867f,0.22620605015978765f,-0.45773196745348516f,-1.465699472079246f,0.4684145184829555f,0f,0f,0f,1f],start_interpolation:0}
execute if entity @s[tag=aj.toji.bone.bottom2] run data modify entity @s {} merge value {transformation:[-0.987265219232802f,-0.10488015558029284f,-0.11961412900933016f,-0.42835793592041804f,-0.06376692277623536f,0.9497502605948285f,-0.30644448446611894f,0.7537418550127171f,0.14574349540496384f,-0.2949145562116414f,-0.9443432840242121f,0.4131180391932727f,0f,0f,0f,1f],start_interpolation:0}
execute if entity @s[tag=aj.toji.bone.rightarm] run data modify entity @s {} merge value {transformation:[-0.9704246150735171f,0.15413587481201702f,0.1857907386156544f,-0.329172428775319f,0.24071491338775713f,0.6759681613090713f,0.6965079865795927f,0.90768921325325f,-0.018231756145276043f,0.7206310963262462f,-0.6930789464956294f,0.594415298033914f,0f,0f,0f,1f],start_interpolation:0}
execute if entity @s[tag=aj.toji.bone.chain] run data modify entity @s {} merge value {transformation:[-1.4204413273269096f,-0.3735850433911742f,0.5017402959572743f,0.43681710263299606f,0.13888413516875833f,1.0254873893178251f,1.156740889291828f,0.7795173537399109f,-0.6099346737408072f,1.1035273006662036f,-0.9050800318558402f,0.45490346600639686f,0f,0f,0f,1f],start_interpolation:0}
execute if entity @s[tag=aj.toji.bone.blade] run data modify entity @s {} merge value {transformation:[0.36104863253912106f,-0.4849033732741445f,-1.3727755109736575f,0.3417307052314399f,-0.9910750608172268f,-1.1179240809263304f,0.13422359372014273f,0.22410554708341612f,-1.0664961831941835f,0.8747082187063152f,-0.5894670672394378f,0.5511812731132719f,0f,0f,0f,1f],start_interpolation:0}
execute if entity @s[tag=aj.toji.bone.bottom] run data modify entity @s {} merge value {transformation:[-0.9151836739824383f,-0.24069908835941423f,0.32326891551609616f,0.43681710263299606f,0.08948239581342818f,0.6607167072114846f,0.7452827206175536f,0.7795173537399109f,-0.39297804482629184f,0.7109974554627889f,-0.5831388124708768f,0.45490346600639686f,0f,0f,0f,1f],start_interpolation:0}
execute if entity @s[tag=aj.toji.bone.leftarm] run data modify entity @s {} merge value {transformation:[-0.9151836739824383f,-0.3547668052629734f,0.19125730511410421f,0.2909264216933503f,0.08948239581342818f,0.2838426088782129f,0.9546864795443052f,0.8560706556978034f,-0.39297804482629184f,0.890827641729147f,-0.22802273793591615f,0.6530492486370404f,0f,0f,0f,1f],start_interpolation:0}
execute if entity @s[tag=aj.toji.locator_origin.mount] at @s on origin run tp @s ^-0.01197 ^1.18249 ^0.82467 ~4.18601 ~22.89459
execute if entity @s[tag=aj.toji.bone.head] run data modify entity @s {} merge value {transformation:[-0.9967696393056781f,0.043914596291710135f,0.06724428890964917f,-0.022947604249181217f,0.0667248978053441f,0.918802518123836f,0.3890369143181206f,0.952787171370632f,-0.0446998229447795f,0.3922670530669566f,-0.918764651533172f,0.7266037280025727f,0f,0f,0f,1f],start_interpolation:0}
execute if entity @s[tag=aj.toji.bone.upper] run data modify entity @s {} merge value {transformation:[-0.992158160749871f,-0.030596805665574937f,0.12118588837193951f,-1.3394574365674175e-17f,0.08258969208871472f,0.5672578951608427f,0.8193884445965672f,0.52734375f,-0.09381432096500213f,0.8229716373367636f,-0.5602825691748067f,0.109375f,0f,0f,0f,1f],start_interpolation:0}
execute if entity @s[tag=aj.toji.bone.bottom3] run data modify entity @s {} merge value {transformation:[-0.9916122720756124f,0.1287485314596959f,0.011354184955923795f,-0.16329060369940135f,0.05771029437464082f,0.36244598104494086f,0.9302163365301443f,0.30846490720077946f,0.11564870856275881f,0.9230691883446995f,-0.3668359984194899f,-0.10926511365018766f,0f,0f,0f,1f],start_interpolation:0}
execute if entity @s[tag=aj.toji.bone.rightleg] run data modify entity @s {} merge value {transformation:[-0.9916122720756124f,0.12269768639657197f,-0.04062486457786788f,-0.11875000000000001f,0.05771029437464082f,0.7015665028449987f,0.710263306111917f,0.52734375f,0.11564870856275881f,0.7019613378518557f,-0.7027628734993043f,0.10937499999999999f,0f,0f,0f,1f],start_interpolation:0}
execute if entity @s[tag=aj.toji.bone.bottom4] run data modify entity @s {} merge value {transformation:[-0.9916124411874517f,-0.1214809332345743f,-0.04412651518893609f,0.13764457122942775f,-0.0804125800827318f,0.31258623651833634f,0.9464796150492313f,0.23498940562964554f,-0.10118588561010251f,0.9420892885495301f,-0.3197329963477958f,0.2183118854237916f,0f,0f,0f,1f],start_interpolation:0}
execute if entity @s[tag=aj.toji.bone.leftleg] run data modify entity @s {} merge value {transformation:[-0.9916124411874517f,-0.040630379110419806f,0.1226944936645735f,0.11874999999999998f,-0.0804125800827318f,0.9371421535867888f,-0.3395561822955869f,0.52734375f,-0.10118588561010251f,-0.346574315643931f,-0.9325490122718699f,0.10937500000000001f,0f,0f,0f,1f],start_interpolation:0}