execute if entity @s[tag=aj.toji.locator_origin.head] at @s on origin run tp @s ^0.00285 ^1.49688 ^-0.0683 ~0.20616 ~-5.22579
execute if entity @s[tag=aj.toji.bone.blade2] run data modify entity @s {} merge value {transformation:[0.3405703124464254f,0.11735620669656159f,1.456104180005654f,-0.4545547397101981f,1.1639922200676776f,0.8816262757584875f,-0.3433033957218289f,1.2320532586144972f,-0.8826856597351425f,1.207875254586339f,0.10910268308306303f,0.5581605776207365f,0f,0f,0f,1f],start_interpolation:0}
execute if entity @s[tag=aj.toji.bone.chain2] run data modify entity @s {} merge value {transformation:[-1.506663352922517f,0.35239567051748216f,-0.12143107498463633f,-0.47323007074258305f,0.3552236525177258f,1.2044086165978054f,-0.9122382992223241f,1.005966009856303f,-0.11289097069011432f,-0.913334467364835f,-1.2498153675928092f,0.10305164953831769f,0f,0f,0f,1f],start_interpolation:0}
execute if entity @s[tag=aj.toji.bone.bottom2] run data modify entity @s {} merge value {transformation:[-0.9707361200037693f,0.2270468749642838f,-0.07823747113104085f,-0.43065878168677985f,0.22886893048121928f,0.7759948133784517f,-0.5877508505056585f,1.1514650373647628f,-0.07273512205537566f,-0.588457106490095f,-0.8052501697242259f,-0.007284057928575109f,0f,0f,0f,1f],start_interpolation:0}
execute if entity @s[tag=aj.toji.bone.rightarm] run data modify entity @s {} merge value {transformation:[-0.9707361200037693f,0.23947048170195404f,0.018035346225167784f,-0.3101201537610558f,0.22886893048121928f,0.9452743337702587f,-0.23254127929375537f,1.3734793126522513f,-0.07273512205537566f,-0.22160848880092032f,-0.9724192921322377f,-0.05814023500034421f,0f,0f,0f,1f],start_interpolation:0}
execute if entity @s[tag=aj.toji.bone.chain] run data modify entity @s {} merge value {transformation:[-1.5091688670774355f,-0.33506266737312984f,0.13822088549898917f,0.4340176213211817f,-0.3523546709957041f,1.217514697524629f,-0.8958051243156244f,1.148297021866283f,0.0849599322200203f,-0.9024154496989876f,-1.2599169971362618f,-0.0059720189162242865f,0f,0f,0f,1f],start_interpolation:0}
execute if entity @s[tag=aj.toji.bone.blade] run data modify entity @s {} merge value {transformation:[0.32381895370289027f,-0.13358260075070127f,-1.458525616504367f,0.449418621442621f,-1.1766584996211178f,0.8657445496741604f,-0.340530688747526f,1.2212542314854922f,0.8721330520580819f,1.2176379032726286f,0.0821089277831064f,0.5608023355189293f,0f,0f,0f,1f],start_interpolation:0}
execute if entity @s[tag=aj.toji.bone.bottom] run data modify entity @s {} merge value {transformation:[-0.9723504110029113f,-0.21587930246859371f,0.08905506716713396f,0.4340176213211817f,-0.2270204591650174f,0.7844389997474118f,-0.577163033116107f,1.148297021866283f,0.0547392851887379f,-0.5814220347053879f,-0.8117586021817524f,-0.0059720189162242865f,0f,0f,0f,1f],start_interpolation:0}
execute if entity @s[tag=aj.toji.bone.leftarm] run data modify entity @s {} merge value {transformation:[-0.9723504110029113f,-0.23349760529794347f,-0.0036805628095601143f,0.31487131930901385f,-0.2270204591650174f,0.9488372708176912f,-0.21947561283144834f,1.371317560872892f,0.0547392851887379f,-0.21257163928276265f,-0.975611043823134f,-0.05569372341261883f,0f,0f,0f,1f],start_interpolation:0}
execute if entity @s[tag=aj.toji.locator_origin.mount] at @s on origin run tp @s ^0.00418 ^1.73669 ^-0.13894 ~0.05641 ~-16.41414
execute if entity @s[tag=aj.toji.bone.head] run data modify entity @s {} merge value {transformation:[-0.9999853353802283f,0.00533263700641117f,0.0009444612486558231f,0.0028506993287748684f,0.004848423159719563f,0.9592320231864374f,-0.2825781634990897f,1.496878124115086f,-0.0024128442462482656f,-0.2825694404499748f,-0.9592438112943089f,-0.06830037504777783f,0f,0f,0f,1f],start_interpolation:0}
execute if entity @s[tag=aj.toji.bone.upper] run data modify entity @s {} merge value {transformation:[-0.9999863569121114f,0.0038009324383664915f,0.0035831413930148214f,0f,0.003458802846975228f,0.9958374988201146f,-0.09108080273341837f,0.75f,-0.003914418540360611f,-0.09106716673037044f,-0.9958370591975345f,0f,0f,0f,0f,1f],start_interpolation:0}