execute if entity @s[tag=aj.toji.locator_origin.head] at @s on origin run tp @s ^0.00295 ^15.08785 ^-0.2414 ~-178.82947 ~-38.9305
execute if entity @s[tag=aj.toji.bone.blade2] run data modify entity @s {} merge value {transformation:[-0.05761019792431782f,1.2894791556847214f,0.7641495744615313f,-0.10045505877813837f,1.49852752304594f,0.06644191401562571f,0.0008571672780554445f,14.943609596568852f,-0.033110840655641814f,0.7634323670873274f,-1.2907651580030033f,0.023770674553993454f,0f,0f,0f,1f],start_interpolation:0}
execute if entity @s[tag=aj.toji.bone.chain2] run data modify entity @s {} merge value {transformation:[-0.7906825457970016f,-0.05961055201891202f,-1.3342527374793298f,-0.5457420167385828f,-0.000886930030765374f,1.5505597287072574f,-0.06874892491894606f,14.961948010173867f,1.3355833926558853f,-0.0342605226228519f,-0.7899404353889711f,-0.2404290566955517f,0f,0f,0f,1f],start_interpolation:0}
execute if entity @s[tag=aj.toji.bone.bottom2] run data modify entity @s {} merge value {transformation:[-0.5094330496410211f,-0.03840679861621177f,-0.8596527704564808f,-0.5529432914791225f,-0.000571444852036751f,0.9990183486972933f,-0.04429460934375048f,15.149263950554609f,0.8605101053353355f,-0.022073893770428066f,-0.5089549113915518f,-0.24456791177750697f,0f,0f,0f,1f],start_interpolation:0}
execute if entity @s[tag=aj.toji.bone.rightarm] run data modify entity @s {} merge value {transformation:[-0.39527392520435656f,0.8729524175241221f,-0.28585416000529346f,-0.3100005667728197f,-0.5734814202207661f,0.008570875662536226f,0.8191737305065094f,15.18724925823404f,0.7175497088809348f,0.4877300655374537f,0.49723414852131514f,-0.16748225219820198f,0f,0f,0f,1f],start_interpolation:0}
execute if entity @s[tag=aj.toji.bone.chain] run data modify entity @s {} merge value {transformation:[-1.3428602982329936f,-0.4412358494689457f,0.641092675191446f,0.4400621378666978f,-0.5706782645071059f,-0.31104597155828945f,-1.4094464855423312f,15.256001013891561f,0.529164635496236f,-1.4551714683609933f,0.1068805867281691f,0.054869293266857855f,0f,0f,0f,1f],start_interpolation:0}
execute if entity @s[tag=aj.toji.bone.blade] run data modify entity @s {} merge value {transformation:[0.42642927733911495f,-0.6195794981715991f,-1.297797872117792f,0.2922183873214469f,0.3006081872778098f,1.3621496236113801f,-0.5515279871746531f,15.771017450230582f,1.406340211033443f,-0.10329398985809618f,0.511407432962805f,0.23360151388170855f,0f,0f,0f,1f],start_interpolation:0}
execute if entity @s[tag=aj.toji.bone.bottom] run data modify entity @s {} merge value {transformation:[-0.8651985814118616f,-0.2842861848927435f,0.4130529987810658f,0.4400621378666978f,-0.3676853247831018f,-0.2004054581852066f,-0.9080997490742536f,15.256001013891561f,0.3409382886418702f,-0.937560140688962f,0.06886265990539753f,0.054869293266857855f,0f,0f,0f,1f],start_interpolation:0}
execute if entity @s[tag=aj.toji.bone.leftarm] run data modify entity @s {} merge value {transformation:[-0.8651985814118616f,-0.2842861848927435f,0.4130529987810658f,0.31491568030527056f,-0.3676853247831018f,-0.2004054581852066f,-0.9080997490742536f,15.182919316546316f,0.3409382886418702f,-0.937560140688962f,0.06886265990539753f,-0.15821209886526574f,0f,0f,0f,1f],start_interpolation:0}
execute if entity @s[tag=aj.toji.locator_origin.mount] at @s on origin run tp @s ^0.00399 ^14.89554 ^-0.40113 ~-178.82043 ~-39.71172
execute if entity @s[tag=aj.toji.bone.head] run data modify entity @s {} merge value {transformation:[-0.9998659953249445f,0.004148401130999432f,-0.01583610308486694f,0.0029490681194705545f,0.0069279067003582264f,-0.7692376950534023f,-0.6389251698107378f,15.087849549018493f,-0.014832245332697988f,-0.6389492618956417f,0.7691058738700449f,-0.24139756744915f,0f,0f,0f,1f],start_interpolation:0}
execute if entity @s[tag=aj.toji.bone.upper] run data modify entity @s {} merge value {transformation:[-0.9998659953249445f,0.003932090825960777f,-0.01589119424695969f,-2.815521579020437e-17f,0.0069279067003582264f,-0.7778779069734774f,-0.6283772481171748f,15.671257979248601f,-0.014832245332697988f,-0.6284031353393288f,0.7777464265389408f,0.22990478405534662f,0f,0f,0f,1f],start_interpolation:0}
execute if entity @s[tag=aj.toji.bone.bottom3] run data modify entity @s {} merge value {transformation:[-1f,1.2017626315062005e-16f,2.3564031950655245e-17f,-0.12500000000000006f,0f,0.1924149229562469f,-0.9813136590426844f,15.923774901262062f,-1.2246467991473532e-16f,-0.9813136590426844f,-0.1924149229562469f,0.4140011015004491f,0f,0f,0f,1f],start_interpolation:0}
execute if entity @s[tag=aj.toji.bone.rightleg] run data modify entity @s {} merge value {transformation:[-1f,7.214494908606717e-17f,-9.895809288778436e-17f,-0.11875000000000002f,0f,-0.8080541504430734f,-0.5891082158243282f,15.671257979248601f,-1.2246467991473532e-16f,-0.5891082158243282f,0.8080541504430734f,0.2299047840553466f,0f,0f,0f,1f],start_interpolation:0}
execute if entity @s[tag=aj.toji.bone.bottom4] run data modify entity @s {} merge value {transformation:[-1f,8.683143620810781e-17f,-8.635913103231113e-17f,0.12499999999999996f,0f,-0.7051758196113176f,-0.7090324840481618f,15.94146380634396f,-1.2246467991473532e-16f,-0.7090324840481618f,0.7051758196113176f,0.3868922389799787f,0f,0f,0f,1f],start_interpolation:0}
execute if entity @s[tag=aj.toji.bone.leftleg] run data modify entity @s {} merge value {transformation:[-1f,6.152133893751683e-17f,-1.0589014440425395e-16f,0.11874999999999997f,0f,-0.8646586467051464f,-0.5023598557588227f,15.671257979248601f,-1.2246467991473532e-16f,-0.5023598557588227f,0.8646586467051464f,0.22990478405534664f,0f,0f,0f,1f],start_interpolation:0}