execute if entity @s[tag=aj.toji.locator_origin.head] at @s on origin run tp @s ^-0.0717 ^5.3082 ^-0.09793 ~7.66667 ~-11.97339
execute if entity @s[tag=aj.toji.bone.blade2] run data modify entity @s {} merge value {transformation:[0.6638140059477432f,1.3085347545175399f,0.3115890911558556f,-0.24966722415665699f,-0.8185012557586925f,0.1172079422295558f,1.251526265245663f,5.226978059972604f,1.0674299320466212f,-0.7238778173822124f,0.7658944089578604f,-0.4407794645882235f,0f,0f,0f,1f],start_interpolation:0}
execute if entity @s[tag=aj.toji.bone.chain2] run data modify entity @s {} merge value {transformation:[-0.3224081568209896f,0.6868631033764844f,-1.353969989049399f,-0.6818285128546654f,-1.294982038344471f,-0.8469214382503135f,-0.12127766244585955f,5.164540661767342f,-0.7924879648244526f,1.1044934713537957f,0.749012463819095f,-0.16193100719284684f,0f,0f,0f,1f],start_interpolation:0}
execute if entity @s[tag=aj.toji.bone.bottom2] run data modify entity @s {} merge value {transformation:[-0.20772606077057046f,0.44254267063182884f,-0.8723565030116932f,-0.5988517621111975f,-0.8343508434971088f,-0.5456675038391281f,-0.07813862815303702f,5.062228004797506f,-0.5105962726385734f,0.7116199546977475f,0.4825852115881417f,-0.028502265687019163f,0f,0f,0f,1f],start_interpolation:0}
execute if entity @s[tag=aj.toji.bone.rightarm] run data modify entity @s {} merge value {transformation:[-0.3197291136785943f,0.8429386839553624f,0.43269812682504427f,-0.36813402151744473f,-0.5436471476945454f,0.21081810169138793f,-0.8124059987486705f,5.1489104769512615f,-0.7760290411253213f,-0.4949849523882934f,0.3908565264125353f,-0.10374668871375992f,0f,0f,0f,1f],start_interpolation:0}
execute if entity @s[tag=aj.toji.bone.chain] run data modify entity @s {} merge value {transformation:[-1.3082623572160001f,-0.6873190313275975f,0.47434673760619356f,0.41202392238667096f,-0.5198380914094292f,1.3602072652424477f,0.537184538043097f,5.026669669776415f,-0.6535905729296806f,0.2939241711184476f,-1.3767318614098014f,-0.05799181346431556f,0f,0f,0f,1f],start_interpolation:0}
execute if entity @s[tag=aj.toji.bone.blade] run data modify entity @s {} merge value {transformation:[0.6642546343031811f,-0.4584290618475967f,-1.264360935832913f,0.35592141942135863f,-1.314562726140352f,-0.5191582112631273f,-0.5023938601540787f,4.647622222538609f,-0.2840609438997079f,1.3305328056577943f,-0.631658003368282f,0.3570027080225071f,0f,0f,0f,1f],start_interpolation:0}
execute if entity @s[tag=aj.toji.bone.bottom] run data modify entity @s {} merge value {transformation:[-0.8429072905552752f,-0.44283642286878766f,0.3056193745650643f,0.41202392238667096f,-0.33492924010271946f,0.8763751507602346f,0.34610547417541815f,5.026669669776415f,-0.42110533557885454f,0.18937396259980516f,-0.8870218704385298f,-0.05799181346431556f,0f,0f,0f,1f],start_interpolation:0}
execute if entity @s[tag=aj.toji.bone.leftarm] run data modify entity @s {} merge value {transformation:[-0.8429072905552752f,-0.44283642286878766f,0.3056193745650643f,0.24863311100976931f,-0.33492924010271946f,0.8763751507602346f,0.34610547417541815f,5.2248303799600535f,-0.42110533557885454f,0.18937396259980516f,-0.8870218704385298f,-0.03696740628804268f,0f,0f,0f,1f],start_interpolation:0}
execute if entity @s[tag=aj.toji.locator_origin.mount] at @s on origin run tp @s ^-0.08381 ^5.55132 ^-0.15491 ~11.42835 ~-12.39931
execute if entity @s[tag=aj.toji.bone.head] run data modify entity @s {} merge value {transformation:[-0.9798999937071957f,-0.0484328191579421f,0.1935207078352387f,-0.07170054630460528f,-0.09047165943560932f,0.9724755482665653f,-0.21472351259843522f,5.3082045512309675f,-0.17779449139836945f,-0.22791570821700136f,-0.9573105811471729f,-0.09792924317379545f,0f,0f,0f,1f],start_interpolation:0}
execute if entity @s[tag=aj.toji.bone.upper] run data modify entity @s {} merge value {transformation:[-0.9868274120435424f,-0.09560072840614035f,0.1305073161461072f,-8.266847286193442e-18f,-0.12147184481406667f,0.9706729822024801f,-0.2074573511341815f,4.580199814579108f,-0.10684685188114759f,-0.22057756538315304f,-0.9694995038125234f,0.06750393086356934f,0f,0f,0f,1f],start_interpolation:0}
execute if entity @s[tag=aj.toji.bone.bottom3] run data modify entity @s {} merge value {transformation:[-1f,-1.1667700678538755e-16f,3.720314387550075e-17f,-0.12500000000000003f,0f,0.30378672366108356f,0.9527400624132821f,4.269024674169517f,-1.2246467991473532e-16f,0.9527400624132821f,-0.30378672366108356f,0.09624905203345238f,0f,0f,0f,1f],start_interpolation:0}
execute if entity @s[tag=aj.toji.bone.rightleg] run data modify entity @s {} merge value {transformation:[-1f,1.1264838602176035e-17f,1.2194548469658688e-16f,-0.11875000000000001f,0f,0.9957604493106916f,-0.09198438774362577f,4.580199814579108f,-1.2246467991473532e-16f,-0.09198438774362577f,-0.9957604493106916f,0.06750393086356933f,0f,0f,0f,1f],start_interpolation:0}
execute if entity @s[tag=aj.toji.bone.bottom4] run data modify entity @s {} merge value {transformation:[-0.9905951773261891f,-0.05309002922694814f,-0.1261056836735672f,0.1650389572903756f,0.0001303314059466626f,0.921287395495811f,-0.3888823959943031f,4.471970025550734f,0.1368253546380225f,-0.38524146155006084f,-0.9126159316114049f,0.3570535081380725f,0f,0f,0f,1f],start_interpolation:0}
execute if entity @s[tag=aj.toji.bone.leftleg] run data modify entity @s {} merge value {transformation:[-0.9905951773261891f,-0.12831275978267814f,-0.04750821334304977f,0.11874999999999998f,0.0001303314059466626f,0.3463327182626772f,-0.9381117370945264f,4.580199814579108f,0.1368253546380225f,-0.9292951543711706f,-0.34305879727889443f,0.06750393086356936f,0f,0f,0f,1f],start_interpolation:0}