execute if entity @s[tag=aj.toji.locator_origin.head] at @s on origin run tp @s ^-0.08357 ^2.85258 ^0.24534 ~-7.94049 ~15.76544
execute if entity @s[tag=aj.toji.bone.blade2] run data modify entity @s {} merge value {transformation:[0.5303647056716713f,-0.24977268812304296f,1.3806979695956645f,-0.5948360662958667f,-0.41306940950415283f,1.3828344526813854f,0.4088306977335039f,2.974819585277488f,-1.3409276423094911f,-0.5247689784516251f,0.42015542046383964f,0.27035113365658536f,0f,0f,0f,1f],start_interpolation:0}
execute if entity @s[tag=aj.toji.bone.chain2] run data modify entity @s {} merge value {transformation:[-1.428638871317736f,0.5487801468408269f,0.2584453509050934f,-0.4937811682119816f,-0.4230262080714733f,-0.4274120973341581f,-1.4308495378439336f,2.4874929571071482f,-0.4347441503410565f,-1.387487629889682f,0.5429901235367511f,0.41429186932557543f,0f,0f,0f,1f],start_interpolation:0}
execute if entity @s[tag=aj.toji.bone.bottom2] run data modify entity @s {} merge value {transformation:[-0.9204653130637762f,0.35357647044778107f,0.16651512541536218f,-0.42748558000302267f,-0.2725537984890029f,-0.2753796063361018f,-0.9218896351209236f,2.435859280919129f,-0.28010361364255987f,-0.8939517615396608f,0.3498459856344168f,0.24667591403688904f,0f,0f,0f,1f],start_interpolation:0}
execute if entity @s[tag=aj.toji.bone.rightarm] run data modify entity @s {} merge value {transformation:[-0.978808997895032f,-0.04436238393658607f,0.1999122920962744f,-0.3774006136187297f,-0.058850209027366956f,0.996007906213956f,-0.06711857907261443f,2.6885393955368286f,-0.19613668330314568f,-0.07746114929921f,-0.9775122361444316f,0.23956916941853315f,0f,0f,0f,1f],start_interpolation:0}
execute if entity @s[tag=aj.toji.bone.chain] run data modify entity @s {} merge value {transformation:[-1.2767050956736494f,-0.8291469484913137f,0.3024931571120119f,0.4230893470749245f,-0.8248023618914111f,1.3101712037962283f,0.11006886104890817f,2.600922749417318f,-0.3141462018080104f,-0.07020988649611229f,-1.5183363953152529f,0.20338674190604453f,0f,0f,0f,1f],start_interpolation:0}
execute if entity @s[tag=aj.toji.bone.blade] run data modify entity @s {} merge value {transformation:[0.8013232253875779f,-0.29234238002771645f,-1.2338626427986947f,0.4450629312067273f,-1.266205727158771f,-0.10637527510766981f,-0.7971244302843163f,2.3714706689494096f,0.06785385003651113f,1.4673855095664188f,-0.30360438295539294f,0.7190550610123262f,0f,0f,0f,1f],start_interpolation:0}
execute if entity @s[tag=aj.toji.bone.bottom] run data modify entity @s {} merge value {transformation:[-0.8225750951991297f,-0.5342154835917188f,0.19489492001847747f,0.4230893470749245f,-0.5314162868562111f,0.8441371514391806f,0.07091685007177975f,2.600922749417318f,-0.20240292197026172f,-0.0452359000243408f,-0.9782570063776125f,0.20338674190604453f,0f,0f,0f,1f],start_interpolation:0}
execute if entity @s[tag=aj.toji.bone.leftarm] run data modify entity @s {} merge value {transformation:[-0.8225750951991297f,-0.5342154835917188f,0.19489492001847747f,0.23812453272704917f,-0.5314162868562111f,0.8441371514391806f,0.07091685007177975f,2.7787435193486f,-0.20240292197026172f,-0.0452359000243408f,-0.9782570063776125f,0.17942758427681796f,0f,0f,0f,1f],start_interpolation:0}
execute if entity @s[tag=aj.toji.locator_origin.mount] at @s on origin run tp @s ^-0.08609 ^3.0618 ^0.38217 ~1.00352 ~33.18849
execute if entity @s[tag=aj.toji.bone.head] run data modify entity @s {} merge value {transformation:[-0.9998416396710981f,-0.010093124748585397f,0.014656889595664024f,-0.0835656485350083f,-0.00042363431968334836f,0.8368742325492885f,0.5473950487801318f,2.852578748000206f,-0.01779089974602685f,0.5473021539587151f,-0.8367459806646088f,0.2453444735355635f,0f,0f,0f,1f],start_interpolation:0}
execute if entity @s[tag=aj.toji.bone.upper] run data modify entity @s {} merge value {transformation:[-0.9848402341532461f,-0.11142086471334439f,-0.13294774950900817f,-3.706747877932922e-18f,-0.14432659809883433f,0.9514983244599311f,0.271699782169882f,2.1389550046552577f,0.0962265362267443f,0.28676877350310365f,-0.9531548270188474f,0.03026789340823578f,0f,0f,0f,1f],start_interpolation:0}
execute if entity @s[tag=aj.toji.bone.bottom3] run data modify entity @s {} merge value {transformation:[-1f,-1.0684027260778063e-16f,5.985611059627667e-17f,-0.12500000000000003f,0f,0.488762234449564f,0.8724170322591539f,1.8803901792985354f,-1.2246467991473532e-16f,0.8724170322591539f,-0.488762234449564f,0.20576855177807707f,0f,0f,0f,1f],start_interpolation:0}
execute if entity @s[tag=aj.toji.bone.rightleg] run data modify entity @s {} merge value {transformation:[-1f,6.877642224668138e-17f,1.0132818743846538e-16f,-0.11875f,0f,0.8274074411415111f,-0.5616021067834922f,2.1389550046552577f,-1.2246467991473532e-16f,-0.5616021067834922f,-0.8274074411415111f,0.030267893408235765f,0f,0f,0f,1f],start_interpolation:0}
execute if entity @s[tag=aj.toji.bone.bottom4] run data modify entity @s {} merge value {transformation:[-0.9473845922675908f,0.05466776346106681f,-0.31539478431346263f,0.22341896939589287f,-0.030082133304141292f,0.9657421329908552f,0.25775414220172116f,2.0620139242794657f,0.31868087421406804f,0.2536800508602086f,-0.9132846939512996f,0.31455610895050473f,0f,0f,0f,1f],start_interpolation:0}
execute if entity @s[tag=aj.toji.bone.leftleg] run data modify entity @s {} merge value {transformation:[-0.9473845922675908f,-0.3159930102215054f,-0.051096495233258314f,0.11875f,-0.030082133304141292f,0.24681309986861666f,-0.9685960762821187f,2.1389550046552577f,0.31868087421406804f,-0.916095907219542f,-0.2433326718419897f,0.030267893408235793f,0f,0f,0f,1f],start_interpolation:0}