execute if entity @s[tag=aj.toji.locator_origin.head] at @s on origin run tp @s ^-0.03499 ^1.20669 ^0.30425 ~-11.53659 ~23.03528
execute if entity @s[tag=aj.toji.bone.blade2] run data modify entity @s {} merge value {transformation:[-0.23010832121055283f,0.34414158258115335f,1.4417408684115882f,-0.32284501259655257f,1.4107013188634492f,0.4986573789863501f,0.10612543210460514f,0.8554676863588092f,-0.4549416989753593f,1.3721907263645978f,-0.40015079784052743f,0.6935710413360807f,0f,0f,0f,1f],start_interpolation:0}
execute if entity @s[tag=aj.toji.bone.chain2] run data modify entity @s {} merge value {transformation:[-1.491801315231435f,-0.23809819347480782f,-0.3560909430874431f,-0.4471674101934523f,-0.10981034294157038f,1.459684003546208f,-0.5159718713122651f,0.7226161097469882f,0.4140449227655454f,-0.4707382857453372f,-1.419836237696702f,0.20848066791782924f,0f,0f,0f,1f],start_interpolation:0}
execute if entity @s[tag=aj.toji.bone.bottom2] run data modify entity @s {} merge value {transformation:[-0.9611605789410588f,-0.15340554747370166f,-0.2294277217207687f,-0.47593095034477134f,-0.07075028806973661f,0.9404675459089661f,-0.3324382526575667f,0.8989537746049193f,0.26676719856035136f,-0.30329446598357296f,-0.9147938175763985f,0.1516129555459093f,0f,0f,0f,1f],start_interpolation:0}
execute if entity @s[tag=aj.toji.bone.rightarm] run data modify entity @s {} merge value {transformation:[-0.9302979846180994f,0.3272585832211123f,-0.165672808642857f,-0.33597268050086204f,0.09569783022956083f,0.6525660957227033f,0.751664430449241f,1.0561141841462476f,0.35410109447000665f,0.6834173764408819f,-0.6383988600191932f,0.30033598125175437f,0f,0f,0f,1f],start_interpolation:0}
execute if entity @s[tag=aj.toji.bone.chain] run data modify entity @s {} merge value {transformation:[-1.3311783463989855f,-0.7765213464790558f,0.1842321420163395f,0.45634016125594923f,-0.7947161116991264f,1.3226165336910816f,-0.16755440974179497f,0.9480306068788765f,-0.07316546654943265f,-0.23803944395930232f,-1.5319747749996608f,0.2480308565829685f,0f,0f,0f,1f],start_interpolation:0}
execute if entity @s[tag=aj.toji.bone.blade] run data modify entity @s {} merge value {transformation:[0.750463583174389f,-0.17804985537149615f,-1.2865079320902948f,0.5099260935716026f,-1.2782334285336627f,0.1619317785424057f,-0.7680477858031821f,0.8091116562445162f,0.23005154315529883f,1.4805662255030279f,-0.07071024955112992f,0.7928932098182212f,0f,0f,0f,1f],start_interpolation:0}
execute if entity @s[tag=aj.toji.bone.bottom] run data modify entity @s {} merge value {transformation:[-0.857671954726863f,-0.5003090554495929f,0.11869990358099725f,0.45634016125594923f,-0.5120318572021216f,0.8521556190224417f,-0.10795451902827058f,0.9480306068788765f,-0.04714016636741969f,-0.1533676954368659f,-0.9870441503353519f,0.2480308565829685f,0f,0f,0f,1f],start_interpolation:0}
execute if entity @s[tag=aj.toji.bone.leftarm] run data modify entity @s {} merge value {transformation:[-0.857671954726863f,-0.5003090554495929f,0.11869990358099725f,0.27765840022312205f,-0.5120318572021216f,0.8521556190224417f,-0.10795451902827058f,1.1290675205593543f,-0.04714016636741969f,-0.1533676954368659f,-0.9870441503353519f,0.2067426723257883f,0f,0f,0f,1f],start_interpolation:0}
execute if entity @s[tag=aj.toji.locator_origin.mount] at @s on origin run tp @s ^-0.01916 ^1.38077 ^0.48299 ~-2.44546 ~45.83968
execute if entity @s[tag=aj.toji.bone.head] run data modify entity @s {} merge value {transformation:[-0.997551904564183f,0.06329752546298573f,-0.02972576274267702f,-0.034988568166644016f,0.02280452136012203f,0.6962950858117289f,0.7173932723966492f,1.2066947823377792f,0.06610712144623296f,0.7149591434093978f,-0.6960339587616349f,0.30424719214652557f,0f,0f,0f,1f],start_interpolation:0}
execute if entity @s[tag=aj.toji.bone.upper] run data modify entity @s {} merge value {transformation:[-0.9818097291583746f,-0.046651424222192026f,-0.1840470058110159f,0f,-0.11672533826097084f,0.9128314398798238f,0.39129778657026604f,0.5220712024279112f,0.1497492942815457f,0.4056629228620341f,-0.9016721920283504f,0f,0f,0f,0f,1f],start_interpolation:0}
execute if entity @s[tag=aj.toji.bone.bottom3] run data modify entity @s {} merge value {transformation:[-1f,-6.62682409367786e-17f,1.029860090971761e-16f,-0.12500000000000003f,0f,0.8409445822981694f,0.5411212521268756f,0.2639769722805741f,-1.2246467991473532e-16f,0.5411212521268756f,-0.8409445822981694f,0.17619199290732082f,0f,0f,0f,1f],start_interpolation:0}
execute if entity @s[tag=aj.toji.bone.rightleg] run data modify entity @s {} merge value {transformation:[-1f,6.904734724778997e-17f,1.0114376730506773e-16f,-0.11875f,0f,0.8259015364714786f,-0.5638143773034268f,0.5220712024279112f,-1.2246467991473532e-16f,-0.5638143773034268f,-0.8259015364714786f,-1.4542680739874818e-17f,0f,0f,0f,1f],start_interpolation:0}
execute if entity @s[tag=aj.toji.bone.bottom4] run data modify entity @s {} merge value {transformation:[-0.9585400488700737f,0.08490044727981691f,-0.2720163391486689f,0.20115581500666377f,-0.0499660123647849f,0.8897186376132088f,0.4537666178687649f,0.3193446200643709f,0.28054299549359424f,0.44854504783285987f,-0.8485888095798214f,0.2231737595603171f,0f,0f,0f,1f],start_interpolation:0}
execute if entity @s[tag=aj.toji.bone.leftleg] run data modify entity @s {} merge value {transformation:[-0.9585400488700737f,-0.24452780704392263f,-0.14631174352883228f,0.11875f,-0.0499660123647849f,0.6497243838106246f,-0.7585259538672796f,0.5220712024279112f,0.28054299549359424f,-0.7197668905028866f,-0.635004922040205f,1.4542680739874818e-17f,0f,0f,0f,1f],start_interpolation:0}