execute if entity @s[tag=aj.toji.locator_origin.head] at @s on origin run tp @s ^0.00796 ^0.98786 ^0.47317 ~-23.17024 ~37.00801
execute if entity @s[tag=aj.toji.bone.blade2] run data modify entity @s {} merge value {transformation:[-0.4334683184020226f,0.4440053168465829f,1.3656370292115283f,-0.2799683714364294f,1.255182055096118f,0.8101161062180868f,0.13501815807783563f,0.8862718844437938f,-0.697583848369791f,1.1817661245178799f,-0.6056447815638973f,0.8378965659256846f,0f,0f,0f,1f],start_interpolation:0}
execute if entity @s[tag=aj.toji.bone.chain2] run data modify entity @s {} merge value {transformation:[-1.4130549816147064f,-0.44851930167987036f,-0.4594221681259779f,-0.44429258838277513f,-0.13970628856664924f,1.2987647653425112f,-0.8382451376839927f,0.6419186268359294f,0.626674114257088f,-0.72180550977152f,-1.2227996705080844f,0.41162516463662135f,0f,0f,0f,1f],start_interpolation:0}
execute if entity @s[tag=aj.toji.bone.bottom2] run data modify entity @s {} merge value {transformation:[-0.9104246861410188f,-0.28897887893468155f,-0.29600354456438843f,-0.49847612818302794f,-0.09001210538522367f,0.8367880367307453f,-0.5400774041453912f,0.7988163837229441f,0.40376318770926467f,-0.4650558989131941f,-0.7878440830119201f,0.32442718359039746f,0f,0f,0f,1f],start_interpolation:0}
execute if entity @s[tag=aj.toji.bone.rightarm] run data modify entity @s {} merge value {transformation:[-0.7649080076622079f,0.6425758387322951f,-0.04485567178985514f,-0.2900254180210662f,0.06522026451602693f,0.1465389765202717f,0.9870525039008062f,0.8313748613207603f,0.640829194802087f,0.7520788654375807f,-0.1539978027487081f,0.47239507527466224f,0f,0f,0f,1f],start_interpolation:0}
execute if entity @s[tag=aj.toji.bone.chain] run data modify entity @s {} merge value {transformation:[-1.0624502014842316f,-0.9587889133841833f,0.6007379316713769f,0.5005042661044226f,-1.0560634151566355f,1.1361001320587134f,-0.054490611255422844f,0.8100062598706796f,-0.4060693366223698f,-0.4460526685480792f,-1.430072510171186f,0.404317805181777f,0f,0f,0f,1f],start_interpolation:0}
execute if entity @s[tag=aj.toji.bone.blade] run data modify entity @s {} merge value {transformation:[0.9266147887739754f,-0.5805789406756934f,-1.0267975101592572f,0.4422753384144572f,-1.0979759665533875f,0.05266206725356278f,-1.0206250455205066f,0.6610422575167464f,0.4310844581941166f,1.3820834997627567f,-0.39244284881625047f,0.9460410084353583f,0f,0f,0f,1f],start_interpolation:0}
execute if entity @s[tag=aj.toji.bone.bottom] run data modify entity @s {} merge value {transformation:[-0.6845316734395048f,-0.6177431925159838f,0.38705262711712873f,0.5005042661044226f,-0.6804166970136711f,0.7319839777022582f,-0.035108044835708674f,0.8100062598706796f,-0.2616285658775f,-0.2873896387960778f,-0.9213889998418379f,0.404317805181777f,0f,0f,0f,1f],start_interpolation:0}
execute if entity @s[tag=aj.toji.bone.leftarm] run data modify entity @s {} merge value {transformation:[-0.6845316734395048f,-0.6177431925159838f,0.38705262711712873f,0.3032852383854575f,-0.6804166970136711f,0.7319839777022582f,-0.035108044835708674f,0.9504762107328898f,-0.2616285658775f,-0.2873896387960778f,-0.9213889998418379f,0.3161186101154138f,0f,0f,0f,1f],start_interpolation:0}
execute if entity @s[tag=aj.toji.locator_origin.mount] at @s on origin run tp @s ^0.05504 ^1.05516 ^0.70929 ~3.82849 ~73.85435
execute if entity @s[tag=aj.toji.bone.head] run data modify entity @s {} merge value {transformation:[-0.9819310442781847f,0.18832598067331097f,0.018567425405512122f,0.00795589221863478f,0.06978971933883725f,0.2691800924900069f,0.9605578966838375f,0.987860620100306f,0.17590002659851953f,0.9444974339883125f,-0.27745950665301244f,0.4731671160902445f,0f,0f,0f,1f],start_interpolation:0}
execute if entity @s[tag=aj.toji.bone.upper] run data modify entity @s {} merge value {transformation:[-0.9492970502504379f,0.01060785629151304f,-0.31420150185942164f,3.6068821799106247e-20f,-0.19056215905940727f,0.7754806725878471f,0.601926731402849f,0.4062501156594206f,0.2500423442547975f,0.631282187161652f,-0.7341400590159662f,-0.00029452428099447747f,0f,0f,0f,1f],start_interpolation:0}
execute if entity @s[tag=aj.toji.bone.bottom3] run data modify entity @s {} merge value {transformation:[-1f,-9.968953469432061e-17f,7.113082664392722e-17f,-0.12500000000000003f,0f,0.5808272776563108f,0.8140268260508118f,0.23859131118642063f,-1.2246467991473532e-16f,0.8140268260508118f,-0.5808272776563108f,0.2634227017067752f,0f,0f,0f,1f],start_interpolation:0}
execute if entity @s[tag=aj.toji.bone.rightleg] run data modify entity @s {} merge value {transformation:[-1f,1.0334734613950122e-16f,6.570330183895403e-17f,-0.11875f,0f,0.5365081743135999f,-0.8438951231608628f,0.4062501156594206f,-1.2246467991473532e-16f,-0.8438951231608628f,-0.5365081743135999f,-0.000294524280994492f,0f,0f,0f,1f],start_interpolation:0}
execute if entity @s[tag=aj.toji.bone.bottom4] run data modify entity @s {} merge value {transformation:[-0.8853598922017643f,0.27328926147466104f,-0.3760995092300904f,0.26948333048906487f,-0.07777521492481394f,0.7105116761374916f,0.699374130216218f,0.37091421148103954f,0.45835453223883316f,0.6484490247004205f,-0.6078034099453489f,0.2712310720364994f,0f,0f,0f,1f],start_interpolation:0}
execute if entity @s[tag=aj.toji.bone.leftleg] run data modify entity @s {} merge value {transformation:[-0.8853598922017643f,-0.4646394597209722f,0.015749087296842396f,0.11875f,-0.07777521492481394f,0.11463039766931578f,-0.9903589691993372f,0.4062501156594206f,0.45835453223883316f,-0.878048998860757f,-0.13762659036589875f,-0.00029452428099446294f,0f,0f,0f,1f],start_interpolation:0}