execute if entity @s[tag=aj.toji.locator_origin.head] at @s on origin run tp @s ^0.00864 ^0.99023 ^0.46906 ~-22.84835 ~36.80617
execute if entity @s[tag=aj.toji.bone.blade2] run data modify entity @s {} merge value {transformation:[-0.39600931308774345f,0.5149044553497734f,1.3520540025489833f,-0.26420714198681716f,1.334090737067545f,0.6723535056724569f,0.13469472402634677f,0.8390843413969675f,-0.5598022233060076f,1.2380687239692765f,-0.6354583428602848f,0.8351351597200813f,0f,0f,0f,1f],start_interpolation:0}
execute if entity @s[tag=aj.toji.bone.chain2] run data modify entity @s {} merge value {transformation:[-1.3990003220819345f,-0.4097596364588454f,-0.5327830822716402f,-0.4519161401561201f,-0.13937162416615032f,1.3804133321046128f,-0.6956991135083062f,0.6443324536125168f,0.6575228686540443f,-0.579239800504133f,-1.2810572213293212f,0.39325813548571764f,0f,0f,0f,1f],start_interpolation:0}
execute if entity @s[tag=aj.toji.bone.bottom2] run data modify entity @s {} merge value {transformation:[-0.9013693350326557f,-0.2640062087251621f,-0.3432696368998487f,-0.501417304292088f,-0.08979648268423107f,0.8893938247116967f,-0.4482356704483046f,0.8110937957459599f,0.4236388952401896f,-0.3732014822040051f,-0.8253791493128512f,0.32328285757246666f,0f,0f,0f,1f],start_interpolation:0}
execute if entity @s[tag=aj.toji.bone.rightarm] run data modify entity @s {} merge value {transformation:[-0.7522181012372571f,0.6584349719245923f,-0.02512600082935368f,-0.2897949299836114f,0.06294285342578068f,0.10976151042757099f,0.9919630073905373f,0.8346002450137413f,0.655901002723457f,0.7445910277295313f,-0.12400837089101824f,0.46843680183463343f,0f,0f,0f,1f],start_interpolation:0}
execute if entity @s[tag=aj.toji.bone.chain] run data modify entity @s {} merge value {transformation:[-1.0744044333819855f,-0.956025196893815f,0.5836382527254259f,0.5014446640879575f,-1.0543786289418855f,1.136162564600389f,-0.07989372467477575f,0.8106465130216708f,-0.3780257847963235f,-0.4517888038850905f,-1.4359477902501594f,0.4008241026029829f,0f,0f,0f,1f],start_interpolation:0}
execute if entity @s[tag=aj.toji.bone.blade] run data modify entity @s {} merge value {transformation:[0.9239438144477136f,-0.5640530764594722f,-1.03835059333561f,0.4485021639893063f,-1.098036304043329f,0.07721272720246761f,-1.0189967957559158f,0.6701254726417465f,0.4366281057681411f,1.3877616227921001f,-0.3653403557763131f,0.9453384181672251f,0f,0f,0f,1f],start_interpolation:0}
execute if entity @s[tag=aj.toji.bone.bottom] run data modify entity @s {} merge value {transformation:[-0.6922337288904067f,-0.6159625429651425f,0.37603538430631467f,0.5014446640879575f,-0.6793311971706107f,0.7320242026955526f,-0.051475151468311886f,0.8106465130216708f,-0.2435602371842084f,-0.2910854038454274f,-0.9251744151947334f,0.4008241026029829f,0f,0f,0f,1f],start_interpolation:0}
execute if entity @s[tag=aj.toji.bone.leftarm] run data modify entity @s {} merge value {transformation:[-0.6922337288904067f,-0.6159625429651425f,0.37603538430631467f,0.30418942029102153f,-0.6793311971706107f,0.7320242026955526f,-0.051475151468311886f,0.9511943638723958f,-0.2435602371842084f,-0.2910854038454274f,-0.9251744151947334f,0.312830236817613f,0f,0f,0f,1f],start_interpolation:0}
execute if entity @s[tag=aj.toji.locator_origin.mount] at @s on origin run tp @s ^0.05565 ^1.07973 ^0.6977 ~-0.04454 ~68.62608
execute if entity @s[tag=aj.toji.bone.head] run data modify entity @s {} merge value {transformation:[-0.98215908702012f,0.1880517149898946f,-0.0002833251907926049f,0.008636694184446082f,0.06827684225797286f,0.35800024298268024f,0.9312218311635645f,0.9902261838180768f,0.17521929287348523f,0.9145886389594515f,-0.3644527690815565f,0.4690555648623944f,0f,0f,0f,1f],start_interpolation:0}
execute if entity @s[tag=aj.toji.bone.upper] run data modify entity @s {} merge value {transformation:[-0.9503749604394126f,0.01151559224592811f,-0.3108935922546658f,1.808446160509922e-19f,-0.18655059017384715f,0.7786310350000663f,0.5991098301985331f,0.4062529075680271f,0.24897050402723256f,0.6273763642901695f,-0.7378431985554076f,-0.0014767083552327353f,0f,0f,0f,1f],start_interpolation:0}
execute if entity @s[tag=aj.toji.bone.bottom3] run data modify entity @s {} merge value {transformation:[-1f,-9.635257779734604e-17f,7.558954013899647e-17f,-0.12500000000000003f,0f,0.6172354363039602f,0.7867785051529181f,0.23468826296767314f,-1.2246467991473532e-16f,0.7867785051529181f,-0.6172354363039602f,0.25971636720986385f,0f,0f,0f,1f],start_interpolation:0}
execute if entity @s[tag=aj.toji.bone.rightleg] run data modify entity @s {} merge value {transformation:[-1f,1.0235816446407943e-16f,6.723394971413656e-17f,-0.11875f,0f,0.5490068627211327f,-0.835817841808309f,0.4062529075680271f,-1.2246467991473532e-16f,-0.835817841808309f,-0.5490068627211327f,-0.0014767083552327499f,0f,0f,0f,1f],start_interpolation:0}
execute if entity @s[tag=aj.toji.bone.bottom4] run data modify entity @s {} merge value {transformation:[-0.8898771883381956f,0.2659484712105153f,-0.37066157116174997f,0.26686676675734733f,-0.07799074031005766f,0.7118494855849605f,0.6979883625808645f,0.35604011225118104f,0.4494841867087167f,0.6500320919256347f,-0.6127171005982994f,0.26914371048233043f,0f,0f,0f,1f],start_interpolation:0}
execute if entity @s[tag=aj.toji.bone.leftleg] run data modify entity @s {} merge value {transformation:[-0.8898771883381956f,-0.4561761098567475f,-0.004684706103054137f,0.11875f,-0.07799074031005766f,0.1622407598201086f,-0.983664261970965f,0.4062529075680271f,0.4494841867087167f,-0.8749750240143764f,-0.17995186370206065f,-0.0014767083552327208f,0f,0f,0f,1f],start_interpolation:0}