execute if entity @s[tag=aj.toji.locator_origin.head] at @s on origin run tp @s ^0.03609 ^0.95333 ^0.50695 ~-26.84895 ~40.84302
execute if entity @s[tag=aj.toji.bone.blade2] run data modify entity @s {} merge value {transformation:[-0.30576704186907977f,0.7325996465019603f,1.2727153153992592f,-0.19492684681265338f,1.443527573975476f,0.3886943890132163f,0.1230642723219043f,0.759708841163454f,-0.26969363967122f,1.2498857667382433f,-0.7842518159532971f,0.8748946843928824f,0f,0f,0f,1f],start_interpolation:0}
execute if entity @s[tag=aj.toji.bone.chain2] run data modify entity @s {} merge value {transformation:[-1.3169068194061782f,-0.31638395304508926f,-0.7580371342277226f,-0.4551328791287715f,-0.1273373373330813f,1.493650059182958f,-0.4021907219650641f,0.6656258135277446f,0.8114827817850085f,-0.27905800215980425f,-1.2932845780833213f,0.4368770192322765f,0f,0f,0f,1f],start_interpolation:0}
execute if entity @s[tag=aj.toji.bone.bottom2] run data modify entity @s {} merge value {transformation:[-0.8484768769328396f,-0.20384469457938634f,-0.48839976433464f,-0.49335375936240644f,-0.08204284821460271f,0.9623517159836508f,-0.2591295926754775f,0.8460667602746792f,0.5228345439688645f,-0.17979575978081347f,-0.8332571778254956f,0.403165314273374f,0f,0f,0f,1f],start_interpolation:0}
execute if entity @s[tag=aj.toji.bone.rightarm] run data modify entity @s {} merge value {transformation:[-0.6270419666968602f,0.7637085386036313f,0.15351755621048585f,-0.26323650179294483f,0.019536028417822315f,-0.18159465491579907f,0.9831793960919188f,0.7994470947696155f,0.7787404674181198f,0.6194938654820707f,0.09894763784694621f,0.5093675014302592f,0f,0f,0f,1f],start_interpolation:0}
execute if entity @s[tag=aj.toji.bone.chain] run data modify entity @s {} merge value {transformation:[-1.0143829495082002f,-0.9428387970376229f,0.7007459654959163f,0.5160955352079815f,-1.0860177410088834f,1.1056157062458725f,-0.08451064978754896f,0.7905152749178965f,-0.44783408933679597f,-0.5455562175561746f,-1.3823081116468912f,0.43985066201073447f,0f,0f,0f,1f],start_interpolation:0}
execute if entity @s[tag=aj.toji.bone.blade] run data modify entity @s {} merge value {transformation:[0.9111999112309909f,-0.6772310002108186f,-0.9803432532159787f,0.42222288030948546f,-1.0685145080497025f,0.08167472194232896f,-1.0495741926528803f,0.6560431063248768f,0.527248961933484f,1.3359219334037067f,-0.43280609976173606f,0.9803597475002803f,0f,0f,0f,1f],start_interpolation:0}
execute if entity @s[tag=aj.toji.bone.bottom] run data modify entity @s {} merge value {transformation:[-0.6535621688106524f,-0.6074666074873274f,0.4514873334738789f,0.5160955352079815f,-0.6997161284352537f,0.7123430053664681f,-0.05444981462821946f,0.7905152749178965f,-0.2885373998411571f,-0.3514993079556561f,-0.8906146222691378f,0.43985066201073447f,0f,0f,0f,1f],start_interpolation:0}
execute if entity @s[tag=aj.toji.bone.leftarm] run data modify entity @s {} merge value {transformation:[-0.6535621688106524f,-0.6074666074873274f,0.4514873334738789f,0.3233812477854839f,-0.6997161284352537f,0.7123430053664681f,-0.05444981462821946f,0.9248687682323102f,-0.2885373998411571f,-0.3514993079556561f,-0.8906146222691378f,0.3339422475317481f,0f,0f,0f,1f],start_interpolation:0}
execute if entity @s[tag=aj.toji.locator_origin.mount] at @s on origin run tp @s ^0.09465 ^1.00469 ^0.74451 ~8.34625 ~77.2259
execute if entity @s[tag=aj.toji.bone.head] run data modify entity @s {} merge value {transformation:[-0.9716467456325764f,0.23424884519071382f,0.03209486296030045f,0.036086847595523434f,0.08174289421242427f,0.20544272637622796f,0.9752493965262828f,0.9533332731310542f,0.22185738875998676f,0.9502214293026228f,-0.21876593506915287f,0.5069536621273183f,0f,0f,0f,1f],start_interpolation:0}
execute if entity @s[tag=aj.toji.bone.upper] run data modify entity @s {} merge value {transformation:[-0.938588399325486f,0.048115796794031246f,-0.3416675090647303f,5.926143933004455e-19f,-0.20067467754031162f,0.7294027330407306f,0.6539887818814668f,0.40628122335050626f,0.2806804062376176f,0.6823903011705165f,-0.6749533216620968f,-0.004839063750569117f,0f,0f,0f,1f],start_interpolation:0}
execute if entity @s[tag=aj.toji.bone.bottom3] run data modify entity @s {} merge value {transformation:[-1f,-9.699101108595877e-17f,7.476858695429512e-17f,-0.12500000000000003f,0f,0.6105318448253972f,0.791991708576609f,0.2622274875726981f,-1.2246467991473532e-16f,0.791991708576609f,-0.6105318448253972f,0.27247803130211135f,0f,0f,0f,1f],start_interpolation:0}
execute if entity @s[tag=aj.toji.bone.rightleg] run data modify entity @s {} merge value {transformation:[-1f,1.0867695769763437e-16f,5.645278285616364e-17f,-0.11875f,0f,0.46097195448898626f,-0.8874147041685775f,0.40628122335050626f,-1.2246467991473532e-16f,-0.8874147041685775f,-0.46097195448898626f,-0.004839063750569131f,0f,0f,0f,1f],start_interpolation:0}
execute if entity @s[tag=aj.toji.bone.bottom4] run data modify entity @s {} merge value {transformation:[-0.8701691831595634f,0.32503073449942294f,-0.37035201404904466f,0.27778855015179554f,-0.08738576962475528f,0.637893042604241f,0.7651510919185784f,0.3804677974780367f,0.4849425944856849f,0.6981743964281913f,-0.5266718069401695f,0.2629961824556413f,0f,0f,0f,1f],start_interpolation:0}
execute if entity @s[tag=aj.toji.bone.leftleg] run data modify entity @s {} merge value {transformation:[-0.8701691831595634f,-0.49151997682255444f,0.03483827010305997f,0.11875f,-0.08738576962475528f,0.08435067818439766f,-0.9925969425486466f,0.40628122335050626f,0.4849425944856849f,-0.8667716397495869f,-0.11635121219525328f,-0.004839063750569102f,0f,0f,0f,1f],start_interpolation:0}