execute if entity @s[tag=aj.toji.locator_origin.head] at @s on origin run tp @s ^0.03657 ^0.95161 ^0.50914 ~-27.0703 ~40.99532
execute if entity @s[tag=aj.toji.bone.blade2] run data modify entity @s {} merge value {transformation:[-0.33025284755892587f,0.71430008708963f,1.2769919507432177f,-0.19679098276228268f,1.4281728757504064f,0.44206236158748136f,0.1220782758664027f,0.7763589730378883f,-0.31820636959375204f,1.2427213098886842f,-0.7774242421603007f,0.8809690722268877f,0f,0f,0f,1f],start_interpolation:0}
execute if entity @s[tag=aj.toji.bone.chain2] run data modify entity @s {} merge value {transformation:[-1.3213319490329132f,-0.3417199603213883f,-0.7391021734469085f,-0.45136849825418063f,-0.12631710488954145f,1.4777622117139624f,-0.45741174914260224f,0.6634788718227661f,0.804418139457533f,-0.3292552018713131f,-1.2858713553709307f,0.44408620269412236f,0f,0f,0f,1f],start_interpolation:0}
execute if entity @s[tag=aj.toji.bone.bottom2] run data modify entity @s {} merge value {transformation:[-0.8513279671621453f,-0.22016856503928373f,-0.47620005805975313f,-0.4926501041990463f,-0.08138551724426832f,0.952115250500271f,-0.2947082410583209f,0.8420004812915669f,0.5182828281068669f,-0.21213757972916814f,-0.828480873259123f,0.40431040649490335f,0f,0f,0f,1f],start_interpolation:0}
execute if entity @s[tag=aj.toji.bone.rightarm] run data modify entity @s {} merge value {transformation:[-0.6298820756301624f,0.7626600051239296f,0.14696355801424493f,-0.2626174731911788f,0.020084637748032375f,-0.17316028392963984f,0.9846888459792448f,0.797455120449905f,0.7764310517530637f,0.6231895639801542f,0.09375280913048317f,0.5115808567553755f,0f,0f,0f,1f],start_interpolation:0}
execute if entity @s[tag=aj.toji.bone.chain] run data modify entity @s {} merge value {transformation:[-1.008935753035658f,-0.9421678161833381f,0.7094583328186379f,0.515952727339413f,-1.0859205985398355f,1.1063965783388006f,-0.07500492462626297f,0.7894983851210431f,-0.4602040563971233f,-0.5451321777327273f,-1.3784069823122338f,0.4418362987410233f,0f,0f,0f,1f],start_interpolation:0}
execute if entity @s[tag=aj.toji.bone.blade] run data modify entity @s {} merge value {transformation:[0.910551446512756f,-0.6856510062139858f,-0.9750788485713741f,0.4190803953064023f,-1.0692691763811226f,0.07248798084685794f,-1.04948030999823f,0.6517481271261651f,0.5268391516343135f,1.3321517144494068f,-0.4447609672562806f,0.9809889011360944f,0f,0f,0f,1f],start_interpolation:0}
execute if entity @s[tag=aj.toji.bone.bottom] run data modify entity @s {} merge value {transformation:[-0.6500525657142493f,-0.6070342976751708f,0.4571006708093237f,0.515952727339413f,-0.6996535399988201f,0.712846117587415f,-0.048325320564572116f,0.7894983851210431f,-0.2965073115041868f,-0.3512261010895424f,-0.8881011429662713f,0.4418362987410233f,0f,0f,0f,1f],start_interpolation:0}
execute if entity @s[tag=aj.toji.bone.leftarm] run data modify entity @s {} merge value {transformation:[-0.6500525657142493f,-0.6070342976751708f,0.4571006708093237f,0.3235658675634797f,-0.6996535399988201f,0.712846117587415f,-0.048325320564572116f,0.9239815682679706f,-0.2965073115041868f,-0.3512261010895424f,-0.8881011429662713f,0.33549806649962605f,0f,0f,0f,1f],start_interpolation:0}
execute if entity @s[tag=aj.toji.locator_origin.mount] at @s on origin run tp @s ^0.09536 ^0.99836 ^0.74759 ~10.4519 ~78.20278
execute if entity @s[tag=aj.toji.bone.head] run data modify entity @s {} merge value {transformation:[-0.9712451857576834f,0.23517481683932573f,0.03708901005840881f,0.03656903662338058f,0.08265870556144737f,0.1869939993354251f,0.9788773072287705f,0.9516067215127522f,0.22327186911348482f,0.9537956016553717f,-0.2010562675606964f,0.5091382690408074f,0f,0f,0f,1f],start_interpolation:0}
execute if entity @s[tag=aj.toji.bone.upper] run data modify entity @s {} merge value {transformation:[-0.9378933452074536f,0.04875871549784078f,-0.34348021875877066f,5.455281552971358e-19f,-0.20244231650890504f,0.7271070172305159f,0.6559973277237116f,0.40627645858986533f,0.2817324644091991f,0.684790459306453f,-0.6720780053987606f,-0.00445457543903233f,0f,0f,0f,1f],start_interpolation:0}
execute if entity @s[tag=aj.toji.bone.bottom3] run data modify entity @s {} merge value {transformation:[-1f,-9.82934828998645e-17f,7.30478544930145e-17f,-0.12500000000000003f,0f,0.5964809979814037f,0.8026271980484516f,0.264391519030873f,-1.2246467991473532e-16f,0.8026271980484516f,-0.5964809979814037f,0.27397838583951506f,0f,0f,0f,1f],start_interpolation:0}
execute if entity @s[tag=aj.toji.bone.rightleg] run data modify entity @s {} merge value {transformation:[-1f,1.0911425113820544e-16f,5.56028598650034e-17f,-0.11875f,0f,0.4540318065887755f,-0.8909854760913516f,0.40627645858986533f,-1.2246467991473532e-16f,-0.8909854760913516f,-0.4540318065887755f,-0.004454575439032345f,0f,0f,0f,1f],start_interpolation:0}
execute if entity @s[tag=aj.toji.bone.bottom4] run data modify entity @s {} merge value {transformation:[-0.8678870217099776f,0.329278941659616f,-0.3719509324183881f,0.2787927142877563f,-0.08745363754297036f,0.6357805299528574f,0.7668995886120735f,0.38672360058617666f,0.4890030458268005f,0.6981106619386269f,-0.5229890293875438f,0.26331272623780666f,0f,0f,0f,1f],start_interpolation:0}
execute if entity @s[tag=aj.toji.bone.leftleg] run data modify entity @s {} merge value {transformation:[-0.8678870217099776f,-0.4947789452866206f,0.0443386157705047f,0.11875f,-0.08745363754297036f,0.06431821836266313f,-0.9940900502807362f,0.40627645858986533f,0.4890030458268005f,-0.8666354262824206f,-0.09909116552145289f,-0.004454575439032315f,0f,0f,0f,1f],start_interpolation:0}