execute if entity @s[tag=aj.toji.locator_origin.head] at @s on origin run tp @s ^0 ^19.43218 ^0.21509 ~0 ~35
execute if entity @s[tag=aj.toji.bone.blade2] run data modify entity @s {} merge value {transformation:[-0.07742356505936653f,1.310858100811755f,0.7250218142302313f,-0.0942644008700162f,-1.4890945428650506f,-0.14639512823706094f,0.10566886408956955f,19.553488532475605f,0.16310436530952652f,-0.714296511236512f,1.3088840514164437f,-0.061980150849066135f,0f,0f,0f,1f],start_interpolation:0}
execute if entity @s[tag=aj.toji.bone.chain2] run data modify entity @s {} merge value {transformation:[-0.7501961827798925f,-0.08011188329059436f,-1.3563740070899408f,-0.5474703776222888f,-0.10933792187045771f,-1.5407992144923095f,0.15147829241195893f,19.562973652577885f,-1.354331414312848f,0.1687677113272187f,0.7390984734322247f,0.18888364779117348f,0f,0f,0f,1f],start_interpolation:0}
execute if entity @s[tag=aj.toji.bone.bottom2] run data modify entity @s {} merge value {transformation:[-0.48334787615348773f,-0.05161571003957757f,-0.8739054005411698f,-0.5571483232547095f,-0.07044590939304657f,-0.9927296952433671f,0.09759675215804064f,19.376836834719754f,-0.8725893676109624f,0.10873624353968453f,0.47619767415767494f,0.20927169345486432f,0f,0f,0f,1f],start_interpolation:0}
execute if entity @s[tag=aj.toji.bone.rightarm] run data modify entity @s {} merge value {transformation:[-0.36632988151501733f,0.8870108226400837f,-0.28109467876243227f,-0.31250000000000006f,0.5117003836861947f,-0.06027019866848629f,-0.8570473852056617f,19.329788011072246f,-0.777151938326473f,-0.45779832205002974f,-0.4318050035416251f,0.14339410908776146f,0f,0f,0f,1f],start_interpolation:0}
execute if entity @s[tag=aj.toji.bone.chain] run data modify entity @s {} merge value {transformation:[-1.3308780432075884f,-0.47121730990221533f,0.6447329327462432f,0.4419931791738167f,0.5409033559812672f,0.38994062747877584f,1.401546481619776f,19.245197439291186f,-0.587494567810848f,1.4264863222271322f,-0.17014575781595864f,-0.06271800048664167f,0f,0f,0f,1f],start_interpolation:0}
execute if entity @s[tag=aj.toji.bone.blade] run data modify entity @s {} merge value {transformation:[0.4554046484961004f,-0.6230975994326112f,-1.286217706187199f,0.2973530238567055f,-0.3768553715231121f,-1.354514720491595f,0.522752236653037f,18.721191603547467f,-1.3786176536960204f,0.1644361686275035f,-0.567779984998403f,-0.21615209232061544f,0f,0f,0f,1f],start_interpolation:0}
execute if entity @s[tag=aj.toji.bone.bottom] run data modify entity @s {} merge value {transformation:[-0.8574784707914662f,-0.30360309899740046f,0.4153983996217406f,0.4419931791738167f,0.34850149110202444f,0.25123691434874146f,0.9030098136610636f,19.245197439291186f,-0.37851998999893555f,0.9190784357973468f,-0.10962411241833575f,-0.06271800048664167f,0f,0f,0f,1f],start_interpolation:0}
execute if entity @s[tag=aj.toji.bone.leftarm] run data modify entity @s {} merge value {transformation:[-0.8574784707914662f,-0.30360309899740046f,0.4153983996217406f,0.31249999999999994f,0.34850149110202444f,0.25123691434874146f,0.9030098136610636f,19.329788011072246f,-0.37851998999893555f,0.9190784357973468f,-0.10962411241833575f,0.14339410908776157f,0f,0f,0f,1f],start_interpolation:0}
execute if entity @s[tag=aj.toji.locator_origin.mount] at @s on origin run tp @s ^0 ^19.63697 ^0.35849 ~0 ~35
execute if entity @s[tag=aj.toji.bone.head] run data modify entity @s {} merge value {transformation:[-1f,-7.02428546843654e-17f,1.0031719290535249e-16f,-2.6341070506637025e-17f,0f,0.8191520442889919f,0.5735764363510459f,19.432182016608373f,-1.2246467991473532e-16f,0.5735764363510459f,-0.8191520442889919f,0.2150911636316422f,0f,0f,0f,1f],start_interpolation:0}
execute if entity @s[tag=aj.toji.bone.upper] run data modify entity @s {} merge value {transformation:[-1f,-7.02428546843654e-17f,1.0031719290535249e-16f,2.6341070506637025e-17f,0f,0.8191520442889919f,0.5735764363510459f,18.817817983391627f,-1.2246467991473532e-16f,0.5735764363510459f,-0.8191520442889919f,-0.2150911636316422f,0f,0f,0f,1f],start_interpolation:0}
execute if entity @s[tag=aj.toji.bone.bottom3] run data modify entity @s {} merge value {transformation:[-1f,-1.2060416625018979e-16f,-2.1265768495757713e-17f,-0.12499999999999994f,0f,-0.17364817766693036f,0.984807753012208f,18.56183296955132f,-1.2246467991473532e-16f,0.984807753012208f,0.17364817766693036f,-0.3943337999913441f,0f,0f,0f,1f],start_interpolation:0}
execute if entity @s[tag=aj.toji.bone.rightleg] run data modify entity @s {} merge value {transformation:[-1f,-7.02428546843654e-17f,1.0031719290535249e-16f,-0.11874999999999997f,0f,0.8191520442889919f,0.5735764363510459f,18.817817983391627f,-1.2246467991473532e-16f,0.5735764363510459f,-0.8191520442889919f,-0.21509116363164224f,0f,0f,0f,1f],start_interpolation:0}
execute if entity @s[tag=aj.toji.bone.bottom4] run data modify entity @s {} merge value {transformation:[-1f,-7.871877887341985e-17f,9.381338752702732e-17f,0.12500000000000006f,0f,0.7660444431189781f,0.6427876096865391f,18.534596799942673f,-1.2246467991473532e-16f,0.6427876096865391f,-0.7660444431189781f,-0.3471593704256107f,0f,0f,0f,1f],start_interpolation:0}
execute if entity @s[tag=aj.toji.bone.leftleg] run data modify entity @s {} merge value {transformation:[-1f,-5.175581015019657e-17f,1.1099069304367545e-16f,0.11875000000000002f,0f,0.90630778703665f,0.4226182617406992f,18.817817983391627f,-1.2246467991473532e-16f,0.4226182617406992f,-0.90630778703665f,-0.21509116363164218f,0f,0f,0f,1f],start_interpolation:0}