execute if entity @s[tag=aj.toji.locator_origin.head] at @s on origin run tp @s ^0.00386 ^0.99447 ^0.4652 ~-22.43458 ~36.26466
execute if entity @s[tag=aj.toji.bone.blade2] run data modify entity @s {} merge value {transformation:[-0.42694989406743833f,0.4269183340881277f,1.3731185396662668f,-0.28697048213537607f,1.2525804083046512f,0.8138992298592581f,0.13641980928683933f,0.8853882753640264f,-0.7062266694816575f,1.18545720279305f,-0.5881624874632193f,0.8289025188293764f,0f,0f,0f,1f],start_interpolation:0}
execute if entity @s[tag=aj.toji.bone.chain2] run data modify entity @s {} merge value {transformation:[-1.4207962667380123f,-0.44177454316700193f,-0.4417418873550763f,-0.445229865773712f,-0.14115660822041007f,1.2960727835930073f,-0.8421596197849269f,0.6396614259272332f,0.6085847960556919f,-0.7307484288386596f,-1.2266189112233645f,0.40112856766845273f,0f,0f,0f,1f],start_interpolation:0}
execute if entity @s[tag=aj.toji.bone.bottom2] run data modify entity @s {} merge value {transformation:[-0.9154123597775112f,-0.28463326271162537f,-0.28461222272541825f,-0.4985986025321417f,-0.0909465395245595f,0.8350536055364342f,-0.5425994865728387f,0.7962339769653146f,0.3921083249754793f,-0.4708177796544384f,-0.7903048018620334f,0.3128502339832455f,0f,0f,0f,1f],start_interpolation:0}
execute if entity @s[tag=aj.toji.bone.rightarm] run data modify entity @s {} merge value {transformation:[-0.7798052423797123f,0.6229665326091615f,-0.06177769181538639f,-0.29411914173111936f,0.0696374298669634f,0.18439100356152616f,0.9803828773326759f,0.837979388489011f,0.6221369723128838f,0.7602056676021902f,-0.1871708594489701f,0.46401809011423784f,0f,0f,0f,1f],start_interpolation:0}
execute if entity @s[tag=aj.toji.bone.chain] run data modify entity @s {} merge value {transformation:[-1.0761328452649515f,-0.9580745655886327f,0.577056236189528f,0.49820339081935017f,-1.0492832056738817f,1.1420551260244507f,-0.06064253476834989f,0.8131873421587844f,-0.38717635160713804f,-0.4321641927607381f,-1.4395455035749152f,0.39648605720314006f,0f,0f,0f,1f],start_interpolation:0}
execute if entity @s[tag=aj.toji.bone.blade] run data modify entity @s {} merge value {transformation:[0.9259244123809601f,-0.5576919329616916f,-1.0400210048198186f,0.4477536322551423f,-1.1037311285068518f,0.05860755038015f,-1.0140723598458987f,0.6653904317559924f,0.4176620386412501f,1.391238607481797f,-0.3741838565867647f,0.9393081331145283f,0f,0f,0f,1f],start_interpolation:0}
execute if entity @s[tag=aj.toji.bone.bottom] run data modify entity @s {} merge value {transformation:[-0.6933473365465458f,-0.6172829415873069f,0.3717946219744609f,0.49820339081935017f,-0.6760482398972659f,0.735820752337901f,-0.03907170025343348f,0.8131873421587844f,-0.24945590439117615f,-0.2784413590941668f,-0.9274924049878647f,0.39648605720314006f,0f,0f,0f,1f],start_interpolation:0}
execute if entity @s[tag=aj.toji.bone.leftarm] run data modify entity @s {} merge value {transformation:[-0.6933473365465458f,-0.6172829415873069f,0.3717946219744609f,0.3005484468883643f,-0.6760482398972659f,0.735820752337901f,-0.03907170025343348f,0.9548895152496806f,-0.24945590439117615f,-0.2784413590941668f,-0.9274924049878647f,0.31128472340514984f,0f,0f,0f,1f],start_interpolation:0}
execute if entity @s[tag=aj.toji.locator_origin.mount] at @s on origin run tp @s ^0.04897 ^1.06746 ^0.70001 ~2.64964 ~72.56897
execute if entity @s[tag=aj.toji.bone.head] run data modify entity @s {} merge value {transformation:[-0.9834884388978722f,0.18044035269117742f,0.01384809282571356f,0.0038575830943469603f,0.06700135276367984f,0.2919684615648619f,0.9540782128207754f,0.9944713406323717f,0.16811100285841796f,0.939252733066096f,-0.29923735419530373f,0.46519723245017186f,0f,0f,0f,1f],start_interpolation:0}
execute if entity @s[tag=aj.toji.bone.upper] run data modify entity @s {} merge value {transformation:[-0.9514681417911738f,0.005143444125795947f,-0.30770427383930754f,9.518162218500885e-21f,-0.18705620281707133f,0.7842951101042084f,0.5915159822475521f,0.40625000805421546f,0.24437338673454076f,0.6203666055238244f,-0.745269697899182f,-0.00007772169269643948f,0f,0f,0f,1f],start_interpolation:0}
execute if entity @s[tag=aj.toji.bone.bottom3] run data modify entity @s {} merge value {transformation:[-1f,-9.863305707975192e-17f,7.258868973690719e-17f,-0.12500000000000003f,0f,0.5927316332141337f,0.8054000316534048f,0.2329838009262503f,-1.2246467991473532e-16f,0.8054000316534048f,-0.5927316332141337f,0.2599897146915788f,0f,0f,0f,1f],start_interpolation:0}
execute if entity @s[tag=aj.toji.bone.rightleg] run data modify entity @s {} merge value {transformation:[-1f,1.0191704112974738e-16f,6.790076990709276e-17f,-0.11875f,0f,0.5544518628094885f,-0.8322157964296807f,0.40625000805421546f,-1.2246467991473532e-16f,-0.8322157964296807f,-0.5544518628094885f,-0.00007772169269645403f,0f,0f,0f,1f],start_interpolation:0}
execute if entity @s[tag=aj.toji.bone.bottom4] run data modify entity @s {} merge value {transformation:[-0.8898771883381956f,0.26143491620001597f,-0.3738587624582283f,0.2668703259390457f,-0.07631333721520318f,0.7226519011555316f,0.6869865386740663f,0.36250555064564577f,0.44977201362288655f,0.6398640592718008f,-0.623120471027736f,0.27166131486580153f,0f,0f,0f,1f],start_interpolation:0}
execute if entity @s[tag=aj.toji.bone.leftleg] run data modify entity @s {} merge value {transformation:[-0.8898771883381956f,-0.45618749923818225f,0.0033992961213762858f,0.11875f,-0.07631333721520318f,0.14150853045172715f,-0.9869911906255654f,0.40625000805421546f,0.44977201362288655f,-0.8785603572596513f,-0.16073840366697656f,-0.00007772169269642494f,0f,0f,0f,1f],start_interpolation:0}