execute if entity @s[tag=aj.toji.locator_origin.head] at @s on origin run tp @s ^0.0368 ^0.95188 ^0.50858 ~-27.0236 ~40.98149
execute if entity @s[tag=aj.toji.bone.blade2] run data modify entity @s {} merge value {transformation:[-0.3154111289048223f,0.7275079998094234f,1.2732823449558535f,-0.19455884494794284f,1.4378812566412706f,0.4093110589854698f,0.12231904509075049f,0.7662620930061228f,-0.2881203074458745f,1.2462730708819334f,-0.7834475867802578f,0.8784638281726482f,0f,0f,0f,1f],start_interpolation:0}
execute if entity @s[tag=aj.toji.bone.chain2] run data modify entity @s {} merge value {transformation:[-1.317493537489043f,-0.32636290421401726f,-0.7527686942472503f,-0.45327688470916605f,-0.12656623415640134f,1.487807689163537f,-0.4235232485335765f,0.6649252609059891f,0.8106506279879053f,-0.2981244847877454f,-1.2895464413986677f,0.44118349166348586f,0f,0f,0f,1f],start_interpolation:0}
execute if entity @s[tag=aj.toji.bone.bottom2] run data modify entity @s {} merge value {transformation:[-0.8488548966372358f,-0.210274085936548f,-0.48500533320628203f,-0.4927032758222688f,-0.08154603006050018f,0.9585875044275137f,-0.27287403932364657f,0.844660417986148f,0.5222983911868383f,-0.19208020496391648f,-0.8308487139212891f,0.4051684532327515f,0f,0f,0f,1f],start_interpolation:0}
execute if entity @s[tag=aj.toji.bone.rightarm] run data modify entity @s {} merge value {transformation:[-0.6261478830291252f,0.7643822535748476f,0.15381352020541683f,-0.2624734697392366f,0.01891327808525617f,-0.18232356448886183f,0.9830566645642281f,0.797897446983604f,0.7794748979218091f,0.6184479672954815f,0.0997045398057293f,0.5110632639365088f,0f,0f,0f,1f],start_interpolation:0}
execute if entity @s[tag=aj.toji.bone.chain] run data modify entity @s {} merge value {transformation:[-1.0108242640943783f,-0.9420729523804733f,0.7068914578082753f,0.5162562907728405f,-1.0863753169933654f,1.1055968919427326f,-0.08004284331060225f,0.7896552444187535f,-0.45495675767784205f,-0.5469156594309764f,-1.3794420189785281f,0.4414132799571645f,0f,0f,0f,1f],start_interpolation:0}
execute if entity @s[tag=aj.toji.bone.blade] run data modify entity @s {} merge value {transformation:[0.9104597660589806f,-0.6831702679489373f,-0.9769039867757751f,0.4202247125017581f,-1.068496325099017f,0.07735684185722609f,-1.049919769443252f,0.6536993334753232f,0.5285627849534268f,1.3331520183416647f,-0.4396897523866396f,0.9811714083951288f,0f,0f,0f,1f],start_interpolation:0}
execute if entity @s[tag=aj.toji.bone.bottom] run data modify entity @s {} merge value {transformation:[-0.6512693245171833f,-0.6069731773726539f,0.4554468452992914f,0.5162562907728405f,-0.6999465129621683f,0.7123308833993445f,-0.05157122790481755f,0.7896552444187535f,-0.2931265015910928f,-0.35237518996895123f,-0.8887680122277765f,0.4414132799571645f,0f,0f,0f,1f],start_interpolation:0}
execute if entity @s[tag=aj.toji.bone.leftarm] run data modify entity @s {} merge value {transformation:[-0.6512693245171833f,-0.6069731773726539f,0.4554468452992914f,0.32380866364735306f,-0.6999465129621683f,0.7123308833993445f,-0.05157122790481755f,0.9239913082084541f,-0.2931265015910928f,-0.35237518996895123f,-0.8887680122277765f,0.3349990761154834f,0f,0f,0f,1f],start_interpolation:0}
execute if entity @s[tag=aj.toji.locator_origin.mount] at @s on origin run tp @s ^0.09566 ^1.00046 ^0.74665 ~9.56347 ~77.81538
execute if entity @s[tag=aj.toji.bone.head] run data modify entity @s {} merge value {transformation:[-0.9712548670589796f,0.23544503515805143f,0.03506591840616158f,0.036801116344869884f,0.08239497821910088f,0.19431520140307423f,0.9774725930009274f,0.9518773314305209f,0.22332722802765806f,0.9522642689522204f,-0.20812907364992456f,0.5085798570224467f,0f,0f,0f,1f],start_interpolation:0}
execute if entity @s[tag=aj.toji.bone.upper] run data modify entity @s {} merge value {transformation:[-0.9380514134185435f,0.04906815512649318f,-0.3430041718929307f,5.770860195414656e-19f,-0.20175017795976005f,0.727463630675936f,0.6558151658333241f,0.40627960842356897f,0.2817027005136406f,0.6843894959716053f,-0.6724987779372199f,-0.004712264956257228f,0f,0f,0f,1f],start_interpolation:0}
execute if entity @s[tag=aj.toji.bone.bottom3] run data modify entity @s {} merge value {transformation:[-1f,-9.762426459308313e-17f,7.393984574827212e-17f,-0.12500000000000003f,0f,0.6037646593266883f,0.7971626158746583f,0.26372764531455034f,-1.2246467991473532e-16f,0.7971626158746583f,-0.6037646593266883f,0.27337978421768977f,0f,0f,0f,1f],start_interpolation:0}
execute if entity @s[tag=aj.toji.bone.rightleg] run data modify entity @s {} merge value {transformation:[-1f,1.0898065212454484e-16f,5.586425770676199e-17f,-0.11875f,0f,0.4561662819488596f,-0.8898945573566306f,0.40627960842356897f,-1.2246467991473532e-16f,-0.8898945573566306f,-0.4561662819488596f,-0.0047122649562572425f,0f,0f,0f,1f],start_interpolation:0}
execute if entity @s[tag=aj.toji.bone.bottom4] run data modify entity @s {} merge value {transformation:[-0.8687449772319771f,0.3280496293799261f,-0.3710331591622301f,0.2784414204444628f,-0.08757736401517723f,0.6356074223582624f,0.767028949880797f,0.38385044516709077f,0.4874549926366174f,0.6988466536421121f,-0.5234510338578545f,0.26303929035583434f,0f,0f,0f,1f],start_interpolation:0}
execute if entity @s[tag=aj.toji.bone.leftleg] run data modify entity @s {} merge value {transformation:[-0.8687449772319771f,-0.4936376458776414f,0.040050457008527565f,0.11875f,-0.08757736401517723f,0.07352486970103372f,-0.9934406368010111f,0.40627960842356897f,0.4874549926366174f,-0.8665540768514253f,-0.10710584505903005f,-0.004712264956257213f,0f,0f,0f,1f],start_interpolation:0}