execute if entity @s[tag=aj.toji.locator_origin.head] at @s on origin run tp @s ^-0.01868 ^1.46606 ^0.07705 ~-2.26755 ~5.83757
execute if entity @s[tag=aj.toji.bone.blade2] run data modify entity @s {} merge value {transformation:[-0.023911209805778703f,0.11331855491593304f,1.4955223699956441f,-0.36037409008164367f,1.4950990616188107f,0.12024959867902663f,0.014792902490202469f,0.9040431202922781f,-0.11877310298285389f,1.490871872137005f,-0.11486518566792404f,0.5602457083048703f,0f,0f,0f,1f],start_interpolation:0}
execute if entity @s[tag=aj.toji.bone.chain2] run data modify entity @s {} merge value {transformation:[-1.5474502300649373f,-0.024741460146256788f,-0.11725322696162484f,-0.39953537276003226f,-0.015306544937778629f,1.5470122234805752f,-0.12442493196649285f,0.9037661795005925f,0.11885356017028216f,-0.12289716905864746f,-1.5426382565862067f,0.04363697088521705f,0f,0f,0f,1f],start_interpolation:0}
execute if entity @s[tag=aj.toji.bone.bottom2] run data modify entity @s {} merge value {transformation:[-0.9970149133304294f,-0.01594080653718558f,-0.07554570327728848f,-0.4025242739857546f,-0.00986193499346811f,0.9967327077458739f,-0.08016639911935108f,1.0906535622029438f,0.07657679044528246f,-0.07918206865523594f,-0.9939145814246699f,0.02879033301236031f,0f,0f,0f,1f],start_interpolation:0}
execute if entity @s[tag=aj.toji.bone.rightarm] run data modify entity @s {} merge value {transformation:[-0.9968658256758525f,0.049971760102772315f,-0.061329836065586646f,-0.3277272198553207f,0.03621056134800403f,0.9774830594526989f,0.20788377457092247f,1.3327611669818684f,0.07033719390523904f,0.20501144279093947f,-0.9762289626303423f,0.07564711909101773f,0f,0f,0f,1f],start_interpolation:0}
execute if entity @s[tag=aj.toji.bone.chain] run data modify entity @s {} merge value {transformation:[-1.5362054682210002f,-0.21946625249936275f,-0.02949571211032282f,0.3938053095061686f,-0.21806395820378294f,1.5352677793123966f,-0.0660577743251528f,1.1122516099133937f,0.03851679051411093f,-0.06123792477035734f,-1.550396416091518f,0.06108059728867102f,0f,0f,0f,1f],start_interpolation:0}
execute if entity @s[tag=aj.toji.bone.blade] run data modify entity @s {} merge value {transformation:[0.2121016131537462f,0.028505923113331787f,-1.4846549491531813f,0.43647380604132063f,-1.4837487263153362f,0.06384107048873822f,-0.2107463757137228f,0.9080279887386956f,0.059182960851888976f,1.4983696907193194f,0.03722428076531491f,0.5859777518992384f,0f,0f,0f,1f],start_interpolation:0}
execute if entity @s[tag=aj.toji.bone.bottom] run data modify entity @s {} merge value {transformation:[-0.9897699661021209f,-0.14140107543583103f,-0.019003948742221412f,0.3938053095061686f,-0.14049758380914873f,0.9891658175435575f,-0.04256071365915884f,1.1122516099133937f,0.024816187176876836f,-0.039455307234592646f,-0.9989131271462128f,0.06108059728867102f,0f,0f,0f,1f],start_interpolation:0}
execute if entity @s[tag=aj.toji.bone.leftarm] run data modify entity @s {} merge value {transformation:[-0.9897699661021209f,-0.14140107543583103f,-0.019003948742221412f,0.2965944177658283f,-0.14049758380914873f,0.9891658175435575f,-0.04256071365915884f,1.3507619653112113f,0.024816187176876836f,-0.039455307234592646f,-0.9989131271462128f,0.05276778217857766f,0f,0f,0f,1f],start_interpolation:0}
execute if entity @s[tag=aj.toji.locator_origin.mount] at @s on origin run tp @s ^-0.01895 ^1.71114 ^0.12641 ~-0.41118 ~11.38789
execute if entity @s[tag=aj.toji.bone.head] run data modify entity @s {} merge value {transformation:[-0.9999746782846028f,-0.0010728792372889785f,-0.007035035163175503f,-0.01867968125369545f,-0.002440884427170679f,0.9803098975036102f,0.19745011253396266f,1.466061218670832f,0.0066846744736088134f,0.19746228446618236f,-0.9802876931496072f,0.07704894076175725f,0f,0f,0f,1f],start_interpolation:0}
execute if entity @s[tag=aj.toji.bone.upper] run data modify entity @s {} merge value {transformation:[-0.9989146201938385f,-0.024906241671593936f,-0.03936064898849484f,0f,-0.028801277326948677f,0.9943972201943372f,0.10170867659207444f,0.7202633035250792f,0.03660693905990413f,0.10273192101567633f,-0.9940352531057907f,0f,0f,0f,0f,1f],start_interpolation:0}
execute if entity @s[tag=aj.toji.bone.bottom3] run data modify entity @s {} merge value {transformation:[-1f,-1.700145600958007e-17f,1.2127880408452622e-16f,-0.125f,0f,0.9903165889868427f,0.13882742372263696f,0.4110839044412563f,-1.2246467991473532e-16f,0.13882742372263696f,-0.9903165889868427f,0.045435109575813454f,0f,0f,0f,1f],start_interpolation:0}
execute if entity @s[tag=aj.toji.bone.rightleg] run data modify entity @s {} merge value {transformation:[-1f,1.780542768349735e-17f,1.2116337966409786e-16f,-0.11875f,0f,0.9893740770682332f,-0.14539235064260309f,0.7202633035250792f,-1.2246467991473532e-16f,-0.14539235064260309f,-0.9893740770682332f,-1.4542680739874818e-17f,0f,0f,0f,1f],start_interpolation:0}
execute if entity @s[tag=aj.toji.bone.bottom4] run data modify entity @s {} merge value {transformation:[-0.9975217163077993f,-0.004418982120379271f,-0.07022035382538387f,0.13329961849081828f,-0.012655409009146676f,0.9930174482907776f,0.11728677680320082f,0.41456475614207006f,0.06921174840410799f,0.11788477419536594f,-0.9906123933687455f,0.06349818288494391f,0f,0f,0f,1f],start_interpolation:0}
execute if entity @s[tag=aj.toji.bone.leftleg] run data modify entity @s {} merge value {transformation:[-0.9975217163077993f,-0.026608344844462558f,-0.06513387351432814f,0.11875f,-0.012655409009146676f,0.978488459805812f,-0.20591302690616975f,0.7202633035250792f,0.06921174840410799f,-0.20457842019990263f,-0.9764002272999318f,1.4542680739874818e-17f,0f,0f,0f,1f],start_interpolation:0}