execute if entity @s[tag=aj.toji.locator_origin.head] at @s on origin run tp @s ^0.00335 ^12.8798 ^0.34325 ~-177.33257 ~67.4241
execute if entity @s[tag=aj.toji.bone.blade2] run data modify entity @s {} merge value {transformation:[-0.055382972806721394f,1.286699302402479f,0.768984805779713f,-0.1011701422985406f,-0.4509940081410039f,0.7195517005065519f,-1.236466641247972f,13.174619042697529f,-1.4295233929334632f,-0.27685782541785253f,0.3602951756003621f,0.40746302685616f,0f,0f,0f,1f],start_interpolation:0}
execute if entity @s[tag=aj.toji.bone.chain2] run data modify entity @s {} merge value {transformation:[-0.795685667091509f,-0.05730599269584349f,-1.3313763615136762f,-0.5454370956429605f,1.2793995107357485f,-0.46665352231256685f,-0.7445361345519187f,12.914052865652321f,-0.3728054247531528f,-1.479159621854764f,0.2864709443559725f,0.46359155687128956f,0f,0f,0f,1f],start_interpolation:0}
execute if entity @s[tag=aj.toji.bone.bottom2] run data modify entity @s {} merge value {transformation:[-0.5126565371864755f,-0.03692198187114748f,-0.857799534934986f,-0.5523599672438007f,0.8243110941653145f,-0.30066267209400277f,-0.4797011336710348f,12.857678614634695f,-0.24019678373357495f,-0.9530155952889754f,0.18457188361190172f,0.28490113275460666f,0f,0f,0f,1f],start_interpolation:0}
execute if entity @s[tag=aj.toji.bone.rightarm] run data modify entity @s {} merge value {transformation:[-0.39876610754236685f,0.871128540594298f,-0.28656702049879657f,-0.3096549503738282f,0.8476891541771171f,0.46936403716439845f,0.2472256024509204f,12.922039051789724f,0.34986953192010445f,-0.14433456404751124f,-0.9256126858763449f,0.2269506459977223f,0f,0f,0f,1f],start_interpolation:0}
execute if entity @s[tag=aj.toji.bone.chain] run data modify entity @s {} merge value {transformation:[-1.3443195818526597f,-0.4374565152327977f,0.6406241743323298f,0.4398355194171881f,0.6659155689486272f,-1.3082208158432675f,0.5040609344487155f,13.117327287097341f,0.3978994728451248f,0.7114441424917796f,1.320789883075586f,0.098036811698991f,0f,0f,0f,1f],start_interpolation:0}
execute if entity @s[tag=aj.toji.bone.blade] run data modify entity @s {} merge value {transformation:[0.4227767663994821f,-0.6191267188178223f,-1.2992081864884761f,0.29159112335642623f,1.2643207884659768f,-0.48714613799070466f,0.6435694089167938f,13.142196746104771f,-0.6875701779786324f,-1.2764680749186872f,0.3845471415415975f,-0.4464354281863907f,0f,0f,0f,1f],start_interpolation:0}
execute if entity @s[tag=aj.toji.bone.bottom] run data modify entity @s {} merge value {transformation:[-0.8661387909923175f,-0.2818511775996549f,0.412751145878548f,0.4398355194171881f,0.42904627261119604f,-0.8428805256439844f,0.32476409199380324f,13.117327287097341f,0.25636476102773137f,0.4583801186524217f,0.850978716612458f,0.098036811698991f,0f,0f,0f,1f],start_interpolation:0}
execute if entity @s[tag=aj.toji.bone.leftarm] run data modify entity @s {} merge value {transformation:[-0.8661387909923175f,-0.2818511775996549f,0.412751145878548f,0.3152390505802546f,0.42904627261119604f,-0.8428805256439844f,0.32476409199380324f,12.933422547724545f,0.25636476102773137f,0.4583801186524217f,0.850978716612458f,0.22865463892632965f,0f,0f,0f,1f],start_interpolation:0}
execute if entity @s[tag=aj.toji.locator_origin.mount] at @s on origin run tp @s ^0.00454 ^12.7804 ^0.57263 ~-177.43733 ~66.54614
execute if entity @s[tag=aj.toji.bone.head] run data modify entity @s {} merge value {transformation:[-0.9998304015265324f,0.004740812408172323f,-0.01779586696408769f,0.0033504601238558336f,-0.01821359349571314f,-0.3975934143308998f,0.9173809142840668f,12.87979645708621f,-0.0027263886857717126f,0.9175494545682036f,0.3976123303248103f,0.3432452124739379f,0f,0f,0f,1f],start_interpolation:0}
execute if entity @s[tag=aj.toji.bone.upper] run data modify entity @s {} merge value {transformation:[-0.9998304015265324f,0.004467280165141054f,-0.017866493534522254f,4.2790409232373136e-17f,-0.01821359349571314f,-0.3834747413674011f,0.9233717494840188f,13.16740251311176f,-0.0027263886857717126f,0.9235405600952948f,0.38349106986161113f,-0.3494102075975333f,0f,0f,0f,1f],start_interpolation:0}
execute if entity @s[tag=aj.toji.bone.bottom3] run data modify entity @s {} merge value {transformation:[-1f,-1.2045182324236988e-17f,-1.2187088007146933e-16f,-0.12499999999999992f,0f,-0.9951512563158668f,0.09835637779499617f,13.27097374530331f,-1.2246467991473532e-16f,0.09835637779499617f,0.9951512563158668f,-0.6442478745641609f,0f,0f,0f,1f],start_interpolation:0}
execute if entity @s[tag=aj.toji.bone.rightleg] run data modify entity @s {} merge value {transformation:[-1f,-1.1554304163800118e-16f,-4.05882169558814e-17f,-0.11874999999999995f,0f,-0.33142794301296097f,0.9434805342932081f,13.16740251311176f,-1.2246467991473532e-16f,0.9434805342932081f,0.33142794301296097f,-0.3494102075975333f,0f,0f,0f,1f],start_interpolation:0}
execute if entity @s[tag=aj.toji.bone.bottom4] run data modify entity @s {} merge value {transformation:[-1f,-1.0718684087459397e-16f,-5.923325898465359e-17f,0.12500000000000008f,0f,-0.4836762650740939f,0.8752469769179296f,13.242610265987803f,-1.2246467991473532e-16f,0.8752469769179296f,0.4836762650740939f,-0.6527252977386867f,0f,0f,0f,1f],start_interpolation:0}
execute if entity @s[tag=aj.toji.bone.leftleg] run data modify entity @s {} merge value {transformation:[-1f,-1.188652333678254e-16f,-2.9472938825827636e-17f,0.11875000000000004f,0f,-0.240664809203338f,0.9706082884516909f,13.16740251311176f,-1.2246467991473532e-16f,0.9706082884516909f,0.240664809203338f,-0.3494102075975333f,0f,0f,0f,1f],start_interpolation:0}