execute if entity @s[tag=aj.toji.locator_origin.head] at @s on origin run tp @s ^0.01218 ^0.98152 ^0.48043 ~-23.87165 ~37.71352
execute if entity @s[tag=aj.toji.bone.blade2] run data modify entity @s {} merge value {transformation:[-0.4361064078987274f,0.46819358061519045f,1.3566893425026956f,-0.271057310469922f,1.2661615601505507f,0.7931377509014841f,0.1332944548436304f,0.8824472414126371f,-0.6757559504634745f,1.1839456402916744f,-0.6258007799991485f,0.84689770914788f,0f,0f,0f,1f],start_interpolation:0}
execute if entity @s[tag=aj.toji.bone.chain2] run data modify entity @s {} merge value {transformation:[-1.403796611339595f,-0.45124899150632186f,-0.48445030216432877f,-0.4437850920927787f,-0.13792273452570078f,1.310125503211334f,-0.820677256141119f,0.6442409607824813f,0.6475299737491187f,-0.6992196987434564f,-1.2250548639129135f,0.4204693427608148f,0f,0f,0f,1f],start_interpolation:0}
execute if entity @s[tag=aj.toji.bone.bottom2] run data modify entity @s {} merge value {transformation:[-0.9044595616684638f,-0.2907376052658181f,-0.3121290537434601f,-0.4982983930801196f,-0.08886296989575351f,0.8441077067670338f,-0.5287585006009894f,0.8025111558013001f,0.41720051999943214f,-0.4505039669756497f,-0.7892970935277831f,0.3359998489528805f,0f,0f,0f,1f],start_interpolation:0}
execute if entity @s[tag=aj.toji.bone.rightarm] run data modify entity @s {} merge value {transformation:[-0.7485375086247203f,0.6626190664821947f,-0.02505136555482476f,-0.28586003217052586f,0.06025092928180553f,0.10558953006670668f,0.9925828311334882f,0.8251428552378639f,0.6603494708883888f,0.7414761114658763f,-0.11896113828838245f,0.48009703488882527f,0f,0f,0f,1f],start_interpolation:0}
execute if entity @s[tag=aj.toji.bone.chain] run data modify entity @s {} merge value {transformation:[-1.0503194794505588f,-0.9582944217332009f,0.6224656343709657f,0.5028100307736696f,-1.061882079749583f,1.130833672878446f,-0.05083627250354828f,0.8067521518382434f,-0.42213518380314974f,-0.46027131039245184f,-1.4208852455551104f,0.4115521433614797f,0f,0f,0f,1f],start_interpolation:0}
execute if entity @s[tag=aj.toji.bone.blade] run data modify entity @s {} merge value {transformation:[0.9261368908025562f,-0.6015775258350273f,-1.0150738593347681f,0.4372744601591555f,-1.09288623419125f,0.04913035731886522f,-1.0262484529123483f,0.6573503147588384f,0.4448259644061278f,1.3732045326170192f,-0.4079695736084135f,0.9523192753342686f,0f,0f,0f,1f],start_interpolation:0}
execute if entity @s[tag=aj.toji.bone.bottom] run data modify entity @s {} merge value {transformation:[-0.6767159062231788f,-0.617424593868371f,0.4010516838900181f,0.5028100307736696f,-0.684165635274899f,0.7285908227941665f,-0.0327535715459103f,0.8067521518382434f,-0.2719797157389421f,-0.2965506429374186f,-0.9154696884113462f,0.4115521433614797f,0f,0f,0f,1f],start_interpolation:0}
execute if entity @s[tag=aj.toji.bone.leftarm] run data modify entity @s {} merge value {transformation:[-0.6767159062231788f,-0.617424593868371f,0.4010516838900181f,0.30615913816762813f,-0.684165635274899f,0.7285908227941665f,-0.0327535715459103f,0.9461395053321039f,-0.2719797157389421f,-0.2965506429374186f,-0.9154696884113462f,0.32041575039344117f,0f,0f,0f,1f],start_interpolation:0}
execute if entity @s[tag=aj.toji.locator_origin.mount] at @s on origin run tp @s ^0.06118 ^1.04369 ^0.71757 ~5.09293 ~74.98905
execute if entity @s[tag=aj.toji.bone.head] run data modify entity @s {} merge value {transformation:[-0.980333501719456f,0.19600405433181076f,0.0229920875946924f,0.012179463598261397f,0.07237435637686507f,0.24868614257783056f,0.9658763663268675f,0.9815193118870853f,0.18359787020960758f,0.9485449979707083f,-0.25798102426194947f,0.48043284394354063f,0f,0f,0f,1f],start_interpolation:0}
execute if entity @s[tag=aj.toji.bone.upper] run data modify entity @s {} merge value {transformation:[-0.9472306725410464f,0.01623928479768186f,-0.3201411229859366f,7.664621862041213e-20f,-0.19359464015078395f,0.7670250528168112f,0.6117137268823187f,0.4062505222744769f,0.2554900551926146f,0.641411610419259f,-0.7234058181387865f,-0.0006258638709036451f,0f,0f,0f,1f],start_interpolation:0}
execute if entity @s[tag=aj.toji.bone.bottom3] run data modify entity @s {} merge value {transformation:[-1f,-1.003882094451354e-16f,7.014132327678317e-17f,-0.12500000000000003f,0f,0.5727473694915f,0.8197319383436072f,0.2437777546921373f,-1.2246467991473532e-16f,0.8197319383436072f,-0.5727473694915f,0.2663176690984025f,0f,0f,0f,1f],start_interpolation:0}
execute if entity @s[tag=aj.toji.bone.rightleg] run data modify entity @s {} merge value {transformation:[-1f,1.0461169382526295e-16f,6.367096152586369e-17f,-0.11875f,0f,0.5199128562634867f,-0.8542193055017797f,0.4062505222744769f,-1.2246467991473532e-16f,-0.8542193055017797f,-0.5199128562634867f,-0.0006258638709036597f,0f,0f,0f,1f],start_interpolation:0}
execute if entity @s[tag=aj.toji.bone.bottom4] run data modify entity @s {} merge value {transformation:[-0.881303905960993f,0.28431988723855084f,-0.37744619094455717f,0.2717031518164448f,-0.07922805955115465f,0.6985340916985235f,0.7111772193445717f,0.3777112580071506f,0.46586085896719864f,0.6566675905323608f,-0.5930947105031098f,0.2704574374305512f,0f,0f,0f,1f],start_interpolation:0}
execute if entity @s[tag=aj.toji.bone.leftleg] run data modify entity @s {} merge value {transformation:[-0.881303905960993f,-0.4718240076934034f,0.026182648873493627f,0.11875f,-0.07922805955115465f,0.09291020684646713f,-0.9925173086871106f,0.4062505222744769f,0.46586085896719864f,-0.8767837813439993f,-0.11926382877663269f,-0.0006258638709036306f,0f,0f,0f,1f],start_interpolation:0}