execute if entity @s[tag=aj.toji.locator_origin.head] at @s on origin run tp @s ^0.03108 ^0.95707 ^0.50494 ~-26.52169 ~40.38331
execute if entity @s[tag=aj.toji.bone.blade2] run data modify entity @s {} merge value {transformation:[-0.38716489970736073f,0.6367745922946045f,1.301776270732659f,-0.2170021904593064f,1.3764848634167943f,0.5829746805866335f,0.12421731996529946f,0.819515494486574f,-0.45320278156586563f,1.2266452789633002f,-0.7348119476287854f,0.8796931574149415f,0f,0f,0f,1f],start_interpolation:0}
execute if entity @s[tag=aj.toji.bone.chain2] run data modify entity @s {} merge value {transformation:[-1.3469768356886545f,-0.40060812539164387f,-0.6588848211937225f,-0.44644467333407456f,-0.1285304213529833f,1.4242794767298776f,-0.6032168569958917f,0.656698853469766f,0.7603262513658957f,-0.468938989259125f,-1.2692371289273041f,0.44464700032834853f,0f,0f,0f,1f],start_interpolation:0}
execute if entity @s[tag=aj.toji.bone.bottom2] run data modify entity @s {} merge value {transformation:[-0.8678508471551061f,-0.2581099331382403f,-0.42451639486306947f,-0.4948402857974946f,-0.08281154664353285f,0.9176565756111962f,-0.38864978705775566f,0.8287594613968653f,0.4898746317525234f,-0.3021351877105772f,-0.817763519308867f,0.3879966526326153f,0f,0f,0f,1f],start_interpolation:0}
execute if entity @s[tag=aj.toji.bone.rightarm] run data modify entity @s {} merge value {transformation:[-0.6625314555206049f,0.7429995401718847f,0.09488811174281153f,-0.26768218478448563f,0.03166647712943041f,-0.09878357396740939f,0.9946049666779451f,0.8020844130844236f,0.74836441969936f,0.6619618484615203f,0.04191904709612493f,0.5067143385167854f,0f,0f,0f,1f],start_interpolation:0}
execute if entity @s[tag=aj.toji.bone.chain] run data modify entity @s {} merge value {transformation:[-1.012859491802862f,-0.9469336850806036f,0.6974201886493018f,0.5127938784169379f,-1.0808539611897143f,1.1122849050540868f,-0.05949519459952482f,0.7928124332881692f,-0.46350085011406805f,-0.5245012484824028f,-1.3852898887579623f,0.43695707128382344f,0f,0f,0f,1f],start_interpolation:0}
execute if entity @s[tag=aj.toji.bone.blade] run data modify entity @s {} merge value {transformation:[0.9151573869235361f,-0.6740168266140905f,-0.9788709182524303f,0.42063087703762086f,-1.0749599082401915f,0.057498711559272074f,-1.0445836940356967f,0.6490318853390912f,0.5069005354460804f,1.3388036508801782f,-0.4479471303115829f,0.9753603088008035f,0f,0f,0f,1f],start_interpolation:0}
execute if entity @s[tag=aj.toji.bone.bottom] run data modify entity @s {} merge value {transformation:[-0.6525806121682868f,-0.6101049246156909f,0.4493445510760602f,0.5127938784169379f,-0.6963891293571313f,0.7166399388267941f,-0.0383324743728482f,0.7928124332881692f,-0.29863142020772165f,-0.33793369029738696f,-0.8925357672534522f,0.43695707128382344f,0f,0f,0f,1f],start_interpolation:0}
execute if entity @s[tag=aj.toji.bone.leftarm] run data modify entity @s {} merge value {transformation:[-0.6525806121682868f,-0.6101049246156909f,0.4493445510760602f,0.31948135900249724f,-0.6963891293571313f,0.7166399388267941f,-0.0383324743728482f,0.9284480974100471f,-0.29863142020772165f,-0.33793369029738696f,-0.8925357672534522f,0.3338091849464941f,0f,0f,0f,1f],start_interpolation:0}
execute if entity @s[tag=aj.toji.locator_origin.mount] at @s on origin run tp @s ^0.08781 ^1.0037 ^0.74391 ~10.63028 ~78.26145
execute if entity @s[tag=aj.toji.bone.head] run data modify entity @s {} merge value {transformation:[-0.9731856951040356f,0.2269385634663982f,0.03752987152499182f,0.031079504530806976f,0.08125153682293912f,0.18651680733115633f,0.9790861393906576f,0.9570668744175684f,0.21519245016678779f,0.9558819848677972f,-0.19995459583719177f,0.5049424252590755f,0f,0f,0f,1f],start_interpolation:0}
execute if entity @s[tag=aj.toji.bone.upper] run data modify entity @s {} merge value {transformation:[-0.9394616700591726f,0.0414393393744093f,-0.3401390181114817f,3.8472963840607743e-19f,-0.2021818949209975f,0.7344049533626649f,0.6478980211750429f,0.4062631593955698f,0.27664824571246616f,0.677445308219486f,-0.6815670198268254f,-0.0031415559055389783f,0f,0f,0f,1f],start_interpolation:0}
execute if entity @s[tag=aj.toji.bone.bottom3] run data modify entity @s {} merge value {transformation:[-1f,-1.0012064695904559e-16f,7.052271888633283e-17f,-0.12500000000000003f,0f,0.5758617009854066f,0.8175471248424728f,0.2616765233156738f,-1.2246467991473532e-16f,0.8175471248424728f,-0.5758617009854066f,0.2738980706230494f,0f,0f,0f,1f],start_interpolation:0}
execute if entity @s[tag=aj.toji.bone.rightleg] run data modify entity @s {} merge value {transformation:[-1f,1.0856822139686845e-16f,5.666161954391289e-17f,-0.11875f,0f,0.462677235455667f,-0.8865268048914828f,0.4062631593955698f,-1.2246467991473532e-16f,-0.8865268048914828f,-0.462677235455667f,-0.003141555905538993f,0f,0f,0f,1f],start_interpolation:0}
execute if entity @s[tag=aj.toji.bone.bottom4] run data modify entity @s {} merge value {transformation:[-0.8687449772319771f,0.32296830206902977f,-0.3754645660949374f,0.2781618801000625f,-0.08553475497428178f,0.6488817297996081f,0.7560663373168768f,0.3911393466922272f,0.48781755834092444f,0.6889441026606699f,-0.5360877289990721f,0.26528801637046323f,0f,0f,0f,1f],start_interpolation:0}
execute if entity @s[tag=aj.toji.bone.leftleg] run data modify entity @s {} merge value {transformation:[-0.8687449772319771f,-0.4927431167755605f,0.049863668181533184f,0.11875f,-0.08553475497428178f,0.050106895750181894f,-0.9950744216840113f,0.4062631593955698f,0.48781755834092444f,-0.8687309824500253f,-0.08567677576631837f,-0.0031415559055389636f,0f,0f,0f,1f],start_interpolation:0}