execute if entity @s[tag=aj.toji.locator_origin.head] at @s on origin run tp @s ^0.00202 ^16.56197 ^-0.37411 ~-10.95608 ~-86.62474
execute if entity @s[tag=aj.toji.bone.blade2] run data modify entity @s {} merge value {transformation:[-0.06312665179117109f,1.2959892012175507f,0.7526134573345947f,-0.09870291484986571f,0.9063183281288711f,-0.5669127798946069f,1.0522342838407515f,16.26235700936124f,1.1935669708614287f,0.4990209317450183f,-0.7591943069787931f,-0.33533929047018196f,0f,0f,0f,1f],start_interpolation:0}
execute if entity @s[tag=aj.toji.bone.chain2] run data modify entity @s {} merge value {transformation:[-0.7787458690476019f,-0.0653185494228088f,-1.3409888262598266f,-0.5463869273840265f,-1.0887701964741106f,0.9377877145222351f,0.5865972514187254f,16.48282977524661f,0.7855552204155569f,1.2350102684607838f,-0.5163480474306095f,-0.47458387657576573f,0f,0f,0f,1f],start_interpolation:0}
execute if entity @s[tag=aj.toji.bone.bottom2] run data modify entity @s {} merge value {transformation:[-0.50174230488973f,-0.042084434527447284f,-0.8639928008117003f,-0.5542777588579229f,-0.7014895225605007f,0.6042122187525809f,0.3779418532630714f,16.59611956626272f,0.5061295379858621f,0.795711313907619f,-0.3326806211633457f,-0.32538800521808714f,0f,0f,0f,1f],start_interpolation:0}
execute if entity @s[tag=aj.toji.bone.rightarm] run data modify entity @s {} merge value {transformation:[-0.38686463055972553f,0.8772273073364556f,-0.2842674953017301f,-0.31079189261382617f,-0.9211884558648246f,-0.3816206023172345f,0.0760101616128541f,16.558288694174962f,-0.04180414337440521f,0.29126957814070403f,0.9557271820171641f,-0.2499578517220108f,0f,0f,0f,1f],start_interpolation:0}
execute if entity @s[tag=aj.toji.bone.chain] run data modify entity @s {} merge value {transformation:[-1.3393599544527783f,-0.4501837988429852f,0.642193221140384f,0.44061348521960364f,-0.7689185144110893f,1.0039874099474284f,-0.8998534727798799f,16.42045641220904f,-0.15440823881906957f,-1.0946718693459996f,-1.0894100549648147f,-0.06613666179247005f,0f,0f,0f,1f],start_interpolation:0}
execute if entity @s[tag=aj.toji.bone.blade] run data modify entity @s {} merge value {transformation:[0.4350769599556364f,-0.620643113048425f,-1.2944149895382553f,0.29372117476814974f,-0.9702965572646288f,0.8696570475188099f,-0.7431158796993077f,16.572157949712746f,1.0579379139988183f,1.052852670570022f,-0.14922675429494014f,0.4577471073871001f,0f,0f,0f,1f],start_interpolation:0}
execute if entity @s[tag=aj.toji.bone.bottom] run data modify entity @s {} merge value {transformation:[-0.862943326358837f,-0.2900513066370911f,0.4137620753656165f,0.44061348521960364f,-0.4954105864662051f,0.6468643715097525f,-0.57977136501254f,16.42045641220904f,-0.09948450286329313f,-0.7052919426658788f,-0.7019017803800147f,-0.06613666179247005f,0f,0f,0f,1f],start_interpolation:0}
execute if entity @s[tag=aj.toji.bone.leftarm] run data modify entity @s {} merge value {transformation:[-0.862943326358837f,-0.2900513066370911f,0.4137620753656165f,0.3141667006629036f,-0.4954105864662051f,0.6468643715097525f,-0.57977136501254f,16.55120934343234f,-0.09948450286329313f,-0.7052919426658788f,-0.7019017803800147f,-0.24867742888789557f,0f,0f,0f,1f],start_interpolation:0}
execute if entity @s[tag=aj.toji.locator_origin.mount] at @s on origin run tp @s ^0.00273 ^16.57881 ^-0.62354 ~-9.40834 ~-86.08426
execute if entity @s[tag=aj.toji.bone.head] run data modify entity @s {} merge value {transformation:[-0.9999337492427676f,0.0028070000065383125f,-0.011163237714275704f,0.002024884829446502f,0.01132696118819063f,0.06734342745535016f,-0.9976655565512961f,16.561970953835033f,-0.002048676534584383f,-0.9977259060130339f,-0.06737076068241592f,-0.3741083841969134f,0f,0f,0f,1f],start_interpolation:0}
execute if entity @s[tag=aj.toji.bone.upper] run data modify entity @s {} merge value {transformation:[-0.9999337492427676f,0.002699846439262064f,-0.011189636031012693f,-4.587968751820994e-17f,0.01132696118819063f,0.05777548025105234f,-0.9982653423975019f,16.518639343646743f,-0.002048676534584383f,-0.9983259511356823f,-0.05780223363756784f,0.3746360791548483f,0f,0f,0f,1f],start_interpolation:0}
execute if entity @s[tag=aj.toji.bone.bottom3] run data modify entity @s {} merge value {transformation:[-1f,4.91932500889286e-17f,1.1214999764737717e-16f,-0.12500000000000008f,0f,0.9157742275198072f,-0.4016933708819462f,16.511462755474856f,-1.2246467991473532e-16f,-0.4016933708819462f,-0.9157742275198072f,0.6870536628184621f,0f,0f,0f,1f],start_interpolation:0}
execute if entity @s[tag=aj.toji.bone.rightleg] run data modify entity @s {} merge value {transformation:[-1f,1.2243238202591842e-16f,2.8124114347206834e-18f,-0.11875000000000004f,0f,0.02296508215004354f,-0.9997362677235642f,16.518639343646743f,-1.2246467991473532e-16f,-0.9997362677235642f,-0.02296508215004354f,0.3746360791548483f,0f,0f,0f,1f],start_interpolation:0}
execute if entity @s[tag=aj.toji.bone.bottom4] run data modify entity @s {} merge value {transformation:[-1f,1.208987570205736e-16f,1.9521485022889158e-17f,0.12499999999999992f,0f,0.1594050222193107f,-0.9872132692033982f,16.550369396098603f,-1.2246467991473532e-16f,-0.9872132692033982f,-0.1594050222193107f,0.6855210317842774f,0f,0f,0f,1f],start_interpolation:0}
execute if entity @s[tag=aj.toji.bone.leftleg] run data modify entity @s {} merge value {transformation:[-1f,1.218317638850262e-16f,-1.2434594295022654e-17f,0.11874999999999995f,0f,-0.1015361678459463f,-0.9948318484141729f,16.518639343646743f,-1.2246467991473532e-16f,-0.9948318484141729f,0.1015361678459463f,0.3746360791548483f,0f,0f,0f,1f],start_interpolation:0}