execute if entity @s[tag=aj.toji.locator_origin.head] at @s on origin run tp @s ^0.02443 ^0.96502 ^0.49762 ~-25.67289 ~39.5202
execute if entity @s[tag=aj.toji.bone.blade2] run data modify entity @s {} merge value {transformation:[-0.41851285464247445f,0.566894247777079f,1.3241895265921217f,-0.23818404467691878f,1.329137572348365f,0.6834789490237644f,0.12747486031867805f,0.8502957666888581f,-0.5551939339284092f,1.2089199469272687f,-0.693016780208435f,0.8704336157874486f,0f,0f,0f,1f],start_interpolation:0}
execute if entity @s[tag=aj.toji.bone.chain2] run data modify entity @s {} merge value {transformation:[-1.370168329598793f,-0.4330445509842268f,-0.5865780758248939f,-0.4444214217429499f,-0.13190107074640978f,1.37528818249935f,-0.7072108569759785f,0.6515747249362107f,0.7170798628545609f,-0.5744715010787013f,-1.2508963339733548f,0.4386994820880002f,0f,0f,0f,1f],start_interpolation:0}
execute if entity @s[tag=aj.toji.bone.bottom2] run data modify entity @s {} merge value {transformation:[-0.8827930177280813f,-0.27900856976164945f,-0.3779294985180524f,-0.4967355285732592f,-0.08498324021245193f,0.8860917148989099f,-0.4556526326825096f,0.8177169214797563f,0.46201118680562314f,-0.3701292892856062f,-0.805946631284846f,0.369300240346949f,0f,0f,0f,1f],start_interpolation:0}
execute if entity @s[tag=aj.toji.bone.rightarm] run data modify entity @s {} merge value {transformation:[-0.6954586533418777f,0.7170808176253907f,0.046177510604224925f,-0.27399915833304417f,0.043077503096587755f,-0.022541780996716443f,0.9988173991458398f,0.8093891322870405f,0.7172737205689789f,0.6966254152004484f,-0.015213174485857406f,0.49862698661149996f,0f,0f,0f,1f],start_interpolation:0}
execute if entity @s[tag=aj.toji.bone.chain] run data modify entity @s {} merge value {transformation:[-1.0232266914738177f,-0.9521744971623584f,0.6747840679952853f,0.5092879123532066f,-1.0749394400262364f,1.1183807606808573f,-0.05188784083096967f,0.7975406526362725f,-0.45439521536074395f,-0.5015484769228482f,-1.3967593877131257f,0.4291427705534907f,0f,0f,0f,1f],start_interpolation:0}
execute if entity @s[tag=aj.toji.bone.blade] run data modify entity @s {} merge value {transformation:[0.9202223328280508f,-0.6521403073243028f,-0.9888902253169783f,0.42543277922000455f,-1.0808512049533119f,0.05014663811852079f,-1.038867646736765f,0.6503284119488781f,0.48471799112006797f,1.3498882673200676f,-0.43914705377145763f,0.9679764961122724f,0f,0f,0f,1f],start_interpolation:0}
execute if entity @s[tag=aj.toji.bone.bottom] run data modify entity @s {} merge value {transformation:[-0.6592601502113188f,-0.6134815552187006f,0.4347602048828684f,0.5092879123532066f,-0.6925784311578436f,0.7205674699688744f,-0.03343109207901401f,0.7975406526362725f,-0.2927647025143048f,-0.3231453274133787f,-0.8999255115467117f,0.4291427705534907f,0f,0f,0f,1f],start_interpolation:0}
execute if entity @s[tag=aj.toji.bone.leftarm] run data modify entity @s {} merge value {transformation:[-0.6592601502113188f,-0.6134815552187006f,0.4347602048828684f,0.314713764160324f,-0.6925784311578436f,0.7205674699688744f,-0.03343109207901401f,0.9343963681811258f,-0.2927647025143048f,-0.3231453274133787f,-0.8999255115467117f,0.33005864479300195f,0f,0f,0f,1f],start_interpolation:0}
execute if entity @s[tag=aj.toji.locator_origin.mount] at @s on origin run tp @s ^0.07856 ^1.01569 ^0.73637 ~8.89271 ~77.44402
execute if entity @s[tag=aj.toji.bone.head] run data modify entity @s {} merge value {transformation:[-0.9756952120321789f,0.2165398570501665f,0.03360570675011604f,0.024428763496367877f,0.07860201008924414f,0.2026860594274933f,0.97608405648473f,0.9650201668213743f,0.20454969378469298f,0.9550020165541263f,-0.21478028575765556f,0.4976237108013097f,0f,0f,0f,1f],start_interpolation:0}
execute if entity @s[tag=aj.toji.bone.upper] run data modify entity @s {} merge value {transformation:[-0.941940675989389f,0.032571684661823835f,-0.33419582324580815f,2.5248050664802835e-19f,-0.2000115774305366f,0.7450193326983292f,0.636350188810756f,0.40625566729762735f,0.26970934690959675f,0.6662471607924696f,-0.6952492998382462f,-0.0020616597930424928f,0f,0f,0f,1f],start_interpolation:0}
execute if entity @s[tag=aj.toji.bone.bottom3] run data modify entity @s {} merge value {transformation:[-1f,-1.0082181759037341e-16f,6.951660898225728e-17f,-0.12500000000000003f,0f,0.5676461901558674f,0.8232726175462954f,0.2563114224593409f,-1.2246467991473532e-16f,0.8232726175462954f,-0.5676461901558674f,0.2721152419326061f,0f,0f,0f,1f],start_interpolation:0}
execute if entity @s[tag=aj.toji.bone.rightleg] run data modify entity @s {} merge value {transformation:[-1f,1.0744635683150531e-16f,5.876119663736787e-17f,-0.11875f,0f,0.4798215834825167f,-0.8773660855220756f,0.40625566729762735f,-1.2246467991473532e-16f,-0.8773660855220756f,-0.4798215834825167f,-0.0020616597930425075f,0f,0f,0f,1f],start_interpolation:0}
execute if entity @s[tag=aj.toji.bone.bottom4] run data modify entity @s {} merge value {transformation:[-0.872151037122164f,0.31125137013188114f,-0.37745880972333995f,0.27641363793424323f,-0.08331473071848712f,0.6657661116945701f,0.7414945314460514f,0.3894456335726732f,0.48209047293224927f,0.6781431037105073f,-0.5547167807069119f,0.26729853128853837f,0f,0f,0f,1f],start_interpolation:0}
execute if entity @s[tag=aj.toji.bone.leftleg] run data modify entity @s {} merge value {transformation:[-0.872151037122164f,-0.48708062064713514f,0.045880686968870134f,0.11875f,-0.08331473071848712f,0.05545840253422296f,-0.9949789049189225f,0.40625566729762735f,0.48209047293224927f,-0.8715944209197037f,-0.08894909403477062f,-0.002061659793042478f,0f,0f,0f,1f],start_interpolation:0}