execute if entity @s[tag=aj.toji.locator_origin.head] at @s on origin run tp @s ^0.03153 ^0.96009 ^0.50018 ~-26.09145 ~40.15184
execute if entity @s[tag=aj.toji.bone.blade2] run data modify entity @s {} merge value {transformation:[-0.3080977342879872f,0.7140471579786886f,1.282658349799028f,-0.20403718607223437f,1.4413702282416474f,0.3957202529687883f,0.12592595653374647f,0.7604238229128731f,-0.27843787685088744f,1.2583887068679835f,-0.7674178856150633f,0.8655066553108284f,0f,0f,0f,1f],start_interpolation:0}
execute if entity @s[tag=aj.toji.bone.chain2] run data modify entity @s {} merge value {transformation:[-1.327195098055939f,-0.31879557228409766f,-0.7388404620751705f,-0.4579163501942368f,-0.13029838558005685f,1.4914178056111493f,-0.40946053953020456f,0.663863456443899f,0.7940643399766971f,-0.2881058586859879f,-1.3020827591897888f,0.42432671924433224f,0f,0f,0f,1f],start_interpolation:0}
execute if entity @s[tag=aj.toji.bone.bottom2] run data modify entity @s {} merge value {transformation:[-0.8551055665326855f,-0.20539848952532463f,-0.4760314386524588f,-0.4964285669802352f,-0.08395063768916414f,0.9609134854944317f,-0.2638135019791922f,0.844034734974105f,0.5116119237433753f,-0.1856252512339251f,-0.8389258045786558f,0.3895219846379713f,0f,0f,0f,1f],start_interpolation:0}
execute if entity @s[tag=aj.toji.bone.rightarm] run data modify entity @s {} merge value {transformation:[-0.6448486193236663f,0.7535187082309325f,0.12798364935548703f,-0.2677458512147729f,0.02682705398119406f,-0.14503226506844136f,0.9890631684901666f,0.80609997783317f,0.7638393596372547f,0.6412294428947447f,0.07330916882521754f,0.502089385384329f,0f,0f,0f,1f],start_interpolation:0}
execute if entity @s[tag=aj.toji.bone.chain] run data modify entity @s {} merge value {transformation:[-1.0267553174024335f,-0.946676552876346f,0.6771555921877181f,0.5141261811960569f,-1.0821314042384107f,1.1089490091880867f,-0.09047868584853846f,0.7944224702577916f,-0.4286348279805847f,-0.5319758198132994f,-1.3936414836632607f,0.43295485175803183f,0f,0f,0f,1f],start_interpolation:0}
execute if entity @s[tag=aj.toji.bone.blade] run data modify entity @s {} merge value {transformation:[0.9149088833167368f,-0.6544322501679962f,-0.9923004409795332f,0.42867278885650933f,-1.0717359551884866f,0.0874424883368423f,-1.0458182698679939f,0.6614435618886128f,0.5141242822356719f,1.3468749909228825f,-0.4142511089208339f,0.9752271437176633f,0f,0f,0f,1f],start_interpolation:0}
execute if entity @s[tag=aj.toji.bone.bottom] run data modify entity @s {} merge value {transformation:[-0.6615336273196887f,-0.6099392555444914f,0.436288166778664f,0.5141261811960569f,-0.697212179911996f,0.7144906367923243f,-0.05829499222456169f,0.7944224702577916f,-0.27616740594722233f,-0.34274952149044796f,-0.8979166606152551f,0.43295485175803183f,0f,0f,0f,1f],start_interpolation:0}
execute if entity @s[tag=aj.toji.bone.leftarm] run data modify entity @s {} merge value {transformation:[-0.6615336273196887f,-0.6099392555444914f,0.436288166778664f,0.3202955156024535f,-0.697212179911996f,0.7144906367923243f,-0.05829499222456169f,0.9294693682113728f,-0.27616740594722233f,-0.34274952149044796f,-0.8979166606152551f,0.33000700851371845f,0f,0f,0f,1f],start_interpolation:0}
execute if entity @s[tag=aj.toji.locator_origin.mount] at @s on origin run tp @s ^0.08825 ^1.01999 ^0.73618 ~5.34616 ~75.38297
execute if entity @s[tag=aj.toji.bone.head] run data modify entity @s {} merge value {transformation:[-0.9736410962853004f,0.22687036695849644f,0.023512809710358573f,0.03152979863260836f,0.07919914272838098f,0.23960705826710033f,0.9676342043456692f,0.9600859602646615f,0.21389369185520155f,0.9439906218944674f,-0.25125921746246144f,0.5001782017102575f,0f,0f,0f,1f],start_interpolation:0}
execute if entity @s[tag=aj.toji.bone.upper] run data modify entity @s {} merge value {transformation:[-0.9408661869075622f,0.04203973151014448f,-0.3361599013989907f,5.635612530832914e-19f,-0.19739102460512448f,0.7384102979391209f,0.6448154893477651f,0.4062782368103208f,0.2753318029929767f,0.6730400380898699f,-0.6864470157183459f,-0.004601826857144972f,0f,0f,0f,1f],start_interpolation:0}
execute if entity @s[tag=aj.toji.bone.bottom3] run data modify entity @s {} merge value {transformation:[-1f,-9.60027669865422e-17f,7.603332530901338e-17f,-0.12500000000000003f,0f,0.6208592172204324f,0.7839220831131316f,0.2566234359087015f,-1.2246467991473532e-16f,0.7839220831131316f,-0.6208592172204324f,0.2697331701211783f,0f,0f,0f,1f],start_interpolation:0}
execute if entity @s[tag=aj.toji.bone.rightleg] run data modify entity @s {} merge value {transformation:[-1f,1.075083123019528e-16f,5.86477673283848e-17f,-0.11875f,0f,0.4788953628851818f,-0.8778719903306347f,0.4062782368103208f,-1.2246467991473532e-16f,-0.8778719903306347f,-0.4788953628851818f,-0.004601826857144987f,0f,0f,0f,1f],start_interpolation:0}
execute if entity @s[tag=aj.toji.bone.bottom4] run data modify entity @s {} merge value {transformation:[-0.8746784512095785f,0.31335836276130685f,-0.3697893230978501f,0.27552441684916595f,-0.0859288946861883f,0.6505857953938554f,0.7545557288164699f,0.3726390364553657f,0.47702602868986393f,0.6917692240330567f,-0.5421268381412965f,0.2636993079169799f,0f,0f,0f,1f],start_interpolation:0}
execute if entity @s[tag=aj.toji.bone.leftleg] run data modify entity @s {} merge value {transformation:[-0.8746784512095785f,-0.4841845648931394f,0.022425746561803947f,0.11875f,-0.0859288946861883f,0.1093640190295801f,-0.9902806351735387f,0.4062782368103208f,0.47702602868986393f,-0.8681041518509969f,-0.1372637952682285f,-0.004601826857144957f,0f,0f,0f,1f],start_interpolation:0}