execute if entity @s[tag=aj.toji.locator_origin.head] at @s on origin run tp @s ^0.02924 ^8.48995 ^-0.28388 ~15.4009 ~-27.43087
execute if entity @s[tag=aj.toji.bone.blade2] run data modify entity @s {} merge value {transformation:[-0.7570526648463282f,1.274993753251089f,0.22641155407747077f,0.07068351909790271f,-0.4509991845171798f,-0.5054480240958414f,1.338328072821627f,8.297598222653486f,1.2138661368593797f,0.6073822718093708f,0.6384479443758709f,-0.42191685523054717f,0f,0f,0f,1f],start_interpolation:0}
execute if entity @s[tag=aj.toji.bone.chain2] run data modify entity @s {} merge value {transformation:[-0.23427306637182785f,-0.783339215709048f,-1.3192643696834188f,-0.38903681614908947f,-1.384797797572378f,-0.4666588784240261f,0.5229983027102807f,8.459676529866014f,-0.6606162757778109f,1.2560142666114418f,-0.6284719340249738f,-0.5974335382753834f,0f,0f,0f,1f],start_interpolation:0}
execute if entity @s[tag=aj.toji.bone.bottom2] run data modify entity @s {} merge value {transformation:[-0.15094103605164746f,-0.5047017765642188f,-0.8499958355007261f,-0.4836683992548805f,-0.8922187152144179f,-0.300666123011453f,0.33696534939722783f,8.403301631801368f,-0.42563196291724725f,0.8092440912395866f,-0.4049215145395804f,-0.4457002711679609f,0f,0f,0f,1f],start_interpolation:0}
execute if entity @s[tag=aj.toji.bone.rightarm] run data modify entity @s {} merge value {transformation:[0.18348547674959192f,0.8642107525888408f,-0.46847930043045105f,-0.27908355340451974f,-0.5174299586078236f,-0.32030014647785177f,-0.7935200401384787f,8.355565967594893f,-0.8358225396321168f,0.3880046279055145f,0.3883981088610275f,-0.29646020546457497f,0f,0f,0f,1f],start_interpolation:0}
execute if entity @s[tag=aj.toji.bone.chain] run data modify entity @s {} merge value {transformation:[-1.0494536312333882f,-0.8964938447618075f,0.7098651532554335f,0.5144783617577169f,-0.3282398844456192f,1.1591223747472998f,0.9785992909410974f,8.229781099468852f,-1.0953850134821521f,0.5115630755590993f,-0.9733434982442395f,-0.1932527409907629f,0f,0f,0f,1f],start_interpolation:0}
execute if entity @s[tag=aj.toji.bone.blade] run data modify entity @s {} merge value {transformation:[0.8664101586959747f,-0.6860441749582715f,-1.0142370664268985f,0.41075238310900025f,-1.120225650762491f,-0.9457603885605237f,-0.31722512322261137f,7.7334293945167385f,-0.49439652939939815f,0.9406809647461103f,-1.0586271271236907f,0.055586197491627076f,0f,0f,0f,1f],start_interpolation:0}
execute if entity @s[tag=aj.toji.bone.bottom] run data modify entity @s {} merge value {transformation:[-0.676158044284599f,-0.5776067724639833f,0.45736278330551416f,0.5144783617577169f,-0.2114834154817412f,0.7468171005083273f,0.6305069257070157f,8.229781099468852f,-0.7057514180824603f,0.3295976862662653f,-0.6271206431640737f,-0.1932527409907629f,0f,0f,0f,1f],start_interpolation:0}
execute if entity @s[tag=aj.toji.bone.leftarm] run data modify entity @s {} merge value {transformation:[-0.676158044284599f,-0.5776067724639833f,0.45736278330551416f,0.32781679087393356f,-0.2114834154817412f,0.7468171005083273f,0.6305069257070157f,8.403267661128325f,-0.7057514180824603f,0.3295976862662653f,-0.6271206431640737f,-0.15496278305435035f,0f,0f,0f,1f],start_interpolation:0}
execute if entity @s[tag=aj.toji.locator_origin.mount] at @s on origin run tp @s ^0.04865 ^8.67912 ^-0.44617 ~15.94349 ~-40.46633
execute if entity @s[tag=aj.toji.bone.head] run data modify entity @s {} merge value {transformation:[-0.9748336911547132f,0.07763135745672864f,0.20898001562135807f,0.02923994248164832f,-0.07887041841393269f,0.7566881574688402f,-0.6490011474917612f,8.489951774334846f,-0.20851554303909486f,-0.6491505254452448f,-0.7315222919537547f,-0.28387740643637493f,0f,0f,0f,1f],start_interpolation:0}
execute if entity @s[tag=aj.toji.bone.upper] run data modify entity @s {} merge value {transformation:[-0.9710405508455252f,0.0389865899755311f,0.23571231282158114f,-7.974663185909142e-18f,-0.07632270965349044f,0.8842796797859002f,-0.460678078389774f,7.826742014495422f,-0.2263958758563594f,-0.46532729741529844f,-0.8556958651737231f,0.06511806662509888f,0f,0f,0f,1f],start_interpolation:0}
execute if entity @s[tag=aj.toji.bone.bottom3] run data modify entity @s {} merge value {transformation:[-1f,-1.2050130479093315e-16f,2.1841093615046127e-17f,-0.125f,0f,0.1783460637814327f,0.9839678254565385f,7.529059926140355f,-1.2246467991473532e-16f,0.9839678254565385f,-0.1783460637814327f,-0.029969389290842682f,0f,0f,0f,1f],start_interpolation:0}
execute if entity @s[tag=aj.toji.bone.rightleg] run data modify entity @s {} merge value {transformation:[-1f,-3.7263535528487317e-17f,1.1665773333361032e-16f,-0.11875000000000001f,0f,0.952582682736214f,0.30427985893101295f,7.826742014495422f,-1.2246467991473532e-16f,0.30427985893101295f,-0.952582682736214f,0.06511806662509886f,0f,0f,0f,1f],start_interpolation:0}
execute if entity @s[tag=aj.toji.bone.bottom4] run data modify entity @s {} merge value {transformation:[-0.9994694971615727f,0.021232736068121195f,0.024696055609235854f,0.11741782459499887f,0.00021320514787878404f,0.7625235771644858f,-0.6469603919961725f,7.616643121082545f,-0.03256806391479055f,-0.6466119123456803f,-0.7621235831710657f,0.29653110168443764f,0f,0f,0f,1f],start_interpolation:0}
execute if entity @s[tag=aj.toji.bone.leftleg] run data modify entity @s {} merge value {transformation:[-0.9994694971615727f,0.024252351239235f,0.021738162363956638f,0.11874999999999998f,0.00021320514787878404f,0.6723121948182497f,-0.7402676997156048f,7.826742014495422f,-0.03256806391479055f,-0.7398703509115881f,-0.6719607020167218f,0.06511806662509889f,0f,0f,0f,1f],start_interpolation:0}