execute if entity @s[tag=aj.toji.locator_origin.head] at @s on origin run tp @s ^0 ^11.43218 ^0.21509 ~0 ~35
execute if entity @s[tag=aj.toji.bone.blade2] run data modify entity @s {} merge value {transformation:[-0.07742356505936653f,1.310858100811755f,0.7250218142302313f,-0.0942644008700162f,-1.4890945428650506f,-0.14639512823706086f,0.10566886408956938f,11.553488532475608f,0.16310436530952627f,-0.7142965112365119f,1.3088840514164437f,-0.06198015084906608f,0f,0f,0f,1f],start_interpolation:0}
execute if entity @s[tag=aj.toji.bone.chain2] run data modify entity @s {} merge value {transformation:[-0.7501961827798925f,-0.08011188329059436f,-1.3563740070899408f,-0.5474703776222888f,-0.10933792187045753f,-1.5407992144923095f,0.15147829241195884f,11.562973652577888f,-1.354331414312848f,0.16876771132721846f,0.7390984734322247f,0.1888836477911735f,0f,0f,0f,1f],start_interpolation:0}
execute if entity @s[tag=aj.toji.bone.bottom2] run data modify entity @s {} merge value {transformation:[-0.48334787615348773f,-0.05161571003957757f,-0.8739054005411698f,-0.5571483232547095f,-0.07044590939304646f,-0.9927296952433671f,0.09759675215804059f,11.376836834719757f,-0.8725893676109624f,0.10873624353968436f,0.4761976741576749f,0.20927169345486432f,0f,0f,0f,1f],start_interpolation:0}
execute if entity @s[tag=aj.toji.bone.rightarm] run data modify entity @s {} merge value {transformation:[-0.36632988151501733f,0.8870108226400837f,-0.28109467876243227f,-0.31250000000000006f,0.5117003836861949f,-0.060270198668486236f,-0.8570473852056617f,11.329788011072248f,-0.7771519383264729f,-0.4577983220500297f,-0.43180500354162527f,0.14339410908776146f,0f,0f,0f,1f],start_interpolation:0}
execute if entity @s[tag=aj.toji.bone.chain] run data modify entity @s {} merge value {transformation:[-1.3308780432075884f,-0.47121730990221533f,0.6447329327462432f,0.4419931791738167f,0.5409033559812672f,0.3899406274787755f,1.401546481619776f,11.245197439291186f,-0.5874945678108477f,1.4264863222271325f,-0.17014575781595845f,-0.0627180004866417f,0f,0f,0f,1f],start_interpolation:0}
execute if entity @s[tag=aj.toji.bone.blade] run data modify entity @s {} merge value {transformation:[0.4554046484961004f,-0.6230975994326112f,-1.286217706187199f,0.2973530238567055f,-0.37685537152311177f,-1.354514720491595f,0.522752236653037f,10.721191603547467f,-1.3786176536960206f,0.16443616862750332f,-0.5677799849984028f,-0.21615209232061558f,0f,0f,0f,1f],start_interpolation:0}
execute if entity @s[tag=aj.toji.bone.bottom] run data modify entity @s {} merge value {transformation:[-0.8574784707914662f,-0.30360309899740046f,0.4153983996217406f,0.4419931791738167f,0.34850149110202444f,0.25123691434874124f,0.9030098136610636f,11.245197439291186f,-0.37851998999893544f,0.9190784357973469f,-0.10962411241833564f,-0.0627180004866417f,0f,0f,0f,1f],start_interpolation:0}
execute if entity @s[tag=aj.toji.bone.leftarm] run data modify entity @s {} merge value {transformation:[-0.8574784707914662f,-0.30360309899740046f,0.4153983996217406f,0.31249999999999994f,0.34850149110202444f,0.25123691434874124f,0.9030098136610636f,11.329788011072248f,-0.37851998999893544f,0.9190784357973469f,-0.10962411241833564f,0.14339410908776157f,0f,0f,0f,1f],start_interpolation:0}
execute if entity @s[tag=aj.toji.locator_origin.mount] at @s on origin run tp @s ^0 ^11.63697 ^0.35849 ~0 ~35
execute if entity @s[tag=aj.toji.bone.head] run data modify entity @s {} merge value {transformation:[-1f,-7.024285468436541e-17f,1.0031719290535247e-16f,-2.6341070506637028e-17f,0f,0.8191520442889918f,0.573576436351046f,11.43218201660837f,-1.2246467991473532e-16f,0.573576436351046f,-0.8191520442889918f,0.21509116363164227f,0f,0f,0f,1f],start_interpolation:0}
execute if entity @s[tag=aj.toji.bone.upper] run data modify entity @s {} merge value {transformation:[-1f,-7.024285468436541e-17f,1.0031719290535247e-16f,2.6341070506637028e-17f,0f,0.8191520442889918f,0.573576436351046f,10.817817983391627f,-1.2246467991473532e-16f,0.573576436351046f,-0.8191520442889918f,-0.21509116363164227f,0f,0f,0f,1f],start_interpolation:0}
execute if entity @s[tag=aj.toji.bone.bottom3] run data modify entity @s {} merge value {transformation:[-1f,-1.2060416625018979e-16f,-2.126576849575773e-17f,-0.12499999999999994f,0f,-0.17364817766693041f,0.984807753012208f,10.561832969551318f,-1.2246467991473532e-16f,0.984807753012208f,0.17364817766693041f,-0.3943337999913442f,0f,0f,0f,1f],start_interpolation:0}
execute if entity @s[tag=aj.toji.bone.rightleg] run data modify entity @s {} merge value {transformation:[-1f,-7.024285468436541e-17f,1.0031719290535247e-16f,-0.11874999999999997f,0f,0.8191520442889918f,0.573576436351046f,10.817817983391627f,-1.2246467991473532e-16f,0.573576436351046f,-0.8191520442889918f,-0.2150911636316423f,0f,0f,0f,1f],start_interpolation:0}
execute if entity @s[tag=aj.toji.bone.bottom4] run data modify entity @s {} merge value {transformation:[-1f,-7.871877887341985e-17f,9.381338752702732e-17f,0.12500000000000006f,0f,0.766044443118978f,0.6427876096865393f,10.534596799942674f,-1.2246467991473532e-16f,0.6427876096865393f,-0.766044443118978f,-0.3471593704256108f,0f,0f,0f,1f],start_interpolation:0}
execute if entity @s[tag=aj.toji.bone.leftleg] run data modify entity @s {} merge value {transformation:[-1f,-5.175581015019658e-17f,1.1099069304367545e-16f,0.11875000000000002f,0f,0.9063077870366499f,0.42261826174069933f,10.817817983391627f,-1.2246467991473532e-16f,0.42261826174069933f,-0.9063077870366499f,-0.21509116363164224f,0f,0f,0f,1f],start_interpolation:0}