execute if entity @s[tag=aj.toji.locator_origin.head] at @s on origin run tp @s ^0.00105 ^17.89626 ^-0.22165 ~-0.42685 ~-36.64893
execute if entity @s[tag=aj.toji.bone.blade2] run data modify entity @s {} merge value {transformation:[-0.0695871240925005f,1.3030272935722662f,0.7397820654532455f,-0.09668082466613476f,-0.3238025619688112f,-0.7361575037962338f,1.2661848326634357f,17.67282000252106f,1.4629796762166483f,-0.1009554446784982f,0.31543377302818654f,-0.42529263886408486f,0f,0f,0f,1f],start_interpolation:0}
execute if entity @s[tag=aj.toji.bone.chain2] run data modify entity @s {} merge value {transformation:[-0.7654689427259281f,-0.07200334367904548f,-1.348271296821303f,-0.5469701031068916f,-1.3101495837975825f,-0.33504570648161686f,0.7617185282336034f,17.917804509801943f,-0.32638633459166494f,1.5137775816408376f,0.10446084206316836f,-0.35018986095812143f,0f,0f,0f,1f],start_interpolation:0}
execute if entity @s[tag=aj.toji.bone.bottom2] run data modify entity @s {} merge value {transformation:[-0.4931880436354973f,-0.046391416061666885f,-0.8686848623815107f,-0.5556684936184542f,-0.8441232217756236f,-0.21586837464587394f,0.49077166919748944f,17.87732918955584f,-0.21028918201879082f,0.9753197841444322f,0.06730362978566551f,-0.1673174014310404f,0f,0f,0f,1f],start_interpolation:0}
execute if entity @s[tag=aj.toji.bone.rightarm] run data modify entity @s {} merge value {transformation:[-0.3773870067925479f,0.8818547760512642f,-0.28268569305809604f,-0.31161811168110387f,-0.5676482962533188f,-0.46147221155607504f,-0.6817762167472912f,17.797439155182655f,-0.731679204887542f,-0.09682743370099067f,0.6747369778054367f,-0.14579430955081668f,0f,0f,0f,1f],start_interpolation:0}
execute if entity @s[tag=aj.toji.bone.chain] run data modify entity @s {} merge value {transformation:[-1.3354350375283275f,-0.46002745312883064f,0.6433899878927459f,0.4412443995596268f,-0.3810769326753044f,1.4805766695344358f,0.26764859540862795f,17.57136967993369f,-0.6930774166971594f,0.07231971798362838f,-1.3868584017361947f,-0.13200815615028283f,0f,0f,0f,1f],start_interpolation:0}
execute if entity @s[tag=aj.toji.bone.blade] run data modify entity @s {} merge value {transformation:[0.44459029027215813f,-0.621799719842654f,-1.2906217812354301f,0.29540338578949904f,-1.4308928886775754f,-0.25866709891840556f,-0.3682891161425756f,17.264221998829345f,-0.06989288180968127f,1.3403195291947112f,-0.669819785264369f,0.3190302143408238f,0f,0f,0f,1f],start_interpolation:0}
execute if entity @s[tag=aj.toji.bone.bottom] run data modify entity @s {} merge value {transformation:[-0.8604145208236202f,-0.2963935268481056f,0.41453314656176915f,0.4412443995596268f,-0.245526077428384f,0.9539285924517169f,0.17244473261227034f,17.57136967993369f,-0.44654652350957913f,0.04659525453978741f,-0.8935463527964743f,-0.13200815615028283f,0f,0f,0f,1f],start_interpolation:0}
execute if entity @s[tag=aj.toji.bone.leftarm] run data modify entity @s {} merge value {transformation:[-0.8604145208236202f,-0.2963935268481056f,0.41453314656176915f,0.31337011029612416f,-0.245526077428384f,0.9539285924517169f,0.17244473261227034f,17.794506448207343f,-0.44654652350957913f,0.04659525453978741f,-0.8935463527964743f,-0.14826850023468469f,0f,0f,0f,1f],start_interpolation:0}
execute if entity @s[tag=aj.toji.locator_origin.mount] at @s on origin run tp @s ^0.00141 ^18.09759 ^-0.36985 ~-0.42472 ~-36.35596
execute if entity @s[tag=aj.toji.bone.head] run data modify entity @s {} merge value {transformation:[-0.9999811551635648f,0.001432142578971573f,-0.005969781015754742f,0.0010511991690121125f,0.004692331160501467f,0.8053359664460426f,-0.5928001038939679f,17.896259589838046f,0.00395870509418876f,-0.5928169448624527f,-0.805327510108729f,-0.2216472840938956f,0f,0f,0f,1f],start_interpolation:0}
execute if entity @s[tag=aj.toji.bone.upper] run data modify entity @s {} merge value {transformation:[-0.9999811551635648f,0.001401598892016187f,-0.005977025873163681f,-2.7682894877019263e-17f,0.004692331160501467f,0.8022943051443876f,-0.5969102361001732f,17.294538860979756f,0.00395870509418876f,-0.5969270336091591f,-0.8022857628055898f,0.22604799111297375f,0f,0f,0f,1f],start_interpolation:0}
execute if entity @s[tag=aj.toji.bone.bottom3] run data modify entity @s {} merge value {transformation:[-1f,-5.614017565486821e-17f,1.0883877298122727e-16f,-0.12500000000000006f,0f,0.8887360262322577f,0.4584193229750423f,17.047331024513205f,-1.2246467991473532e-16f,0.4584193229750423f,-0.8887360262322577f,0.41721424229117465f,0f,0f,0f,1f],start_interpolation:0}
execute if entity @s[tag=aj.toji.bone.rightleg] run data modify entity @s {} merge value {transformation:[-1f,7.491556403532249e-17f,9.687753140892928e-17f,-0.11875000000000002f,0f,0.7910650766929631f,-0.611732003770243f,17.294538860979756f,-1.2246467991473532e-16f,-0.611732003770243f,-0.7910650766929631f,0.22604799111297372f,0f,0f,0f,1f],start_interpolation:0}
execute if entity @s[tag=aj.toji.bone.bottom4] run data modify entity @s {} merge value {transformation:[-1f,6.342429951788638e-17f,1.0476142447143423e-16f,0.12499999999999994f,0f,0.8554419490123456f,-0.5178987081176779f,17.078210291496244f,-1.2246467991473532e-16f,-0.5178987081176779f,-0.8554419490123456f,0.45156561797441863f,0f,0f,0f,1f],start_interpolation:0}
execute if entity @s[tag=aj.toji.bone.leftleg] run data modify entity @s {} merge value {transformation:[-1f,8.837742076389621e-17f,8.477634885827431e-17f,0.11874999999999997f,0f,0.6922514223472345f,-0.7216564059566235f,17.294538860979756f,-1.2246467991473532e-16f,-0.7216564059566235f,-0.6922514223472345f,0.22604799111297377f,0f,0f,0f,1f],start_interpolation:0}