execute if entity @s[tag=aj.toji.locator_origin.head] at @s on origin run tp @s ^0 ^1.00126 ^0.45657 ~-21.67414 ~35.49178
execute if entity @s[tag=aj.toji.bone.blade2] run data modify entity @s {} merge value {transformation:[-0.4167240031421533f,0.4184072016108289f,1.3788678395137712f,-0.2916403906823308f,1.2599921993621683f,0.8022149727033998f,0.13737101265176038f,0.8790133212968952f,-0.699114270167378f,1.1964056800311003f,-0.5743280299947546f,0.8200661545032735f,0f,0f,0f,1f],start_interpolation:0}
execute if entity @s[tag=aj.toji.bone.chain2] run data modify entity @s {} merge value {transformation:[-1.426745195052444f,-0.4311935865845889f,-0.43293522944453794f,-0.44668620766725237f,-0.1421408394799464f,1.3037419285066882f,-0.8300696592556013f,0.637513498782404f,0.5942699754806833f,-0.7233890712148566f,-1.2379475439210692f,0.3887230188253141f,0f,0f,0f,1f],start_interpolation:0}
execute if entity @s[tag=aj.toji.bone.bottom2] run data modify entity @s {} merge value {transformation:[-0.9192452263425142f,-0.27781600209476864f,-0.27893813440721904f,-0.4987767080600215f,-0.09158067510117351f,0.8399947995747788f,-0.5348099818022666f,0.7950125237026751f,0.3828853533298362f,-0.4660761801115854f,-0.7976037866874003f,0.30133373505439187f,0f,0f,0f,1f],start_interpolation:0}
execute if entity @s[tag=aj.toji.bone.rightarm] run data modify entity @s {} merge value {transformation:[-0.7928214521677727f,0.6047552793353514f,-0.07553275513712737f,-0.29803654746569785f,0.07347839809201376f,0.21788011874704166f,0.9732056200354613f,0.8448901535086846f,0.6050083222538478f,0.7660282670833995f,-0.2171764813067663f,0.4550277816843763f,0f,0f,0f,1f],start_interpolation:0}
execute if entity @s[tag=aj.toji.bone.chain] run data modify entity @s {} merge value {transformation:[-1.0913533968700035f,-0.9559151673834625f,0.5514858380028116f,0.4959565607535223f,-1.0413646734929125f,1.1487743526431229f,-0.06956850667856536f,0.8161981695841214f,-0.3653355355730073f,-0.41893478381095645f,-1.4491329362663603f,0.3881149577342944f,0f,0f,0f,1f],start_interpolation:0}
execute if entity @s[tag=aj.toji.bone.blade] run data modify entity @s {} merge value {transformation:[0.9238374772028091f,-0.5329796018282208f,-1.0547307996596007f,0.4537019539950251f,-1.1102248777222128f,0.06723399303163341f,-1.006419550221338f,0.6703783846317073f,0.40487656958911217f,1.400504314243999f,-0.3530759538423699f,0.9321701474757979f,0f,0f,0f,1f],start_interpolation:0}
execute if entity @s[tag=aj.toji.bone.bottom] run data modify entity @s {} merge value {transformation:[-0.7031538664397338f,-0.6158916514685395f,0.35531973455214705f,0.4959565607535223f,-0.6709463668142255f,0.740149918481475f,-0.04482266202108909f,0.8161981695841214f,-0.23538396922824628f,-0.26991771305940815f,-0.9336695428293327f,0.3881149577342944f,0f,0f,0f,1f],start_interpolation:0}
execute if entity @s[tag=aj.toji.bone.leftarm] run data modify entity @s {} merge value {transformation:[-0.7031538664397338f,-0.6158916514685395f,0.35531973455214705f,0.29803653123390406f,-0.6709463668142255f,0.740149918481475f,-0.04482266202108909f,0.959301501278601f,-0.23538396922824628f,-0.26991771305940815f,-0.9336695428293327f,0.305924031392677f,0f,0f,0f,1f],start_interpolation:0}
execute if entity @s[tag=aj.toji.locator_origin.mount] at @s on origin run tp @s ^0.04315 ^1.1008 ^0.68181 ~-0.8748 ~66.21816
execute if entity @s[tag=aj.toji.bone.head] run data modify entity @s {} merge value {transformation:[-0.9849731068922916f,0.17259801211861642f,-0.006156696488254704f,-9.739076268070138e-9f,0.06404610647241434f,0.3981367339221696f,0.9150875572028676f,1.0012649928723714f,0.16039350031927951f,0.900942321857781f,-0.4032082064403449f,0.456571087846232f,0f,0f,0f,1f],start_interpolation:0}
execute if entity @s[tag=aj.toji.bone.upper] run data modify entity @s {} merge value {transformation:[-0.9537169259193631f,-1.2985435024093518e-8f,-0.30070587825135703f,0f,-0.18305815643186632f,0.7933533238298286f,0.5805860960546071f,0.40625f,0.23856600046671886f,0.6087614504616427f,-0.7566344955479829f,0f,0f,0f,0f,1f],start_interpolation:0}
execute if entity @s[tag=aj.toji.bone.bottom3] run data modify entity @s {} merge value {transformation:[-1f,-9.715776287805221e-17f,7.455177354798984e-17f,-0.12500000000000003f,0f,0.6087614290087207f,0.7933533402912353f,0.22700736364029805f,-1.2246467991473532e-16f,0.7933533402912353f,-0.6087614290087207f,0.2559850138403099f,0f,0f,0f,1f],start_interpolation:0}
execute if entity @s[tag=aj.toji.bone.rightleg] run data modify entity @s {} merge value {transformation:[-1f,1.0031719290535246e-16f,7.024285468436544e-17f,-0.11875f,0f,0.5735764363510463f,-0.8191520442889917f,0.40625f,-1.2246467991473532e-16f,-0.8191520442889917f,-0.5735764363510463f,-1.4542680739874818e-17f,0f,0f,0f,1f],start_interpolation:0}
execute if entity @s[tag=aj.toji.bone.bottom4] run data modify entity @s {} merge value {transformation:[-0.8948254059474643f,0.24888685236999042f,-0.37059793252029116f,0.2638070132948667f,-0.0748574962555501f,0.7347518994805095f,0.6741928518340531f,0.35239705427594964f,0.4400952716461584f,0.6310269256752374f,-0.638843620103975f,0.2715762059364098f,0f,0f,0f,1f],start_interpolation:0}
execute if entity @s[tag=aj.toji.bone.leftleg] run data modify entity @s {} merge value {transformation:[-0.8948254059474643f,-0.4462859344246242f,-0.010786918266849388f,0.11875f,-0.0748574962555501f,0.1738265762420722f,-0.9819270220572958f,0.40625f,0.4400952716461584f,-0.8778457644294346f,-0.18895228431536615f,1.4542680739874818e-17f,0f,0f,0f,1f],start_interpolation:0}