execute if entity @s[tag=aj.toji.locator_origin.head] at @s on origin run tp @s ^0.01692 ^7.42181 ^-0.27914 ~16.76919 ~-26.66407
execute if entity @s[tag=aj.toji.bone.blade2] run data modify entity @s {} merge value {transformation:[-0.6014980026928773f,1.3700902825377952f,0.1051321570785281f,0.054294430370182556f,-0.5037620221883602f,-0.3266402965258384f,1.3746017392998622f,7.254509816657937f,1.2784459228912164f,0.5159057417600791f,0.5911152915141084f,-0.4455114535296738f,0f,0f,0f,1f],start_interpolation:0}
execute if entity @s[tag=aj.toji.bone.chain2] run data modify entity @s {} merge value {transformation:[-0.10878257919931081f,-0.6223833500086023f,-1.41766286179258f,-0.43393064329541764f,-1.4223309663588855f,-0.5212537590699002f,0.3379819734885415f,7.353586421479826f,-0.6116401280250148f,1.3228364063249396f,-0.5338191355711929f,-0.5877730933231665f,0f,0f,0f,1f],start_interpolation:0}
execute if entity @s[tag=aj.toji.bone.bottom2] run data modify entity @s {} merge value {transformation:[-0.07008810471901904f,-0.40099866846191823f,-0.9133935216918635f,-0.5091178936320273f,-0.9164011595332415f,-0.33584134812557326f,0.2177601976838925f,7.290616168706281f,-0.3940768610094054f,0.8522972819274778f,-0.34393716117338596f,-0.42796735296176447f,0f,0f,0f,1f],start_interpolation:0}
execute if entity @s[tag=aj.toji.bone.rightarm] run data modify entity @s {} merge value {transformation:[0.17259053292765375f,0.9286057728650448f,-0.32848717866221444f,-0.2877533587237444f,-0.5580412604485361f,-0.18262551282701764f,-0.8094676483354216f,7.27983736927756f,-0.8116664706520517f,0.3230158520357507f,0.48668090136439557f,-0.2964842355370736f,0f,0f,0f,1f],start_interpolation:0}
execute if entity @s[tag=aj.toji.bone.chain] run data modify entity @s {} merge value {transformation:[-1.0790610882595066f,-0.8804403457968151f,0.6851384085777898f,0.5012183144619854f,-0.3927683374271964f,1.191980880860434f,0.9131688159310805f,7.165560210694429f,-1.0441852682977275f,0.46148569941817313f,-1.0515087961180516f,-0.17932130826612808f,0f,0f,0f,1f],start_interpolation:0}
execute if entity @s[tag=aj.toji.bone.blade] run data modify entity @s {} merge value {transformation:[0.8508953677499418f,-0.6621471868134347f,-1.0428509846266372f,0.4033637366057612f,-1.1519815224422985f,-0.8825255670743328f,-0.37958819187594767f,6.686158540659053f,-0.4459996021222615f,1.0162232660469759f,-1.009145494193777f,0.10289036994797424f,0f,0f,0f,1f],start_interpolation:0}
execute if entity @s[tag=aj.toji.bone.bottom] run data modify entity @s {} merge value {transformation:[-0.6952339897510914f,-0.5672635784999613f,0.44143145787562293f,0.5012183144619854f,-0.25305879458396546f,0.767987681628199f,0.5883503780495551f,7.165560210694429f,-0.6727636627958512f,0.2973330680815075f,-0.6774821773646507f,-0.17932130826612808f,0f,0f,0f,1f],start_interpolation:0}
execute if entity @s[tag=aj.toji.bone.leftarm] run data modify entity @s {} merge value {transformation:[-0.6952339897510914f,-0.5672635784999613f,0.44143145787562293f,0.3159502954775518f,-0.25305879458396546f,0.767987681628199f,0.5883503780495551f,7.341740956439981f,-0.6727636627958512f,0.2973330680815075f,-0.6774821773646507f,-0.1470357701704919f,0f,0f,0f,1f],start_interpolation:0}
execute if entity @s[tag=aj.toji.locator_origin.mount] at @s on origin run tp @s ^0.03638 ^7.6143 ^-0.43747 ~18.53995 ~-39.07606
execute if entity @s[tag=aj.toji.bone.head] run data modify entity @s {} merge value {transformation:[-0.9659258467220739f,0.07782835531881294f,0.2468400408009471f,0.01691816205228445f,-0.09904573945987348f,0.7699655337996929f,-0.6303515037305777f,7.42180757690644f,-0.2391175445865307f,-0.633321264342926f,-0.7360210431787845f,-0.27913561674955906f,0f,0f,0f,1f],start_interpolation:0}
execute if entity @s[tag=aj.toji.bone.upper] run data modify entity @s {} merge value {transformation:[-0.9659258467220739f,0.022557549403045943f,0.25783408540992747f,-7.974663185909142e-18f,-0.09904573945987348f,0.8881473123813571f,-0.44875861329295796f,6.755697092620422f,-0.2391175445865307f,-0.4590049111662106f,-0.8556502155648694f,0.06511806662509888f,0f,0f,0f,1f],start_interpolation:0}
execute if entity @s[tag=aj.toji.bone.bottom3] run data modify entity @s {} merge value {transformation:[-1f,-1.2141697760125282e-16f,1.5984848350717817e-17f,-0.125f,0f,0.1305261922200514f,0.9914448613738104f,6.457660545511601f,-1.2246467991473532e-16f,0.9914448613738104f,-0.1305261922200514f,-0.028852495719986493f,0f,0f,0f,1f],start_interpolation:0}
execute if entity @s[tag=aj.toji.bone.rightleg] run data modify entity @s {} merge value {transformation:[-1f,-3.682583948479537e-17f,1.16796641102639e-16f,-0.11875000000000001f,0f,0.9537169507482268f,0.3007057995042731f,6.755697092620422f,-1.2246467991473532e-16f,0.3007057995042731f,-0.9537169507482268f,0.06511806662509886f,0f,0f,0f,1f],start_interpolation:0}
execute if entity @s[tag=aj.toji.bone.bottom4] run data modify entity @s {} merge value {transformation:[-1f,8.27359385291814e-17f,9.029043306084033e-17f,0.12499999999999996f,0f,0.737277336810124f,-0.6755902076156601f,6.58779096501204f,-1.2246467991473532e-16f,-0.6755902076156601f,-0.737277336810124f,0.3286778934416256f,0f,0f,0f,1f],start_interpolation:0}
execute if entity @s[tag=aj.toji.bone.leftleg] run data modify entity @s {} merge value {transformation:[-1f,1.0328566345430087e-16f,6.580022455450642e-17f,0.11874999999999998f,0f,0.5372996083468238f,-0.8433914458128856f,6.755697092620422f,-1.2246467991473532e-16f,-0.8433914458128856f,-0.5372996083468238f,0.06511806662509889f,0f,0f,0f,1f],start_interpolation:0}