execute if entity @s[tag=aj.toji.locator_origin.head] at @s on origin run tp @s ^0.02798 ^0.96068 ^0.50172 ~-26.13916 ~39.99148
execute if entity @s[tag=aj.toji.bone.blade2] run data modify entity @s {} merge value {transformation:[-0.4044033434175097f,0.6026129569753773f,1.3127511416556197f,-0.22713331072036358f,1.3534175025546706f,0.6343949134787497f,0.12571458758221402f,0.8352878887524564f,-0.504696938381259f,1.2183598474332946f,-0.7147588981963792f,0.8758841984941349f,0f,0f,0f,1f],start_interpolation:0}
execute if entity @s[tag=aj.toji.bone.chain2] run data modify entity @s {} merge value {transformation:[-1.3583327785186623f,-0.4184451261750619f,-0.6235370179814664f,-0.4452843953532198f,-0.1300796774288185f,1.400411165837819f,-0.6564225146412063f,0.6541335040133585f,0.7395769154948643f,-0.5222211376306084f,-1.2606640088025065f,0.4422813116277602f,0f,0f,0f,1f],start_interpolation:0}
execute if entity @s[tag=aj.toji.bone.bottom2] run data modify entity @s {} merge value {transformation:[-0.8751674277704132f,-0.2696022289450063f,-0.40174197131691797f,-0.49583481328040846f,-0.08380972505480923f,0.9022783350364472f,-0.4229299423191664f,0.8233106918326923f,0.47650593213091924f,-0.33646462558750606f,-0.8122398982888632f,0.3791941943301028f,0f,0f,0f,1f],start_interpolation:0}
execute if entity @s[tag=aj.toji.bone.rightarm] run data modify entity @s {} merge value {transformation:[-0.6783289644866995f,0.7313087426796696f,0.07111496901977082f,-0.2706120673300723f,0.03720335928760579f,-0.062477840444996935f,0.997352710685165f,0.8053660217659677f,0.7338158665469966f,0.6791789472102402f,0.015173386908341135f,0.5031254394734755f,0f,0f,0f,1f],start_interpolation:0}
execute if entity @s[tag=aj.toji.bone.chain] run data modify entity @s {} merge value {transformation:[-1.0172754806533735f,-0.9494941238865827f,0.6874403092468536f,0.5111512289879286f,-1.0781420244297912f,1.1151341715682677f,-0.05521076136311525f,0.7949751855262486f,-0.4601337253788184f,-0.5137113603150258f,-1.390446067513374f,0.43347262049054f,0f,0f,0f,1f],start_interpolation:0}
execute if entity @s[tag=aj.toji.bone.blade] run data modify entity @s {} merge value {transformation:[0.9176319049642139f,-0.6643718424936036f,-0.9831387195576228f,0.4226877986723357f,-1.0777135617840976f,0.053358051250258796f,-1.041962761865033f,0.6493481835355546f,0.4964727240628436f,1.343786803502858f,-0.4446929963392611f,0.9720001580859237f,0f,0f,0f,1f],start_interpolation:0}
execute if entity @s[tag=aj.toji.bone.bottom] run data modify entity @s {} merge value {transformation:[-0.6554258130384151f,-0.6117546033094761f,0.4429145616624023f,0.5111512289879286f,-0.6946418412433554f,0.718475707856065f,-0.03557203416683935f,0.7949751855262486f,-0.29646199755950714f,-0.3309818160418958f,-0.8958578690019053f,0.43347262049054f,0f,0f,0f,1f],start_interpolation:0}
execute if entity @s[tag=aj.toji.bone.leftarm] run data modify entity @s {} merge value {transformation:[-0.6554258130384151f,-0.6117546033094761f,0.4429145616624023f,0.31724846484565866f,-0.6946418412433554f,0.718475707856065f,-0.03557203416683935f,0.931178997412555f,-0.29646199755950714f,-0.3309818160418958f,-0.8958578690019053f,0.33219829163259684f,0f,0f,0f,1f],start_interpolation:0}
execute if entity @s[tag=aj.toji.locator_origin.mount] at @s on origin run tp @s ^0.08352 ^1.00894 ^0.74064 ~9.90258 ~77.93604
execute if entity @s[tag=aj.toji.bone.head] run data modify entity @s {} merge value {transformation:[-0.9743501939866643f,0.222148136822363f,0.03594307700381755f,0.027981838509351792f,0.08008918432793281f,0.1930497504655871f,0.977914881980462f,0.9606752009044504f,0.21030316695626838f,0.9557102066795808f,-0.20588972489329488f,0.5017153788762612f,0f,0f,0f,1f],start_interpolation:0}
execute if entity @s[tag=aj.toji.bone.upper] run data modify entity @s {} merge value {transformation:[-0.9405768514811695f,0.037309118012469056f,-0.33752513413211405f,3.1910634664469296e-19f,-0.20130076103453978f,0.7392215305215121f,0.6426737371484446f,0.40625905301331633f,0.2734834365454059f,0.6724281065858004f,-0.6877843058755776f,-0.002605701063089106f,0f,0f,0f,1f],start_interpolation:0}
execute if entity @s[tag=aj.toji.bone.bottom3] run data modify entity @s {} merge value {transformation:[-1f,-1.005463338794605e-16f,6.991446609978965e-17f,-0.12500000000000003f,0f,0.5708949400632641f,0.821023122335883f,0.2593227491955146f,-1.2246467991473532e-16f,0.821023122335883f,-0.5708949400632641f,0.27319490194633633f,0f,0f,0f,1f],start_interpolation:0}
execute if entity @s[tag=aj.toji.bone.rightleg] run data modify entity @s {} merge value {transformation:[-1f,1.0808266421708887e-16f,5.758242372768444e-17f,-0.11875f,0f,0.47019617221696547f,-0.8825619296301613f,0.40625905301331633f,-1.2246467991473532e-16f,-0.8825619296301613f,-0.47019617221696547f,-0.002605701063089121f,0f,0f,0f,1f],start_interpolation:0}
execute if entity @s[tag=aj.toji.bone.bottom4] run data modify entity @s {} merge value {transformation:[-0.8701691831595634f,0.3178014649418932f,-0.37657379298114313f,0.2774191277584739f,-0.08449594968854257f,0.656668676789349f,0.7494309063615913f,0.3908313801961295f,0.4854544542649182f,0.6839506398889555f,-0.544559909495584f,0.2662463164257349f,0f,0f,0f,1f],start_interpolation:0}
execute if entity @s[tag=aj.toji.bone.leftleg] run data modify entity @s {} merge value {transformation:[-0.8701691831595634f,-0.4903378251639251f,0.04872791697713181f,0.11875f,-0.08449594968854257f,0.05105847200876876f,-0.9951148008759395f,0.40625905301331633f,0.4854544542649182f,-0.8700355450495352f,-0.08586106908668614f,-0.0026057010630890914f,0f,0f,0f,1f],start_interpolation:0}