execute if entity @s[tag=aj.toji.locator_origin.head] at @s on origin run tp @s ^0.03548 ^0.95244 ^0.50869 ~-26.99654 ~40.8941
execute if entity @s[tag=aj.toji.bone.blade2] run data modify entity @s {} merge value {transformation:[-0.3484188041085435f,0.6940011546052857f,1.2833420176827777f,-0.20145175161836476f,1.4145152460045185f,0.4839214864678023f,0.1223381124407663f,0.7891729335531161f,-0.35742265703834375f,1.2386211657893316f,-0.766855039687637f,0.882145787002f,0f,0f,0f,1f],start_interpolation:0}
execute if entity @s[tag=aj.toji.bone.chain2] run data modify entity @s {} merge value {transformation:[-1.3279025044078745f,-0.360516679251201f,-0.7180984169179689f,-0.44953784839821154f,-0.1265859635671816f,1.4636303587130088f,-0.5007243158590455f,0.6615053219638098f,0.793481950787902f,-0.36983316596328647f,-1.281628845157017f,0.44559963838633604f,0f,0f,0f,1f],start_interpolation:0}
execute if entity @s[tag=aj.toji.bone.bottom2] run data modify entity @s {} merge value {transformation:[-0.8555613451218519f,-0.2322792027390288f,-0.4626674364035236f,-0.49309019891177946f,-0.0815587416271774f,0.9430101640030123f,-0.3226143243118682f,0.8383197277143747f,0.5112366931250911f,-0.23828177135889594f,-0.8257474438595545f,0.40092180625654306f,0f,0f,0f,1f],start_interpolation:0}
execute if entity @s[tag=aj.toji.bone.rightarm] run data modify entity @s {} merge value {transformation:[-0.6376299945669137f,0.7585884611495728f,0.13405795999984738f,-0.26359120896395416f,0.02279776358119892f,-0.1553652662103321f,0.9875939935171174f,0.7980535509379667f,0.7700053584257017f,0.6327757743988905f,0.0817714334568676f,0.5109904149546594f,0f,0f,0f,1f],start_interpolation:0}
execute if entity @s[tag=aj.toji.bone.chain] run data modify entity @s {} merge value {transformation:[-1.008668611691576f,-0.9430882185290094f,0.7086147877874689f,0.5152409368694475f,-1.0847890800335507f,1.1078525746704986f,-0.06969934179761912f,0.7900075186238433f,-0.46344682245028185f,-0.5405644813330206f,-1.379119196405086f,0.44119310693272756f,0f,0f,0f,1f],start_interpolation:0}
execute if entity @s[tag=aj.toji.bone.blade] run data modify entity @s {} merge value {transformation:[0.9114409628736733f,-0.6848357680630573f,-0.9748206717019258f,0.418784854475482f,-1.0706763137755155f,0.06736043771045046f,-1.0483867619116192f,0.6502768958410642f,0.5224247336372815f,1.3328400287404856f,-0.4478949156566486f,0.9799105543822157f,0f,0f,0f,1f],start_interpolation:0}
execute if entity @s[tag=aj.toji.bone.bottom] run data modify entity @s {} merge value {transformation:[-0.6498804478012837f,-0.607627308582449f,0.45655717870870477f,0.5152409368694475f,-0.6989245079410795f,0.7137842091836769f,-0.044906958473633796f,0.7900075186238433f,-0.2985966104377655f,-0.34828315575818775f,-0.8885600191603238f,0.44119310693272756f,0f,0f,0f,1f],start_interpolation:0}
execute if entity @s[tag=aj.toji.bone.leftarm] run data modify entity @s {} merge value {transformation:[-0.6498804478012837f,-0.607627308582449f,0.45655717870870477f,0.32271658173625506f,-0.6989245079410795f,0.7137842091836769f,-0.044906958473633796f,0.924770789173445f,-0.2985966104377655f,-0.34828315575818775f,-0.8885600191603238f,0.3354600298408203f,0f,0f,0f,1f],start_interpolation:0}
execute if entity @s[tag=aj.toji.locator_origin.mount] at @s on origin run tp @s ^0.09387 ^0.99828 ^0.74741 ~10.93904 ~78.40033
execute if entity @s[tag=aj.toji.bone.head] run data modify entity @s {} merge value {transformation:[-0.9715890191104096f,0.23357839893621124f,0.038156382093539554f,0.03547522366338057f,0.08254809405589265f,0.18334627647033996f,0.9795764161474088f,0.9524401419418581f,0.22181206033895354f,0.9548954259262412f,-0.1974186805581747f,0.5086883737393515f,0f,0f,0f,1f],start_interpolation:0}
execute if entity @s[tag=aj.toji.bone.upper] run data modify entity @s {} merge value {transformation:[-0.9380924651203348f,0.047300298217840764f,-0.34314021721878757f,5.009459749933842e-19f,-0.20274758117676528f,0.7282237750892191f,0.654662929851521f,0.40627231062494384f,0.28084861618214246f,0.6837052107328931f,-0.6735512152800749f,-0.00409053431031839f,0f,0f,0f,1f],start_interpolation:0}
execute if entity @s[tag=aj.toji.bone.bottom3] run data modify entity @s {} merge value {transformation:[-1f,-9.895809288778434e-17f,7.214494908606719e-17f,-0.12500000000000003f,0f,0.5891082158243284f,0.8080541504430733f,0.2642484353557665f,-1.2246467991473532e-16f,0.8080541504430733f,-0.5891082158243284f,0.27427158389818557f,0f,0f,0f,1f],start_interpolation:0}
execute if entity @s[tag=aj.toji.bone.rightleg] run data modify entity @s {} merge value {transformation:[-1f,1.0908648866173491e-16f,5.565730696028833e-17f,-0.11875f,0f,0.4544764008613677f,-0.8907587782672128f,0.40627231062494384f,-1.2246467991473532e-16f,-0.8907587782672128f,-0.4544764008613677f,-0.0040905343103184045f,0f,0f,0f,1f],start_interpolation:0}
execute if entity @s[tag=aj.toji.bone.bottom4] run data modify entity @s {} merge value {transformation:[-0.8676004651859182f,0.32879038584948217f,-0.37305001672983107f,0.27885575596554063f,-0.08704862556089535f,0.6382015808587624f,0.7649322054779334f,0.3889721888389748f,0.48958346540415104f,0.6961290285301461f,-0.5250832372496168f,0.263794077403183f,0f,0f,0f,1f],start_interpolation:0}
execute if entity @s[tag=aj.toji.bone.leftleg] run data modify entity @s {} merge value {transformation:[-0.8676004651859182f,-0.49498640978601166f,0.047517227784594725f,0.11875f,-0.08704862556089535f,0.057101362226318925f,-0.9945662226417391f,0.40627231062494384f,0.48958346540415104f,-0.8670224267912873f,-0.09262905507349832f,-0.004090534310318375f,0f,0f,0f,1f],start_interpolation:0}