execute if entity @s[tag=aj.toji.locator_origin.head] at @s on origin run tp @s ^0.02244 ^0.97232 ^0.48796 ~-24.76222 ~38.8369
execute if entity @s[tag=aj.toji.bone.blade2] run data modify entity @s {} merge value {transformation:[-0.34265287826203544f,0.647228962685995f,1.3090774136311245f,-0.22583133602795258f,1.4133819705757258f,0.4852186605396252f,0.13005482196216725f,0.7848118486008082f,-0.36734236111592383f,1.2631933823942176f,-0.7206955448767772f,0.853472387835863f,0f,0f,0f,1f],start_interpolation:0}
execute if entity @s[tag=aj.toji.bone.chain2] run data modify entity @s {} merge value {transformation:[-1.3545314904933166f,-0.35455054764613364f,-0.6697021905570362f,-0.45764652012078727f,-0.134570614391409f,1.4624577334429385f,-0.502066530697251f,0.6566690951400347f,0.7457196957405539f,-0.38009730421022697f,-1.3070542637273503f,0.40820906631134807f,0f,0f,0f,1f],start_interpolation:0}
execute if entity @s[tag=aj.toji.bone.bottom2] run data modify entity @s {} merge value {transformation:[-0.8727182757540831f,-0.2284352521746901f,-0.43148597512399645f,-0.5004781299035417f,-0.0867032146414447f,0.9422546470504838f,-0.32347910702641675f,0.8333418414620004f,0.4804636965845179f,-0.244894907410616f,-0.8421289215961452f,0.36229127117185755f,0f,0f,0f,1f],start_interpolation:0}
execute if entity @s[tag=aj.toji.bone.rightarm] run data modify entity @s {} merge value {transformation:[-0.6864788741827972f,0.7240989861081543f,0.06653881286784696f,-0.27654845374007836f,0.0421449933945498f,-0.05173170109975578f,0.997771331835656f,0.8177748540999021f,0.7259273757287932f,0.6877532183992081f,0.0049955729439928875f,0.48885911478861f,0f,0f,0f,1f],start_interpolation:0}
execute if entity @s[tag=aj.toji.bone.chain] run data modify entity @s {} merge value {transformation:[-1.0465976417450096f,-0.9521483753542159f,0.637972978436566f,0.5094666631373365f,-1.072402233584925f,1.1183882395469142f,-0.09013250610256866f,0.8012193900860806f,-0.4044125360408104f,-0.5015813897709852f,-1.4120301993015443f,0.42030696286025304f,0f,0f,0f,1f],start_interpolation:0}
execute if entity @s[tag=aj.toji.bone.blade] run data modify entity @s {} merge value {transformation:[0.9201970875906513f,-0.6165644892272855f,-1.0114769155119556f,0.43786405697007025f,-1.0808584328507091f,0.08710792536087149f,-1.0364155814512024f,0.6667308717063722f,0.4847497995102138f,1.3646466355665932f,-0.3908416455696426f,0.9642102779582887f,0f,0f,0f,1f],start_interpolation:0}
execute if entity @s[tag=aj.toji.bone.bottom] run data modify entity @s {} merge value {transformation:[-0.674317943674637f,-0.6134647250604344f,0.4110429928181901f,0.5094666631373365f,-0.6909437209674684f,0.7205722885671393f,-0.05807195024058115f,0.8012193900860806f,-0.26056109704642816f,-0.32316653300680925f,-0.909764423711062f,0.42030696286025304f,0f,0f,0f,1f],start_interpolation:0}
execute if entity @s[tag=aj.toji.bone.leftarm] run data modify entity @s {} merge value {transformation:[-0.674317943674637f,-0.6134647250604344f,0.4110429928181901f,0.3139556103925631f,-0.6909437209674684f,0.7205722885671393f,-0.05807195024058115f,0.9381784796673986f,-0.26056109704642816f,-0.32316653300680925f,-0.909764423711062f,0.323230261043149f,0f,0f,0f,1f],start_interpolation:0}
execute if entity @s[tag=aj.toji.locator_origin.mount] at @s on origin run tp @s ^0.07541 ^1.0449 ^0.72126 ~2.32726 ~72.55408
execute if entity @s[tag=aj.toji.bone.head] run data modify entity @s {} merge value {transformation:[-0.9772274724390231f,0.21184488306185909f,0.012174261002031672f,0.02244429399149082f,0.07482070740846726f,0.29031903105478807f,0.9540003783805883f,0.972318646121851f,0.19856567894108704f,0.9331862652910814f,-0.2995581169301692f,0.4879629276414173f,0f,0f,0f,1f],start_interpolation:0}
execute if entity @s[tag=aj.toji.bone.upper] run data modify entity @s {} merge value {transformation:[-0.9448065026122263f,0.02992572532198776f,-0.32625928888785066f,4.343222991359036e-19f,-0.1926458009079944f,0.7547358339056056f,0.6271055863340139f,0.40626677069264683f,0.26500616599273763f,0.6553459178043021f,-0.7073142583060705f,-0.00354651071180928f,0f,0f,0f,1f],start_interpolation:0}
execute if entity @s[tag=aj.toji.bone.bottom3] run data modify entity @s {} merge value {transformation:[-1f,-9.567718441327444e-17f,7.644262037219064e-17f,-0.12500000000000003f,0f,0.6242013650418468f,0.7812634996464991f,0.24744740374877372f,-1.2246467991473532e-16f,0.7812634996464991f,-0.6242013650418468f,0.26558665090813566f,0f,0f,0f,1f],start_interpolation:0}
execute if entity @s[tag=aj.toji.bone.rightleg] run data modify entity @s {} merge value {transformation:[-1f,1.0546978077512732e-16f,6.22392413985354e-17f,-0.11875f,0f,0.508221974220394f,-0.8612261171838238f,0.40626677069264683f,-1.2246467991473532e-16f,-0.8612261171838238f,-0.508221974220394f,-0.0035465107118092948f,0f,0f,0f,1f],start_interpolation:0}
execute if entity @s[tag=aj.toji.bone.bottom4] run data modify entity @s {} merge value {transformation:[-0.881303905960993f,0.29378197799403355f,-0.37012913252513713f,0.2719048928527348f,-0.08285399195255759f,0.6750600681359601f,0.7330955738686449f,0.36417748704971514f,0.46522966517132475f,0.6767466688607972f,-0.5705920651659917f,0.2656511555070719f,0f,0f,0f,1f],start_interpolation:0}
execute if entity @s[tag=aj.toji.bone.leftleg] run data modify entity @s {} merge value {transformation:[-0.881303905960993f,-0.47246957900953146f,0.008713337388942276f,0.11875f,-0.08285399195255759f,0.1363427874964325f,-0.9871908935536369f,0.40626677069264683f,0.46522966517132475f,-0.8707371252038464f,-0.15930542186729948f,-0.0035465107118092653f,0f,0f,0f,1f],start_interpolation:0}