execute if entity @s[tag=aj.toji.locator_origin.head] at @s on origin run tp @s ^0.00222 ^12.12207 ^0.35041 ~-1.88263 ~68.23685
execute if entity @s[tag=aj.toji.bone.blade2] run data modify entity @s {} merge value {transformation:[-0.061939039373542976f,1.294629659821001f,0.7550480774846339f,-0.0990779924437819f,-1.3258612809635382f,0.3049954086628749f,-0.6317196089534429f,12.37717190545972f,-0.69875275959613f,-0.6934780779565601f,1.1317388110118287f,0.18865371384319624f,0f,0f,0f,1f],start_interpolation:0}
execute if entity @s[tag=aj.toji.bone.chain2] run data modify entity @s {} merge value {transformation:[-0.7812650246195174f,-0.06408970046290194f,-1.3395820785647856f,-0.5462604231921091f,0.6536543175976592f,-1.3718981309969946f,-0.31558552701922493f,12.235481722755571f,-1.171035297505295f,-0.7230150081932176f,0.7175571778856077f,0.4085856035064039f,0f,0f,0f,1f],start_interpolation:0}
execute if entity @s[tag=aj.toji.bone.bottom2] run data modify entity @s {} merge value {transformation:[-0.5033653849897561f,-0.041292692915695206f,-0.8630864398806671f,-0.5540028031138019f,0.42114640596896163f,-0.8839075206423589f,-0.2033302724419167f,12.069749062635129f,-0.7544925406745524f,-0.4658351730640865f,0.4623187186377069f,0.32124150855688766f,0f,0f,0f,1f],start_interpolation:0}
execute if entity @s[tag=aj.toji.bone.rightarm] run data modify entity @s {} merge value {transformation:[-0.38864830428551106f,0.8763341273220955f,-0.28458916505485216f,-0.3106287522654336f,0.8519714245041247f,0.22418291263020576f,-0.4731666868166541f,12.072546576761173f,-0.35085208764436504f,-0.4263572668259079f,-0.8337399436397012f,0.2365804473281835f,0f,0f,0f,1f],start_interpolation:0}
execute if entity @s[tag=aj.toji.bone.chain] run data modify entity @s {} merge value {transformation:[-1.3401008939536911f,-0.4483033045999106f,0.6419629387436862f,0.44049587541630264f,0.760810547237682f,-0.44471287408733623f,1.27763862044163f,12.119927845141438f,-0.1850934327509453f,1.4178213146644723f,0.6037266057137869f,0.011123334434293808f,0f,0f,0f,1f],start_interpolation:0}
execute if entity @s[tag=aj.toji.bone.blade] run data modify entity @s {} merge value {transformation:[0.43325956954622197f,-0.6204205582489318f,-1.2951310652975265f,0.29340327755262097f,0.42978962327903647f,-1.234764841232179f,0.7352799919612497f,11.76009455577519f,-1.3702434181992214f,-0.5834673236428545f,-0.17888224373245676f,-0.3986676885007212f,0f,0f,0f,1f],start_interpolation:0}
execute if entity @s[tag=aj.toji.bone.bottom] run data modify entity @s {} merge value {transformation:[-0.8634207101983512f,-0.28883971303081485f,0.41361370549928766f,0.44049587541630264f,0.49018666130749977f,-0.28652641551935754f,0.8231765608214527f,12.119927845141438f,-0.11925482915497146f,0.9134956121328143f,0.38897821576190295f,0.011123334434293808f,0f,0f,0f,1f],start_interpolation:0}
execute if entity @s[tag=aj.toji.bone.leftarm] run data modify entity @s {} merge value {transformation:[-0.8634207101983512f,-0.28883971303081485f,0.41361370549928766f,0.314322152771202f,0.49018666130749977f,-0.28652641551935754f,0.8231765608214527f,12.078932907593318f,-0.11925482915497146f,0.9134956121328143f,0.38897821576190295f,0.23204381064531165f,0f,0f,0f,1f],start_interpolation:0}
execute if entity @s[tag=aj.toji.locator_origin.mount] at @s on origin run tp @s ^0.00299 ^12.2123 ^0.58356 ~-1.92828 ~68.83476
execute if entity @s[tag=aj.toji.bone.head] run data modify entity @s {} merge value {transformation:[-0.999921448058617f,0.0030817177125705515f,-0.012149104012163032f,0.0022160403034610235f,-0.010218129331430353f,0.36091421085983716f,0.932543040418182f,12.122068459108148f,0.007258618692595012f,0.9325939284679913f,-0.36085437095775147f,0.35040912970366245f,0f,0f,0f,1f],start_interpolation:0}
execute if entity @s[tag=aj.toji.bone.upper] run data modify entity @s {} merge value {transformation:[-0.999921448058617f,0.0029547204046146414f,-0.012180613272281525f,4.2393950282786717e-17f,-0.010218129331430353f,0.37062973544721967f,0.9287244957657196f,11.844096157522733f,0.007258618692595012f,0.9287760057353196f,-0.3705704300467335f,-0.3461728745978272f,0f,0f,0f,1f],start_interpolation:0}
execute if entity @s[tag=aj.toji.bone.bottom3] run data modify entity @s {} merge value {transformation:[-1f,-9.232454357310974e-17f,-8.04597817585627e-17f,-0.12499999999999992f,0f,-0.6570039771024749f,0.7538871096334852f,11.717348695257856f,-1.2246467991473532e-16f,0.7538871096334852f,0.6570039771024749f,-0.6318148372178414f,0f,0f,0f,1f],start_interpolation:0}
execute if entity @s[tag=aj.toji.bone.rightleg] run data modify entity @s {} merge value {transformation:[-1f,-1.1193936487192586e-16f,4.9670679668074075e-17f,-0.11874999999999995f,0f,0.4055918792476062f,0.9140542803840455f,11.844096157522733f,-1.2246467991473532e-16f,0.9140542803840455f,-0.4055918792476062f,-0.3461728745978272f,0f,0f,0f,1f],start_interpolation:0}
execute if entity @s[tag=aj.toji.bone.bottom4] run data modify entity @s {} merge value {transformation:[-1f,-1.1782731232344861e-16f,3.338146637358939e-17f,0.12500000000000008f,0f,0.27258035865386554f,0.9621330199489727f,11.683999045757826f,-1.2246467991473532e-16f,0.9621330199489727f,-0.27258035865386554f,-0.6145479196458622f,0f,0f,0f,1f],start_interpolation:0}
execute if entity @s[tag=aj.toji.bone.leftleg] run data modify entity @s {} merge value {transformation:[-1f,-1.051726847645129e-16f,6.273997295220152e-17f,0.11875000000000004f,0f,0.5123107576477033f,0.858800144153712f,11.844096157522733f,-1.2246467991473532e-16f,0.858800144153712f,-0.5123107576477033f,-0.3461728745978272f,0f,0f,0f,1f],start_interpolation:0}