execute if entity @s[tag=aj.toji.locator_origin.head] at @s on origin run tp @s ^0.0105 ^9.34335 ^-0.22359 ~9.91805 ~-22.79539
execute if entity @s[tag=aj.toji.bone.blade2] run data modify entity @s {} merge value {transformation:[-0.583417017926858f,1.3265637754784443f,0.38710868342328025f,0.02307022812005377f,-0.49956715574395444f,-0.5942423595982286f,1.2834752334817467f,9.14878214505734f,1.288432085946025f,0.370276339572896f,0.6729325317275651f,-0.4036519550203093f,0f,0f,0f,1f],start_interpolation:0}
execute if entity @s[tag=aj.toji.bone.chain2] run data modify entity @s {} merge value {transformation:[-0.40054995715325575f,-0.6036745532715405f,-1.3726250176825572f,-0.4495750568299993f,-1.3280403457554184f,-0.5169132375406192f,0.6148757748620564f,9.34007755789242f,-0.6962982446347721f,1.3331693111524845f,-0.38313315691917704f,-0.49547117946860547f,0f,0f,0f,1f],start_interpolation:0}
execute if entity @s[tag=aj.toji.bone.bottom2] run data modify entity @s {} merge value {transformation:[-0.25807245561552045f,-0.38894467861790527f,-0.8843758503189629f,-0.5225021840708566f,-0.8556501556544976f,-0.3330447704959694f,0.39616157306548594f,9.277631663424424f,-0.4486216878183766f,0.8589547239640168f,-0.24685089304859725f,-0.3344171687253523f,0f,0f,0f,1f],start_interpolation:0}
execute if entity @s[tag=aj.toji.bone.rightarm] run data modify entity @s {} merge value {transformation:[0.025749147385919824f,0.8974150680904032f,-0.4404352131394524f,-0.2997577387598758f,-0.4728855430005794f,-0.3772350637911386f,-0.7962869896384986f,9.212878243914176f,-0.8807475487504606f,0.22877915597971812f,0.41466113051413706f,-0.22217565793351904f,0f,0f,0f,1f],start_interpolation:0}
execute if entity @s[tag=aj.toji.bone.chain] run data modify entity @s {} merge value {transformation:[-1.1450324701587007f,-0.7729182944631607f,0.7074324179577399f,0.4878564533053367f,-0.23052259458922178f,1.208068814809155f,0.9467796711382054f,9.058364906801156f,-1.022116749337975f,0.5934051924114536f,-1.0060369287223052f,-0.18185035507457228f,0f,0f,0f,1f],start_interpolation:0}
execute if entity @s[tag=aj.toji.bone.blade] run data modify entity @s {} merge value {transformation:[0.7469814389442624f,-0.6836930750732522f,-1.1066085617641135f,0.3667583221427855f,-1.1675295928356932f,-0.9150085412342387f,-0.22278693705267025f,8.56535467832508f,-0.5734922664916063f,0.9722773002416906f,-0.9878175295615329f,0.06578055617733983f,0f,0f,0f,1f],start_interpolation:0}
execute if entity @s[tag=aj.toji.bone.bottom] run data modify entity @s {} merge value {transformation:[-0.7377390411760756f,-0.49798762596284174f,0.45579538338216796f,0.4878564533053367f,-0.14852462470178046f,0.7783530618904622f,0.6100056941561591f,9.058364906801156f,-0.6585450197076885f,0.38232817766107074f,-0.6481848668277939f,-0.18185035507457228f,0f,0f,0f,1f],start_interpolation:0}
execute if entity @s[tag=aj.toji.bone.leftarm] run data modify entity @s {} merge value {transformation:[-0.7377390411760756f,-0.49798762596284174f,0.45579538338216796f,0.3172508567411216f,-0.14852462470178046f,0.7783530618904622f,0.6100056941561591f,9.24367038322991f,-0.6585450197076885f,0.38232817766107074f,-0.6481848668277939f,-0.12742737439103513f,0f,0f,0f,1f],start_interpolation:0}
execute if entity @s[tag=aj.toji.locator_origin.mount] at @s on origin run tp @s ^0.0173 ^9.55543 ^-0.35578 ~9.6921 ~-31.79039
execute if entity @s[tag=aj.toji.bone.head] run data modify entity @s {} merge value {transformation:[-0.9893343573490635f,0.027216115029052083f,0.14309721329026975f,0.010495870788747419f,-0.05286090803290605f,0.8483357086836449f,-0.5268132968843465f,9.343346425661348f,-0.13573228713409421f,-0.5287587431475185f,-0.8378489946132325f,-0.22359033586043223f,0f,0f,0f,1f],start_interpolation:0}
execute if entity @s[tag=aj.toji.bone.upper] run data modify entity @s {} merge value {transformation:[-0.9872137528015958f,0.01399449438499657f,0.15878652463700396f,-8.467524213337836e-18f,-0.04926742290517566f,0.9205768967144495f,-0.3874414772270469f,8.652913753125512f,-0.15159725366797427f,-0.39031055758524136f,-0.9081167002747091f,0.06914258232849876f,0f,0f,0f,1f],start_interpolation:0}
execute if entity @s[tag=aj.toji.bone.bottom3] run data modify entity @s {} merge value {transformation:[-1f,-1.155291990261898e-16f,4.062760144268437e-17f,-0.125f,0f,0.3317495417533519f,0.9433675007898251f,8.343672197956995f,-1.2246467991473532e-16f,0.9433675007898251f,-0.3317495417533519f,0.02413246616605677f,0f,0f,0f,1f],start_interpolation:0}
execute if entity @s[tag=aj.toji.bone.rightleg] run data modify entity @s {} merge value {transformation:[-1f,-1.7638878300027244e-17f,1.2118773782415203e-16f,-0.11875000000000001f,0f,0.9895729765392571f,0.14403237171981434f,8.652913753125512f,-1.2246467991473532e-16f,0.14403237171981434f,-0.9895729765392571f,0.06914258232849875f,0f,0f,0f,1f],start_interpolation:0}
execute if entity @s[tag=aj.toji.bone.bottom4] run data modify entity @s {} merge value {transformation:[-0.9995808285071347f,0.014014467476412357f,0.02533302157940742f,0.11952328221687043f,-0.00012590831299062223f,0.8729147512997195f,-0.48787275094069926f,8.404932234023335f,-0.028950845032345112f,-0.4876714382293692f,-0.8725470857823157f,0.25940524476753113f,0f,0f,0f,1f],start_interpolation:0}
execute if entity @s[tag=aj.toji.bone.leftleg] run data modify entity @s {} merge value {transformation:[-0.9995808285071347f,0.017517113476157274f,0.02305033658004956f,0.11874999999999998f,-0.00012590831299062223f,0.7935433792932297f,-0.608513672259694f,8.652913753125512f,-0.028950845032345112f,-0.6082615029042565f,-0.7932085429800717f,0.06914258232849878f,0f,0f,0f,1f],start_interpolation:0}