execute if entity @s[tag=aj.toji.locator_origin.head] at @s on origin run tp @s ^0.02053 ^0.97001 ^0.49269 ~-25.13287 ~38.97789
execute if entity @s[tag=aj.toji.bone.blade2] run data modify entity @s {} merge value {transformation:[-0.4287029409372699f,0.5313828413972473f,1.335607002190511f,-0.24958620443714596f,1.3052219154282585f,0.7277715776408807f,0.1293996996282968f,0.8636932971463953f,-0.6021706900186408f,1.1991583742970289f,-0.6703802304929509f,0.8635589287098934f,0f,0f,0f,1f],start_interpolation:0}
execute if entity @s[tag=aj.toji.bone.chain2] run data modify entity @s {} merge value {transformation:[-1.3819822453221264f,-0.44358845971981375f,-0.5498336345013182f,-0.44387345922761734f,-0.13389274475427923f,1.3505421208250732f,-0.7530414240867448f,0.6490653406838531f,0.6936573218295115f,-0.6230793945331771f,-1.2407958178490093f,0.433901421774145f,0f,0f,0f,1f],start_interpolation:0}
execute if entity @s[tag=aj.toji.bone.bottom2] run data modify entity @s {} merge value {transformation:[-0.8904046681270076f,-0.2858019606248464f,-0.3542552275981647f,-0.49746132684477606f,-0.08626646641886447f,0.8701479436188391f,-0.4851810517605872f,0.8122180801123854f,0.4469201536619671f,-0.40144712667909394f,-0.7994389161980193f,0.35863008552181486f,0f,0f,0f,1f],start_interpolation:0}
execute if entity @s[tag=aj.toji.bone.rightarm] run data modify entity @s {} merge value {transformation:[-0.713271409885917f,0.700567199183404f,0.02120130344287366f,-0.2777400639310552f,0.04902190072335644f,0.01969007723063171f,0.9986036020904998f,0.8140767306248335f,0.6991714733088196f,0.7133147273728284f,-0.04838750483546406f,0.49326055028322074f,0f,0f,0f,1f],start_interpolation:0}
execute if entity @s[tag=aj.toji.bone.chain] run data modify entity @s {} merge value {transformation:[-1.0307138273330139f,-0.9547158302024016f,0.6596282008196592f,0.5072472729251616f,-1.0712107199969134f,1.1220454768328174f,-0.04984189897888858f,0.8004213437282751f,-0.44620541583371215f,-0.48835878725693727f,-1.4040545200955372f,0.42401444471360417f,0f,0f,0f,1f],start_interpolation:0}
execute if entity @s[tag=aj.toji.bone.blade] run data modify entity @s {} merge value {transformation:[0.9226783862358778f,-0.6374930262955097f,-0.9961261150064027f,0.428812186514384f,-1.0843929440531928f,0.04816935203328806f,-1.0352640515406408f,0.6519869709361588f,0.4719709084899258f,1.3569385966023981f,-0.4312320797319101f,0.9633289032200415f,0f,0f,0f,1f],start_interpolation:0}
execute if entity @s[tag=aj.toji.bone.bottom] run data modify entity @s {} merge value {transformation:[-0.664084076670935f,-0.615118924157252f,0.424995350863673f,0.5072472729251616f,-0.6901760343604274f,0.722928629368795f,-0.032112901355525525f,0.8004213437282751f,-0.28748805315460646f,-0.31464727232661727f,-0.9046257310682655f,0.42401444471360417f,0f,0f,0f,1f],start_interpolation:0}
execute if entity @s[tag=aj.toji.bone.leftarm] run data modify entity @s {} merge value {transformation:[-0.664084076670935f,-0.615118924157252f,0.424995350863673f,0.31196228709391516f,-0.6901760343604274f,0.722928629368795f,-0.032112901355525525f,0.9380174989229472f,-0.28748805315460646f,-0.31464727232661727f,-0.9046257310682655f,0.32738462330978696f,0f,0f,0f,1f],start_interpolation:0}
execute if entity @s[tag=aj.toji.locator_origin.mount] at @s on origin run tp @s ^0.07309 ^1.02382 ^0.73111 ~7.6951 ~76.78731
execute if entity @s[tag=aj.toji.bone.head] run data modify entity @s {} merge value {transformation:[-0.9771720987265724f,0.2102332024270211f,0.030605392785992225f,0.020533333897715993f,0.07680653416997445f,0.21527515862367336f,0.97352830589991f,0.9700059102369948f,0.19807939261594643f,0.9536553919927424f,-0.22650816220186487f,0.4926938994577722f,0f,0f,0f,1f],start_interpolation:0}
execute if entity @s[tag=aj.toji.bone.upper] run data modify entity @s {} merge value {transformation:[-0.9435237616399526f,0.02737777853028799f,-0.3301717257179064f,1.878579422740391e-19f,-0.19830522927698174f,0.751670363704835f,0.6290204292145406f,0.40625313745836855f,0.26540148315749407f,0.658970501290147f,-0.703789692427514f,-0.0015339765098380457f,0f,0f,0f,1f],start_interpolation:0}
execute if entity @s[tag=aj.toji.bone.bottom3] run data modify entity @s {} merge value {transformation:[-1f,-1.0091216056043972e-16f,6.938539959993468e-17f,-0.12500000000000003f,0f,0.5665747842418198f,0.8240103238803114f,0.2526861122601073f,-1.2246467991473532e-16f,0.8240103238803114f,-0.5665747842418198f,0.27063034659617924f,0f,0f,0f,1f],start_interpolation:0}
execute if entity @s[tag=aj.toji.bone.rightleg] run data modify entity @s {} merge value {transformation:[-1f,1.0665765348284484e-16f,6.018091707636211e-17f,-0.11875f,0f,0.49141448063443605f,-0.8709258339392554f,0.40625313745836855f,-1.2246467991473532e-16f,-0.8709258339392554f,-0.49141448063443605f,-0.0015339765098380603f,0f,0f,0f,1f],start_interpolation:0}
execute if entity @s[tag=aj.toji.bone.bottom4] run data modify entity @s {} merge value {transformation:[-0.8746784512095785f,0.3034164310950366f,-0.3779895188112548f,0.27513791136535837f,-0.08202340244727765f,0.6759334635331427f,0.7323838572272476f,0.38687038552716f,0.47771306078082576f,0.6716043643527345f,-0.5663371869670706f,0.2683964638009095f,0f,0f,0f,1f],start_interpolation:0}
execute if entity @s[tag=aj.toji.bone.leftleg] run data modify entity @s {} merge value {transformation:[-0.8746784512095785f,-0.48294774734495516f,0.041219902038292f,0.11875f,-0.08202340244727765f,0.06366527422881278f,-0.9945948392729281f,0.40625313745836855f,0.47771306078082576f,-0.8733316702100087f,-0.09529966089977256f,-0.0015339765098380312f,0f,0f,0f,1f],start_interpolation:0}