execute if entity @s[tag=aj.toji.locator_origin.head] at @s on origin run tp @s ^0.01613 ^0.98056 ^0.47944 ~-23.87828 ~37.91703
execute if entity @s[tag=aj.toji.bone.blade2] run data modify entity @s {} merge value {transformation:[-0.3689469075622012f,0.5905033847757908f,1.3286022474648391f,-0.24258052263596486f,1.3827201062227394f,0.5661928678662326f,0.13232816867464234f,0.8078490666103959f,-0.4494032568280544f,1.257271406238821f,-0.6835973404033937f,0.8456122197961328f,0f,0f,0f,1f],start_interpolation:0}
execute if entity @s[tag=aj.toji.bone.chain2] run data modify entity @s {} merge value {transformation:[-1.3747342699462577f,-0.38175756407477734f,-0.6110069745249499f,-0.45558173908035127f,-0.13692289675362282f,1.4307312210221401f,-0.5858523424449212f,0.6509846167157192f,0.7073333591674f,-0.4650075365790287f,-1.3009266633998915f,0.4001435940905746f,0f,0f,0f,1f],start_interpolation:0}
execute if entity @s[tag=aj.toji.bone.bottom2] run data modify entity @s {} merge value {transformation:[-0.8857348316432263f,-0.24596460504146728f,-0.3936689231838603f,-0.5017001025256264f,-0.08821877911642811f,0.9218134041484929f,-0.37746191191082173f,0.8238246299935617f,0.4557315602689288f,-0.29960217121870303f,-0.8381809374925475f,0.34396818698706777f,0f,0f,0f,1f],start_interpolation:0}
execute if entity @s[tag=aj.toji.bone.rightarm] run data modify entity @s {} merge value {transformation:[-0.7164906876623071f,0.6972002405578132f,0.02351423099575184f,-0.2826193744072789f,0.05216557684139006f,0.019934895528666896f,0.9984394586218364f,0.8255480053231415f,0.69564347699522f,0.7165992077210163f,-0.05065301972846509f,0.47964027160512057f,0f,0f,0f,1f],start_interpolation:0}
execute if entity @s[tag=aj.toji.bone.chain] run data modify entity @s {} merge value {transformation:[-1.0594845075753103f,-0.9545543651810574f,0.6126020043493183f,0.5059200247743492f,-1.0646004965204512f,1.1261005273123692f,-0.08652201342042079f,0.805630365621737f,-0.3912557151370729f,-0.47925592318896104f,-1.423444905527427f,0.4114972407356888f,0f,0f,0f,1f],start_interpolation:0}
execute if entity @s[tag=aj.toji.bone.blade] run data modify entity @s {} merge value {transformation:[0.9225223395038404f,-0.5920448901094084f,-1.0239313361801656f,0.44311831321635353f,-1.0883119190132966f,0.08361859015127893f,-1.0288756476439256f,0.6688012216417745f,0.46317350965912996f,1.3756782979593924f,-0.3781263287230776f,0.9559039281887765f,0f,0f,0f,1f],start_interpolation:0}
execute if entity @s[tag=aj.toji.bone.bottom] run data modify entity @s {} merge value {transformation:[-0.6826208907867771f,-0.6150148930025604f,0.39469659340627217f,0.5059200247743492f,-0.685917098429284f,0.7255412793421976f,-0.05574572676751943f,0.805630365621737f,-0.2520842191487181f,-0.3087823397727534f,-0.9171188653062616f,0.4114972407356888f,0f,0f,0f,1f],start_interpolation:0}
execute if entity @s[tag=aj.toji.bone.leftarm] run data modify entity @s {} merge value {transformation:[-0.6826208907867771f,-0.6150148930025604f,0.39469659340627217f,0.3095024958495355f,-0.685917098429284f,0.7255412793421976f,-0.05574572676751943f,0.9441458668054561f,-0.2520842191487181f,-0.3087823397727534f,-0.9171188653062616f,0.31854639209570557f,0f,0f,0f,1f],start_interpolation:0}
execute if entity @s[tag=aj.toji.locator_origin.mount] at @s on origin run tp @s ^0.06641 ^1.06107 ^0.71072 ~1.03267 ~70.73401
execute if entity @s[tag=aj.toji.bone.head] run data modify entity @s {} merge value {transformation:[-0.9795515586923885f,0.2011053998400443f,0.005946597219264049f,0.01612987286535396f,0.07184609239198289f,0.3220370114935544f,0.9439969821118617f,0.9805644496022495f,0.18792786613835344f,0.9251209550018182f,-0.3299004937025845f,0.47944213756603915f,0f,0f,0f,1f],start_interpolation:0}
execute if entity @s[tag=aj.toji.bone.upper] run data modify entity @s {} merge value {transformation:[-0.9473949924109031f,0.02150649715380528f,-0.3193433871789398f,3.24616726310916e-19f,-0.18975657837170337f,0.7657401083036061f,0.6145197535473087f,0.406259368374545f,0.2577502072150641f,0.6427904457250083f,-0.7213773447823522f,-0.002650696727717141f,0f,0f,0f,1f],start_interpolation:0}
execute if entity @s[tag=aj.toji.bone.bottom3] run data modify entity @s {} merge value {transformation:[-1f,-9.587012545158426e-17f,7.620050441116564e-17f,-0.12500000000000003f,0f,0.6222243381864829f,0.7828389827853449f,0.24151036291556163f,-1.2246467991473532e-16f,0.7828389827853449f,-0.6222243381864829f,0.262894055056753f,0f,0f,0f,1f],start_interpolation:0}
execute if entity @s[tag=aj.toji.bone.rightleg] run data modify entity @s {} merge value {transformation:[-1f,1.0406352969703353e-16f,6.456298950337721e-17f,-0.11875f,0f,0.5271968174687468f,-0.8497432057103046f,0.406259368374545f,-1.2246467991473532e-16f,-0.8497432057103046f,-0.5271968174687468f,-0.0026506967277171558f,0f,0f,0f,1f],start_interpolation:0}
execute if entity @s[tag=aj.toji.bone.bottom4] run data modify entity @s {} merge value {transformation:[-0.8853598922017641f,0.2809118346186193f,-0.3704408217943618f,0.2695655319185933f,-0.08065358722198061f,0.6919179018864838f,0.7174570481340552f,0.3600077795753344f,0.4578568118404563f,0.6650850759265368f,-0.5899398118715888f,0.2671840274381332f,0f,0f,0f,1f],start_interpolation:0}
execute if entity @s[tag=aj.toji.bone.leftleg] run data modify entity @s {} merge value {transformation:[-0.8853598922017641f,-0.4649025042954632f,0.0018769071067749263f,0.11875f,-0.08065358722198061f,0.14961815590191352f,-0.9854488349441268f,0.406259368374545f,0.4578568118404563f,-0.87262825356753f,-0.16996196906065625f,-0.0026506967277171263f,0f,0f,0f,1f],start_interpolation:0}