execute if entity @s[tag=aj.toji.locator_origin.head] at @s on origin run tp @s ^0.0035 ^13.82056 ^0.09474 ~-178.89128 ~15.93041
execute if entity @s[tag=aj.toji.bone.blade2] run data modify entity @s {} merge value {transformation:[-0.05456254559941103f,1.2856510936017307f,0.7707945213468926f,-0.10143477217589802f,0.8394370455550186f,0.6652287697229922f,-1.0501505275353131f,13.953529361528858f,-1.2419212435446838f,0.39315639312302647f,-0.7436798204731112f,0.3655426346096106f,0f,0f,0f,1f],start_interpolation:0}
execute if entity @s[tag=aj.toji.bone.chain2] run data modify entity @s {} merge value {transformation:[-0.7975582200047713f,-0.05645707843272374f,-1.3302917565740129f,-0.5453176470728486f,1.086614087519178f,0.8685841651923455f,-0.6883269908939298f,13.747220764481662f,0.7695020364617606f,-1.2850435089455414f,-0.40680765677313174f,0.19576917822380643f,0f,0f,0f,1f],start_interpolation:0}
execute if entity @s[tag=aj.toji.bone.bottom2] run data modify entity @s {} merge value {transformation:[-0.513863014231262f,-0.03637503039960724f,-0.8571007290678203f,-0.5521379652727749f,0.7001003516902087f,0.5596246970366789f,-0.44348584648199496f,13.85215039517604f,0.4957865469820739f,-0.8279474956964561f,-0.26210426208201776f,0.04052902278072094f,0f,0f,0f,1f],start_interpolation:0}
execute if entity @s[tag=aj.toji.bone.rightarm] run data modify entity @s {} merge value {transformation:[-0.4000681141669362f,0.8704410416638443f,-0.2868412400859971f,-0.3095234477213803f,0.2525011577562735f,0.40555197231860524f,0.8785048452229678f,13.937757065895923f,0.8810157032418054f,0.27903403150090955f,-0.38203578354088336f,0.055224049203335485f,0f,0f,0f,1f],start_interpolation:0}
execute if entity @s[tag=aj.toji.bone.chain] run data modify entity @s {} merge value {transformation:[-1.3448645800123618f,-0.4360374752733531f,0.6404476990328913f,0.43975138115754053f,0.10243707097402954f,-1.371766260767975f,-0.7188370092865427f,14.16058746246999f,0.7679899618676972f,-0.5805956592905254f,1.21740000513166f,0.12819778889999311f,0f,0f,0f,1f],start_interpolation:0}
execute if entity @s[tag=aj.toji.bone.blade] run data modify entity @s {} merge value {transformation:[0.42140534523062284f,-0.6189561655082979f,-1.2997348961193291f,0.2913567405541575f,1.3257338359099893f,0.6947149619950479f,0.09899958537087374f,14.601920208224712f,0.561112583475407f,-1.1765476559661676f,0.7422184866372376f,-0.19156673246743106f,0f,0f,0f,1f],start_interpolation:0}
execute if entity @s[tag=aj.toji.bone.bottom] run data modify entity @s {} merge value {transformation:[-0.8664899307462196f,-0.2809368968204154f,0.4126374436721984f,0.43975138115754053f,0.06599972358058279f,-0.8838225572733261f,-0.4631433079966986f,14.16058746246999f,0.494812324424825f,-0.3740750556502713f,0.7843651039774453f,0.12819778889999311f,0f,0f,0f,1f],start_interpolation:0}
execute if entity @s[tag=aj.toji.bone.leftarm] run data modify entity @s {} merge value {transformation:[-0.8664899307462196f,-0.2809368968204154f,0.4126374436721984f,0.315361536280798f,0.06599972358058279f,-0.8838225572733261f,-0.4631433079966986f,13.943756805875445f,0.494812324424825f,-0.3740750556502713f,0.7843651039774453f,0.06560479526397686f,0f,0f,0f,1f],start_interpolation:0}
execute if entity @s[tag=aj.toji.locator_origin.mount] at @s on origin run tp @s ^0.00474 ^13.57911 ^0.15954 ~-178.90074 ~15.01493
execute if entity @s[tag=aj.toji.bone.head] run data modify entity @s {} merge value {transformation:[-0.9998159744034852f,0.004967175539005232f,-0.018529557328064966f,0.0035028531356506f,-0.009599583967235419f,-0.965810639674058f,0.2590707553546767f,13.820563456313169f,-0.0166091936970262f,0.2592009557458294f,0.9656805886136385f,0.09473914561886379f,0f,0f,0f,1f],start_interpolation:0}
execute if entity @s[tag=aj.toji.bone.upper] run data modify entity @s {} merge value {transformation:[-0.9998159744034852f,0.004670470847534115f,-0.01860655878102321f,1.3619198431578048e-17f,-0.009599583967235419f,-0.9615478365801241f,0.27446968130512883f,14.541724333748261f,-0.0166091936970262f,0.2745977870816611f,0.9614157217429875f,-0.11120919469238202f,0f,0f,0f,1f],start_interpolation:0}
execute if entity @s[tag=aj.toji.bone.bottom3] run data modify entity @s {} merge value {transformation:[-1f,8.769910926722649e-17f,-8.547785713477878e-17f,-0.12499999999999997f,0f,-0.6979796721331553f,-0.7161175722525549f,14.83672492372749f,-1.2246467991473532e-16f,-0.7161175722525549f,0.6979796721331553f,-0.21431545983620148f,0f,0f,0f,1f],start_interpolation:0}
execute if entity @s[tag=aj.toji.bone.rightleg] run data modify entity @s {} merge value {transformation:[-1f,-4.040600242573337e-17f,-1.1560688904468544e-16f,-0.11874999999999998f,0f,-0.9440018879335287f,0.3299400484602222f,14.541724333748261f,-1.2246467991473532e-16f,0.3299400484602222f,0.9440018879335287f,-0.11120919469238204f,0f,0f,0f,1f],start_interpolation:0}
execute if entity @s[tag=aj.toji.bone.bottom4] run data modify entity @s {} merge value {transformation:[-1f,-2.0221766267976126e-17f,-1.2078359986199254e-16f,0.12500000000000003f,0f,-0.9862729396433875f,0.1651232525333452f,14.8260772905066f,-1.2246467991473532e-16f,0.1651232525333452f,0.9862729396433875f,-0.24082264300230938f,0f,0f,0f,1f],start_interpolation:0}
execute if entity @s[tag=aj.toji.bone.leftleg] run data modify entity @s {} merge value {transformation:[-1f,-5.079382227174511e-17f,-1.1143422026309938e-16f,0.11875000000000001f,0f,-0.9099294616266846f,0.41476303459176755f,14.541724333748261f,-1.2246467991473532e-16f,0.41476303459176755f,0.9099294616266846f,-0.11120919469238201f,0f,0f,0f,1f],start_interpolation:0}