execute if entity @s[tag=aj.toji.locator_origin.head] at @s on origin run tp @s ^-0.00302 ^1.49909 ^0.03677 ~4.7 ~2.82
execute if entity @s[tag=aj.toji.bone.blade2] run data modify entity @s {} merge value {transformation:[-0.8670880219862608f,0.05477756035297832f,1.2227664458144611f,-0.12129342622307665f,1.1529793286438321f,0.5395436732367955f,0.7934300803411506f,1.1020597046997405f,-0.41084915704911973f,1.3985321031538467f,-0.3539928341084122f,0.6396562987421732f,0f,0f,0f,1f],start_interpolation:0}
execute if entity @s[tag=aj.toji.bone.chain2] run data modify entity @s {} merge value {transformation:[-1.265223614071908f,-0.8971952449718947f,-0.05667955897634535f,-0.19010824317446362f,-0.8209797359085517f,1.193013333110632f,-0.5582778285575174f,0.9899289558904256f,0.36628425195939834f,-0.42511475277999206f,-1.4470922456244666f,0.14845413608411212f,0f,0f,0f,1f],start_interpolation:0}
execute if entity @s[tag=aj.toji.bone.bottom2] run data modify entity @s {} merge value {transformation:[-0.8151776305429742f,-0.5780586813241737f,-0.036518373568652035f,-0.2984942459227462f,-0.5289533868941003f,0.7686528857625549f,-0.3596957821578635f,1.1340513719709047f,0.2359952227389412f,-0.2738994380327465f,-0.9323547354358979f,0.09709799145297215f,0f,0f,0f,1f],start_interpolation:0}
execute if entity @s[tag=aj.toji.bone.rightarm] run data modify entity @s {} merge value {transformation:[-0.9531792908455606f,-0.30019268461282406f,-0.036518373568652035f,-0.31396871139810467f,-0.2677226123838213f,0.8938364207819153f,-0.3596957821578635f,1.3742431404403723f,0.14061949481325942f,-0.3330777761855638f,-0.9323547354358979f,0.005039828980752503f,0f,0f,0f,1f],start_interpolation:0}
execute if entity @s[tag=aj.toji.bone.chain] run data modify entity @s {} merge value {transformation:[-1.5021035387072734f,0.17246252784731173f,0.35057710864047265f,0.34163784706724976f,0.11298138406468092f,1.52492540723239f,-0.2660834133182117f,1.1240679855546982f,-0.3740091435633994f,-0.2319953716709807f,-1.488374274725725f,0.10868054977039347f,0f,0f,0f,1f],start_interpolation:0}
execute if entity @s[tag=aj.toji.bone.blade] run data modify entity @s {} merge value {transformation:[-0.1666751946980734f,-0.3388127761357591f,-1.4516973796902506f,0.19838444451593282f,-1.4737534137011015f,0.2571544397169294f,0.10919006245177243f,0.9390829767195055f,0.22421029208470608f,1.43842882926513f,-0.36145850116194345f,0.6302667106769697f,0f,0f,0f,1f],start_interpolation:0}
execute if entity @s[tag=aj.toji.bone.bottom] run data modify entity @s {} merge value {transformation:[-0.9677982531268338f,0.11111679646538204f,0.22587518409050583f,0.34163784706724976f,0.0727933749678481f,0.9825022758007343f,-0.1714362931446196f,1.1240679855546982f,-0.24097233410796204f,-0.14947352805647077f,-0.95895255284342f,0.10868054977039347f,0f,0f,0f,1f],start_interpolation:0}
execute if entity @s[tag=aj.toji.bone.leftarm] run data modify entity @s {} merge value {transformation:[-0.9677982531268338f,0.11111679646538204f,0.22587518409050583f,0.3089296553631682f,0.0727933749678481f,0.9825022758007343f,-0.1714362931446196f,1.3742431404403723f,-0.24097233410796204f,-0.14947352805647077f,-0.95895255284342f,0.05625139687452815f,0f,0f,0f,1f],start_interpolation:0}
execute if entity @s[tag=aj.toji.locator_origin.mount] at @s on origin run tp @s ^-0.00403 ^1.74879 ^0.04903 ~4.7 ~2.82
execute if entity @s[tag=aj.toji.bone.head] run data modify entity @s {} merge value {transformation:[-0.9966373868180366f,-0.004031244827949151f,0.0818392831203478f,-0.0030234336209618634f,0f,0.9987890247045957f,0.049198415926149514f,1.4990917685284468f,-0.08193850863004104f,0.04903298068422453f,-0.9954304835641237f,0.0367747355131684f,0f,0f,0f,1f],start_interpolation:0}
execute if entity @s[tag=aj.toji.bone.upper] run data modify entity @s {} merge value {transformation:[-0.9966373868180366f,-0.004031244827949151f,0.0818392831203478f,0f,0f,0.9987890247045957f,0.049198415926149514f,0.75f,-0.08193850863004104f,0.04903298068422453f,-0.9954304835641237f,0f,0f,0f,0f,1f],start_interpolation:0}