execute if entity @s[tag=aj.toji.locator_origin.head] at @s on origin run tp @s ^0.01416 ^1.49969 ^-0.01635 ~0.02249 ~-1.24976
execute if entity @s[tag=aj.toji.bone.blade2] run data modify entity @s {} merge value {transformation:[-0.5796583525604762f,-0.6360549900570414f,1.2285887204147738f,-0.45754447503862955f,-0.1594520469850045f,1.3539089943654299f,0.625703987272481f,1.8175493245436378f,-1.3742529748991503f,0.11119570405337639f,-0.5908166182335323f,0.5247495489071143f,0f,0f,0f,1f],start_interpolation:0}
execute if entity @s[tag=aj.toji.bone.chain2] run data modify entity @s {} merge value {transformation:[-1.2712480509847315f,-0.599785378691048f,0.6581402327673557f,-0.27881450909381966f,-0.647429820163887f,-0.16498857639420592f,-1.4009197233364516f,1.3563513954529673f,0.6113310841444185f,-1.421970092083149f,-0.11505666599967432f,0.40668000187490705f,0f,0f,0f,1f],start_interpolation:0}
execute if entity @s[tag=aj.toji.bone.bottom2] run data modify entity @s {} merge value {transformation:[-0.8190591469431826f,-0.3864389017069839f,0.42403666003802776f,-0.3512718031638791f,-0.41713599151498754f,-0.10630136465666958f,-0.9026059962436197f,1.3364198895798418f,0.39387774548902127f,-0.916168649932767f,-0.07413046936891768f,0.23489838001251326f,0f,0f,0f,1f],start_interpolation:0}
execute if entity @s[tag=aj.toji.bone.rightarm] run data modify entity @s {} merge value {transformation:[-0.9053312277700108f,-0.023838602480826247f,0.42403666003802776f,-0.30064825204846f,-0.42462188413048063f,0.07070128048729157f,-0.9026059962436197f,1.3806340774598198f,-0.008463069296980949f,-0.9972126402975535f,-0.07413046936891768f,-0.013875838230813804f,0f,0f,0f,1f],start_interpolation:0}
execute if entity @s[tag=aj.toji.bone.chain] run data modify entity @s {} merge value {transformation:[-1.4522078423561722f,0.189873945691581f,0.5138121650543647f,0.35213481761033005f,0.1301432562713174f,1.5337669013142117f,-0.198958535607826f,1.1165558017265098f,-0.5320881403089542f,-0.14307218734479077f,-1.450991121186497f,0.031098205519899377f,0f,0f,0f,1f],start_interpolation:0}
execute if entity @s[tag=aj.toji.bone.blade] run data modify entity @s {} merge value {transformation:[-0.18350233677575642f,-0.4965701460928091f,-1.4034760355656966f,0.15310078649144118f,-1.4822982133506475f,0.1922820746813889f,0.12577603290650835f,0.9083353749811025f,0.13827110723254935f,1.4023001439654732f,-0.5142328335871775f,0.5248823916053517f,0f,0f,0f,1f],start_interpolation:0}
execute if entity @s[tag=aj.toji.bone.bottom] run data modify entity @s {} merge value {transformation:[-0.935650690377131f,0.12233489118383742f,0.3310467640618725f,0.35213481761033005f,0.08385068860433871f,0.9881988089004317f,-0.12818804978759257f,1.1165558017265098f,-0.3428218890581181f,-0.09218073815503297f,-0.934866762643649f,0.031098205519899377f,0f,0f,0f,1f],start_interpolation:0}
execute if entity @s[tag=aj.toji.bone.leftarm] run data modify entity @s {} merge value {transformation:[-0.935650690377131f,0.12233489118383742f,0.3310467640618725f,0.32424037225771873f,0.08385068860433871f,0.9881988089004317f,-0.12818804978759257f,1.368846171989389f,-0.3428218890581181f,-0.09218073815503297f,-0.934866762643649f,-0.013373347084991244f,0f,0f,0f,1f],start_interpolation:0}
execute if entity @s[tag=aj.toji.locator_origin.mount] at @s on origin run tp @s ^0.01886 ^1.74816 ^-0.04356 ~-0.07228 ~-6.24886
execute if entity @s[tag=aj.toji.bone.head] run data modify entity @s {} merge value {transformation:[-0.999821798889886f,0.018836084831270545f,-0.0012539429100540827f,0.014155272125555243f,0.018860648752689342f,0.9938795575627717f,-0.10884714505882423f,1.4996881496695251f,-0.000803985833316097f,-0.10885139855352445f,-0.9940577079021728f,-0.016349511189483027f,0f,0f,0f,1f],start_interpolation:0}
execute if entity @s[tag=aj.toji.bone.upper] run data modify entity @s {} merge value {transformation:[-0.999821798889886f,0.01887369616740699f,0.00039250168522167f,0f,0.018860648752689342f,0.999584199559367f,-0.021810637768926562f,0.75f,-0.000803985833316097f,-0.021799348252644037f,-0.9997620426994315f,0f,0f,0f,0f,1f],start_interpolation:0}