execute if entity @s[tag=aj.toji.locator_origin.head] at @s on origin run tp @s ^-0.00471 ^1.48699 ^-0.13901 ~-14.24507 ~-10.44763
execute if entity @s[tag=aj.toji.bone.blade2] run data modify entity @s {} merge value {transformation:[0.7667796142281907f,0.09368325730746438f,1.2857964343177852f,-0.5985631035714486f,-0.7494448704806914f,1.2496734946409171f,0.3558771457991342f,2.0412145123028043f,-1.0489906621673273f,-0.8243419218335447f,0.6856230645139729f,0.02237678869830742f,0f,0f,0f,1f],start_interpolation:0}
execute if entity @s[tag=aj.toji.bone.chain2] run data modify entity @s {} merge value {transformation:[-1.330442143842708f,0.7934039063888921f,-0.09693614818619549f,-0.5843517202492681f,-0.36823399113938243f,-0.7754672618168266f,-1.29306493542706f,1.5800626728334846f,-0.7094294209207082f,-1.085413949048137f,0.852964905230543f,0.2362116923007829f,0f,0f,0f,1f],start_interpolation:0}
execute if entity @s[tag=aj.toji.bone.bottom2] run data modify entity @s {} merge value {transformation:[-0.8571976228785233f,0.5111864094854607f,-0.062455504871642725f,-0.48850426847074413f,-0.23725143053275644f,-0.4996299136537942f,-0.8331156630939447f,1.4863820640233982f,-0.45708204300931526f,-0.6993271081115513f,0.5495612812223633f,0.10508785952986702f,0f,0f,0f,1f],start_interpolation:0}
execute if entity @s[tag=aj.toji.bone.rightarm] run data modify entity @s {} merge value {transformation:[-0.8571976228785233f,0.5111864094854607f,-0.062455504871642725f,-0.30713281466947123f,-0.23725143053275644f,-0.4996299136537942f,-0.8331156630939447f,1.376302800018247f,-0.45708204300931526f,-0.6993271081115513f,0.5495612812223633f,-0.04117628980993859f,0f,0f,0f,1f],start_interpolation:0}
execute if entity @s[tag=aj.toji.bone.chain] run data modify entity @s {} merge value {transformation:[-1.5511851871722446f,-0.04979883910001412f,-0.01752895698012154f,0.369763744784189f,-0.05271755560187384f,1.488764183704095f,0.4356199470436976f,1.1143351741500642f,0.002836906745627393f,0.43596324908790357f,-1.4895941296259014f,-0.2608452691436812f,0f,0f,0f,1f],start_interpolation:0}
execute if entity @s[tag=aj.toji.bone.blade] run data modify entity @s {} merge value {transformation:[0.04812773711679183f,0.016940736947231222f,-1.4991319929718334f,0.3847763652318107f,-1.438805654049595f,-0.42100182801538555f,-0.05094851011187766f,0.7094036015829224f,-0.4213336098567658f,1.4396077494371127f,0.0027417085326866503f,0.1423893484812742f,0f,0f,0f,1f],start_interpolation:0}
execute if entity @s[tag=aj.toji.bone.bottom] run data modify entity @s {} merge value {transformation:[-0.999421328647889f,-0.03208515807786144f,-0.011293824631487703f,0.369763744784189f,-0.033965673407918714f,0.9592037693663967f,0.2806678853435904f,1.1143351741500642f,0.0018278056884579175f,0.2808890732378439f,-0.9597384996247418f,-0.2608452691436812f,0f,0f,0f,1f],start_interpolation:0}
execute if entity @s[tag=aj.toji.bone.leftarm] run data modify entity @s {} merge value {transformation:[-0.999421328647889f,-0.03208515807786144f,-0.011293824631487703f,0.2992786222242306f,-0.033965673407918714f,0.9592037693663967f,0.2806678853435904f,1.3520132619036684f,0.0018278056884579175f,0.2808890732378439f,-0.9597384996247418f,-0.19050876297869163f,0f,0f,0f,1f],start_interpolation:0}
execute if entity @s[tag=aj.toji.locator_origin.mount] at @s on origin run tp @s ^-0.0174 ^1.7201 ^-0.22844 ~-14.69188 ~-21.05119
execute if entity @s[tag=aj.toji.bone.head] run data modify entity @s {} merge value {transformation:[-0.9702582990299229f,-0.05074117720689536f,-0.236694246020513f,-0.0047125154671443775f,0.03886326098332545f,0.9324503328425647f,-0.359201926118906f,1.4869896371531492f,0.23893195707000484f,-0.3577173601007484f,-0.9027457062613197f,-0.13901103167317813f,0f,0f,0f,1f],start_interpolation:0}
execute if entity @s[tag=aj.toji.bone.upper] run data modify entity @s {} merge value {transformation:[-0.9702582990299229f,-0.006283353956192504f,-0.24199039779838763f,0f,0.03886326098332545f,0.9826528495375323f,-0.18133677024120004f,0.75f,0.23893195707000484f,-0.18534804223090418f,-0.9531828907045428f,0f,0f,0f,0f,1f],start_interpolation:0}