execute if entity @s[tag=aj.toji.locator_origin.head] at @s on origin run tp @s ^-0.0001 ^1.48914 ^-0.12717 ~-12.77086 ~-9.52706
execute if entity @s[tag=aj.toji.bone.blade2] run data modify entity @s {} merge value {transformation:[0.7037999423981659f,-0.023582997237818284f,1.3244279834410093f,-0.6152059451601904f,-0.6292141614488757f,1.3138108200077165f,0.35775783466311173f,2.0215758942797786f,-1.1656565446616451f,-0.7234258576191005f,0.606547482408049f,0.10262109089510701f,0f,0f,0f,1f],start_interpolation:0}
execute if entity @s[tag=aj.toji.bone.chain2] run data modify entity @s {} merge value {transformation:[-1.3704150661993777f,0.7282374403981026f,0.02440185130857617f,-0.565528680111119f,-0.3701799817000258f,-0.6510618753880727f,-1.3594292512579846f,1.5460744060739424f,-0.6276081588805509f,-1.2061307302401743f,0.7485448110086529f,0.27588058561855994f,0f,0f,0f,1f],start_interpolation:0}
execute if entity @s[tag=aj.toji.bone.bottom2] run data modify entity @s {} merge value {transformation:[-0.8829519889606727f,0.46919996159877747f,0.01572199815854572f,-0.4775536873113483f,-0.23850522310874145f,-0.4194761076325837f,-0.8758738800051444f,1.467422635892833f,-0.40436498827203277f,-0.7771043631077632f,0.48228390507940044f,0.13017351753585432f,0f,0f,0f,1f],start_interpolation:0}
execute if entity @s[tag=aj.toji.bone.rightarm] run data modify entity @s {} merge value {transformation:[-0.8829519889606727f,0.46919996159877747f,0.01572199815854572f,-0.3050691976016119f,-0.23850522310874145f,-0.4194761076325837f,-0.8758738800051444f,1.3774601854289834f,-0.40436498827203277f,-0.7771043631077632f,0.48228390507940044f,-0.03882976147408444f,0f,0f,0f,1f],start_interpolation:0}
execute if entity @s[tag=aj.toji.bone.chain] run data modify entity @s {} merge value {transformation:[-1.5508130809181897f,-0.04772479821218332f,0.040789769547650366f,0.37503433117346063f,-0.03647827736453148f,1.505705192481682f,0.3748117957393136f,1.1133783567543194f,-0.05109595820278109f,0.373546370053865f,-1.505594562319495f,-0.23123417288617112f,0f,0f,0f,1f],start_interpolation:0}
execute if entity @s[tag=aj.toji.bone.blade] run data modify entity @s {} merge value {transformation:[0.04612329491647213f,-0.03942098533464229f,-1.4987723735048275f,0.37086043118113493f,-1.4551781725997461f,-0.3622342187010816f,-0.035254174097264904f,0.7250542712639935f,-0.36101125696480907f,1.4550712548591092f,-0.04938132873288934f,0.188265645078632f,0f,0f,0f,1f],start_interpolation:0}
execute if entity @s[tag=aj.toji.bone.bottom] run data modify entity @s {} merge value {transformation:[-0.9991815823365516f,-0.03074886327764831f,0.026280656889761306f,0.37503433117346063f,-0.02350278273151021f,0.9701187817331641f,0.24148947913405439f,1.1133783567543194f,-0.032920885821926066f,0.24067417130987273f,-0.9700475032394061f,-0.23123417288617112f,0f,0f,0f,1f],start_interpolation:0}
execute if entity @s[tag=aj.toji.bone.leftarm] run data modify entity @s {} merge value {transformation:[-0.9991815823365516f,-0.03074886327764831f,0.026280656889761306f,0.3048982664580141f,-0.02350278273151021f,0.9701187817331641f,0.24148947913405439f,1.354439128266891f,-0.032920885821926066f,0.24067417130987273f,-0.9700475032394061f,-0.17312318542257332f,0f,0f,0f,1f],start_interpolation:0}
execute if entity @s[tag=aj.toji.locator_origin.mount] at @s on origin run tp @s ^-0.0096 ^1.72459 ^-0.21067 ~-13.16512 ~-19.5198
execute if entity @s[tag=aj.toji.bone.head] run data modify entity @s {} merge value {transformation:[-0.9759479424954015f,-0.037990605364264254f,-0.214667946939102f,-0.00010255868615869326f,0.036833691459348f,0.941806092934865f,-0.33413255226667427f,1.4891395882175247f,0.2148694783175822f,-0.33400298982916454f,-0.9177543843930733f,-0.1271717681379947f,0f,0f,0f,1f],start_interpolation:0}
execute if entity @s[tag=aj.toji.bone.upper] run data modify entity @s {} merge value {transformation:[-0.9759479424954015f,-0.00013674491487825768f,-0.21800365785880896f,0f,0.036833691459348f,0.9855194509566996f,-0.1655134162522267f,0.75f,0.2148694783175822f,-0.16956235751732623f,-0.9618106436303855f,0f,0f,0f,0f,1f],start_interpolation:0}