execute if entity @s[tag=aj.toji.locator_origin.head] at @s on origin run tp @s ^-0.00729 ^1.48571 ^-0.14552 ~-15.04362 ~-10.95597
execute if entity @s[tag=aj.toji.bone.blade2] run data modify entity @s {} merge value {transformation:[0.8087985838028101f,0.18368804211816384f,1.249841411548427f,-0.5828390128783002f,-0.8435441699850209f,1.1832447043318053f,0.3719747342965942f,2.050692982854679f,-0.9403606138725996f,-0.903432716284691f,0.7413037454536526f,-0.0458290102620101f,0f,0f,0f,1f],start_interpolation:0}
execute if entity @s[tag=aj.toji.bone.chain2] run data modify entity @s {} merge value {transformation:[-1.2932386827827473f,0.8368818679626302f,-0.19006609913615535f,-0.5962220272069118f,-0.3848905236818931f,-0.8728338981095007f,-1.224329589898882f,1.6061973139869907f,-0.7670434588374602f,-0.9730120240765093f,0.9348019078223541f,0.20081414035420603f,0f,0f,0f,1f],start_interpolation:0}
execute if entity @s[tag=aj.toji.bone.bottom2] run data modify entity @s {} merge value {transformation:[-0.8332276076989512f,0.5391990558685402f,-0.12245869474544237f,-0.4951222042315605f,-0.24798315619772976f,-0.5623627799900138f,-0.7888298028878702f,1.500754292738863f,-0.4942024969691018f,-0.6269070759150663f,0.6022884775231274f,0.08326906362013108f,0f,0f,0f,1f],start_interpolation:0}
execute if entity @s[tag=aj.toji.bone.rightarm] run data modify entity @s {} merge value {transformation:[-0.8332276076989512f,0.5391990558685402f,-0.12245869474544237f,-0.308245714783241f,-0.24798315619772976f,-0.5623627799900138f,-0.7888298028878702f,1.3756625450037177f,-0.4942024969691018f,-0.6269070759150663f,0.6022884775231274f,-0.04257004929806664f,0f,0f,0f,1f],start_interpolation:0}
execute if entity @s[tag=aj.toji.bone.chain] run data modify entity @s {} merge value {transformation:[-1.550717975494508f,-0.05087523883315916f,-0.04059734182179588f,0.3667306548352155f,-0.06072393621939684f,1.4793421003485263f,0.4656417370871567f,1.114686007730352f,0.02343155264487077f,0.4668204513741777f,-1.480031182823717f,-0.27609177138892294f,0f,0f,0f,1f],start_interpolation:0}
execute if entity @s[tag=aj.toji.bone.blade] run data modify entity @s {} merge value {transformation:[0.04916801605352261f,0.039235014915023875f,-1.4986804595383163f,0.3893778979267154f,-1.4296997479878373f,-0.45001617543993666f,-0.05868622023887975f,0.7017429964952029f,-0.45115533555625226f,1.430365706890035f,0.02264525893195542f,0.11857047146938354f,0f,0f,0f,1f],start_interpolation:0}
execute if entity @s[tag=aj.toji.bone.bottom] run data modify entity @s {} merge value {transformation:[-0.9991203063588775f,-0.0327786773690153f,-0.02615667661001614f,0.3667306548352155f,-0.03912414682592011f,0.9531331653252249f,0.3000107836266244f,1.114686007730352f,0.015096839287970426f,0.30077022370416817f,-0.9535771379266901f,-0.27609177138892294f,0f,0f,0f,1f],start_interpolation:0}
execute if entity @s[tag=aj.toji.bone.leftarm] run data modify entity @s {} merge value {transformation:[-0.9991203063588775f,-0.0327786773690153f,-0.02615667661001614f,0.29609096634553184f,-0.03912414682592011f,0.9531331653252249f,0.3000107836266244f,1.3505240398850382f,0.015096839287970426f,0.30077022370416817f,-0.9535771379266901f,-0.19995566300738277f,0f,0f,0f,1f],start_interpolation:0}
execute if entity @s[tag=aj.toji.locator_origin.mount] at @s on origin run tp @s ^-0.02186 ^1.71734 ^-0.23844 ~-15.52746 ~-21.96664
execute if entity @s[tag=aj.toji.bone.head] run data modify entity @s {} merge value {transformation:[-0.9669386898060365f,-0.058256195178164855f,-0.24826555516130103f,-0.007292849062625453f,0.04022160818988698f,0.9265291572135455f,-0.3740667628482598f,1.4857119509332537f,0.2518169819349058f,-0.3716852654552243f,-0.8935537314860672f,-0.14551542738326964f,0f,0f,0f,1f],start_interpolation:0}
execute if entity @s[tag=aj.toji.bone.upper] run data modify entity @s {} merge value {transformation:[-0.9669386898060365f,-0.00972379875016727f,-0.25482350341766297f,0f,0.04022160818988698f,0.9809492679110048f,-0.19005461325493514f,0.75f,0.2518169819349058f,-0.19402056984435953f,-0.9481266930566111f,0f,0f,0f,0f,1f],start_interpolation:0}