execute if entity @s[tag=aj.toji.locator_origin.head] at @s on origin run tp @s ^0.00657 ^1.49561 ^-0.08076 ~-7.88643 ~-6.0555
execute if entity @s[tag=aj.toji.bone.blade2] run data modify entity @s {} merge value {transformation:[0.459299719422886f,-0.3608314464579845f,1.381609364105895f,-0.6435513869511391f,0.269676042147752f,1.447122419979264f,0.288290710715559f,1.7551853408664833f,-1.4022548270658877f,0.16011673504164642f,0.5079803452201878f,0.49829610367838467f,0f,0f,0f,1f],start_interpolation:0}
execute if entity @s[tag=aj.toji.bone.chain2] run data modify entity @s {} merge value {transformation:[-1.4295819114706831f,0.4752476263472922f,0.37336031612666487f,-0.49561900958439703f,-0.29830080483762733f,0.27903979361121567f,-1.4973697262285441f,1.2879623777947256f,-0.5256185516514448f,-1.450944230783453f,-0.16567634389725905f,0.36262347207710116f,0f,0f,0f,1f],start_interpolation:0}
execute if entity @s[tag=aj.toji.bone.bottom2] run data modify entity @s {} merge value {transformation:[-0.92107290940393f,0.3061998129485909f,0.24055429763865654f,-0.43820654465653625f,-0.19219380714370618f,0.17978402809850136f,-0.964748279986176f,1.3216718830631946f,-0.33865356348012543f,-0.9348365513772583f,-0.1067444900277642f,0.18734161869386523f,0f,0f,0f,1f],start_interpolation:0}
execute if entity @s[tag=aj.toji.bone.rightarm] run data modify entity @s {} merge value {transformation:[-0.92107290940393f,0.3061998129485909f,0.24055429763865654f,-0.3040895345816429f,-0.19219380714370618f,0.17978402809850136f,-0.964748279986176f,1.3786300030343015f,-0.33865356348012543f,-0.9348365513772583f,-0.1067444900277642f,-0.02520167143294151f,0f,0f,0f,1f],start_interpolation:0}
execute if entity @s[tag=aj.toji.bone.chain] run data modify entity @s {} merge value {transformation:[-1.5516691430958367f,-0.012601546678481958f,0.03356702245735734f,0.3795541908409354f,-0.0074674458824645f,1.5347804845305235f,0.23098869056158436f,1.1171410281434775f,-0.035068236729769484f,0.23076554971804808f,-1.5344315408147422f,-0.14516070083247698f,0f,0f,0f,1f],start_interpolation:0}
execute if entity @s[tag=aj.toji.bone.blade] run data modify entity @s {} merge value {transformation:[0.012178675984572833f,-0.03244061230778192f,-1.4995997087637616f,0.3714737609870347f,-1.4832777837073514f,-0.22323739222059158f,-0.007216860450166654f,0.7700522843978703f,-0.22302173932482497f,1.4829405495122339f,-0.03389145026232783f,0.3089948063498309f,0f,0f,0f,1f],start_interpolation:0}
execute if entity @s[tag=aj.toji.bone.bottom] run data modify entity @s {} merge value {transformation:[-0.9997331391758411f,-0.008119117323048777f,0.02162707487185439f,0.3795541908409354f,-0.0048112403001113555f,0.988851855804901f,0.14882492814706105f,1.1171410281434775f,-0.022594300174885035f,0.1486811595498833f,-0.9886270330081559f,-0.14516070083247698f,0f,0f,0f,1f],start_interpolation:0}
execute if entity @s[tag=aj.toji.bone.leftarm] run data modify entity @s {} merge value {transformation:[-0.9997331391758411f,-0.008119117323048777f,0.02162707487185439f,0.31504109031168315f,-0.0048112403001113555f,0.988851855804901f,0.14882492814706105f,1.3640532895759458f,-0.022594300174885035f,0.1486811595498833f,-0.9886270330081559f,-0.10940255470593648f,0f,0f,0f,1f],start_interpolation:0}
execute if entity @s[tag=aj.toji.locator_origin.mount] at @s on origin run tp @s ^0.00504 ^1.73981 ^-0.13429 ~-8.03592 ~-12.29376
execute if entity @s[tag=aj.toji.bone.head] run data modify entity @s {} merge value {transformation:[-0.9906089998293217f,-0.006121255992016518f,-0.13658821209105487f,0.00657093343802413f,0.023322741533368864f,0.9767903773739548f,-0.21292394979667023f,1.4956099755661485f,0.13472141323679193f,-0.21410999251489285f,-0.9674745743019576f,-0.0807625356833268f,0f,0f,0f,1f],start_interpolation:0}
execute if entity @s[tag=aj.toji.bone.upper] run data modify entity @s {} merge value {transformation:[-0.9906089998293217f,0.008761244584032173f,-0.13644431116939082f,0f,0.023322741533368864f,0.9941466340881979f,-0.10549179901051302f,0.75f,0.13472141323679193f,-0.1076833809111024f,-0.9850149391207405f,0f,0f,0f,0f,1f],start_interpolation:0}