execute if entity @s[tag=aj.toji.locator_origin.head] at @s on origin run tp @s ^-0.00239 ^1.4877 ^-0.13523 ~-13.68664 ~-10.14113
execute if entity @s[tag=aj.toji.bone.blade2] run data modify entity @s {} merge value {transformation:[0.8786061213376988f,0.19351154863272266f,1.200251875271891f,-0.5995840543872527f,-0.8603894177959649f,1.1452267527436937f,0.44518056397922f,2.042091104585411f,-0.858941984823566f,-0.9492149205242729f,0.7817990159634722f,-0.08969801219135033f,0f,0f,0f,1f],start_interpolation:0}
execute if entity @s[tag=aj.toji.bone.chain2] run data modify entity @s {} merge value {transformation:[-1.2419272876077203f,0.9091132783285915f,-0.20023069962691414f,-0.6121625124824484f,-0.4606382224507212f,-0.8902640503583248f,-1.1849915705472944f,1.609324220288146f,-0.8089448151288706f,-0.8887663592966063f,0.982173771931366f,0.17702835453704818f,0f,0f,0f,1f],start_interpolation:0}
execute if entity @s[tag=aj.toji.bone.bottom2] run data modify entity @s {} merge value {transformation:[-0.8001679168479271f,0.5857374142251327f,-0.1290076990884816f,-0.502336747315236f,-0.29678704265281364f,-0.5735929451973099f,-0.7634845018291292f,1.5017755430636504f,-0.5211993439756482f,-0.5726279898823772f,0.6328099470161821f,0.06966060643410245f,0f,0f,0f,1f],start_interpolation:0}
execute if entity @s[tag=aj.toji.bone.rightarm] run data modify entity @s {} merge value {transformation:[-0.8001679168479271f,0.5857374142251327f,-0.1290076990884816f,-0.3058918989559575f,-0.29678704265281364f,-0.5735929451973099f,-0.7634845018291292f,1.3769264969301238f,-0.5211993439756482f,-0.5726279898823772f,0.6328099470161821f,-0.040921432038013836f,0f,0f,0f,1f],start_interpolation:0}
execute if entity @s[tag=aj.toji.bone.chain] run data modify entity @s {} merge value {transformation:[-1.5508242224712625f,-0.05440285083334067f,0.030777173826090548f,0.37312769839787974f,-0.044504477090858786f,1.4976916320149891f,0.4048478733083068f,1.113134249159248f,-0.0438891344911851f,0.40363693937076034f,-1.4980365945664116f,-0.2477049088206384f,0f,0f,0f,1f],start_interpolation:0}
execute if entity @s[tag=aj.toji.bone.blade] run data modify entity @s {} merge value {transformation:[0.05257725181208729f,-0.029744382758101262f,-1.4987831411802803f,0.3733705635927798f,-1.4474335235581102f,-0.3912623742040012f,-0.04301103826230607f,0.7165439863584526f,-0.39009207563348647f,1.4477669101849882f,-0.04241634474315899f,0.1640100636465286f,0f,0f,0f,1f],start_interpolation:0}
execute if entity @s[tag=aj.toji.bone.bottom] run data modify entity @s {} merge value {transformation:[-0.9991887607868536f,-0.035051501208058417f,0.01982958850540062f,0.37312769839787974f,-0.028674025508204318f,0.9649556823720734f,0.26084158280266745f,1.113134249159248f,-0.028277563162105834f,0.2600613837556576f,-0.9651779401233255f,-0.2477049088206384f,0f,0f,0f,1f],start_interpolation:0}
execute if entity @s[tag=aj.toji.bone.leftarm] run data modify entity @s {} merge value {transformation:[-0.9991887607868536f,-0.035051501208058417f,0.01982958850540062f,0.30191552554668677f,-0.028674025508204318f,0.9649556823720734f,0.26084158280266745f,1.3525810431580034f,-0.028277563162105834f,0.2600613837556576f,-0.9651779401233255f,-0.1844569105793556f,0f,0f,0f,1f],start_interpolation:0}
execute if entity @s[tag=aj.toji.locator_origin.mount] at @s on origin run tp @s ^-0.01389 ^1.72129 ^-0.22357 ~-14.13313 ~-20.74468
execute if entity @s[tag=aj.toji.bone.head] run data modify entity @s {} merge value {transformation:[-0.9724918792042307f,-0.046020655999909225f,-0.22834544905288093f,-0.002385824045562441f,0.03895272603539261f,0.9343565131642192f,-0.3542041663250362f,1.4877045240528763f,0.22965676566614682f,-0.35335535304978793f,-0.9068614913286506f,-0.13522700557042167f,0f,0f,0f,1f],start_interpolation:0}
execute if entity @s[tag=aj.toji.bone.upper] run data modify entity @s {} merge value {transformation:[-0.9724918792042307f,-0.0031810987274165877f,-0.2329150606824519f,0f,0.03895272603539261f,0.9836060320705018f,-0.17607344720012363f,0.75f,0.22965676566614682f,-0.18030267409389555f,-0.9564249660576385f,0f,0f,0f,0f,1f],start_interpolation:0}