execute if entity @s[tag=aj.toji.locator_origin.head] at @s on origin run tp @s ^-0.01528 ^1.49538 ^0.08166 ~10.6 ~6.36
execute if entity @s[tag=aj.toji.bone.blade2] run data modify entity @s {} merge value {transformation:[-1.406053756409881f,-0.39089734165699147f,0.34671616975728126f,-0.09964795163531429f,-0.05318503394019925f,1.0972464728417628f,1.0213821664788807f,1.6097308881863786f,-0.519792445357224f,0.9451187471010236f,-1.0423849421532092f,0.6195390879626609f,0f,0f,0f,1f],start_interpolation:0}
execute if entity @s[tag=aj.toji.bone.chain2] run data modify entity @s {} merge value {transformation:[-0.3587549256516316f,-1.454875067396335f,0.40447016602008157f,-0.05162613768511776f,-1.0568468250371754f,-0.05503173650756705f,-1.135345308704324f,1.2406064005970545f,1.078578863755751f,-0.53784079415435f,-0.977935370264254f,0.27308654213942896f,0f,0f,0f,1f],start_interpolation:0}
execute if entity @s[tag=aj.toji.bone.bottom2] run data modify entity @s {} merge value {transformation:[-0.231144113171521f,-0.9373691709399206f,0.2605982277713277f,-0.22738285723635288f,-0.6809214443192539f,-0.035456689293466015f,-0.731497648561175f,1.2339582713545296f,0.6949232947688059f,-0.3465282969048161f,-0.6300791647340159f,0.20811248646977595f,0f,0f,0f,1f],start_interpolation:0}
execute if entity @s[tag=aj.toji.bone.rightarm] run data modify entity @s {} merge value {transformation:[-0.7823696845537786f,-0.5656732629121374f,0.2605982277713277f,-0.31990306767977605f,-0.5423945056217516f,0.4131820306121841f,-0.731497648561175f,1.3711534356089352f,0.306114156749662f,-0.7136486314745712f,-0.6300791647340159f,0.010568193804279258f,0f,0f,0f,1f],start_interpolation:0}
execute if entity @s[tag=aj.toji.bone.chain] run data modify entity @s {} merge value {transformation:[-1.30677928003542f,0.5451359236299878f,0.6357022979739032f,0.2592463813312646f,0.27475272257616806f,1.3920788468832546f,-0.6289595369404006f,1.1358621023159479f,-0.7910761836373309f,-0.4170203621400041f,-1.2685642131376431f,0.2245642697706797f,0f,0f,0f,1f],start_interpolation:0}
execute if entity @s[tag=aj.toji.bone.blade] run data modify entity @s {} merge value {transformation:[-0.526842771830324f,-0.6143700060955847f,-1.2629276263429559f,-0.04225660174782658f,-1.3453647916187155f,0.607853512210857f,0.2655328325568337f,1.0915069474481538f,0.40302639025611114f,1.2259949442404063f,-0.7645300029783603f,0.7082187802599442f,0f,0f,0f,1f],start_interpolation:0}
execute if entity @s[tag=aj.toji.bone.bottom] run data modify entity @s {} merge value {transformation:[-0.8419517508953042f,0.3512285145535491f,0.40958000406372286f,0.2592463813312646f,0.17702188837122235f,0.8969098610791437f,-0.40523567480723793f,1.1358621023159479f,-0.50968666865224f,-0.2686842601707409f,-0.8173299628269377f,0.2245642697706797f,0f,0f,0f,1f],start_interpolation:0}
execute if entity @s[tag=aj.toji.bone.leftarm] run data modify entity @s {} merge value {transformation:[-0.8419517508953042f,0.3512285145535491f,0.40958000406372286f,0.29443152553869534f,0.17702188837122235f,0.8969098610791437f,-0.40523567480723793f,1.3711534356089352f,-0.50968666865224f,-0.2686842601707409f,-0.8173299628269377f,0.12553778793722947f,0f,0f,0f,1f],start_interpolation:0}
execute if entity @s[tag=aj.toji.locator_origin.mount] at @s on origin run tp @s ^-0.02038 ^1.74385 ^0.10888 ~10.6 ~6.36
execute if entity @s[tag=aj.toji.bone.head] run data modify entity @s {} merge value {transformation:[-0.9829353491495543f,-0.020377233712864592f,0.1828192214687921f,-0.015282925284648443f,0f,0.9938454969742966f,0.11077512421077869f,1.4953841227307225f,-0.18395135061272033f,0.10888478539320699f,-0.9768858705691424f,0.08166358904490524f,0f,0f,0f,1f],start_interpolation:0}
execute if entity @s[tag=aj.toji.bone.upper] run data modify entity @s {} merge value {transformation:[-0.9829353491495543f,-0.020377233712864592f,0.1828192214687921f,0f,0f,0.9938454969742966f,0.11077512421077869f,0.75f,-0.18395135061272033f,0.10888478539320699f,-0.9768858705691424f,0f,0f,0f,0f,1f],start_interpolation:0}