execute if entity @s[tag=aj.toji.locator_origin.head] at @s on origin run tp @s ^-0.0083 ^1.4975 ^0.06063 ~7.8 ~4.68
execute if entity @s[tag=aj.toji.bone.blade2] run data modify entity @s {} merge value {transformation:[-1.2712824912097345f,-0.1160743744947068f,0.7876341581782963f,-0.05743681399017511f,0.5799145496472293f,0.88172722319073f,1.065953197373982f,1.3618623946591786f,-0.5454722198710236f,1.2079254295982127f,-0.7024074415031142f,0.6629955043900418f,0f,0f,0f,1f],start_interpolation:0}
execute if entity @s[tag=aj.toji.bone.chain2] run data modify entity @s {} merge value {transformation:[-0.8149825664483764f,-1.315424244376739f,0.12010473472021765f,-0.09310397121712069f,-1.10296546117169f,0.6000504715099807f,-0.9123427517737414f,1.101907258026061f,0.7267965887775276f,-0.5644122275054343f,-1.2498672847925953f,0.22740449289651676f,0f,0f,0f,1f],start_interpolation:0}
execute if entity @s[tag=aj.toji.bone.bottom2] run data modify entity @s {} merge value {transformation:[-0.525089438785531f,-0.8475216608064895f,0.07738291632980465f,-0.25201428261833747f,-0.7106354649159881f,0.38660969976481974f,-0.5878181487938199f,1.1743965767319646f,0.4682716276687426f,-0.36364814658068245f,-0.8052836197321419f,0.1592204654126388f,0f,0f,0f,1f],start_interpolation:0}
execute if entity @s[tag=aj.toji.bone.rightarm] run data modify entity @s {} merge value {transformation:[-0.8755222166449289f,-0.47694101566278035f,0.07738291632980465f,-0.31652939799372454f,-0.42645137911592357f,0.687465668378235f,-0.5878181487938199f,1.3729162050212687f,0.2271564866150137f,-0.5476479000049412f,-0.8052836197321419f,0.008111209997965135f,0f,0f,0f,1f],start_interpolation:0}
execute if entity @s[tag=aj.toji.bone.chain] run data modify entity @s {} merge value {transformation:[-1.4166650023912806f,0.3521804444986486f,0.5272493519422843f,0.30300786368602917f,0.1963791473038009f,1.4708897550573954f,-0.45484198638927226f,1.1280864801541526f,-0.6028749249347302f,-0.3484464615849058f,-1.3871155546330718f,0.17333588993481563f,0f,0f,0f,1f],start_interpolation:0}
execute if entity @s[tag=aj.toji.bone.blade] run data modify entity @s {} merge value {transformation:[-0.3403623087772177f,-0.5095564206690535f,-1.3691259083513043f,0.07080274183113797f,-1.421531038444731f,0.43957883248359203f,0.18978924303186145f,1.013577845718319f,0.3367536273035329f,1.3405680527997468f,-0.5826442227557127f,0.6830040840665886f,0f,0f,0f,1f],start_interpolation:0}
execute if entity @s[tag=aj.toji.bone.bottom] run data modify entity @s {} merge value {transformation:[-0.9127506055675364f,0.22690820585147828f,0.33970428044603546f,0.30300786368602917f,0.12652616202124084f,0.947687358963154f,-0.2930525549890613f,1.1280864801541526f,-0.38842948183714154f,-0.22450241820235536f,-0.8937120351998313f,0.17333588993481563f,0f,0f,0f,1f],start_interpolation:0}
execute if entity @s[tag=aj.toji.bone.leftarm] run data modify entity @s {} merge value {transformation:[-0.9127506055675364f,0.22690820585147828f,0.33970428044603546f,0.3026880023009277f,0.12652616202124084f,0.947687358963154f,-0.2930525549890613f,1.3729162050212687f,-0.38842948183714154f,-0.22450241820235536f,-0.8937120351998313f,0.09293344276940543f,0f,0f,0f,1f],start_interpolation:0}
execute if entity @s[tag=aj.toji.locator_origin.mount] at @s on origin run tp @s ^-0.01107 ^1.74667 ^0.08084 ~7.8 ~4.68
execute if entity @s[tag=aj.toji.bone.head] run data modify entity @s {} merge value {transformation:[-0.9907478404714436f,-0.011073116554237488f,0.1352630869489057f,-0.008304837415678116f,0f,0.9966659280340299f,0.08159061156815753f,1.4974994460255224f,-0.1357155724343045f,0.08083572221389645f,-0.9874446158711824f,0.06062679166042234f,0f,0f,0f,1f],start_interpolation:0}
execute if entity @s[tag=aj.toji.bone.upper] run data modify entity @s {} merge value {transformation:[-0.9907478404714436f,-0.011073116554237488f,0.1352630869489057f,0f,0f,0.9966659280340299f,0.08159061156815753f,0.75f,-0.1357155724343045f,0.08083572221389645f,-0.9874446158711824f,0f,0f,0f,0f,1f],start_interpolation:0}