execute if entity @s[tag=aj.toji.locator_origin.head] at @s on origin run tp @s ^-0.00789 ^1.48528 ^-0.14763 ~-15.27572 ~-11.11768
execute if entity @s[tag=aj.toji.bone.blade2] run data modify entity @s {} merge value {transformation:[0.8365709678948556f,0.24342938513327603f,1.2210205363256998f,-0.5716043493295367f,-0.9050425191028014f,1.1291112602665896f,0.3949756961576861f,2.0530666132549245f,-0.8550128971492302f,-0.9570004683346964f,0.7765970958712449f,-0.09572214843295386f,0f,0f,0f,1f],start_interpolation:0}
execute if entity @s[tag=aj.toji.bone.chain2] run data modify entity @s {} merge value {transformation:[-1.2634170827258977f,0.8656185709467606f,-0.2518817943392923f,-0.6033119787291314f,-0.4086901300520507f,-0.9364676065716487f,-1.1683165123591797f,1.6230397021121805f,-0.8035622728112188f,-0.8847008449669117f,0.9902296512629849f,0.17383272611290854f,0f,0f,0f,1f],start_interpolation:0}
execute if entity @s[tag=aj.toji.bone.bottom2] run data modify entity @s {} merge value {transformation:[-0.8140136908837997f,0.5577139785965706f,-0.16228625675551717f,-0.49874060774227447f,-0.26331713077179103f,-0.6033616794018676f,-0.7527408401777265f,1.5099093872243303f,-0.5177313972474966f,-0.5700085980994867f,0.6380003122231311f,0.06695611396925479f,0f,0f,0f,1f],start_interpolation:0}
execute if entity @s[tag=aj.toji.bone.rightarm] run data modify entity @s {} merge value {transformation:[-0.8140136908837997f,0.5577139785965706f,-0.16228625675551717f,-0.3084362574128944f,-0.26331713077179103f,-0.6033616794018676f,-0.7527408401777265f,1.3755262880471004f,-0.5177313972474966f,-0.5700085980994867f,0.6380003122231311f,-0.043187823227648345f,0f,0f,0f,1f],start_interpolation:0}
execute if entity @s[tag=aj.toji.bone.chain] run data modify entity @s {} merge value {transformation:[-1.5507030676435598f,-0.053443680132539466f,-0.03776827591848837f,0.36633442915309f,-0.06240261775146147f,1.4773896685280339f,0.4715806974797662f,1.1144919716476f,0.01971250642940303f,0.47267982185791313f,-1.4782245691063836f,-0.27979093062010624f,0f,0f,0f,1f],start_interpolation:0}
execute if entity @s[tag=aj.toji.bone.blade] run data modify entity @s {} merge value {transformation:[0.051650268047554584f,0.03650088410914279f,-1.4986660519508228f,0.3885249156271106f,-1.4278128340136702f,-0.4557558418596398f,-0.06030857017590864f,0.6999798791218393f,-0.4568180828693925f,1.4286197177940887f,0.01905101292506043f,0.11324904386786916f,0f,0f,0f,1f],start_interpolation:0}
execute if entity @s[tag=aj.toji.bone.bottom] run data modify entity @s {} merge value {transformation:[-0.9991107013005485f,-0.03443351203170328f,-0.02433392273942875f,0.36633442915309f,-0.04020571345060604f,0.9518752226757802f,0.30383722790642653f,1.1144919716476f,0.012700675283373764f,0.304545388579595f,-0.9524131451960591f,-0.27979093062010624f,0f,0f,0f,1f],start_interpolation:0}
execute if entity @s[tag=aj.toji.bone.leftarm] run data modify entity @s {} merge value {transformation:[-0.9991107013005485f,-0.03443351203170328f,-0.02433392273942875f,0.29528163231387994f,-0.04020571345060604f,0.9518752226757802f,0.30383722790642653f,1.3499479202258822f,0.012700675283373764f,0.304545388579595f,-0.9524131451960591f,-0.20286079126999662f,0f,0f,0f,1f],start_interpolation:0}
execute if entity @s[tag=aj.toji.locator_origin.mount] at @s on origin run tp @s ^-0.02305 ^1.71631 ^-0.24196 ~-15.7786 ~-22.33188
execute if entity @s[tag=aj.toji.bone.head] run data modify entity @s {} merge value {transformation:[-0.965948623562839f,-0.06064422636763052f,-0.2515264090415326f,-0.007892775059408686f,0.04092538851394931f,0.9240926650301738f,-0.3799708660047677f,1.4852845249637896f,0.25547674886775723f,-0.37732615102282857f,-0.8901441493051889f,-0.14762916869858697f,0f,0f,0f,1f],start_interpolation:0}
execute if entity @s[tag=aj.toji.bone.upper] run data modify entity @s {} merge value {transformation:[-0.965948623562839f,-0.01052370007921158f,-0.25851984135400435f,0f,0.04092538851394931f,0.9803793666183861f,-0.19282481708513133f,0.75f,0.25547674886775723f,-0.19683889159811596f,-0.9465654132400919f,0f,0f,0f,0f,1f],start_interpolation:0}