execute if entity @s[tag=aj.toji.locator_origin.head] at @s on origin run tp @s ^-0.02119 ^1.49358 ^0.09557 ~12.5 ~7.5
execute if entity @s[tag=aj.toji.bone.blade2] run data modify entity @s {} merge value {transformation:[-1.364586750848449f,-0.6159791177682616f,0.09204741105705408f,-0.17986901284254952f,-0.46905818480425215f,1.162258262270959f,0.8240996002007468f,1.7575599201507144f,-0.40974067247103035f,0.7209198695113938f,-1.2499548484111989f,0.5507559635543411f,0f,0f,0f,1f],start_interpolation:0}
execute if entity @s[tag=aj.toji.bone.chain2] run data modify entity @s {} merge value {transformation:[-0.09524350171875753f,-1.4119682352529093f,0.6373672815796597f,-0.05434761211595379f,-0.8527141696521621f,-0.48534492733217743f,-1.2026144519331448f,1.3422280215640239f,1.2933560584254764f,-0.4239677791540526f,-0.7459518094249842f,0.2855538888329029f,0f,0f,0f,1f],start_interpolation:0}
execute if entity @s[tag=aj.toji.bone.bottom2] run data modify entity @s {} merge value {transformation:[-0.06136494070470283f,-0.9097245005656327f,0.4106527451788411f,-0.22492095597200992f,-0.5493997334671648f,-0.312705456536168f,-0.7748388415139724f,1.2835957484634923f,0.8333032322741324f,-0.2731604483140204f,-0.48061324634092933f,0.23433630477402403f,0f,0f,0f,1f],start_interpolation:0}
execute if entity @s[tag=aj.toji.bone.rightarm] run data modify entity @s {} merge value {transformation:[-0.7121768100389628f,-0.5693579841539143f,0.4106527451788411f,-0.3227494013830533f,-0.6017197261980503f,0.19379922803104366f,-0.7748388415139724f,1.3696530383586314f,0.3615764958440614f,-0.7989201118351964f,-0.48061324634092933f,0.012007745824971106f,0f,0f,0f,1f],start_interpolation:0}
execute if entity @s[tag=aj.toji.bone.chain] run data modify entity @s {} merge value {transformation:[-1.2162144132939574f,0.6854503069340835f,0.6781910138236257f,0.22600257698197718f,0.32835402713635703f,1.320794758398176f,-0.7460881400091756f,1.1436852641010853f,-0.9066249540854713f,-0.4411595590293671f,-1.1799881820245672f,0.2548501497793568f,0f,0f,0f,1f],start_interpolation:0}
execute if entity @s[tag=aj.toji.bone.blade] run data modify entity @s {} merge value {transformation:[-0.6624486187819332f,-0.6554329261114236f,-1.1754018490894618f,-0.11415842194559966f,-1.276472786639848f,0.721051625243767f,0.31733543562171423f,1.1497661284213494f,0.4263555469814015f,1.1403912631646822f,-0.8762012979081067f,0.7142482690433113f,0f,0f,0f,1f],start_interpolation:0}
execute if entity @s[tag=aj.toji.bone.bottom] run data modify entity @s {} merge value {transformation:[-0.7836012327263081f,0.44163241252128865f,0.43695528407428225f,0.22600257698197718f,0.21155695708114275f,0.8509818577598987f,-0.4807010834958446f,1.1436852641010853f,-0.5841341986054043f,-0.2842370313209345f,-0.7602608421097883f,0.2548501497793568f,0f,0f,0f,1f],start_interpolation:0}
execute if entity @s[tag=aj.toji.bone.leftarm] run data modify entity @s {} merge value {transformation:[-0.7836012327263081f,0.44163241252128865f,0.43695528407428225f,0.2874356030669051f,0.21155695708114275f,0.8509818577598987f,-0.4807010834958446f,1.3696530383586314f,-0.5841341986054043f,-0.2842370313209345f,-0.7602608421097883f,0.14728250453628547f,0f,0f,0f,1f],start_interpolation:0}
execute if entity @s[tag=aj.toji.locator_origin.mount] at @s on origin run tp @s ^-0.02825 ^1.74144 ^0.12743 ~12.5 ~7.5
execute if entity @s[tag=aj.toji.bone.head] run data modify entity @s {} merge value {transformation:[-0.9762960071199334f,-0.028251038652918586f,0.21458794303666354f,-0.02118827898968894f,-1.734723475976807e-18f,0.9914448613738104f,0.13052619222005157f,1.4935836460303578f,-0.216439613938103f,0.12743220028900526f,-0.967943659438827f,0.09557415021675394f,0f,0f,0f,1f],start_interpolation:0}
execute if entity @s[tag=aj.toji.bone.upper] run data modify entity @s {} merge value {transformation:[-0.9762960071199334f,-0.028251038652918586f,0.21458794303666354f,0f,-1.734723475976807e-18f,0.9914448613738104f,0.13052619222005157f,0.75f,-0.216439613938103f,0.12743220028900526f,-0.967943659438827f,0f,0f,0f,0f,1f],start_interpolation:0}