execute if entity @s[tag=aj.toji.locator_origin.head] at @s on origin run tp @s ^0.00662 ^1.49837 ^-0.04901 ~-4.71811 ~-3.69286
execute if entity @s[tag=aj.toji.bone.blade2] run data modify entity @s {} merge value {transformation:[0.13390356285309668f,-0.3337879018080847f,1.4562470506276752f,-0.5254630986787696f,0.9729432903221081f,1.129031013231669f,0.16932313775223073f,1.4069672932590598f,-1.133777398642448f,0.9294485503607111f,0.3172919831321552f,0.6788681638399291f,0f,0f,0f,1f],start_interpolation:0}
execute if entity @s[tag=aj.toji.bone.chain2] run data modify entity @s {} merge value {transformation:[-1.5068111843300254f,0.13855299211882957f,0.3453777595097547f,-0.4056524722298805f,-0.17520241336862769f,1.0067260434582925f,-1.1682334789688797f,1.0872271268127411f,-0.3283090658798f,-1.1731446694286443f,-0.961721069470458f,0.3020393058535055f,0f,0f,0f,1f],start_interpolation:0}
execute if entity @s[tag=aj.toji.bone.bottom2] run data modify entity @s {} merge value {transformation:[-0.9708313670851169f,0.08926904190206468f,0.22252526787205668f,-0.38891452687324335f,-0.11288209183482051f,0.6486288602147388f,-0.752687342154446f,1.2088450381030047f,-0.21152798875477047f,-0.7558515990949654f,-0.6196323669071406f,0.16031713102319953f,0f,0f,0f,1f],start_interpolation:0}
execute if entity @s[tag=aj.toji.bone.rightarm] run data modify entity @s {} merge value {transformation:[-0.9708313670851169f,0.08926904190206468f,0.22252526787205668f,-0.3059203059549074f,-0.11288209183482051f,0.6486288602147388f,-0.752687342154446f,1.3780573838963657f,-0.21152798875477047f,-0.7558515990949654f,-0.6196323669071406f,-0.015425269453368678f,0f,0f,0f,1f],start_interpolation:0}
execute if entity @s[tag=aj.toji.bone.chain] run data modify entity @s {} merge value {transformation:[-1.551924757381369f,-0.00020416088147419363f,0.022185115645972555f,0.37947274700921807f,0.0017728666159652637f,1.5459133170425066f,0.13824451795897144f,1.1201444563939829f,-0.022115107547843738f,0.13825573449257303f,-1.5457551382768158f,-0.08763906407880709f,0f,0f,0f,1f],start_interpolation:0}
execute if entity @s[tag=aj.toji.bone.blade] run data modify entity @s {} merge value {transformation:[0.00019730984518278024f,-0.02144064867798723f,-1.4998467453887057f,0.37286346312869934f,-1.494037031235711f,-0.13360544017511333f,0.001713374447644643f,0.8010019681449707f,-0.1336162803149699f,1.4938841604822914f,-0.021372989844896263f,0.38659453199633675f,0f,0f,0f,1f],start_interpolation:0}
execute if entity @s[tag=aj.toji.bone.bottom] run data modify entity @s {} merge value {transformation:[-0.999897830259137f,-0.00013153989678874219f,0.014293765785324597f,0.37947274700921807f,0.0011422496317628544f,0.9960246874904739f,0.08907029345007555f,1.1201444563939829f,-0.014248659896597307f,0.08907752020997993f,-0.995922773654861f,-0.08763906407880709f,0f,0f,0f,1f],start_interpolation:0}
execute if entity @s[tag=aj.toji.bone.leftarm] run data modify entity @s {} merge value {transformation:[-0.999897830259137f,-0.00013153989678874219f,0.014293765785324597f,0.31694624764382484f,0.0011422496317628544f,0.9960246874904739f,0.08907029345007555f,1.3692220188685864f,-0.014248659896597307f,0.08907752020997993f,-0.995922773654861f,-0.06626022526984944f,0f,0f,0f,1f],start_interpolation:0}
execute if entity @s[tag=aj.toji.locator_origin.mount] at @s on origin run tp @s ^0.00747 ^1.74623 ^-0.08162 ~-4.77179 ~-7.45248
execute if entity @s[tag=aj.toji.bone.head] run data modify entity @s {} merge value {transformation:[-0.9965864857579715f,0.003419005374294501f,-0.08248446403309496f,0.0066155650133504496f,0.014136584044446662f,0.991452005816817f,-0.1297038054698641f,1.4983676416589713f,0.08133592930636922f,-0.13042710824081238f,-0.9881160033314957f,-0.04901129683393088f,0f,0f,0f,1f],start_interpolation:0}
execute if entity @s[tag=aj.toji.bone.upper] run data modify entity @s {} merge value {transformation:[-0.9965864857579715f,0.008820753351133933f,-0.08208270655195803f,0f,0.014136584044446662f,0.9978235222119617f,-0.06440788392789389f,0.75f,0.08133592930636922f,-0.0653483957785745f,-0.9945421327289438f,0f,0f,0f,0f,1f],start_interpolation:0}