execute if entity @s[tag=aj.toji.locator_origin.head] at @s on origin run tp @s ^-0.00689 ^1.48559 ^-0.14615 ~-15.05215 ~-10.99554
execute if entity @s[tag=aj.toji.bone.blade2] run data modify entity @s {} merge value {transformation:[0.8564176123289287f,0.2681910785213114f,1.2019244646376046f,-0.568957429926082f,-0.9310399735044893f,1.0992444057242672f,0.41812235556193644f,2.0514997981117604f,-0.8060480389093301f,-0.9847513807481957f,0.794072589304621f,-0.12280044656092194f,0f,0f,0f,1f],start_interpolation:0}
execute if entity @s[tag=aj.toji.bone.chain2] run data modify entity @s {} merge value {transformation:[-1.243657952993077f,0.886154334979239f,-0.27750326874774556f,-0.6077729880327547f,-0.4326404929078375f,-0.9633677503622841f,-1.1374126142563599f,1.629925336622527f,-0.8216445542110316f,-0.8340358180381261f,1.018944137024175f,0.15890272049524906f,0f,0f,0f,1f],start_interpolation:0}
execute if entity @s[tag=aj.toji.bone.bottom2] run data modify entity @s {} merge value {transformation:[-0.8012829764250696f,0.5709450748859526f,-0.17879405234754076f,-0.5007207864916386f,-0.27874823704129126f,-0.6206933156696595f,-0.7328296038161781f,1.5135453399344658f,-0.5293817262030807f,-0.5373653592728865f,0.6565009204987973f,0.05814671563158284f,0f,0f,0f,1f],start_interpolation:0}
execute if entity @s[tag=aj.toji.bone.rightarm] run data modify entity @s {} merge value {transformation:[-0.8012829764250696f,0.5709450748859526f,-0.17879405234754076f,-0.30790433174358367f,-0.27874823704129126f,-0.6206933156696595f,-0.7328296038161781f,1.3757937758321317f,-0.5293817262030807f,-0.5373653592728865f,0.6565009204987973f,-0.04310826629894625f,0f,0f,0f,1f],start_interpolation:0}
execute if entity @s[tag=aj.toji.bone.chain] run data modify entity @s {} merge value {transformation:[-1.5509512102873397f,-0.05631619403648831f,-0.0184798054262444f,0.36794345269106926f,-0.05926283781718037f,1.4813301833954815f,0.45946869036581284f,1.113972703475489f,0.0009659053793326193f,0.4598391541200741f,-1.4823999773934309f,-0.27458097819993277f,0f,0f,0f,1f],start_interpolation:0}
execute if entity @s[tag=aj.toji.bone.blade] run data modify entity @s {} merge value {transformation:[0.0544263888674783f,0.017859677727376802f,-1.4989058676602476f,0.3844202077458138f,-1.431621116838586f,-0.4440502779374298f,-0.05727415198438866f,0.7026680484089345f,-0.444408310022085f,1.4326550117090875f,0.00093349244714003f,0.1220928315594153f,0f,0f,0f,1f],start_interpolation:0}
execute if entity @s[tag=aj.toji.bone.bottom] run data modify entity @s {} merge value {transformation:[-0.9992705784401651f,-0.03628425924498575f,-0.011906451818251423f,0.36794345269106926f,-0.03818276798959272f,0.9544140778923906f,0.2960335186249532f,1.113972703475489f,0.0006223282980934997f,0.29627220668139f,-0.9551033411393917f,-0.27458097819993277f,0f,0f,0f,1f],start_interpolation:0}
execute if entity @s[tag=aj.toji.bone.leftarm] run data modify entity @s {} merge value {transformation:[-0.9992705784401651f,-0.03628425924498575f,-0.011906451818251423f,0.2964179767273125f,-0.03818276798959272f,0.9544140778923906f,0.2960335186249532f,1.3501897999492372f,0.0006223282980934997f,0.29627220668139f,-0.9551033411393917f,-0.20047403101095446f,0f,0f,0f,1f],start_interpolation:0}
execute if entity @s[tag=aj.toji.locator_origin.mount] at @s on origin run tp @s ^-0.02155 ^1.71682 ^-0.24007 ~-15.55489 ~-22.20972
execute if entity @s[tag=aj.toji.bone.head] run data modify entity @s {} merge value {transformation:[-0.9669156935534339f,-0.05863647669947337f,-0.24826559399230883f,-0.006891813009762688f,0.040966361412631325f,0.9248996392069819f,-0.37799790294048474f,1.4855901454688212f,0.2517852235392131f,-0.375662642533253f,-0.8918978530147058f,-0.14614937838594041f,0f,0f,0f,1f],start_interpolation:0}
execute if entity @s[tag=aj.toji.bone.upper] run data modify entity @s {} merge value {transformation:[-0.9669156935534339f,-0.009189084013016918f,-0.2549305832870657f,0f,0.040966361412631325f,0.980786860625095f,-0.19073251232493116f,0.75f,0.2517852235392131f,-0.19486583784792055f,-0.9479617642326806f,0f,0f,0f,0f,1f],start_interpolation:0}