execute if entity @s[tag=aj.toji.locator_origin.head] at @s on origin run tp @s ^0.00364 ^1.49973 ^-0.01988 ~-1.89468 ~-1.50889
execute if entity @s[tag=aj.toji.bone.blade2] run data modify entity @s {} merge value {transformation:[-0.01384823086155124f,-0.14509510239194284f,1.4929017508744094f,-0.41559529601920553f,1.4051703969716556f,0.5210011702329422f,0.06367052764368301f,1.0554420459769502f,-0.52469456065079f,1.3991087133878397f,0.13111226542813684f,0.6392082898677557f,0f,0f,0f,1f],start_interpolation:0}
execute if entity @s[tag=aj.toji.bone.chain2] run data modify entity @s {} merge value {transformation:[-1.5447386172242155f,-0.014329072210910317f,0.15013312678055232f,-0.367453809922802f,-0.06588130985353292f,1.4539610357553936f,-0.5390914886438083f,0.9640695980378287f,-0.13566477464439203f,-0.542913121784498f,-1.4476888770471399f,0.1412908052032893f,0f,0f,0f,1f],start_interpolation:0}
execute if entity @s[tag=aj.toji.bone.bottom2] run data modify entity @s {} merge value {transformation:[-0.9952678339162729f,-0.009232153907700606f,0.09673006826129545f,-0.3691848387804959f,-0.04244701842912188f,0.9367802646477703f,-0.34733411348862814f,1.1397158976592856f,-0.0874081769520915f,-0.3497963737671933f,-0.9327391422585598f,0.07570398512194056f,0f,0f,0f,1f],start_interpolation:0}
execute if entity @s[tag=aj.toji.bone.rightarm] run data modify entity @s {} merge value {transformation:[-0.9952678339162729f,-0.009232153907700606f,0.09673006826129545f,-0.309288637637654f,-0.04244701842912188f,0.9367802646477703f,-0.34733411348862814f,1.3765639024730483f,-0.0874081769520915f,-0.3497963737671933f,-0.9327391422585598f,-0.006282097260352046f,0f,0f,0f,1f],start_interpolation:0}
execute if entity @s[tag=aj.toji.bone.chain] run data modify entity @s {} merge value {transformation:[-1.5520530054627362f,0.002715322396524739f,0.009314980916938654f,0.37742393580000255f,0.003047453554249488f,1.5510833560191235f,0.055622021883412996f,1.123020480455825f,-0.009211670425861547f,0.05563922461579702f,-1.5510583791151222f,-0.03544249280273494f,0f,0f,0f,1f],start_interpolation:0}
execute if entity @s[tag=aj.toji.bone.blade] run data modify entity @s {} merge value {transformation:[-0.0026242041952994092f,-0.009002397664692723f,-1.499970689843181f,0.37444912131538477f,-1.4990335789715017f,-0.05375551108195618f,0.002945190012160924f,0.8296197681999499f,-0.05377213654144141f,1.4990094402186414f,-0.008902553968618191f,0.4551696621751805f,0f,0f,0f,1f],start_interpolation:0}
execute if entity @s[tag=aj.toji.bone.bottom] run data modify entity @s {} merge value {transformation:[-0.999980459895454f,0.0017494694635327174f,0.00600159844312826f,0.37742393580000255f,0.0019634600081070526f,0.9993557193143345f,0.035837007387970785f,1.123020480455825f,-0.00593503597907858f,0.03584809102762761f,-0.9993396268124276f,-0.03544249280273494f,0f,0f,0f,1f],start_interpolation:0}
execute if entity @s[tag=aj.toji.bone.leftarm] run data modify entity @s {} merge value {transformation:[-0.999980459895454f,0.0017494694635327174f,0.00600159844312826f,0.31536252442241985f,0.0019634600081070526f,0.9993557193143345f,0.035837007387970785f,1.3729821265349154f,-0.00593503597907858f,0.03584809102762761f,-0.9993396268124276f,-0.02685140979452045f,0f,0f,0f,1f],start_interpolation:0}
execute if entity @s[tag=aj.toji.locator_origin.mount] at @s on origin run tp @s ^0.00464 ^1.74937 ^-0.03313 ~-1.9034 ~-3.02887
execute if entity @s[tag=aj.toji.bone.head] run data modify entity @s {} merge value {transformation:[-0.9994418592961183f,0.003980696224789665f,-0.03316811638130982f,0.003644332070859519f,0.005730841501012423f,0.99858659530124f,-0.052839087240105505f,1.499727617404778f,0.03291090005466944f,-0.052999676812629265f,-0.9980520562151798f,-0.019880104232923496f,0f,0f,0f,1f],start_interpolation:0}
execute if entity @s[tag=aj.toji.bone.upper] run data modify entity @s {} merge value {transformation:[-0.9994418592961183f,0.004859109427812692f,-0.033050853881355466f,0f,0.005730841501012423f,0.9996368232063708f,-0.026332093452004806f,0.75f,0.03291090005466944f,-0.026506805643897995f,-0.9991067319922072f,0f,0f,0f,0f,1f],start_interpolation:0}