execute if entity @s[tag=aj.yuji.locator_origin.head] at @s on origin run tp @s ^0.00628 ^1.49955 ^-0.0253 ~13.94531 ~-1.99219
execute if entity @s[tag=aj.yuji.bone.torso] run data modify entity @s {} merge value {transformation:[-0.970526193127891f,0.008377786518332844f,0.2408499971885755f,0.006283339888749633f,0f,0.9993955764092202f,-0.0347632255937589f,1.499546682306915f,-0.2409956606511486f,-0.0337386209963569f,-0.9699395842012948f,-0.025303965747267673f,0f,0f,0f,1f],start_interpolation:0}
execute if entity @s[tag=aj.yuji.bone.bottom2] run data modify entity @s {} merge value {transformation:[-0.8641797026746875f,0.48866804101304506f,0.11998744591648683f,-0.47423156044893716f,0.024071677399803103f,0.2783324513629175f,-0.9601831079879863f,1.306543602252521f,-0.5026071983490175f,-0.8268824536841874f,-0.2522923145023828f,0.07890988144802627f,0f,0f,0f,1f],start_interpolation:0}
execute if entity @s[tag=aj.yuji.bone.rightarm] run data modify entity @s {} merge value {transformation:[-0.8641797026746875f,0.48866804101304506f,0.11998744591648683f,-0.29805331877850794f,0.024071677399803103f,0.2783324513629175f,-0.9601831079879863f,1.3746222352557627f,-0.5026071983490175f,-0.8268824536841874f,-0.2522923145023828f,-0.096397782076207f,0f,0f,0f,1f],start_interpolation:0}
execute if entity @s[tag=aj.yuji.bone.bottom] run data modify entity @s {} merge value {transformation:[-0.9470770923487231f,-0.010463718080522544f,0.32083561484383216f,0.3703337997183498f,-0.13395014958380966f,0.9211761931490552f,-0.36536526737210434f,1.1527000713174869f,-0.2917230511542814f,-0.38900505366813115f,-0.8738264871505617f,0.16970845994493627f,0f,0f,0f,1f],start_interpolation:0}
execute if entity @s[tag=aj.yuji.bone.leftarm] run data modify entity @s {} merge value {transformation:[-0.9470770923487231f,-0.010463718080522544f,0.32083561484383216f,0.30852555192642395f,-0.13395014958380966f,0.9211761931490552f,-0.36536526737210434f,1.3746222352557627f,-0.2917230511542814f,-0.38900505366813115f,-0.8738264871505617f,0.05422450583076088f,0f,0f,0f,1f],start_interpolation:0}
execute if entity @s[tag=aj.yuji.bone.head] run data modify entity @s {} merge value {transformation:[-0.9999566543901744f,-0.00918427019423236f,0.0015292226158092337f,0.006283339888749633f,-0.00931010547273818f,0.9844396640371924f,-0.175476123180409f,1.499546682306915f,0.00010619272978001915f,-0.1754827542846844f,-0.9844824994238167f,-0.025303965747267673f,0f,0f,0f,1f],start_interpolation:0}
execute if entity @s[tag=aj.yuji.locator_origin.mount] at @s on origin run tp @s ^0 ^0.59375 ^0 ~0 ~0
execute if entity @s[tag=aj.yuji.camera_origin.camera] at @s on origin run tp @s ^0 ^0.005 ^0 ~0 ~0