execute if entity @s[tag=aj.yuji.locator_origin.head] at @s on origin run tp @s ^0 ^1.5 ^0 ~-2.27783 ~0
execute if entity @s[tag=aj.yuji.bone.torso] run data modify entity @s {} merge value {transformation:[-0.999209847479778f,0f,-0.039745197187066386f,0f,0f,1f,0f,1.5f,0.039745197187066386f,0f,-0.999209847479778f,0f,0f,0f,0f,1f],start_interpolation:0}
execute if entity @s[tag=aj.yuji.bone.bottom2] run data modify entity @s {} merge value {transformation:[-0.9819568458799683f,-0.020356747400837257f,-0.18800626496136508f,-0.41357526514946885f,0.1472216384604799f,0.5416824240554313f,-0.8275904425731628f,1.2486485495758992f,0.11868673893268888f,-0.8403366910379971f,-0.5289118108880095f,0.2128583326834721f,0f,0f,0f,1f],start_interpolation:0}
execute if entity @s[tag=aj.yuji.bone.rightarm] run data modify entity @s {} merge value {transformation:[-0.9834862440241559f,0.15941719024211395f,-0.08567944485445919f,-0.31225307733743063f,0.1600849699090463f,0.545427044173665f,-0.8227284739774103f,1.375f,-0.08442517530025276f,-0.8228581280751186f,-0.5619402911664488f,0.012420374120958245f,0f,0f,0f,1f],start_interpolation:0}
execute if entity @s[tag=aj.yuji.bone.bottom] run data modify entity @s {} merge value {transformation:[-0.9990134145390603f,-0.044353475204146224f,-0.0022286337345334903f,0.38577978454715844f,-0.043773989470774016f,0.9919370869407326f,-0.11893129696318881f,1.1297516026067402f,0.007485680785344742f,-0.11871640488512457f,-0.9928999847891685f,0.016790872051238852f,0f,0f,0f,1f],start_interpolation:0}
execute if entity @s[tag=aj.yuji.bone.leftarm] run data modify entity @s {} merge value {transformation:[-0.9990134145390603f,-0.044353475204146224f,-0.0022286337345334903f,0.31225307733743063f,-0.043773989470774016f,0.9919370869407326f,-0.11893129696318881f,1.375f,0.007485680785344742f,-0.11871640488512457f,-0.9928999847891685f,-0.012420374120958245f,0f,0f,0f,1f],start_interpolation:0}
execute if entity @s[tag=aj.yuji.bone.head] run data modify entity @s {} merge value {transformation:[-0.9863561099309928f,-0.006373591831426909f,-0.16450228487460494f,0f,-0.009326077362783694f,0.9998088852603201f,0.01718188684456341f,1.5f,0.1643613357296134f,0.018481620104373313f,-0.9862270433503104f,0f,0f,0f,0f,1f],start_interpolation:0}
execute if entity @s[tag=aj.yuji.locator_origin.mount] at @s on origin run tp @s ^0 ^0.59375 ^0 ~0 ~0
execute if entity @s[tag=aj.yuji.camera_origin.camera] at @s on origin run tp @s ^0 ^0.005 ^0 ~0 ~0