execute if entity @s[tag=aj.yuji.locator_origin.head] at @s on origin run tp @s ^0 ^1.5 ^0 ~-3.28125 ~0
execute if entity @s[tag=aj.yuji.bone.torso] run data modify entity @s {} merge value {transformation:[-0.9983606009402225f,0f,-0.05723731728756851f,0f,0f,1f,0f,1.5f,0.05723731728756851f,0f,-0.9983606009402225f,0f,0f,0f,0f,1f],start_interpolation:0}
execute if entity @s[tag=aj.yuji.bone.bottom2] run data modify entity @s {} merge value {transformation:[-0.941598780502805f,-0.2112203827182124f,-0.26225500277402225f,-0.3858881669625955f,0.1852847246656559f,0.32533343703068796f,-0.9272689607419048f,1.2986699334584286f,0.28117842620158945f,-0.9217071686138564f,-0.2671976571091635f,0.25266036145791115f,0f,0f,0f,1f],start_interpolation:0}
execute if entity @s[tag=aj.yuji.bone.rightarm] run data modify entity @s {} merge value {transformation:[-0.9906072675549443f,0.047950099786367814f,-0.1280547906085684f,-0.3119876877938195f,0.13673303794093955f,0.33950352565152075f,-0.930613470999442f,1.375f,-0.0011479559087851227f,-0.9393817881993801f,-0.3428710226842842f,0.01788666165236516f,0f,0f,0f,1f],start_interpolation:0}
execute if entity @s[tag=aj.yuji.bone.bottom] run data modify entity @s {} merge value {transformation:[-0.9979418756543598f,-0.06412371003251202f,0.0004032705354637123f,0.390389982530345f,-0.0632535141489848f,0.9833270218288213f,-0.17049035482708388f,1.1331215891771063f,0.010535927261643159f,-0.17016497275563824f,-0.9853592625452964f,0.0239960860826917f,0f,0f,0f,1f],start_interpolation:0}
execute if entity @s[tag=aj.yuji.bone.leftarm] run data modify entity @s {} merge value {transformation:[-0.9979418756543598f,-0.06412371003251202f,0.0004032705354637123f,0.3119876877938195f,-0.0632535141489848f,0.9833270218288213f,-0.17049035482708388f,1.375f,0.010535927261643159f,-0.17016497275563824f,-0.9853592625452964f,-0.01788666165236516f,0f,0f,0f,1f],start_interpolation:0}
execute if entity @s[tag=aj.yuji.bone.head] run data modify entity @s {} merge value {transformation:[-0.9719910865506957f,-0.007269076042527245f,-0.23490527495032126f,0f,-0.013249649302051277f,0.9996267580877204f,0.02389123915594806f,1.5f,0.23464393122211946f,0.026334484018526172f,-0.9717246114471463f,0f,0f,0f,0f,1f],start_interpolation:0}
execute if entity @s[tag=aj.yuji.locator_origin.mount] at @s on origin run tp @s ^0 ^0.59375 ^0 ~0 ~0
execute if entity @s[tag=aj.yuji.camera_origin.camera] at @s on origin run tp @s ^0 ^0.005 ^0 ~0 ~0