execute if entity @s[tag=aj.yuji.locator_origin.head] at @s on origin run tp @s ^0.01097 ^1.49918 ^-0.03322 ~18.28125 ~-2.67361
execute if entity @s[tag=aj.yuji.bone.torso] run data modify entity @s {} merge value {transformation:[-0.9495281805930367f,0.014632118924648255f,0.31334028683757303f,0.010974089193486192f,8.673617379884035e-19f,0.9989114649743899f,-0.04664638402618337f,1.4991835987307924f,-0.3136817403988916f,-0.04429205615562599f,-0.9484945859106574f,-0.03321904211671949f,0f,0f,0f,1f],start_interpolation:0}
execute if entity @s[tag=aj.yuji.bone.bottom2] run data modify entity @s {} merge value {transformation:[-0.7318791539077611f,0.6801080019347012f,-0.04249717378424382f,-0.49972514675407337f,-0.0009694423981698192f,-0.06340340529657568f,-0.9979875091293653f,1.3920358876708352f,-0.6814337563231634f,-0.7303650552300454f,0.047062956155738835f,0.019508570598549796f,0f,0f,0f,1f],start_interpolation:0}
execute if entity @s[tag=aj.yuji.bone.rightarm] run data modify entity @s {} merge value {transformation:[-0.7477367685366387f,0.6616364664524588f,-0.055918791463064534f,-0.28758248210741877f,0.015282865043800081f,-0.0670441719864168f,-0.9976329550685006f,1.3743196656089935f,-0.6638193722801695f,-0.746821441351921f,0.04001969168548836f,-0.12570807897191985f,0f,0f,0f,1f],start_interpolation:0}
execute if entity @s[tag=aj.yuji.bone.bottom] run data modify entity @s {} merge value {transformation:[-0.9122985885334138f,0.0341993574391998f,0.40809519638276404f,0.3543414531867675f,-0.17259052087375812f,0.871580859054969f,-0.45886742991143664f,1.1672113583998611f,-0.3713809330922439f,-0.4890574711419387f,-0.7892395025946093f,0.2158186848811373f,0f,0f,0f,1f],start_interpolation:0}
execute if entity @s[tag=aj.yuji.bone.leftarm] run data modify entity @s {} merge value {transformation:[-0.9122985885334138f,0.0341993574391998f,0.40809519638276404f,0.3058726307632291f,-0.17259052087375812f,0.871580859054969f,-0.45886742991143664f,1.3743196656089935f,-0.3713809330922439f,-0.4890574711419387f,-0.7892395025946093f,0.07034300877738738f,0f,0f,0f,1f],start_interpolation:0}
execute if entity @s[tag=aj.yuji.bone.head] run data modify entity @s {} merge value {transformation:[-0.9999206577585077f,-0.005288658514908562f,0.011432772144401027f,0.010974089193486192f,-0.007851343423200303f,0.9713975567866281f,-0.2373291871545102f,1.4991835987307924f,-0.009850613901888239f,-0.23740011954521478f,-0.9713620070013412f,-0.03321904211671949f,0f,0f,0f,1f],start_interpolation:0}
execute if entity @s[tag=aj.yuji.locator_origin.mount] at @s on origin run tp @s ^0 ^0.59375 ^0 ~0 ~0
execute if entity @s[tag=aj.yuji.camera_origin.camera] at @s on origin run tp @s ^0 ^0.005 ^0 ~0 ~0