execute if entity @s[tag=aj.yuji.locator_origin.head] at @s on origin run tp @s ^0 ^1.5 ^0 ~-5 ~0
execute if entity @s[tag=aj.yuji.bone.torso] run data modify entity @s {} merge value {transformation:[-0.9961946980917455f,0f,-0.08715574274765805f,0f,0f,1f,0f,1.5f,0.08715574274765805f,0f,-0.9961946980917455f,0f,0f,0f,0f,1f],start_interpolation:0}
execute if entity @s[tag=aj.yuji.bone.bottom2] run data modify entity @s {} merge value {transformation:[-0.4359023175801968f,-0.8815501042286991f,-0.18126936658625753f,-0.22304821753545495f,0.41664389032943727f,-0.01913224492094233f,-0.9088684315430022f,1.3916305858615747f,0.7977449706387154f,-0.47170262977712446f,0.3756322548477169f,0.2687716380866278f,0f,0f,0f,1f],start_interpolation:0}
execute if entity @s[tag=aj.yuji.bone.rightarm] run data modify entity @s {} merge value {transformation:[-0.820925422978153f,-0.5582818582174003f,-0.12001173564892315f,-0.31131084315367047f,0.1619215551983696f,-0.026041954646706333f,-0.9864599467592794f,1.375f,0.5475973519569665f,-0.829242535922697f,0.1117763693551225f,0.02723616960864314f,0f,0f,0f,1f],start_interpolation:0}
execute if entity @s[tag=aj.yuji.bone.bottom] run data modify entity @s {} merge value {transformation:[-0.9920279704373173f,-0.11651966211040907f,0.047996606251832594f,0.40244250683360505f,-0.12584150767874716f,0.9361167982507644f,-0.32840410316845536f,1.1488358946672306f,-0.006664894234507793f,-0.33182602124368393f,-0.9433170574151775f,0.05613689159193458f,0f,0f,0f,1f],start_interpolation:0}
execute if entity @s[tag=aj.yuji.bone.leftarm] run data modify entity @s {} merge value {transformation:[-0.9920279704373173f,-0.11651966211040907f,0.047996606251832594f,0.31131084315367047f,-0.12584150767874716f,0.9361167982507644f,-0.32840410316845536f,1.375f,-0.006664894234507793f,-0.33182602124368393f,-0.9433170574151775f,-0.02723616960864314f,0f,0f,0f,1f],start_interpolation:0}
execute if entity @s[tag=aj.yuji.bone.head] run data modify entity @s {} merge value {transformation:[-0.9161510165444633f,-0.0038037595650389578f,-0.40081522712805945f,0f,-0.02305830822837866f,0.9987991860570269f,0.04322615358166422f,1.5f,0.40016950071962204f,0.048843805594895165f,-0.9151385978904051f,0f,0f,0f,0f,1f],start_interpolation:0}
execute if entity @s[tag=aj.yuji.locator_origin.mount] at @s on origin run tp @s ^0 ^0.59375 ^0 ~0 ~0
execute if entity @s[tag=aj.yuji.camera_origin.camera] at @s on origin run tp @s ^0 ^0.005 ^0 ~0 ~0