execute if entity @s[tag=aj.yuji.locator_origin.head] at @s on origin run tp @s ^0 ^1.5 ^0 ~-1.30859 ~0
execute if entity @s[tag=aj.yuji.bone.torso] run data modify entity @s {} merge value {transformation:[-0.9997391952214691f,0f,-0.022837283943786237f,0f,0f,1f,0f,1.5f,0.022837283943786237f,0f,-0.9997391952214691f,0f,0f,0f,0f,1f],start_interpolation:0}
execute if entity @s[tag=aj.yuji.bone.bottom2] run data modify entity @s {} merge value {transformation:[-0.9919209929473578f,0.0985209123473001f,-0.07991478949846044f,-0.4241325490111694f,0.12679493077733736f,0.7502438774447555f,-0.6488891815139384f,1.1983910938262463f,-0.003973572636539656f,-0.6537795914426467f,-0.7566746041288738f,0.15791965816622916f,0f,0f,0f,1f],start_interpolation:0}
execute if entity @s[tag=aj.yuji.bone.rightarm] run data modify entity @s {} merge value {transformation:[-0.9792186286377975f,0.20205154485839183f,-0.017494300473252254f,-0.3124184985067091f,0.16580227833364147f,0.7478861942784251f,-0.6427875581458523f,1.375f,-0.11679247333661898f,-0.6323301460693386f,-0.765844700016814f,0.0071366512324331985f,0f,0f,0f,1f],start_interpolation:0}
execute if entity @s[tag=aj.yuji.bone.bottom] run data modify entity @s {} merge value {transformation:[-0.9996612329735939f,-0.02594457637911902f,-0.002073221218763535f,0.3813834696623385f,-0.02573445164107648f,0.9971886127697392f,-0.07037477219214369f,1.1273112500351326f,0.003893236243405769f,-0.07029757832863863f,-0.9975184675948018f,0.010194416084513599f,0f,0f,0f,1f],start_interpolation:0}
execute if entity @s[tag=aj.yuji.bone.leftarm] run data modify entity @s {} merge value {transformation:[-0.9996612329735939f,-0.02594457637911902f,-0.002073221218763535f,0.3124184985067091f,-0.02573445164107648f,0.9971886127697392f,-0.07037477219214369f,1.375f,0.003893236243405769f,-0.07029757832863863f,-0.9975184675948018f,-0.0071366512324331985f,0f,0f,0f,1f],start_interpolation:0}
execute if entity @s[tag=aj.yuji.bone.head] run data modify entity @s {} merge value {transformation:[-0.9953196181149786f,-0.0044888983584465796f,-0.09653345320136783f,0f,-0.005518232299411924f,0.9999307061980618f,0.01039864964960544f,1.5f,0.09648008555003909f,0.0108826740175863f,-0.995275419418406f,0f,0f,0f,0f,1f],start_interpolation:0}
execute if entity @s[tag=aj.yuji.locator_origin.mount] at @s on origin run tp @s ^0 ^0.59375 ^0 ~0 ~0
execute if entity @s[tag=aj.yuji.camera_origin.camera] at @s on origin run tp @s ^0 ^0.005 ^0 ~0 ~0