execute if entity @s[tag=aj.yuji.locator_origin.head] at @s on origin run tp @s ^0.00249 ^1.49982 ^-0.01617 ~8.75 ~-1.25
execute if entity @s[tag=aj.yuji.bone.torso] run data modify entity @s {} merge value {transformation:[-0.9883615104677608f,0.003318554180801172f,0.1520871849434909f,0.0024889156356008788f,0f,0.9997620270799091f,-0.021814885034561103f,1.4998215203099319f,-0.15212338618991664f,-0.021560992723439358f,-0.9881263071930093f,-0.016170744542579517f,0f,0f,0f,1f],start_interpolation:0}
execute if entity @s[tag=aj.yuji.bone.bottom2] run data modify entity @s {} merge value {transformation:[-0.9457984135488682f,0.24588264922251712f,0.21214873023367536f,-0.4273719388106081f,0.017874070803399502f,0.691682027518898f,-0.7219809487793023f,1.203047889470431f,-0.3242620522376296f,-0.6790564745429226f,-0.658586688189169f,0.08848356173438027f,0f,0f,0f,1f],start_interpolation:0}
execute if entity @s[tag=aj.yuji.bone.rightarm] run data modify entity @s {} merge value {transformation:[-0.9457984135488682f,0.24588264922251712f,0.21214873023367536f,-0.30678887565817453f,0.017874070803399502f,0.691682027518898f,-0.7219809487793023f,1.374851266924943f,-0.3242620522376296f,-0.6790564745429226f,-0.658586688189169f,-0.06101417863649855f,0f,0f,0f,1f],start_interpolation:0}
execute if entity @s[tag=aj.yuji.bone.bottom] run data modify entity @s {} merge value {transformation:[-0.9788511628005591f,-0.03573706925978524f,0.20142805903030164f,0.3810495333741572f,-0.08383086736181782f,0.9682279421127313f,-0.23559931619066907f,1.1380337106068739f,-0.18660864599840676f,-0.24750255350777065f,-0.9507469165060566f,0.10760161648404243f,0f,0f,0f,1f],start_interpolation:0}
execute if entity @s[tag=aj.yuji.bone.leftarm] run data modify entity @s {} merge value {transformation:[-0.9788511628005591f,-0.03573706925978524f,0.20142805903030164f,0.31093706838417595f,-0.08383086736181782f,0.9682279421127313f,-0.23559931619066907f,1.374851266924943f,-0.18660864599840676f,-0.24750255350777065f,-0.9507469165060566f,0.034062937732199344f,0f,0f,0f,1f],start_interpolation:0}
execute if entity @s[tag=aj.yuji.bone.head] run data modify entity @s {} merge value {transformation:[-0.9999681236639346f,-0.00793328279192034f,0.000902596351481405f,0.0024889156356008788f,-0.007984421704269024f,0.993918507866852f,-0.10982826926515397f,1.4998215203099319f,-0.00002580850024283543f,-0.10983197505223236f,-0.9939501680617833f,-0.016170744542579517f,0f,0f,0f,1f],start_interpolation:0}
execute if entity @s[tag=aj.yuji.locator_origin.mount] at @s on origin run tp @s ^0 ^0.59375 ^0 ~0 ~0
execute if entity @s[tag=aj.yuji.camera_origin.camera] at @s on origin run tp @s ^0 ^0.005 ^0 ~0 ~0