execute if entity @s[tag=aj.yuji.locator_origin.head] at @s on origin run tp @s ^0 ^1.5 ^0 ~-0.50537 ~0
execute if entity @s[tag=aj.yuji.bone.torso] run data modify entity @s {} merge value {transformation:[-0.9999611006164628f,0f,-0.008820275160807288f,0f,0f,1f,0f,1.5f,0.008820275160807288f,0f,-0.9999611006164628f,0f,0f,0f,0f,1f],start_interpolation:0}
execute if entity @s[tag=aj.yuji.bone.bottom2] run data modify entity @s {} merge value {transformation:[-0.998152065150702f,0.059766863402506955f,0.01097163954997846f,-0.4000958637314205f,0.05325960688550724f,0.9474063976595369f,-0.3155701696107863f,1.1436633093526527f,-0.02925524072349781f,-0.3144026712876423f,-0.9488388120104515f,0.07496727995764511f,0f,0f,0f,1f],start_interpolation:0}
execute if entity @s[tag=aj.yuji.bone.rightarm] run data modify entity @s {} merge value {transformation:[-0.9941293785165107f,0.1018997345259759f,0.03637613055166314f,-0.3124878439426446f,0.08569121357506193f,0.9467695659831545f,-0.31029728462250883f,1.375f,-0.06605902426170951f,-0.3053585319449987f,-0.9499433521436876f,0.0027563359877522775f,0f,0f,0f,1f],start_interpolation:0}
execute if entity @s[tag=aj.yuji.bone.bottom] run data modify entity @s {} merge value {transformation:[-0.9999428745506916f,-0.010667146717998786f,-0.0006779499955679204f,0.37765106028156253f,-0.010642762577702775f,0.9995156594836538f,-0.029243427495272194f,1.125786257790193f,0.0009895655685462391f,-0.029234541690494824f,-0.9995720896124163f,0.004490451586837288f,0f,0f,0f,1f],start_interpolation:0}
execute if entity @s[tag=aj.yuji.bone.leftarm] run data modify entity @s {} merge value {transformation:[-0.9999428745506916f,-0.010667146717998786f,-0.0006779499955679204f,0.3124878439426446f,-0.010642762577702775f,0.9995156594836538f,-0.029243427495272194f,1.375f,0.0009895655685462391f,-0.029234541690494824f,-0.9995720896124163f,-0.0027563359877522775f,0f,0f,0f,1f],start_interpolation:0}
execute if entity @s[tag=aj.yuji.bone.head] run data modify entity @s {} merge value {transformation:[-0.9992351474009128f,-0.002093729012055308f,-0.03904787442998687f,0f,-0.0022656232161506196f,0.9999879355397064f,0.004358408709430879f,1.5f,0.03903827801169493f,0.004443542940051499f,-0.9992278357692111f,0f,0f,0f,0f,1f],start_interpolation:0}
execute if entity @s[tag=aj.yuji.locator_origin.mount] at @s on origin run tp @s ^0 ^0.59375 ^0 ~0 ~0
execute if entity @s[tag=aj.yuji.camera_origin.camera] at @s on origin run tp @s ^0 ^0.005 ^0 ~0 ~0