execute if entity @s[tag=aj.yuji.locator_origin.head] at @s on origin run tp @s ^-0.00017 ^1.5 ^0.00229 ~4.14063 ~0.17578
execute if entity @s[tag=aj.yuji.bone.torso] run data modify entity @s {} merge value {transformation:[-0.9973898376610966f,-0.00022152074956973005f,0.0722043119136867f,-0.00016614056217729753f,0f,0.9999952938095762f,0.003067956762965974f,1.4999964703571822f,-0.07220465172252719f,0.0030599488977658957f,-0.9973851437545938f,0.0022949616733244217f,0f,0f,0f,1f],start_interpolation:0}
execute if entity @s[tag=aj.yuji.bone.bottom2] run data modify entity @s {} merge value {transformation:[-0.5313744341145787f,-0.8009649751514298f,-0.2758556132292409f,-0.26006020001472313f,0.3730046127653779f,0.07114944423249414f,-0.9250974626714515f,1.3662887677925244f,0.7605976397709644f,-0.5944685569196042f,0.2609566347283813f,0.2316401145923787f,0f,0f,0f,1f],start_interpolation:0}
execute if entity @s[tag=aj.yuji.bone.rightarm] run data modify entity @s {} merge value {transformation:[-0.8855947059692052f,-0.42844897538370375f,-0.17931394884941682f,-0.31182277473757375f,0.1626689997159511f,0.07550041328283037f,-0.9837878247495919f,1.374997058630985f,0.4350411627544327f,-0.9004061100896509f,0.0028325999532295837f,-0.020651485602186062f,0f,0f,0f,1f],start_interpolation:0}
execute if entity @s[tag=aj.yuji.bone.bottom] run data modify entity @s {} merge value {transformation:[-0.9777432322823697f,-0.061173021304364965f,0.20068889653022626f,0.38794808114435086f,-0.1256828556632319f,0.9366998766695747f,-0.3267983488935326f,1.1486772679425434f,-0.16799402226972057f,-0.34474802756752587f,-0.9235403651004871f,0.12116305500813243f,0f,0f,0f,1f],start_interpolation:0}
execute if entity @s[tag=aj.yuji.bone.leftarm] run data modify entity @s {} merge value {transformation:[-0.9777432322823697f,-0.061173021304364965f,0.20068889653022626f,0.31154587380061155f,-0.1256828556632319f,0.9366998766695747f,-0.3267983488935326f,1.374997058630985f,-0.16799402226972057f,-0.34474802756752587f,-0.9235403651004871f,0.024476421724393432f,0f,0f,0f,1f],start_interpolation:0}
execute if entity @s[tag=aj.yuji.bone.head] run data modify entity @s {} merge value {transformation:[-0.9716544163147732f,-0.009399407562153498f,-0.23621885274778115f,-0.00016614056217729753f,-0.023059604821914697f,0.9982127285680877f,0.05513259607628175f,1.4999964703571822f,0.23527845180010543f,0.05901694385626759f,-0.9701345527587458f,0.0022949616733244217f,0f,0f,0f,1f],start_interpolation:0}
execute if entity @s[tag=aj.yuji.locator_origin.mount] at @s on origin run tp @s ^0 ^0.59375 ^0 ~0 ~0
execute if entity @s[tag=aj.yuji.camera_origin.camera] at @s on origin run tp @s ^0 ^0.005 ^0 ~0 ~0