execute if entity @s[tag=aj.yuji.locator_origin.head] at @s on origin run tp @s ^0 ^1.5 ^0 ~7.5 ~0
execute if entity @s[tag=aj.yuji.bone.torso] run data modify entity @s {} merge value {transformation:[-0.9914448613738104f,0f,0.13052619222005168f,0f,0f,1f,0f,1.5f,-0.13052619222005168f,0f,-0.9914448613738104f,0f,0f,0f,0f,1f],start_interpolation:0}
execute if entity @s[tag=aj.yuji.bone.bottom2] run data modify entity @s {} merge value {transformation:[-0.6468358198769708f,-0.6995050005673533f,-0.3038028576319747f,-0.28803844445638316f,0.35573128733999493f,0.07562459905733927f,-0.9315235752383547f,1.3650080368145399f,0.6745803683265004f,-0.7106149971670197f,0.19991911481846714f,0.21578743542342826f,0f,0f,0f,1f],start_interpolation:0}
execute if entity @s[tag=aj.yuji.bone.rightarm] run data modify entity @s {} merge value {transformation:[-0.9305070538200638f,-0.31977906234674636f,-0.1786000394057642f,-0.30982651917931575f,0.16121399722025143f,0.08027135204690306f,-0.9836496109595281f,1.375f,0.3288870169091106f,-0.9440857277415f,-0.023140198431054f,-0.04078943506876615f,0f,0f,0f,1f],start_interpolation:0}
execute if entity @s[tag=aj.yuji.bone.bottom] run data modify entity @s {} merge value {transformation:[-0.9670703993541889f,-0.04193738493675649f,0.25103007476714f,0.3807527653731417f,-0.12584150767874716f,0.9361167982507644f,-0.32840410316845536f,1.1488358946672306f,-0.22122106056627927f,-0.3491798902820779f,-0.910568309675077f,0.14191072392467807f,0f,0f,0f,1f],start_interpolation:0}
execute if entity @s[tag=aj.yuji.bone.leftarm] run data modify entity @s {} merge value {transformation:[-0.9670703993541889f,-0.04193738493675649f,0.25103007476714f,0.30982651917931575f,-0.12584150767874716f,0.9361167982507644f,-0.32840410316845536f,1.375f,-0.22122106056627927f,-0.3491798902820779f,-0.910568309675077f,0.04078943506876615f,0f,0f,0f,1f],start_interpolation:0}
execute if entity @s[tag=aj.yuji.bone.head] run data modify entity @s {} merge value {transformation:[-0.9846449893372748f,-0.014918741049328575f,-0.17393008980191166f,0f,-0.021809715640889835f,0.9990482233192777f,0.03777543892873139f,1.5f,0.17320098520695976f,0.04098876246116573f,-0.9840332006976394f,0f,0f,0f,0f,1f],start_interpolation:0}
execute if entity @s[tag=aj.yuji.locator_origin.mount] at @s on origin run tp @s ^0 ^0.59375 ^0 ~0 ~0
execute if entity @s[tag=aj.yuji.camera_origin.camera] at @s on origin run tp @s ^0 ^0.005 ^0 ~0 ~0