execute if entity @s[tag=aj.yuji.locator_origin.head] at @s on origin run tp @s ^0 ^1.5 ^0 ~-5.17822 ~0
execute if entity @s[tag=aj.yuji.bone.torso] run data modify entity @s {} merge value {transformation:[-0.995918774886275f,0f,-0.09025405159338264f,0f,0f,1f,0f,1.5f,0.09025405159338264f,0f,-0.995918774886275f,0f,0f,0f,0f,1f],start_interpolation:0}
execute if entity @s[tag=aj.yuji.bone.bottom2] run data modify entity @s {} merge value {transformation:[-0.4927226198955288f,-0.8508503147338349f,-0.18242302968819604f,-0.22891426985140273f,0.4080670872994705f,-0.040766923238330734f,-0.9120412875701442f,1.397277729499979f,0.7685737909311067f,-0.5238242070456599f,0.3672907948843438f,0.27138119819052076f,0f,0f,0f,1f],start_interpolation:0}
execute if entity @s[tag=aj.yuji.bone.rightarm] run data modify entity @s {} merge value {transformation:[-0.8356368525312382f,-0.5381506023350423f,-0.11002263357199141f,-0.3112246171519609f,0.16121399722025143f,-0.04880741869485261f,-0.9857118661052093f,1.375f,0.5250915137306584f,-0.8414343498376903f,0.12754268744725894f,0.028204391122932073f,0f,0f,0f,1f],start_interpolation:0}
execute if entity @s[tag=aj.yuji.bone.bottom] run data modify entity @s {} merge value {transformation:[-0.9933091100457436f,-0.11124302233521871f,0.03101615517530633f,0.40111719211362457f,-0.11540339930193598f,0.9459758258125088f,-0.30300460789879063f,1.1457187560032438f,0.004366615358670015f,-0.30455660715221383f,-0.952484228588716f,0.0476618472052045f,0f,0f,0f,1f],start_interpolation:0}
execute if entity @s[tag=aj.yuji.bone.leftarm] run data modify entity @s {} merge value {transformation:[-0.9933091100457436f,-0.11124302233521871f,0.03101615517530633f,0.3112246171519609f,-0.11540339930193598f,0.9459758258125088f,-0.30300460789879063f,1.375f,0.004366615358670015f,-0.30455660715221383f,-0.952484228588716f,-0.028204391122932073f,0f,0f,0f,1f],start_interpolation:0}
execute if entity @s[tag=aj.yuji.bone.head] run data modify entity @s {} merge value {transformation:[-0.9226240530025401f,-0.005558967730150974f,-0.38566041370477855f,0f,-0.021809715640889835f,0.9990482233192777f,0.03777543892873139f,1.5f,0.38508335867033944f,0.04326367252522525f,-0.9218671604492703f,0f,0f,0f,0f,1f],start_interpolation:0}
execute if entity @s[tag=aj.yuji.locator_origin.mount] at @s on origin run tp @s ^0 ^0.59375 ^0 ~0 ~0
execute if entity @s[tag=aj.yuji.camera_origin.camera] at @s on origin run tp @s ^0 ^0.005 ^0 ~0 ~0