execute if entity @s[tag=aj.yuji.locator_origin.head] at @s on origin run tp @s ^0.00984 ^1.49929 ^-0.0312 ~17.5 ~-2.5
execute if entity @s[tag=aj.yuji.bone.torso] run data modify entity @s {} merge value {transformation:[-0.9537169507482269f,0.013116602751579954f,0.3004195942140948f,0.009837452063684965f,0f,0.9990482215818578f,-0.04361938736533599f,1.4992861661863932f,-0.30070579950427323f,-0.04160054911157397f,-0.9528092235374883f,-0.03120041183368048f,0f,0f,0f,1f],start_interpolation:0}
execute if entity @s[tag=aj.yuji.bone.bottom2] run data modify entity @s {} merge value {transformation:[-0.7888995820836714f,0.6124547828884616f,-0.05036455405596261f,-0.4922585899914283f,0.026216999933134345f,-0.04833950968857321f,-0.9984868355254234f,1.3881285784066253f,-0.6139626359174595f,-0.7890262547723713f,0.02207829198941038f,0.03891299340843249f,0f,0f,0f,1f],start_interpolation:0}
execute if entity @s[tag=aj.yuji.bone.rightarm] run data modify entity @s {} merge value {transformation:[-0.7888995820836714f,0.6124547828884616f,-0.05036455405596261f,-0.28983867038908345f,0.026216999933134345f,-0.04833950968857321f,-0.9984868355254234f,1.374405138488661f,-0.6139626359174595f,-0.7890262547723713f,0.02207829198941038f,-0.11997090553981912f,0f,0f,0f,1f],start_interpolation:0}
execute if entity @s[tag=aj.yuji.bone.bottom] run data modify entity @s {} merge value {transformation:[-0.9176625776879317f,0.026321024196474474f,0.39648782729913573f,0.3570080788849355f,-0.1682497840704864f,0.8782067876969125f,-0.44771067465865155f,1.1653690530688383f,-0.3599825046740125f,-0.4775563230953171f,-0.8014689979034159f,0.2098582064663067f,0f,0f,0f,1f],start_interpolation:0}
execute if entity @s[tag=aj.yuji.bone.leftarm] run data modify entity @s {} merge value {transformation:[-0.9176625776879317f,0.026321024196474474f,0.39648782729913573f,0.3062344238285584f,-0.1682497840704864f,0.8782067876969125f,-0.44771067465865155f,1.374405138488661f,-0.3599825046740125f,-0.4775563230953171f,-0.8014689979034159f,0.06797021915035165f,0f,0f,0f,1f],start_interpolation:0}
execute if entity @s[tag=aj.yuji.bone.head] run data modify entity @s {} merge value {transformation:[-0.9999621936751525f,-0.008528328007843262f,0.0016967149930278147f,0.009837452063684965f,-0.00869262094554097f,0.9754238854995089f,-0.22016512425481502f,1.4992861661863932f,0.00022262406444822913f,-0.22017154952089438f,-0.9754611418299011f,-0.03120041183368048f,0f,0f,0f,1f],start_interpolation:0}
execute if entity @s[tag=aj.yuji.locator_origin.mount] at @s on origin run tp @s ^0 ^0.59375 ^0 ~0 ~0
execute if entity @s[tag=aj.yuji.camera_origin.camera] at @s on origin run tp @s ^0 ^0.005 ^0 ~0 ~0