execute if entity @s[tag=aj.yuji.locator_origin.head] at @s on origin run tp @s ^0 ^1.5 ^0 ~-4.18701 ~0
execute if entity @s[tag=aj.yuji.bone.torso] run data modify entity @s {} merge value {transformation:[-0.9973310538398813f,0f,-0.07301211575233107f,0f,0f,1f,0f,1.5f,0.07301211575233107f,0f,-0.9973310538398813f,0f,0f,0f,0f,1f],start_interpolation:0}
execute if entity @s[tag=aj.yuji.bone.bottom2] run data modify entity @s {} merge value {transformation:[-0.8460609138793787f,-0.439614050982908f,-0.30153012483662056f,-0.3436990368610856f,0.28427743091277974f,0.1064272250032045f,-0.9528166602509358f,1.3548247465653234f,0.4509626062981504f,-0.8918591435627683f,0.034928437758723396f,0.27771448305143687f,0f,0f,0f,1f],start_interpolation:0}
execute if entity @s[tag=aj.yuji.bone.rightarm] run data modify entity @s {} merge value {transformation:[-0.980611266157715f,-0.11702048639493799f,-0.15718699198233735f,-0.3116659543249629f,0.1436133841911813f,0.11660435978650163f,-0.9827403620285148f,1.375f,0.13332944373138064f,-0.9862604265824886f,-0.09753784081887601f,0.02281628617260346f,0f,0f,0f,1f],start_interpolation:0}
execute if entity @s[tag=aj.yuji.bone.bottom] run data modify entity @s {} merge value {transformation:[-0.9965068784140992f,-0.08323749729312202f,0.006749838351032794f,0.39475700854912465f,-0.08266960359542733f,0.9717998417522352f,-0.22084112889519825f,1.1372168897866555f,0.011822771027237243f,-0.22062771044161283f,-0.9752864376533333f,0.03160171824859742f,0f,0f,0f,1f],start_interpolation:0}
execute if entity @s[tag=aj.yuji.bone.leftarm] run data modify entity @s {} merge value {transformation:[-0.9965068784140992f,-0.08323749729312202f,0.006749838351032794f,0.3116659543249629f,-0.08266960359542733f,0.9717998417522352f,-0.22084112889519825f,1.375f,0.011822771027237243f,-0.22062771044161283f,-0.9752864376533333f,-0.02281628617260346f,0f,0f,0f,1f],start_interpolation:0}
execute if entity @s[tag=aj.yuji.bone.head] run data modify entity @s {} merge value {transformation:[-0.9539317154550792f,-0.00713833832884686f,-0.2999388710634764f,0f,-0.0168714228893586f,0.999411308648393f,0.029872918093066688f,1.5f,0.29954905664785225f,0.03355711953683689f,-0.9534905780288404f,0f,0f,0f,0f,1f],start_interpolation:0}
execute if entity @s[tag=aj.yuji.locator_origin.mount] at @s on origin run tp @s ^0 ^0.59375 ^0 ~0 ~0
execute if entity @s[tag=aj.yuji.camera_origin.camera] at @s on origin run tp @s ^0 ^0.005 ^0 ~0 ~0