execute if entity @s[tag=aj.yuji.locator_origin.head] at @s on origin run tp @s ^0.01177 ^1.49912 ^-0.03439 ~18.88889 ~-2.77778
execute if entity @s[tag=aj.yuji.bone.torso] run data modify entity @s {} merge value {transformation:[-0.9461481568757505f,0.015688916744949016f,0.3233535574753902f,0.011766687558711762f,0f,0.9988250086459504f,-0.04846237822700295f,1.4991187564844628f,-0.32373394205832107f,-0.04585258983729434f,-0.9450364409717715f,-0.03438944237797075f,0f,0f,0f,1f],start_interpolation:0}
execute if entity @s[tag=aj.yuji.bone.bottom2] run data modify entity @s {} merge value {transformation:[-0.7050287563880228f,0.7060637248328863f,-0.06639630367022464f,-0.5019853254126883f,-0.009786144189431877f,-0.10330144957771913f,-0.9946019514846357f,1.4020480484968176f,-0.7091111930070361f,-0.7005732131549512f,0.07974013394700144f,0.007749639874786579f,0f,0f,0f,1f],start_interpolation:0}
execute if entity @s[tag=aj.yuji.bone.rightarm] run data modify entity @s {} merge value {transformation:[-0.7255876960322396f,0.6830814734103778f,-0.08319973587778946f,-0.28586572605807886f,0.012248324142437279f,-0.10806759133678623f,-0.9940680933710564f,1.3742656304037189f,-0.6880206929463156f,-0.7223026349018624f,0.0700459113117885f,-0.1298247255415343f,0f,0f,0f,1f],start_interpolation:0}
execute if entity @s[tag=aj.yuji.bone.bottom] run data modify entity @s {} merge value {transformation:[-0.9070635736460085f,0.04171009567650254f,0.41892235710593095f,0.35174082142301505f,-0.17755464605381407f,0.8643486559768689f,-0.47050584329600537f,1.169275631787865f,-0.38171982006340316f,-0.5011603224813767f,-0.776613359491791f,0.22165655761922323f,0f,0f,0f,1f],start_interpolation:0}
execute if entity @s[tag=aj.yuji.bone.leftarm] run data modify entity @s {} merge value {transformation:[-0.9070635736460085f,0.04171009567650254f,0.41892235710593095f,0.30547687198926515f,-0.17755464605381407f,0.8643486559768689f,-0.47050584329600537f,1.3742656304037189f,-0.38171982006340316f,-0.5011603224813767f,-0.776613359491791f,0.07250898824491636f,0f,0f,0f,1f],start_interpolation:0}
execute if entity @s[tag=aj.yuji.bone.head] run data modify entity @s {} merge value {transformation:[-0.9998922106219568f,-0.004080104246335779f,0.01410389615941654f,0.011766687558711762f,-0.007437451534393784f,0.9689982572033166f,-0.24695558679974922f,1.4991187564844628f,-0.01265904625989317f,-0.24703386465477556f,-0.9689241550614351f,-0.03438944237797075f,0f,0f,0f,1f],start_interpolation:0}
execute if entity @s[tag=aj.yuji.locator_origin.mount] at @s on origin run tp @s ^0 ^0.59375 ^0 ~0 ~0
execute if entity @s[tag=aj.yuji.camera_origin.camera] at @s on origin run tp @s ^0 ^0.005 ^0 ~0 ~0