execute if entity @s[tag=aj.yuji.locator_origin.head] at @s on origin run tp @s ^0.01211 ^1.4991 ^-0.03475 ~19.21875 ~-2.8125
execute if entity @s[tag=aj.yuji.bone.torso] run data modify entity @s {} merge value {transformation:[-0.9442686983133165f,0.016151884845280354f,0.32877916905062543f,0.012113913633960267f,0f,0.9987954562051724f,-0.049067674327418015f,1.4990965921538792f,-0.32917567556803906f,-0.046333068966412747f,-0.9431312853121132f,-0.034749801724809556f,0f,0f,0f,1f],start_interpolation:0}
execute if entity @s[tag=aj.yuji.bone.bottom2] run data modify entity @s {} merge value {transformation:[-0.7050065437827857f,0.7021870501066932f,-0.09949432087265794f,-0.5007786000914458f,-0.005122656480959952f,-0.14532910185304035f,-0.989370107970302f,1.4124713623716445f,-0.7091822978713082f,-0.6970027251145071f,0.10605503085154362f,0.0037473885574109966f,0f,0f,0f,1f],start_interpolation:0}
execute if entity @s[tag=aj.yuji.bone.rightarm] run data modify entity @s {} merge value {transformation:[-0.7217975460198964f,0.6827088530823643f,-0.11365264837485475f,-0.2849890401946112f,0.014485365926373936f,-0.14927546749205328f,-0.9886895412509472f,1.374247160128233f,-0.6919526549798292f,-0.715279984850682f,0.09785737855866378f,-0.13182556671902018f,0f,0f,0f,1f],start_interpolation:0}
execute if entity @s[tag=aj.yuji.bone.bottom] run data modify entity @s {} merge value {transformation:[-0.9034726655347345f,0.046778518220902024f,0.4260855698854617f,0.349951308291907f,-0.18137312918751292f,0.858937741437139f,-0.47888385266533723f,1.1708485453431676f,-0.38838245408397587f,-0.5099389439608661f,-0.7675424045561163f,0.22566786988146925f,0f,0f,0f,1f],start_interpolation:0}
execute if entity @s[tag=aj.yuji.bone.leftarm] run data modify entity @s {} merge value {transformation:[-0.9034726655347345f,0.046778518220902024f,0.4260855698854617f,0.3051788962512116f,-0.18137312918751292f,0.858937741437139f,-0.47888385266533723f,1.374247160128233f,-0.38838245408397587f,-0.5099389439608661f,-0.7675424045561163f,0.07390923051100423f,0f,0f,0f,1f],start_interpolation:0}
execute if entity @s[tag=aj.yuji.bone.head] run data modify entity @s {} merge value {transformation:[-0.9999162792760659f,-0.004493360990625139f,0.012134419875566071f,0.012113913633960267f,-0.007380161683038644f,0.9683261352781732f,-0.24957970460510034f,1.4990965921538792f,-0.010628624193225189f,-0.24964836359216314f,-0.9682782280437344f,-0.034749801724809556f,0f,0f,0f,1f],start_interpolation:0}
execute if entity @s[tag=aj.yuji.locator_origin.mount] at @s on origin run tp @s ^0 ^0.59375 ^0 ~0 ~0
execute if entity @s[tag=aj.yuji.camera_origin.camera] at @s on origin run tp @s ^0 ^0.005 ^0 ~0 ~0