execute if entity @s[tag=aj.yuji.locator_origin.head] at @s on origin run tp @s ^0.00041 ^1.49997 ^-0.00663 ~3.55469 ~-0.50781
execute if entity @s[tag=aj.yuji.bone.torso] run data modify entity @s {} merge value {transformation:[-0.9980760743443812f,0.0005495095208621023f,0.0619987730571809f,0.0004121321406465767f,0f,0.9999607238716498f,-0.008862884072703239f,1.4999705429037373f,-0.06200120822459299f,-0.008845832542652988f,-0.998036873780382f,-0.006634374406989741f,0f,0f,0f,1f],start_interpolation:0}
execute if entity @s[tag=aj.yuji.bone.bottom2] run data modify entity @s {} merge value {transformation:[-0.9909921610723539f,0.050722719718562896f,0.12394249633397735f,-0.38617301977874313f,0.00830495765437669f,0.9469925844963075f,-0.3211480539990285f,1.1387463661491029f,-0.13366212766339194f,-0.3172258668730469f,-0.938883477868867f,0.046048560829956287f,0f,0f,0f,1f],start_interpolation:0}
execute if entity @s[tag=aj.yuji.bone.rightarm] run data modify entity @s {} merge value {transformation:[-0.9909921610723539f,0.050722719718562896f,0.12394249633397735f,-0.3115553297820803f,0.00830495765437669f,0.9469925844963075f,-0.3211480539990285f,1.3749754524197813f,-0.13366212766339194f,-0.3172258668730469f,-0.938883477868867f,-0.02490402290934343f,0f,0f,0f,1f],start_interpolation:0}
execute if entity @s[tag=aj.yuji.bone.bottom] run data modify entity @s {} merge value {transformation:[-0.9964688859265393f,-0.02616072402440172f,0.07978330589064825f,0.3810617030596671f,-0.03391868314922752f,0.9946585282349082f,-0.09748812821563824f,1.1284307380578809f,-0.07680678559700285f,-0.09985003118720345f,-0.9920336128167082f,0.04360966412764074f,0f,0f,0f,1f],start_interpolation:0}
execute if entity @s[tag=aj.yuji.bone.leftarm] run data modify entity @s {} merge value {transformation:[-0.9964688859265393f,-0.02616072402440172f,0.07978330589064825f,0.31224221668315794f,-0.03391868314922752f,0.9946585282349082f,-0.09748812821563824f,1.3749754524197813f,-0.07680678559700285f,-0.09985003118720345f,-0.9920336128167082f,0.013846732231027194f,0f,0f,0f,1f],start_interpolation:0}
execute if entity @s[tag=aj.yuji.bone.head] run data modify entity @s {} merge value {transformation:[-0.9999916462411519f,-0.004080366499754703f,0.00024095048992364004f,0.0004121321406465767f,-0.004087038549414905f,0.9990071571054822f,-0.0443621028347211f,1.4999705429037373f,-0.00005969762567630682f,-0.044362717018352836f,-0.9990154882557842f,-0.006634374406989741f,0f,0f,0f,1f],start_interpolation:0}
execute if entity @s[tag=aj.yuji.locator_origin.mount] at @s on origin run tp @s ^0 ^0.59375 ^0 ~0 ~0
execute if entity @s[tag=aj.yuji.camera_origin.camera] at @s on origin run tp @s ^0 ^0.005 ^0 ~0 ~0