execute if entity @s[tag=aj.yuji.locator_origin.head] at @s on origin run tp @s ^0.01193 ^1.49912 ^-0.03433 ~19.16667 ~-2.77778
execute if entity @s[tag=aj.yuji.bone.torso] run data modify entity @s {} merge value {transformation:[-0.9445675372676047f,0.015911031123620804f,0.32793140537129933f,0.011933273342715604f,0f,0.9988250086459504f,-0.04846237822700296f,1.4991187564844628f,-0.32831717521356124f,-0.04577598925201137f,-0.9434576785779993f,-0.03433199193900853f,0f,0f,0f,1f],start_interpolation:0}
execute if entity @s[tag=aj.yuji.bone.bottom2] run data modify entity @s {} merge value {transformation:[-0.724178200499161f,0.6791357428434582f,-0.11975214701315778f,-0.49791047710535247f,0.007512587125350701f,-0.1658716750169086f,-0.9861187293940665f,1.4175066558043423f,-0.6895719650308306f,-0.7150253353689983f,0.11501858468947503f,0.007732380176728143f,0f,0f,0f,1f],start_interpolation:0}
execute if entity @s[tag=aj.yuji.bone.rightarm] run data modify entity @s {} merge value {transformation:[-0.7336673639132547f,0.6672932236676425f,-0.12826516587063388f,-0.2852329609438634f,0.019401067483704154f,-0.16811383473156805f,-0.9855766520937572f,1.3742656304037189f,-0.6792317702441992f,-0.7255739054149424f,0.11039343310106342f,-0.131209110536745f,0f,0f,0f,1f],start_interpolation:0}
execute if entity @s[tag=aj.yuji.bone.bottom] run data modify entity @s {} merge value {transformation:[-0.9031143368139213f,0.04711724836510636f,0.42680728619325603f,0.34978708380798296f,-0.1822742975089676f,0.8579019573836724f,-0.48039599497172747f,1.1711822846521112f,-0.3887937436594928f,-0.5116485086695401f,-0.7661952939476149f,0.2262008601178341f,0f,0f,0f,1f],start_interpolation:0}
execute if entity @s[tag=aj.yuji.bone.leftarm] run data modify entity @s {} merge value {transformation:[-0.9031143368139213f,0.04711724836510636f,0.42680728619325603f,0.30512174984838947f,-0.1822742975089676f,0.8579019573836724f,-0.48039599497172747f,1.3742656304037189f,-0.3887937436594928f,-0.5116485086695401f,-0.7661952939476149f,0.07398912397173077f,0f,0f,0f,1f],start_interpolation:0}
execute if entity @s[tag=aj.yuji.bone.head] run data modify entity @s {} merge value {transformation:[-0.9999517227985807f,-0.005880132303245265f,0.007872491108077528f,0.011933273342715604f,-0.0076343101003644755f,0.9693172454092873f,-0.24569451573334483f,1.4991187564844628f,-0.006186225136697032f,-0.24574275532810258f,-0.9693153402388257f,-0.03433199193900853f,0f,0f,0f,1f],start_interpolation:0}
execute if entity @s[tag=aj.yuji.locator_origin.mount] at @s on origin run tp @s ^0 ^0.59375 ^0 ~0 ~0
execute if entity @s[tag=aj.yuji.camera_origin.camera] at @s on origin run tp @s ^0 ^0.005 ^0 ~0 ~0