execute if entity @s[tag=aj.yuji.locator_origin.head] at @s on origin run tp @s ^0 ^1.5 ^0 ~0 ~0
execute if entity @s[tag=aj.yuji.bone.bottom2] run data modify entity @s {} merge value {transformation:[-0.434508979713327f,-0.7812794441691944f,0.44811201352692837f,-0.3982382515291243f,0.20051650222188072f,-0.5689589630465577f,-0.7975455038464502f,1.22730036559744f,0.8780632544897808f,-0.25668682959524847f,0.4038771999347744f,0.19297673492439113f,0f,0f,0f,1f],start_interpolation:0}
execute if entity @s[tag=aj.yuji.bone.rightarm] run data modify entity @s {} merge value {transformation:[-0.9954795547591567f,0.0940831174267081f,0.01299319328661584f,-0.3125f,0.04653596044041567f,0.602432527720344f,-0.7968120568429955f,1.375f,-0.08279408458579134f,-0.7926054608440125f,-0.6040875126981615f,-3.827021247335479e-17f,0f,0f,0f,1f],start_interpolation:0}
execute if entity @s[tag=aj.yuji.bone.bottom] run data modify entity @s {} merge value {transformation:[-0.41331163778783153f,0.8524705235590431f,-0.3201054459582216f,0.4117603692643424f,-0.22010209487827848f,-0.434639276195593f,-0.8732947769329464f,1.2340578910796236f,-0.8835884550509553f,-0.29048701528836496f,0.36727201914864643f,0.19154360084999741f,0f,0f,0f,1f],start_interpolation:0}
execute if entity @s[tag=aj.yuji.bone.leftarm] run data modify entity @s {} merge value {transformation:[-0.9871853372987212f,-0.15024514273268924f,0.05377273386804796f,0.3125f,-0.13397483354805054f,0.5972621440685185f,-0.7907772601930637f,1.375f,0.08669402400501561f,-0.7878479094012435f,-0.609737499137053f,3.827021247335479e-17f,0f,0f,0f,1f],start_interpolation:0}
execute if entity @s[tag=aj.yuji.bone.head] run data modify entity @s {} merge value {transformation:[-0.999940343106062f,-0.010107169807977141f,-0.00414190142373418f,0f,-0.010922922179124772f,0.9252621853275584f,0.37917090892358774f,1.5f,-1.224573740523145e-16f,0.3791935304318147f,-0.9253173868887672f,0f,0f,0f,0f,1f],start_interpolation:0}
execute if entity @s[tag=aj.yuji.locator_origin.mount] at @s on origin run tp @s ^0 ^0.59375 ^0 ~0 ~0
execute if entity @s[tag=aj.yuji.camera_origin.camera] at @s on origin run tp @s ^0 ^0.005 ^0 ~0 ~0