execute if entity @s[tag=aj.yuji.locator_origin.head] at @s on origin run tp @s ^0 ^1.5 ^0 ~0 ~0
execute if entity @s[tag=aj.yuji.bone.bottom2] run data modify entity @s {} merge value {transformation:[-0.47408542044140406f,-0.8250091740050551f,0.30757580680605173f,-0.4083406803455836f,0.17233640156970415f,-0.42951807813253023f,-0.8864617223836251f,1.2251213719156688f,0.8634484227902107f,-0.36725207060659854f,0.34580737096866954f,0.1864328587842132f,0f,0f,0f,1f],start_interpolation:0}
execute if entity @s[tag=aj.yuji.bone.rightarm] run data modify entity @s {} merge value {transformation:[-0.9898459739982229f,0.13590122788277845f,-0.04166298140390979f,-0.3125f,0.11871616181734784f,0.6291935527916617f,-0.7681288603149627f,1.375f,-0.07817557599958377f,-0.7652753291367489f,-0.6389383772569728f,-3.827021247335479e-17f,0f,0f,0f,1f],start_interpolation:0}
execute if entity @s[tag=aj.yuji.bone.bottom] run data modify entity @s {} merge value {transformation:[-0.47147998905405514f,0.83372286260564f,-0.2874244392709934f,0.4104584988397774f,-0.17584736895821607f,-0.40825857139218164f,-0.8957693016147004f,1.226214574710791f,-0.8641668373364376f,-0.3717944691001627f,0.33909371860072385f,0.1862076253179944f,0f,0f,0f,1f],start_interpolation:0}
execute if entity @s[tag=aj.yuji.bone.leftarm] run data modify entity @s {} merge value {transformation:[-0.9881254857034185f,-0.14480262393325508f,0.05138311595677572f,0.3125f,-0.1319234419162605f,0.6281225616359005f,-0.7668495634979011f,1.375f,0.07876693453696286f,-0.7645222349062182f,-0.6397667718455307f,3.827021247335479e-17f,0f,0f,0f,1f],start_interpolation:0}
execute if entity @s[tag=aj.yuji.bone.head] run data modify entity @s {} merge value {transformation:[-0.9999887777077962f,-0.00442176284294692f,-0.0017007268530255467f,0f,-0.004737558281210713f,0.9333316780859104f,0.3589840305958897f,1.5f,-1.2257172579756123e-16f,0.3589880592647885f,-0.93334215232427f,0f,0f,0f,0f,1f],start_interpolation:0}
execute if entity @s[tag=aj.yuji.locator_origin.mount] at @s on origin run tp @s ^0 ^0.59375 ^0 ~0 ~0
execute if entity @s[tag=aj.yuji.camera_origin.camera] at @s on origin run tp @s ^0 ^0.005 ^0 ~0 ~0