execute if entity @s[tag=aj.yuji.locator_origin.head] at @s on origin run tp @s ^0 ^1.5 ^0 ~0 ~0
execute if entity @s[tag=aj.yuji.bone.bottom2] run data modify entity @s {} merge value {transformation:[-0.4582946308178384f,-0.8188521828012975f,0.34561124704657886f,-0.4065173222860952f,0.1866672856607094f,-0.46885555244475596f,-0.8633248492924231f,1.226963583657731f,0.8689771894748468f,-0.33114282970233916f,0.36772689663542824f,0.188817934917981f,0f,0f,0f,1f],start_interpolation:0}
execute if entity @s[tag=aj.yuji.bone.rightarm] run data modify entity @s {} merge value {transformation:[-0.9912040684688931f,0.1282682720271576f,-0.03258442943924455f,-0.3125f,0.10564076078813302f,0.6185558555661089f,-0.7786068861787593f,1.375f,-0.07971527024866983f,-0.7752005572340915f,-0.6266654384543122f,-3.827021247335479e-17f,0f,0f,0f,1f],start_interpolation:0}
execute if entity @s[tag=aj.yuji.bone.bottom] run data modify entity @s {} merge value {transformation:[-0.4523261020760443f,0.8385460405570035f,-0.3037130804671804f,0.4108976063318279f,-0.1936220293516865f,-0.42475049112655106f,-0.8843627819155941f,1.2292331590242866f,-0.8705811892812908f,-0.3412148269842998f,0.35448672008362686f,0.18835123875389762f,0f,0f,0f,1f],start_interpolation:0}
execute if entity @s[tag=aj.yuji.bone.leftarm] run data modify entity @s {} merge value {transformation:[-0.9877513355143964f,-0.1466525914487127f,0.05329462084397668f,0.3125f,-0.13339154911012602f,0.6164152511803849f,-0.7760405483853432f,1.375f,0.08095674039588739f,-0.7736441401145622f,-0.6284272039392254f,3.827021247335479e-17f,0f,0f,0f,1f],start_interpolation:0}
execute if entity @s[tag=aj.yuji.bone.head] run data modify entity @s {} merge value {transformation:[-0.9999821057256995f,-0.0055678472233616026f,-0.002187991246193251f,0f,-0.005982326336477625f,0.9306994098309842f,0.3657359981077357f,1.5f,-1.224624884981608e-16f,0.3657425428051201f,-0.930716064319535f,0f,0f,0f,0f,1f],start_interpolation:0}
execute if entity @s[tag=aj.yuji.locator_origin.mount] at @s on origin run tp @s ^0 ^0.59375 ^0 ~0 ~0
execute if entity @s[tag=aj.yuji.camera_origin.camera] at @s on origin run tp @s ^0 ^0.005 ^0 ~0 ~0