execute if entity @s[tag=aj.yuji.locator_origin.head] at @s on origin run tp @s ^-0.06875 ^1.49364 ^0.06904 ~-0.48757 ~5.25925
execute if entity @s[tag=aj.yuji.bone.torso] run data modify entity @s {} merge value {transformation:[-0.9957540809568227f,-0.09166245031389632f,-0.008473810257833147f,-0.06874683773542224f,-0.09205330117835683f,0.9915261897421668f,0.0916624503138963f,1.493644642306625f,-1.2194470479816874e-16f,0.09205330117835682f,-0.9957540809568227f,0.06903997588376762f,0f,0f,0f,1f],start_interpolation:0}
execute if entity @s[tag=aj.yuji.bone.bottom2] run data modify entity @s {} merge value {transformation:[0.8136432659774769f,0.5657810560311836f,-0.13370277620806453f,-0.4903803641041376f,0.5811962279667832f,-0.797136823577765f,0.1636576582184133f,1.55782979126847f,-0.013985003635620906f,-0.2108665007358696f,-0.977414824187111f,0.12461398001771382f,0f,0f,0f,1f],start_interpolation:0}
execute if entity @s[tag=aj.yuji.bone.rightarm] run data modify entity @s {} merge value {transformation:[0.7306074846846893f,0.6703246006069535f,-0.12991394514770194f,-0.3684621817451923f,0.6801033462733578f,-0.6975444806230696f,0.22559063797080342f,1.3409372119706178f,0.06059819890469899f,-0.25317311739878856f,-0.9655212224058494f,0.057533313236472976f,0f,0f,0f,1f],start_interpolation:0}
execute if entity @s[tag=aj.yuji.bone.bottom] run data modify entity @s {} merge value {transformation:[-0.6401158237905916f,0.632336927753443f,0.43635048061418424f,0.3655167923963667f,-0.7633214454192127f,-0.45903868137780335f,-0.45455897302995985f,1.1795691361143517f,-0.08713267524881915f,-0.6240460710542653f,0.776514261366602f,0.13516435117098455f,0f,0f,0f,1f],start_interpolation:0}
execute if entity @s[tag=aj.yuji.bone.leftarm] run data modify entity @s {} merge value {transformation:[-0.9611464996124124f,-0.206244069271076f,0.1834687716569626f,0.2538841188528219f,-0.24778260252275558f,0.9375512070016456f,-0.24413421746409808f,1.3984705252070908f,-0.12166013385598927f,-0.28010911827404866f,-0.9522277530558946f,0.057533313236473045f,0f,0f,0f,1f],start_interpolation:0}
execute if entity @s[tag=aj.yuji.bone.head] run data modify entity @s {} merge value {transformation:[-0.9956642271158681f,0.09244878834591055f,-0.010294094187154492f,-0.06874683773542224f,0.09147326277760166f,0.9931908891271239f,0.07214222031302328f,1.493644642306625f,0.016893461415021068f,0.07088779364775007f,-0.997341231311116f,0.06903997588376762f,0f,0f,0f,1f],start_interpolation:0}
execute if entity @s[tag=aj.yuji.bone.bottom3] run data modify entity @s {} merge value {transformation:[-1f,-5.707958256310534e-18f,1.2233158643278848e-16f,-0.125f,0f,0.9989132092449878f,0.046609016250927476f,0.4405521714249573f,-1.2246467991473532e-16f,0.046609016250927476f,-0.9989132092449878f,0.043569385928550676f,0f,0f,0f,1f],start_interpolation:0}
execute if entity @s[tag=aj.yuji.bone.rightleg] run data modify entity @s {} merge value {transformation:[-1f,1.7074274885828907e-17f,1.2126857368560798e-16f,-0.11875f,0f,0.9902330514401366f,-0.1394220349713622f,0.75f,-1.2246467991473532e-16f,-0.1394220349713622f,-0.9902330514401366f,-1.4542680739874818e-17f,0f,0f,0f,1f],start_interpolation:0}
execute if entity @s[tag=aj.yuji.bone.bottom4] run data modify entity @s {} merge value {transformation:[-0.5360351503755124f,-0.699468670429276f,-0.47266256108327726f,0.3406841791989957f,-0.8056102656649798f,0.5911757441309015f,0.03877292104647059f,0.5702926441194994f,0.2523061977381901f,0.40156545996783133f,-0.8803901203124224f,-0.12706611997581096f,0f,0f,0f,1f],start_interpolation:0}
execute if entity @s[tag=aj.yuji.bone.leftleg] run data modify entity @s {} merge value {transformation:[-0.5360351503755124f,-0.699468670429276f,-0.47266256108327726f,0.11875f,-0.8056102656649798f,0.5911757441309015f,0.03877292104647059f,0.75f,0.2523061977381901f,0.40156545996783133f,-0.8803901203124224f,1.4542680739874818e-17f,0f,0f,0f,1f],start_interpolation:0}
execute if entity @s[tag=aj.yuji.locator_origin.mount] at @s on origin run tp @s ^0 ^0.59375 ^0 ~0 ~0
execute if entity @s[tag=aj.yuji.camera_origin.camera] at @s on origin run tp @s ^0 ^0.005 ^0 ~0 ~0