execute if entity @s[tag=aj.yuji.locator_origin.head] at @s on origin run tp @s ^-0.04076 ^1.49778 ^0.04082 ~-0.16998 ~3.11537
execute if entity @s[tag=aj.yuji.bone.torso] run data modify entity @s {} merge value {transformation:[-0.9985177324254199f,-0.05434668881709252f,-0.002962338031997586f,-0.04076001661281939f,-0.054427364735009066f,0.9970376619680023f,0.054346688817092516f,1.4977782464760017f,-1.2228315449066637e-16f,0.05442736473500906f,-0.9985177324254199f,0.040820523551256795f,0f,0f,0f,1f],start_interpolation:0}
execute if entity @s[tag=aj.yuji.bone.bottom2] run data modify entity @s {} merge value {transformation:[-0.23740770714634057f,0.6152030881394456f,-0.7517730647816583f,-0.5765731407270726f,0.8956123318136417f,0.43831917932100617f,0.07586071541114561f,1.3913055441289166f,0.3761862991801385f,-0.6552873090355475f,-0.6550438236683879f,0.14359475315983267f,0f,0f,0f,1f],start_interpolation:0}
execute if entity @s[tag=aj.yuji.bone.rightarm] run data modify entity @s {} merge value {transformation:[-0.10693157771636923f,0.8955457809046917f,-0.431929846145059f,-0.34600347189362657f,0.9939157403289848f,0.10781670756782429f,-0.022517963840463853f,1.356139987250311f,0.026403386399745446f,-0.43170975420187174f,-0.9016260584707971f,0.034017102959380624f,0f,0f,0f,1f],start_interpolation:0}
execute if entity @s[tag=aj.yuji.bone.bottom] run data modify entity @s {} merge value {transformation:[-0.8650835701543754f,0.4906398441270396f,0.10441723997479649f,0.3787928655764207f,-0.34340847320391f,-0.4275218600373805f,-0.8362390087301225f,1.1882908244321768f,-0.3656515242423029f,-0.7592743921305214f,0.5383320167648474f,0.1585610206183628f,0f,0f,0f,1f],start_interpolation:0}
execute if entity @s[tag=aj.yuji.bone.leftarm] run data modify entity @s {} merge value {transformation:[-0.9781873123156489f,-0.15834419073772726f,0.1344496161552778f,0.27807011087226086f,-0.20366794419216314f,0.8583820491581009f,-0.4708498977292844f,1.3901570902096918f,-0.04085279100900232f,-0.4879624728836778f,-0.8719080654082866f,0.03401710295938071f,0f,0f,0f,1f],start_interpolation:0}
execute if entity @s[tag=aj.yuji.bone.head] run data modify entity @s {} merge value {transformation:[-0.9985796439393722f,0.05312713878433463f,0.004025150246489069f,-0.04076001661281939f,0.052957833438502876f,0.9814283585018604f,0.18437419831918894f,1.4977782464760017f,0.005844877023218869f,0.1843254845455014f,-0.9828478789515952f,0.040820523551256795f,0f,0f,0f,1f],start_interpolation:0}
execute if entity @s[tag=aj.yuji.bone.bottom3] run data modify entity @s {} merge value {transformation:[-1f,-2.1964935541522126e-18f,1.224449804715781e-16f,-0.125f,0f,0.9998391418393375f,0.0179357309853053f,0.4379523165495118f,-1.2246467991473532e-16f,0.0179357309853053f,-0.9998391418393375f,0.016807535607099224f,0f,0f,0f,1f],start_interpolation:0}
execute if entity @s[tag=aj.yuji.bone.rightleg] run data modify entity @s {} merge value {transformation:[-1f,6.5866542984925596e-18f,1.222874229500758e-16f,-0.11875f,0f,0.9985525870415622f,-0.053784113942717565f,0.75f,-1.2246467991473532e-16f,-0.053784113942717565f,-0.9985525870415622f,-1.4542680739874818e-17f,0f,0f,0f,1f],start_interpolation:0}
execute if entity @s[tag=aj.yuji.bone.bottom4] run data modify entity @s {} merge value {transformation:[-0.8264019476652794f,-0.5001007855619497f,-0.2587644202268803f,0.2801965076610172f,-0.5427060672938293f,0.829913926747075f,0.12927876358364632f,0.4940438108121255f,0.15009978486826128f,0.24726924287418256f,-0.9572502160412032f,-0.07820976205360866f,0f,0f,0f,1f],start_interpolation:0}
execute if entity @s[tag=aj.yuji.bone.leftleg] run data modify entity @s {} merge value {transformation:[-0.8264019476652794f,-0.5001007855619497f,-0.2587644202268803f,0.11875f,-0.5427060672938293f,0.829913926747075f,0.12927876358364632f,0.75f,0.15009978486826128f,0.24726924287418256f,-0.9572502160412032f,1.4542680739874818e-17f,0f,0f,0f,1f],start_interpolation:0}
execute if entity @s[tag=aj.yuji.locator_origin.mount] at @s on origin run tp @s ^0 ^0.59375 ^0 ~0 ~0
execute if entity @s[tag=aj.yuji.camera_origin.camera] at @s on origin run tp @s ^0 ^0.005 ^0 ~0 ~0