execute if entity @s[tag=aj.yuji.locator_origin.head] at @s on origin run tp @s ^-0.06686 ^1.49399 ^0.06713 ~-0.46086 ~5.11457
execute if entity @s[tag=aj.yuji.bone.torso] run data modify entity @s {} merge value {transformation:[-0.9959862074331305f,-0.08914757920243861f,-0.008011474602968959f,-0.06686068440182896f,-0.08950684109591334f,0.991988525397031f,0.0891475792024386f,1.4939913940477734f,-1.219731320927895e-16f,0.08950684109591332f,-0.9959862074331305f,0.06713013082193499f,0f,0f,0f,1f],start_interpolation:0}
execute if entity @s[tag=aj.yuji.bone.bottom2] run data modify entity @s {} merge value {transformation:[0.7601459969371365f,0.6319040017424322f,-0.1512461434957822f,-0.5018755045495558f,0.6496283624726606f,-0.734577747674374f,0.19590437282698067f,1.5500934452955186f,0.012690705714643598f,-0.24716970931637977f,-0.9688890962256314f,0.1260209828468415f,0f,0f,0f,1f],start_interpolation:0}
execute if entity @s[tag=aj.yuji.bone.rightarm] run data modify entity @s {} merge value {transformation:[0.6863140045870324f,0.7112288120474712f,-0.1520745344272116f,-0.3669629268243774f,0.724711841330399f,-0.6511080587267889f,0.2255017580785892f,1.3420219405306715f,0.06136639262016925f,-0.26497523049254046f,-0.9623005211898268f,0.055941775684945794f,0f,0f,0f,1f],start_interpolation:0}
execute if entity @s[tag=aj.yuji.bone.bottom] run data modify entity @s {} merge value {transformation:[-0.6686648511631391f,0.6102423198595665f,0.4248430626377128f,0.36623670169382794f,-0.7366755696746392f,-0.4660970931697743f,-0.48996184012965005f,1.1797967813855843f,-0.10097733341459736f,-0.6405917660968656f,0.7612133520540585f,0.13689313255098584f,0f,0f,0f,1f],start_interpolation:0}
execute if entity @s[tag=aj.yuji.bone.leftarm] run data modify entity @s {} merge value {transformation:[-0.9625217079894183f,-0.2022025684926406f,0.18073760799598976f,0.25552845282132913f,-0.24505987333953266f,0.9339327076550157f,-0.2602217440011181f,1.3979637162156173f,-0.11617925859612505f,-0.29476061281512866f,-0.9484822407430222f,0.05594177568494586f,0f,0f,0f,1f],start_interpolation:0}
execute if entity @s[tag=aj.yuji.bone.head] run data modify entity @s {} merge value {transformation:[-0.9959136643530928f,0.0898747273874165f,-0.00886039117831164f,-0.06686068440182896f,0.08888773601073215f,0.9928416347095135f,0.07977755808639045f,1.4939913940477734f,0.015966951546288806f,0.07866398009494925f,-0.9967733115879155f,0.06713013082193499f,0f,0f,0f,1f],start_interpolation:0}
execute if entity @s[tag=aj.yuji.bone.bottom3] run data modify entity @s {} merge value {transformation:[-1f,-5.539547392875109e-18f,1.2233932826896128e-16f,-0.125f,0f,0.9989764261347736f,0.045233837190706394f,0.44037487394848585f,-1.2246467991473532e-16f,0.045233837190706394f,-0.9989764261347736f,0.042291031171915947f,0f,0f,0f,1f],start_interpolation:0}
execute if entity @s[tag=aj.yuji.bone.rightleg] run data modify entity @s {} merge value {transformation:[-1f,1.6573304306344903e-17f,1.2133805425746643e-16f,-0.11875f,0f,0.9908004033648453f,-0.13533129975013108f,0.75f,-1.2246467991473532e-16f,-0.13533129975013108f,-0.9908004033648453f,-1.4542680739874818e-17f,0f,0f,0f,1f],start_interpolation:0}
execute if entity @s[tag=aj.yuji.bone.bottom4] run data modify entity @s {} merge value {transformation:[-0.5588296382780504f,-0.6902237975613155f,-0.45967438982616765f,0.3379376219771489f,-0.7921248957773852f,0.6083460056620493f,0.049530666103907606f,0.5648426538292182f,0.24545383450190839f,0.3917987323551036f,-0.8867052319983478f,-0.12397119032660679f,0f,0f,0f,1f],start_interpolation:0}
execute if entity @s[tag=aj.yuji.bone.leftleg] run data modify entity @s {} merge value {transformation:[-0.5588296382780504f,-0.6902237975613155f,-0.45967438982616765f,0.11875f,-0.7921248957773852f,0.6083460056620493f,0.049530666103907606f,0.75f,0.24545383450190839f,0.3917987323551036f,-0.8867052319983478f,1.4542680739874818e-17f,0f,0f,0f,1f],start_interpolation:0}
execute if entity @s[tag=aj.yuji.locator_origin.mount] at @s on origin run tp @s ^0 ^0.59375 ^0 ~0 ~0
execute if entity @s[tag=aj.yuji.camera_origin.camera] at @s on origin run tp @s ^0 ^0.005 ^0 ~0 ~0