execute if entity @s[tag=aj.yuji.locator_origin.head] at @s on origin run tp @s ^0 ^1.5 ^0 ~0 ~0
execute if entity @s[tag=aj.yuji.bone.bottom2] run data modify entity @s {} merge value {transformation:[-0.4544179954445694f,-0.7365409495226581f,0.5010106935908661f,-0.38586383645972044f,0.14579263903072498f,-0.6163458039005276f,-0.7738619750437861f,1.2178757146483599f,0.878776872602253f,-0.27861313624894657f,0.3874608734942538f,0.19061992669353267f,0f,0f,0f,1f],start_interpolation:0}
execute if entity @s[tag=aj.yuji.bone.rightarm] run data modify entity @s {} merge value {transformation:[-0.996110500971741f,0.04442772059594661f,0.07609236161715274f,-0.3125f,-0.03218476057188371f,0.6204509512635894f,-0.783584557187696f,1.375f,-0.08202445391928898f,-0.782985820253953f,-0.6166078123414324f,-3.827021247335479e-17f,0f,0f,0f,1f],start_interpolation:0}
execute if entity @s[tag=aj.yuji.bone.bottom] run data modify entity @s {} merge value {transformation:[-0.42148359210396225f,0.866084740435666f,-0.26879137629698263f,0.4114991939233366f,-0.183602179667331f,-0.3717677283931984f,-0.9099884591283376f,1.229142235943047f,-0.8880550778012286f,-0.33419452196265365f,0.31570904371209857f,0.18796521557680784f,0f,0f,0f,1f],start_interpolation:0}
execute if entity @s[tag=aj.yuji.bone.leftarm] run data modify entity @s {} merge value {transformation:[-0.9878703302361769f,-0.1490291931343022f,0.04361777427615481f,0.3125f,-0.12716446950669813f,0.6152221736044863f,-0.7780301246098709f,1.375f,0.08911457980682384f,-0.7741395072589372f,-0.6267109500932173f,3.827021247335479e-17f,0f,0f,0f,1f],start_interpolation:0}
execute if entity @s[tag=aj.yuji.bone.head] run data modify entity @s {} merge value {transformation:[-0.9998615266445324f,-0.015421100104491454f,-0.006254375079270535f,0f,-0.016641139866756322f,0.9265570036952276f,0.3757860978898195f,1.5f,-1.2244772181958125e-16f,0.37583814145837996f,-0.926685324921632f,0f,0f,0f,0f,1f],start_interpolation:0}
execute if entity @s[tag=aj.yuji.locator_origin.mount] at @s on origin run tp @s ^0 ^0.59375 ^0 ~0 ~0
execute if entity @s[tag=aj.yuji.camera_origin.camera] at @s on origin run tp @s ^0 ^0.005 ^0 ~0 ~0