execute if entity @s[tag=aj.yuji.locator_origin.head] at @s on origin run tp @s ^-0.0553 ^1.4959 ^0.05545 ~-0.31405 ~4.22837
execute if entity @s[tag=aj.yuji.bone.torso] run data modify entity @s {} merge value {transformation:[-0.997263104282007f,-0.07373208523407754f,-0.005466300837814644f,-0.05529906392555815f,-0.07393443607558502f,0.9945336991621853f,0.07373208523407752f,1.495900274371639f,-1.229968685946597e-16f,0.073934436075585f,-0.997263104282007f,0.05545082705668875f,0f,0f,0f,1f],start_interpolation:0}
execute if entity @s[tag=aj.yuji.bone.bottom2] run data modify entity @s {} merge value {transformation:[0.41329504088388686f,0.8930402627442569f,-0.17795026917219056f,-0.5663818917705217f,0.9091501728650004f,-0.39366985743344074f,0.13590440216517785f,1.488308260549577f,0.051314445922432894f,-0.21795213342842776f,-0.9746095090720542f,0.10380496241569519f,0f,0f,0f,1f],start_interpolation:0}
execute if entity @s[tag=aj.yuji.bone.rightarm] run data modify entity @s {} merge value {transformation:[0.3461374672374351f,0.9211528404537428f,-0.17795026917219056f,-0.35772727335942567f,0.935767682559171f,-0.3253749187475338f,0.13590440216517785f,1.3484790507027453f,0.06728817171161808f,-0.21356171654591388f,-0.9746095090720542f,0.04620902254724059f,0f,0f,0f,1f],start_interpolation:0}
execute if entity @s[tag=aj.yuji.bone.bottom] run data modify entity @s {} merge value {transformation:[-0.7735852093227255f,0.37425900147204194f,0.511366916933688f,0.3707746046689444f,-0.6224737354490897f,-0.29762069441163375f,-0.7238427805359352f,1.1705871957267984f,-0.11871129934918503f,-0.878266543866432f,0.4632013658569469f,0.11773097452390291f,0f,0f,0f,1f],start_interpolation:0}
execute if entity @s[tag=aj.yuji.bone.leftarm] run data modify entity @s {} merge value {transformation:[-0.9737841446531307f,-0.17740371524518006f,0.14238104311802807f,0.26556216681682876f,-0.20781211956646511f,0.9483565399843666f,-0.23965390885644597f,1.394688073249986f,-0.09251249960661471f,-0.2629596830049953f,-0.9603612041989454f,0.04620902254724067f,0f,0f,0f,1f],start_interpolation:0}
execute if entity @s[tag=aj.yuji.bone.head] run data modify entity @s {} merge value {transformation:[-0.9972332647830207f,0.07413457469594358f,-0.005466300837814644f,-0.05529906392555815f,0.07353194661371897f,0.9945635386611718f,0.07373208523407752f,1.495900274371639f,0.010902680284916857f,0.07312614033585836f,-0.997263104282007f,0.05545082705668875f,0f,0f,0f,1f],start_interpolation:0}
execute if entity @s[tag=aj.yuji.bone.bottom3] run data modify entity @s {} merge value {transformation:[-1f,-4.530279311027797e-18f,1.2238085796390974e-16f,-0.125f,0f,0.9993155418290078f,0.03699253788261199f,0.43942328219553234f,-1.2246467991473532e-16f,0.03699253788261199f,-0.9993155418290078f,0.03461722631586835f,0f,0f,0f,1f],start_interpolation:0}
execute if entity @s[tag=aj.yuji.bone.rightleg] run data modify entity @s {} merge value {transformation:[-1f,1.356604012898807e-17f,1.2171097067165827e-16f,-0.11875f,0f,0.9938454969742966f,-0.11077512421077877f,0.75f,-1.2246467991473532e-16f,-0.11077512421077877f,-0.9938454969742966f,-1.4542680739874818e-17f,0f,0f,0f,1f],start_interpolation:0}
execute if entity @s[tag=aj.yuji.bone.bottom4] run data modify entity @s {} merge value {transformation:[-0.6893723577592057f,-0.6204114724588395f,-0.37397240165414364f,0.3169371623793824f,-0.695286658223803f,0.711573300206317f,0.10119239758730422f,0.5319788852994247f,0.20332785164234154f,0.3297772631261063f,-0.9219027830913435f,-0.10432619379967283f,0f,0f,0f,1f],start_interpolation:0}
execute if entity @s[tag=aj.yuji.bone.leftleg] run data modify entity @s {} merge value {transformation:[-0.6893723577592057f,-0.6204114724588395f,-0.37397240165414364f,0.11875f,-0.695286658223803f,0.711573300206317f,0.10119239758730422f,0.75f,0.20332785164234154f,0.3297772631261063f,-0.9219027830913435f,1.4542680739874818e-17f,0f,0f,0f,1f],start_interpolation:0}
execute if entity @s[tag=aj.yuji.locator_origin.mount] at @s on origin run tp @s ^0 ^0.59375 ^0 ~0 ~0
execute if entity @s[tag=aj.yuji.camera_origin.camera] at @s on origin run tp @s ^0 ^0.005 ^0 ~0 ~0