execute if entity @s[tag=aj.yuji.locator_origin.head] at @s on origin run tp @s ^0 ^1.5 ^0 ~0 ~0
execute if entity @s[tag=aj.yuji.bone.bottom2] run data modify entity @s {} merge value {transformation:[-0.4367813168290413f,-0.7422194472527608f,0.5082640783971409f,-0.38955855368772246f,0.18148810786853076f,-0.6260980493957264f,-0.7583292815427656f,1.2230990633526002f,0.8810698882446211f,-0.2389801762964302f,0.40817193358429005f,0.19337614834616756f,0f,0f,0f,1f],start_interpolation:0}
execute if entity @s[tag=aj.yuji.bone.rightarm] run data modify entity @s {} merge value {transformation:[-0.9964259000254776f,0.059127739744520416f,0.06032691067111955f,-0.3125f,-0.012350688396878074f,0.6045160744903799f,-0.7964971915699794f,1.375f,-0.08356366587542817f,-0.7943955098535274f,-0.6016252053147491f,-3.827021247335479e-17f,0f,0f,0f,1f],start_interpolation:0}
execute if entity @s[tag=aj.yuji.bone.bottom] run data modify entity @s {} merge value {transformation:[-0.402856983665789f,0.864136919960556f,-0.301618358646794f,0.4119773441706659f,-0.21323865010269283f,-0.4090893533735285f,-0.8872289327218819f,1.2335155162529237f,-0.8900761365265804f,-0.29310968001332216f,0.3490718932661356f,0.19103049195239544f,0f,0f,0f,1f],start_interpolation:0}
execute if entity @s[tag=aj.yuji.bone.leftarm] run data modify entity @s {} merge value {transformation:[-0.987296526362729f,-0.1510852450919814f,0.04918147768809903f,0.3125f,-0.13097946087783371f,0.5986828002077633f,-0.7902045846257432f,1.375f,0.08994414856032101f,-0.7866080049496619f,-0.6108665129869795f,3.827021247335479e-17f,0f,0f,0f,1f],start_interpolation:0}
execute if entity @s[tag=aj.yuji.bone.head] run data modify entity @s {} merge value {transformation:[-0.99988087520944f,-0.014260857448718882f,-0.0059045182048537564f,0f,-0.015434875781946876f,0.9238272357034462f,0.3824983701692403f,1.5f,-1.224500913353895e-16f,0.3825439406360485f,-0.9239372995407444f,0f,0f,0f,0f,1f],start_interpolation:0}
execute if entity @s[tag=aj.yuji.locator_origin.mount] at @s on origin run tp @s ^0 ^0.59375 ^0 ~0 ~0
execute if entity @s[tag=aj.yuji.camera_origin.camera] at @s on origin run tp @s ^0 ^0.005 ^0 ~0 ~0