execute if entity @s[tag=aj.yuji.locator_origin.head] at @s on origin run tp @s ^-0.06536 ^1.49426 ^0.06561 ~-0.44017 ~4.99949
execute if entity @s[tag=aj.yuji.bone.torso] run data modify entity @s {} merge value {transformation:[-0.9961660729122901f,-0.08714691270676053f,-0.007653155178505909f,-0.06536018453007039f,-0.08748231351825368f,0.9923468448214939f,0.08714691270676052f,1.4942601336161205f,-1.219951592611225e-16f,0.08748231351825367f,-0.9961660729122901f,0.06561173513869026f,0f,0f,0f,1f],start_interpolation:0}
execute if entity @s[tag=aj.yuji.bone.bottom2] run data modify entity @s {} merge value {transformation:[0.7134473485253414f,0.6798230764423305f,-0.16980419788287207f,-0.5105351177452461f,0.6998868467220734f,-0.6796354094520326f,0.21966818614537892f,1.543387661993126f,0.03393055654705821f,-0.27556540957720604f,-0.9606833101376091f,0.12709907776328636f,0f,0f,0f,1f],start_interpolation:0}
execute if entity @s[tag=aj.yuji.bone.rightarm] run data modify entity @s {} merge value {transformation:[0.64916741683651f,0.7413574522828477f,-0.1702080869480015f,-0.365768718226816f,0.7581457235810233f,-0.6124999969213302f,0.22373827474792263f,1.3428785550389795f,0.06161758461364324f,-0.2742861311041006f,-0.9596720229069537f,0.054676445948908504f,0f,0f,0f,1f],start_interpolation:0}
execute if entity @s[tag=aj.yuji.bone.bottom] run data modify entity @s {} merge value {transformation:[-0.6901043064985365f,0.5936525678169973f,0.41392351331672333f,0.36682627705662174f,-0.7149107477952897f,-0.4702864250024994f,-0.5174295132142623f,1.1800172268721212f,-0.11251074988174947f,-0.6529987038139161f,0.7489552883706694f,0.13825576646777896f,0f,0f,0f,1f],start_interpolation:0}
execute if entity @s[tag=aj.yuji.bone.leftarm] run data modify entity @s {} merge value {transformation:[-0.9635929342211115f,-0.19906656529774786f,0.1784969459114251f,0.2568350773433653f,-0.24286711794254937f,0.9308678759487053f,-0.27294790812355646f,1.397555000987888f,-0.1118222703285376f,-0.30636171449334715f,-0.9453244309501729f,0.054676445948908574f,0f,0f,0f,1f],start_interpolation:0}
execute if entity @s[tag=aj.yuji.bone.head] run data modify entity @s {} merge value {transformation:[-0.9961064630570883f,0.0878155314262991f,-0.007768313601701414f,-0.06536018453007039f,0.08682965896508249f,0.992517586385332f,0.08584550681219463f,1.4942601336161205f,0.015248756667517885f,0.08483674413926882f,-0.9962781751418341f,0.06561173513869026f,0f,0f,0f,1f],start_interpolation:0}
execute if entity @s[tag=aj.yuji.bone.bottom3] run data modify entity @s {} merge value {transformation:[-1f,-5.371126031366845e-18f,1.2234683825818201e-16f,-0.125f,0f,0.9990377498505254f,0.04385857240721516f,0.4402028574390488f,-1.2246467991473532e-16f,0.04385857240721516f,-0.9990377498505254f,0.04101195509933274f,0f,0f,0f,1f],start_interpolation:0}
execute if entity @s[tag=aj.yuji.bone.rightleg] run data modify entity @s {} merge value {transformation:[-1f,1.6072051052535305e-17f,1.2140546528712485e-16f,-0.11875f,0f,0.9913508561950438f,-0.13123825631786482f,0.75f,-1.2246467991473532e-16f,-0.13123825631786482f,-0.9913508561950438f,-1.4542680739874818e-17f,0f,0f,0f,1f],start_interpolation:0}
execute if entity @s[tag=aj.yuji.bone.bottom4] run data modify entity @s {} merge value {transformation:[-0.5766878974592617f,-0.6824458703496634f,-0.4491087874521117f,0.3356186338433902f,-0.7809173345703124f,0.6219695855263634f,0.057636370876056164f,0.5605152378640759f,0.2399983031015314f,0.3839550347669031f,-0.8916161426227833f,-0.12148593775904179f,0f,0f,0f,1f],start_interpolation:0}
execute if entity @s[tag=aj.yuji.bone.leftleg] run data modify entity @s {} merge value {transformation:[-0.5766878974592617f,-0.6824458703496634f,-0.4491087874521117f,0.11875f,-0.7809173345703124f,0.6219695855263634f,0.057636370876056164f,0.75f,0.2399983031015314f,0.3839550347669031f,-0.8916161426227833f,1.4542680739874818e-17f,0f,0f,0f,1f],start_interpolation:0}
execute if entity @s[tag=aj.yuji.locator_origin.mount] at @s on origin run tp @s ^0 ^0.59375 ^0 ~0 ~0
execute if entity @s[tag=aj.yuji.camera_origin.camera] at @s on origin run tp @s ^0 ^0.005 ^0 ~0 ~0