execute if entity @s[tag=aj.yuji.locator_origin.head] at @s on origin run tp @s ^-0.06783 ^1.49381 ^0.06811 ~-0.47447 ~5.18878
execute if entity @s[tag=aj.yuji.bone.torso] run data modify entity @s {} merge value {transformation:[-0.9958679815969836f,-0.09043755208669527f,-0.008246963229949741f,-0.06782816406502146f,-0.09081279221535841f,0.9917530367700501f,0.09043755208669525f,1.4938147775775374f,-1.2195865360360813e-16f,0.0908127922153584f,-0.9958679815969836f,0.0681095941615188f,0f,0f,0f,1f],start_interpolation:0}
execute if entity @s[tag=aj.yuji.bone.bottom2] run data modify entity @s {} merge value {transformation:[0.788347290000131f,0.5987546333949745f,-0.14142644497228793f,-0.49606132625449306f,0.6152296763225736f,-0.7676072075311281f,0.1796430358190526f,1.5541610678744773f,-0.0009978584424355265f,-0.22863084641909956f,-0.9735126811419638f,0.12530705644796616f,0f,0f,0f,1f],start_interpolation:0}
execute if entity @s[tag=aj.yuji.bone.rightarm] run data modify entity @s {} merge value {transformation:[0.7093778850144874f,0.6906609190586267f,-0.14060764964064526f,-0.3677322143032419f,0.7021806622363154f,-0.6752325042829028f,0.2258392852034599f,1.3414666504139818f,0.06103551288997902f,-0.25893736703097403f,-0.9639637473065694f,0.05675799513459897f,0f,0f,0f,1f],start_interpolation:0}
execute if entity @s[tag=aj.yuji.bone.bottom] run data modify entity @s {} merge value {transformation:[-0.6542402058812681f,0.6214122521539965f,0.4310644567594667f,0.36586450705311147f,-0.7504491702589695f,-0.46273338751507087f,-0.47191509293139944f,1.179673095783505f,-0.09378590441031184f,-0.6322377914611919f,0.7690770957337209f,0.1360085363083807f,0f,0f,0f,1f],start_interpolation:0}
execute if entity @s[tag=aj.yuji.bone.leftarm] run data modify entity @s {} merge value {transformation:[-0.961820288406966f,-0.20426185933121294f,0.1821505575926045f,0.25468527419487286f,-0.24646115565116708f,0.935821487973094f,-0.25198222437885465f,1.3982246455485807f,-0.11899004817140021f,-0.28725465265227657f,-0.9504347073659442f,0.05675799513459904f,0f,0f,0f,1f],start_interpolation:0}
execute if entity @s[tag=aj.yuji.bone.head] run data modify entity @s {} merge value {transformation:[-0.9957867078690114f,0.09119712642583887f,-0.00958731260915395f,-0.06782816406502146f,0.09021416361998558f,0.9930288694477506f,0.0758621719018694f,1.4938147775775374f,0.016438890283183814f,0.07467763102155739f,-0.9970722212113151f,0.0681095941615188f,0f,0f,0f,1f],start_interpolation:0}
execute if entity @s[tag=aj.yuji.bone.bottom3] run data modify entity @s {} merge value {transformation:[-1f,-5.6347374521676986e-18f,1.2233498093539603e-16f,-0.125f,0f,0.9989409274622727f,0.04601112301188251f,0.4404744368673232f,-1.2246467991473532e-16f,0.04601112301188251f,-0.9989409274622727f,0.04301366954119687f,0f,0f,0f,1f],start_interpolation:0}
execute if entity @s[tag=aj.yuji.bone.rightleg] run data modify entity @s {} merge value {transformation:[-1f,1.6856496871426805e-17f,1.2129903684630868e-16f,-0.11875f,0f,0.9904818020245658f,-0.13764374253183004f,0.75f,-1.2246467991473532e-16f,-0.13764374253183004f,-0.9904818020245658f,-1.4542680739874818e-17f,0f,0f,0f,1f],start_interpolation:0}
execute if entity @s[tag=aj.yuji.bone.bottom4] run data modify entity @s {} merge value {transformation:[-0.547184583257432f,-0.6950395271689662f,-0.4663786953947729f,0.3393697558856609f,-0.7991265594965105f,0.5995437617771376f,0.044091037880606115f,0.5676371154414976f,0.24896942332877048f,0.396821538461383f,-0.8834856494932336f,-0.125562789664987f,0f,0f,0f,1f],start_interpolation:0}
execute if entity @s[tag=aj.yuji.bone.leftleg] run data modify entity @s {} merge value {transformation:[-0.547184583257432f,-0.6950395271689662f,-0.4663786953947729f,0.11875f,-0.7991265594965105f,0.5995437617771376f,0.044091037880606115f,0.75f,0.24896942332877048f,0.396821538461383f,-0.8834856494932336f,1.4542680739874818e-17f,0f,0f,0f,1f],start_interpolation:0}
execute if entity @s[tag=aj.yuji.locator_origin.mount] at @s on origin run tp @s ^0 ^0.59375 ^0 ~0 ~0
execute if entity @s[tag=aj.yuji.camera_origin.camera] at @s on origin run tp @s ^0 ^0.005 ^0 ~0 ~0