execute if entity @s[tag=aj.yuji.locator_origin.head] at @s on origin run tp @s ^0 ^1.5 ^0 ~0 ~0
execute if entity @s[tag=aj.yuji.bone.bottom2] run data modify entity @s {} merge value {transformation:[-0.9283624405027862f,-0.34911431395028897f,-0.12752401679185757f,-0.3884227588646732f,-0.18912957779610867f,0.7390890474432039f,-0.6465117034920274f,1.1405291384770861f,0.3199580939222768f,-0.5760786194127643f,-0.7521703546332487f,0.07526885001831231f,0f,0f,0f,1f],start_interpolation:0}
execute if entity @s[tag=aj.yuji.bone.rightarm] run data modify entity @s {} merge value {transformation:[-0.9984666148821132f,0.05407438173816453f,0.011848215287088413f,-0.3125f,0.04777216052725698f,0.94982648622347f,-0.3091075326596463f,1.375f,-0.027968547413334266f,-0.30806753692658295f,-0.950953286469728f,-3.827021247335479e-17f,0f,0f,0f,1f],start_interpolation:0}
execute if entity @s[tag=aj.yuji.bone.bottom] run data modify entity @s {} merge value {transformation:[-0.9283625134457143f,0.3491141072244782f,0.12752405171422043f,0.3884227637985006f,0.18912948570673588f,0.7390892638616928f,-0.6465114830230679f,1.1405291387131475f,-0.3199579367120954f,-0.576078467034862f,-0.7521705382117158f,0.07526884577697948f,0f,0f,0f,1f],start_interpolation:0}
execute if entity @s[tag=aj.yuji.bone.leftarm] run data modify entity @s {} merge value {transformation:[-0.9984666130487896f,-0.054074401931805155f,-0.011848277621500829f,0.3125f,-0.04777216043954067f,0.9498264852572946f,-0.30910753564206916f,1.375f,0.02796861301204182f,-0.3080675363609282f,-0.9509532847236455f,3.827021247335479e-17f,0f,0f,0f,1f],start_interpolation:0}
execute if entity @s[tag=aj.yuji.bone.head] run data modify entity @s {} merge value {transformation:[-0.9999991386882768f,-0.0013011988314325271f,-0.00017176817378476236f,0f,-0.0013124872206793962f,0.991398384832388f,0.13087215108275715f,1.5f,-1.2246457443447083e-16f,0.1308722638045722f,-0.9913992387361745f,0f,0f,0f,0f,1f],start_interpolation:0}
execute if entity @s[tag=aj.yuji.locator_origin.mount] at @s on origin run tp @s ^0 ^0.59375 ^0 ~0 ~0
execute if entity @s[tag=aj.yuji.camera_origin.camera] at @s on origin run tp @s ^0 ^0.005 ^0 ~0 ~0