execute if entity @s[tag=aj.yuji.locator_origin.head] at @s on origin run tp @s ^0 ^1.5 ^0 ~0 ~0
execute if entity @s[tag=aj.yuji.bone.bottom2] run data modify entity @s {} merge value {transformation:[-0.43302247677258937f,-0.7665909708572552f,0.47416222752330595f,-0.3951464228279875f,0.19713729099756427f,-0.5938459193361668f,-0.7800537882645817f,1.2262139988821463f,0.8795614947846877f,-0.2443057663828548f,0.40827229811023424f,0.19349042525431467f,0f,0f,0f,1f],start_interpolation:0}
execute if entity @s[tag=aj.yuji.bone.rightarm] run data modify entity @s {} merge value {transformation:[-0.9962112045514935f,0.08153289017407676f,0.030259275370115326f,-0.3125f,0.024963085460716912f,0.6013847758365938f,-0.7985694683346282f,1.375f,-0.08330714429353268f,-0.794788487090642f,-0.6011415644403777f,-3.827021247335479e-17f,0f,0f,0f,1f],start_interpolation:0}
execute if entity @s[tag=aj.yuji.bone.bottom] run data modify entity @s {} merge value {transformation:[-0.406624472419215f,0.8568915563180526f,-0.31684917412015023f,0.4119062969322942f,-0.22104704501887235f,-0.42878865699368063f,-0.8759443427079032f,1.2344026494332412f,-0.8864506429115047f,-0.2861418325662678f,0.36376930785512734f,0.1917212120340796f,0f,0f,0f,1f],start_interpolation:0}
execute if entity @s[tag=aj.yuji.bone.leftarm] run data modify entity @s {} merge value {transformation:[-0.9871577540469695f,-0.15083574921743437f,0.05261316739142601f,0.3125f,-0.13323758061115346f,0.5956987974198233f,-0.792079976937596f,1.375f,0.0881323762179901f,-0.7889179421908158f,-0.608145677244835f,3.827021247335479e-17f,0f,0f,0f,1f],start_interpolation:0}
execute if entity @s[tag=aj.yuji.bone.head] run data modify entity @s {} merge value {transformation:[-0.9999204072436845f,-0.011662789677563115f,-0.004812329431907877f,0f,-0.0126166230673774f,0.9243251020267214f,0.3813973342665978f,1.5f,-1.2288861348230381e-16f,0.38142769314803054f,-0.9243986774653953f,0f,0f,0f,0f,1f],start_interpolation:0}
execute if entity @s[tag=aj.yuji.locator_origin.mount] at @s on origin run tp @s ^0 ^0.59375 ^0 ~0 ~0
execute if entity @s[tag=aj.yuji.camera_origin.camera] at @s on origin run tp @s ^0 ^0.005 ^0 ~0 ~0