execute if entity @s[tag=aj.yuji.locator_origin.head] at @s on origin run tp @s ^-0.06947 ^1.49351 ^0.06977 ~-0.49805 ~5.31487
execute if entity @s[tag=aj.yuji.bone.torso] run data modify entity @s {} merge value {transformation:[-0.9956630678720816f,-0.09262907369574512f,-0.008655055275554562f,-0.06947180527180884f,-0.09303254954882556f,0.9913449447244453f,0.0926290736957451f,1.493508708543334f,-1.2193355890987786e-16f,0.09303254954882555f,-0.9956630678720816f,0.06977441216161916f,0f,0f,0f,1f],start_interpolation:0}
execute if entity @s[tag=aj.yuji.bone.bottom2] run data modify entity @s {} merge value {transformation:[0.832536422363414f,0.5388068083144024f,-0.12872578899495593f,-0.48579124375071037f,0.5534404877025475f,-0.8191338810655339f,0.15074253368602394f,1.5605877116649722f,-0.0242225516800684f,-0.1967407131342224f,-0.9801562935499338f,0.12405579963221157f,0f,0f,0f,1f],start_interpolation:0}
execute if entity @s[tag=aj.yuji.bone.rightarm] run data modify entity @s {} merge value {transformation:[0.7468855600753876f,0.6537348459422236f,-0.1216252907571915f,-0.3690378797698662f,0.6622248405806896f,-0.714722961639635f,0.22500966339903955f,1.3405179187187704f,0.06016826961742109f,-0.24859975725242728f,-0.9667357136390895f,0.058145343468015934f,0f,0f,0f,1f],start_interpolation:0}
execute if entity @s[tag=aj.yuji.bone.bottom] run data modify entity @s {} merge value {transformation:[-0.6286806594667584f,0.6411626881122515f,0.4400807150797606f,0.3652462834382699f,-0.7733281255277952f,-0.455768643833074f,-0.4407250316991609f,1.1794964217274206f,-0.08200145535359925f,-0.6174020980456993f,0.7823620713254569f,0.13449534647339365f,0f,0f,0f,1f],start_interpolation:0}
execute if entity @s[tag=aj.yuji.bone.leftarm] run data modify entity @s {} merge value {transformation:[-0.9606094652155232f,-0.2078266168484598f,0.18449269001147542f,0.25325153765018477f,-0.24881910503184695f,0.9388721380954241f,-0.23792469665689936f,1.3986632621867863f,-0.12376796156315076f,-0.27445802163072286f,-0.9536006952876304f,0.058145343468016f,0f,0f,0f,1f],start_interpolation:0}
execute if entity @s[tag=aj.yuji.bone.head] run data modify entity @s {} merge value {transformation:[-0.9955662406597295f,0.09343367178765069f,-0.010863214760421989f,-0.06947180527180884f,0.09246658675719834f,0.9933078909223141f,0.06920523220781584f,1.493508708543334f,0.017256615894404134f,0.06789390847301219f,-0.9975432955015694f,0.06977441216161916f,0f,0f,0f,1f],start_interpolation:0}
execute if entity @s[tag=aj.yuji.bone.bottom3] run data modify entity @s {} merge value {transformation:[-1f,-5.737246006879871e-18f,1.2233021636077948e-16f,-0.125f,0f,0.9989020217580329f,0.046848168883259766f,0.44058354462430127f,-1.2246467991473532e-16f,0.046848168883259766f,-0.9989020217580329f,0.043791633250408184f,0f,0f,0f,1f],start_interpolation:0}
execute if entity @s[tag=aj.yuji.bone.rightleg] run data modify entity @s {} merge value {transformation:[-1f,1.7161370716655106e-17f,1.2125627893739817e-16f,-0.11875f,0f,0.9901326572022359f,-0.14013322640130624f,0.75f,-1.2246467991473532e-16f,-0.14013322640130624f,-0.9901326572022359f,-1.4542680739874818e-17f,0f,0f,0f,1f],start_interpolation:0}
execute if entity @s[tag=aj.yuji.bone.bottom4] run data modify entity @s {} merge value {transformation:[-0.5271750324150258f,-0.7028656678711661f,-0.4775629153590509f,0.3416903651623333f,-0.8106126748633408f,0.5845671638575376f,0.03447205085942198f,0.5723890905124154f,0.25493837794478125f,0.40529135676396366f,-0.8779210326580117f,-0.1282469138508935f,0f,0f,0f,1f],start_interpolation:0}
execute if entity @s[tag=aj.yuji.bone.leftleg] run data modify entity @s {} merge value {transformation:[-0.5271750324150258f,-0.7028656678711661f,-0.4775629153590509f,0.11875f,-0.8106126748633408f,0.5845671638575376f,0.03447205085942198f,0.75f,0.25493837794478125f,0.40529135676396366f,-0.8779210326580117f,1.4542680739874818e-17f,0f,0f,0f,1f],start_interpolation:0}
execute if entity @s[tag=aj.yuji.locator_origin.mount] at @s on origin run tp @s ^0 ^0.59375 ^0 ~0 ~0
execute if entity @s[tag=aj.yuji.camera_origin.camera] at @s on origin run tp @s ^0 ^0.005 ^0 ~0 ~0