execute if entity @s[tag=aj.yuji.locator_origin.head] at @s on origin run tp @s ^0 ^1.5 ^0 ~0 ~0
execute if entity @s[tag=aj.yuji.bone.bottom2] run data modify entity @s {} merge value {transformation:[-0.4466684761656266f,-0.8087328530149381f,0.3826727647144433f,-0.40410036444420316f,0.1957767656119031f,-0.5056936764605859f,-0.84020554844295f,1.227831416234491f,0.8730170275810313f,-0.3003748958253585f,0.3842085260785945f,0.19067519814108894f,0f,0f,0f,1f],start_interpolation:0}
execute if entity @s[tag=aj.yuji.bone.rightarm] run data modify entity @s {} merge value {transformation:[-0.9927946324239313f,0.11820279967082978f,-0.019670179973981666f,-0.3125f,0.08830690137523407f,0.6107510604058443f,-0.7868831129098155f,1.375f,-0.08099820368215475f,-0.7829503434848946f,-0.616788497490955f,-3.827021247335479e-17f,0f,0f,0f,1f],start_interpolation:0}
execute if entity @s[tag=aj.yuji.bone.bottom] run data modify entity @s {} merge value {transformation:[-0.4361997122785311f,0.8432111713596921f,-0.3142049196023869f,0.4112571256340637f,-0.2067185927287456f,-0.43373532468377907f,-0.8770068936682901f,1.2315204265441955f,-0.875783782921546f,-0.3175981558757425f,0.36350265054873226f,0.18991285406058783f,0f,0f,0f,1f],start_interpolation:0}
execute if entity @s[tag=aj.yuji.bone.leftarm] run data modify entity @s {} merge value {transformation:[-0.9874744447582309f,-0.14815989134669702f,0.05424820315511515f,0.3125f,-0.1341543188322108f,0.6074568735312711f,-0.782942376895183f,1.375f,0.08304721360821954f,-0.7804132196444061f,-0.6197244282067333f,3.827021247335479e-17f,0f,0f,0f,1f],start_interpolation:0}
execute if entity @s[tag=aj.yuji.bone.head] run data modify entity @s {} merge value {transformation:[-0.9999718806263617f,-0.006962931822588781f,-0.0027848764804515595f,0f,-0.007499197062178844f,0.9284642037776003f,0.3713461785814543f,1.5f,-1.224612362846433e-16f,0.3713566208970303f,-0.9284903123436126f,0f,0f,0f,0f,1f],start_interpolation:0}
execute if entity @s[tag=aj.yuji.locator_origin.mount] at @s on origin run tp @s ^0 ^0.59375 ^0 ~0 ~0
execute if entity @s[tag=aj.yuji.camera_origin.camera] at @s on origin run tp @s ^0 ^0.005 ^0 ~0 ~0