execute if entity @s[tag=aj.yuji.locator_origin.head] at @s on origin run tp @s ^-0.00995 ^1.49987 ^0.00995 ~-0.01008 ~0.75993
execute if entity @s[tag=aj.yuji.bone.torso] run data modify entity @s {} merge value {transformation:[-0.9999120277790478f,-0.013262946470122928f,-0.00017593670279261332f,-0.009947209852592197f,-0.013264113343632726f,0.9998240632972073f,0.013262946470122926f,1.4998680474729054f,-1.2245390642485502e-16f,0.013264113343632724f,-0.9999120277790478f,0.009948085007724542f,0f,0f,0f,1f],start_interpolation:0}
execute if entity @s[tag=aj.yuji.bone.bottom2] run data modify entity @s {} merge value {transformation:[-0.9365520060609145f,0.3503437190234356f,-0.011385011379207874f,-0.4640542302554275f,0.3505013658953037f,0.936390296205406f,-0.01794451665212357f,1.1566338857425027f,0.004374065477695438f,-0.02079643510748574f,-0.9997741624177017f,0.013764813149044243f,0f,0f,0f,1f],start_interpolation:0}
execute if entity @s[tag=aj.yuji.bone.rightarm] run data modify entity @s {} merge value {transformation:[-0.9411166142992607f,0.3378903665477779f,-0.011385011379207874f,-0.32076185022477927f,0.33805014448895276f,0.9409570097157043f,-0.01794451665212357f,1.3707450041408693f,0.004649526953849968f,-0.020736587498632823f,-0.9997741624177017f,0.008290070839770415f,0f,0f,0f,1f],start_interpolation:0}
execute if entity @s[tag=aj.yuji.bone.bottom] run data modify entity @s {} merge value {transformation:[-0.9921858021452525f,-0.09698485338612425f,0.0784937719507337f,0.3760960185983845f,-0.11859151716046627f,0.9285588220239934f,-0.35173081482718077f,1.1319146501808406f,-0.03877352291139711f,-0.35829101615179476f,-0.9328044605735725f,0.021185319634486596f,0f,0f,0f,1f],start_interpolation:0}
execute if entity @s[tag=aj.yuji.bone.leftarm] run data modify entity @s {} merge value {transformation:[-0.9991395972094195f,-0.03786650654268051f,0.01691723885425938f,0.3041831671371256f,-0.03862764042652224f,0.9981386093058281f,-0.047193453021652246f,1.37903507498064f,-0.015098698065668895f,-0.0478063206624472f,-0.9987425018599343f,0.008290070839770491f,0f,0f,0f,1f],start_interpolation:0}
execute if entity @s[tag=aj.yuji.bone.head] run data modify entity @s {} merge value {transformation:[-0.9999119968266859f,0.013265279806550774f,-0.00017593670279261332f,-0.009947209852592197f,0.013261780007204889f,0.999824094249569f,0.013262946470122926f,1.4998680474729054f,0.00035184245050036574f,0.01325944605489843f,-0.9999120277790478f,0.009948085007724542f,0f,0f,0f,1f],start_interpolation:0}
execute if entity @s[tag=aj.yuji.bone.bottom3] run data modify entity @s {} merge value {transformation:[-1f,-8.122105606785357e-19f,1.2246198651264683e-16f,-0.125f,0f,0.9999780067029094f,0.006632202535817085f,0.43756185433418643f,-1.2246467991473532e-16f,0.006632202535817085f,-0.9999780067029094f,0.006217325221336719f,0f,0f,0f,1f],start_interpolation:0}
execute if entity @s[tag=aj.yuji.bone.rightleg] run data modify entity @s {} merge value {transformation:[-1f,2.4364887781018052e-18f,1.2244044000677537e-16f,-0.11875f,0f,0.9998020661306034f,-0.01989544070827755f,0.75f,-1.2246467991473532e-16f,-0.01989544070827755f,-0.9998020661306034f,-1.4542680739874818e-17f,0f,0f,0f,1f],start_interpolation:0}
execute if entity @s[tag=aj.yuji.bone.bottom4] run data modify entity @s {} merge value {transformation:[-0.9893325989869047f,-0.1385695775054788f,-0.044938633398996106f,0.16823632171413028f,-0.140977357178755f,0.9884415701956875f,0.05575524255150936f,0.44199311779621486f,0.03669323295527393f,0.06149580879244543f,-0.9974326404104956f,-0.019446772953609644f,0f,0f,0f,1f],start_interpolation:0}
execute if entity @s[tag=aj.yuji.bone.leftleg] run data modify entity @s {} merge value {transformation:[-0.9893325989869047f,-0.1385695775054788f,-0.044938633398996106f,0.11875f,-0.140977357178755f,0.9884415701956875f,0.05575524255150936f,0.75f,0.03669323295527393f,0.06149580879244543f,-0.9974326404104956f,1.4542680739874818e-17f,0f,0f,0f,1f],start_interpolation:0}
execute if entity @s[tag=aj.yuji.locator_origin.mount] at @s on origin run tp @s ^0 ^0.59375 ^0 ~0 ~0
execute if entity @s[tag=aj.yuji.camera_origin.camera] at @s on origin run tp @s ^0 ^0.005 ^0 ~0 ~0