execute if entity @s[tag=aj.yuji.locator_origin.head] at @s on origin run tp @s ^0 ^1.5 ^0 ~0 ~0
execute if entity @s[tag=aj.yuji.bone.bottom2] run data modify entity @s {} merge value {transformation:[-0.4941532490280801f,-0.8262808094870789f,0.27031942281007043f,-0.4093510073913984f,0.15211618860347526f,-0.38831581979866314f,-0.9088847502620141f,1.222142639135066f,0.8559633354529526f,-0.40800839203069034f,0.31757821145788073f,0.18346868832767793f,0f,0f,0f,1f],start_interpolation:0}
execute if entity @s[tag=aj.yuji.bone.rightarm] run data modify entity @s {} merge value {transformation:[-0.9890695544850254f,0.1401366409443374f,-0.04585998534268471f,-0.3125f,0.12612557264780472f,0.6429608366216869f,-0.7554427195327278f,1.375f,-0.07637903059778081f,-0.7529695109601571f,-0.6536078023167754f,-3.827021247335479e-17f,0f,0f,0f,1f],start_interpolation:0}
execute if entity @s[tag=aj.yuji.bone.bottom] run data modify entity @s {} merge value {transformation:[-0.4935385547961273f,0.8284018687925744f,-0.2648962791560499f,0.40992739551740476f,-0.1531173325246551f,-0.3825785008762537f,-0.9111469547486903f,1.2224359448426623f,-0.856139461425698f,-0.40912593959348026f,0.31565992482649347f,0.18340763799974094f,0f,0f,0f,1f],start_interpolation:0}
execute if entity @s[tag=aj.yuji.bone.leftarm] run data modify entity @s {} merge value {transformation:[-0.9886019305489302f,-0.14255909943238634f,0.04840584762149153f,0.3125f,-0.1296469388951929f,0.6426679553531489f,-0.7550957359151943f,1.375f,0.07653688097926509f,-0.7527647722437799f,-0.6538251322171211f,3.827021247335479e-17f,0f,0f,0f,1f],start_interpolation:0}
execute if entity @s[tag=aj.yuji.bone.head] run data modify entity @s {} merge value {transformation:[-0.9999925058173099f,-0.003625031081456827f,-0.0013592125940459037f,0f,-0.0038714737784648684f,0.9363369409798773f,0.35108139319426823f,1.5f,-1.2246376214205095e-16f,0.35108402428208574f,-0.9363439581125601f,0f,0f,0f,0f,1f],start_interpolation:0}
execute if entity @s[tag=aj.yuji.locator_origin.mount] at @s on origin run tp @s ^0 ^0.59375 ^0 ~0 ~0
execute if entity @s[tag=aj.yuji.camera_origin.camera] at @s on origin run tp @s ^0 ^0.005 ^0 ~0 ~0