execute if entity @s[tag=aj.yuji.locator_origin.head] at @s on origin run tp @s ^0 ^1.5 ^0 ~0 ~0
execute if entity @s[tag=aj.yuji.bone.bottom2] run data modify entity @s {} merge value {transformation:[-0.8047234219047398f,-0.5893945460232908f,-0.0709526839233355f,-0.39767829672405347f,-0.15821517104622382f,0.32812813635753096f,-0.9312893673726484f,1.1641236011261558f,0.572178445844249f,-0.738204575472499f,-0.35730355562564375f,0.12116951830055471f,0f,0f,0f,1f],start_interpolation:0}
execute if entity @s[tag=aj.yuji.bone.rightarm] run data modify entity @s {} merge value {transformation:[-0.9957801027278826f,0.09176816121424324f,0.0007691544734924983f,-0.3125f,0.07917409923601136f,0.8632991203043796f,-0.4984436687248125f,1.375f,-0.046405269328101684f,-0.4962793905342444f,-0.8669217482042686f,-3.827021247335479e-17f,0f,0f,0f,1f],start_interpolation:0}
execute if entity @s[tag=aj.yuji.bone.bottom] run data modify entity @s {} merge value {transformation:[-0.804723616230212f,0.5893942469501461f,0.07095296430340879f,0.3976783098789334f,0.15821508191968026f,0.3281286561328132f,-0.9312891993777352f,1.1641236021720953f,-0.5721781971855615f,-0.7382045832196819f,-0.3573039378161627f,0.12116951087338636f,0f,0f,0f,1f],start_interpolation:0}
execute if entity @s[tag=aj.yuji.bone.leftarm] run data modify entity @s {} merge value {transformation:[-0.995780097689846f,-0.09176821509327207f,-0.0007692485916500881f,0.3125f,-0.07917409883543894f,0.8632991160204784f,-0.49844367620811153f,1.375f,0.04640537811931876f,-0.49627938802337496f,-0.8669217438181761f,3.827021247335479e-17f,0f,0f,0f,1f],start_interpolation:0}
execute if entity @s[tag=aj.yuji.bone.head] run data modify entity @s {} merge value {transformation:[-0.999997627786689f,-0.0021267023120717255f,-0.00047069976684476053f,0f,-0.0021781691841266456f,0.9763691831554777f,0.21609829653033047f,1.5f,-1.2249149445670363e-16f,0.21609880916280205f,-0.9763714993169449f,0f,0f,0f,0f,1f],start_interpolation:0}
execute if entity @s[tag=aj.yuji.locator_origin.mount] at @s on origin run tp @s ^0 ^0.59375 ^0 ~0 ~0
execute if entity @s[tag=aj.yuji.camera_origin.camera] at @s on origin run tp @s ^0 ^0.005 ^0 ~0 ~0