execute if entity @s[tag=aj.yuji.locator_origin.head] at @s on origin run tp @s ^0 ^1.5 ^0 ~0 ~0
execute if entity @s[tag=aj.yuji.bone.bottom2] run data modify entity @s {} merge value {transformation:[-0.9882758091505033f,-0.13095882988919738f,-0.07849018997282471f,-0.38013410391530067f,-0.1055023687201783f,0.9573604607277033f,-0.2689427419166973f,1.1282633012799526f,0.11036383122359152f,-0.2575087049194492f,-0.9599526507325029f,0.030868746205617987f,0f,0f,0f,1f],start_interpolation:0}
execute if entity @s[tag=aj.yuji.bone.rightarm] run data modify entity @s {} merge value {transformation:[-0.999749316226227f,0.020599086604646048f,0.008773957843860179f,-0.3125f,0.019324630850465836f,0.9917779525928061f,-0.12650316752285223f,1.375f,-0.011307667650084523f,-0.12630190173499323f,-0.9919273996973968f,-3.827021247335479e-17f,0f,0f,0f,1f],start_interpolation:0}
execute if entity @s[tag=aj.yuji.bone.bottom] run data modify entity @s {} merge value {transformation:[-0.9882758208998573f,0.13095875910514707f,0.07849016013713643f,0.38013410473406484f,0.10550232037184407f,0.9573604965218004f,-0.26894263346611436f,1.1282633012957788f,-0.1103637722301573f,-0.257508607842868f,-0.9599526835557876f,0.030868744538188622f,0f,0f,0f,1f],start_interpolation:0}
execute if entity @s[tag=aj.yuji.bone.leftarm] run data modify entity @s {} merge value {transformation:[-0.9997493159263016f,-0.02059908995468398f,-0.008773984153791896f,0.3125f,-0.019324630844668435f,0.9917779525280517f,-0.12650316803140943f,1.375f,0.011307694177392802f,-0.12630190169710254f,-0.991927399399818f,3.827021247335479e-17f,0f,0f,0f,1f],start_interpolation:0}
execute if entity @s[tag=aj.yuji.bone.head] run data modify entity @s {} merge value {transformation:[-0.999999859242386f,-0.0005298334110378696f,-0.000028138315534501817f,0f,-0.0005305800677118802f,0.9985926134479117f,0.0530331109031066f,1.5f,-1.2246466267689917e-16f,0.05303311836792181f,-0.9985927540074452f,0f,0f,0f,0f,1f],start_interpolation:0}
execute if entity @s[tag=aj.yuji.locator_origin.mount] at @s on origin run tp @s ^0 ^0.59375 ^0 ~0 ~0
execute if entity @s[tag=aj.yuji.camera_origin.camera] at @s on origin run tp @s ^0 ^0.005 ^0 ~0 ~0