execute if entity @s[tag=aj.yuji.locator_origin.head] at @s on origin run tp @s ^0 ^1.5 ^0 ~0 ~0
execute if entity @s[tag=aj.yuji.bone.bottom2] run data modify entity @s {} merge value {transformation:[-0.4388889143034849f,-0.7957825374637044f,0.4172609183344827f,-0.4012814067335305f,0.20022587124827546f,-0.5393147576563572f,-0.8179542729620853f,1.227890066900068f,0.8759486979180786f,-0.2754446318988486f,0.3960355203434793f,0.19204889846533615f,0f,0f,0f,1f],start_interpolation:0}
execute if entity @s[tag=aj.yuji.bone.rightarm] run data modify entity @s {} merge value {transformation:[-0.9942989176194252f,0.10655089752926579f,-0.004070461466135532f,-0.3125f,0.06812966593255709f,0.6054721488828667f,-0.7929450331183631f,1.375f,-0.08202445391928896f,-0.788701707341167f,-0.609279579336425f,-3.827021247335479e-17f,0f,0f,0f,1f],start_interpolation:0}
execute if entity @s[tag=aj.yuji.bone.bottom] run data modify entity @s {} merge value {transformation:[-0.42317917801663163f,0.847860229498932f,-0.31945643603969864f,0.4115438572832682f,-0.21543854654916383f,-0.43663178219163296f,-0.8734637482122206f,1.2331138424712682f,-0.8800600070188119f,-0.3008084407296052f,0.3674352542038825f,0.1909578032869658f,0f,0f,0f,1f],start_interpolation:0}
execute if entity @s[tag=aj.yuji.bone.leftarm] run data modify entity @s {} merge value {transformation:[-0.9872882649645632f,-0.14935336289193193f,0.054364095284785904f,0.3125f,-0.13431455119829738f,0.6011232679145011f,-0.787788307928082f,1.375f,0.08497931042119805f,-0.7850760407531626f,-0.6135422781159224f,3.827021247335479e-17f,0f,0f,0f,1f],start_interpolation:0}
execute if entity @s[tag=aj.yuji.bone.head] run data modify entity @s {} merge value {transformation:[-0.9999578483246987f,-0.008508443648195769f,-0.003450791289601531f,0f,-0.009181588851550298f,0.9266462635827095f,0.3758222992510753f,1.5f,-1.2224267738881457e-16f,0.37583814145837985f,-0.9266853249216321f,0f,0f,0f,0f,1f],start_interpolation:0}
execute if entity @s[tag=aj.yuji.locator_origin.mount] at @s on origin run tp @s ^0 ^0.59375 ^0 ~0 ~0
execute if entity @s[tag=aj.yuji.camera_origin.camera] at @s on origin run tp @s ^0 ^0.005 ^0 ~0 ~0