execute if entity @s[tag=aj.yuji.locator_origin.head] at @s on origin run tp @s ^0 ^1.5 ^0 ~0 ~0
execute if entity @s[tag=aj.yuji.bone.bottom2] run data modify entity @s {} merge value {transformation:[-0.4339272548650796f,-0.7531155099525365f,0.49449384844928773f,-0.39218809872125715f,0.19060329486315603f,-0.6131741051593664f,-0.7666080489724318f,1.2247709368177206f,0.8805552347652956f,-0.23839996944408562f,0.409619253815655f,0.19361633582310628f,0f,0f,0f,1f],start_interpolation:0}
execute if entity @s[tag=aj.yuji.bone.rightarm] run data modify entity @s {} merge value {transformation:[-0.9964906202719939f,0.06962973981703023f,0.0464558181818994f,-0.3125f,0.004853602311358153f,0.6021296533069569f,-0.7983835689397965f,1.375f,-0.08356366587542816f,-0.7953562597612822f,-0.6003545067741254f,-3.827021247335479e-17f,0f,0f,0f,1f],start_interpolation:0}
execute if entity @s[tag=aj.yuji.bone.bottom] run data modify entity @s {} merge value {transformation:[-0.4031348199125579f,0.860881031527892f,-0.3104290040082307f,0.41197954123091335f,-0.21863134702127807f,-0.41999234668045055f,-0.8807989343939455f,1.2342025843281377f,-0.8886409010808196f,-0.2872112084952827f,0.35752911859168623f,0.19153631148325845f,0f,0f,0f,1f],start_interpolation:0}
execute if entity @s[tag=aj.yuji.bone.leftarm] run data modify entity @s {} merge value {transformation:[-0.9871974789242138f,-0.15111879519259996f,0.05103182678695082f,0.3125f,-0.13220506824547354f,0.596240929748818f,-0.7918450439463991f,1.375f,0.08923540517017897f,-0.7884540972255785f,-0.608586213311074f,3.827021247335479e-17f,0f,0f,0f,1f],start_interpolation:0}
execute if entity @s[tag=aj.yuji.bone.head] run data modify entity @s {} merge value {transformation:[-0.9998997970264226f,-0.013079372932533822f,-0.005415340267296126f,0f,-0.01415612611270814f,0.9238447182759314f,0.38250560859567273f,1.5f,-1.2288608945864386e-16f,0.38254394063604846f,-0.9239372995407444f,0f,0f,0f,0f,1f],start_interpolation:0}
execute if entity @s[tag=aj.yuji.locator_origin.mount] at @s on origin run tp @s ^0 ^0.59375 ^0 ~0 ~0
execute if entity @s[tag=aj.yuji.camera_origin.camera] at @s on origin run tp @s ^0 ^0.005 ^0 ~0 ~0