execute if entity @s[tag=aj.yuji.locator_origin.head] at @s on origin run tp @s ^-0.06599 ^1.49415 ^0.06625 ~-0.44879 ~5.04776
execute if entity @s[tag=aj.yuji.bone.torso] run data modify entity @s {} merge value {transformation:[-0.996091146432062f,-0.08798607910897345f,-0.007802427999660294f,-0.06598955933173009f,-0.08833135343500867f,0.9921975720003395f,0.08798607910897344f,1.4941481790002547f,-1.2111862167571582e-16f,0.08833135343500866f,-0.996091146432062f,0.0662485150762565f,0f,0f,0f,1f],start_interpolation:0}
execute if entity @s[tag=aj.yuji.bone.bottom2] run data modify entity @s {} merge value {transformation:[0.7334558376368081f,0.6602640738319409f,-0.16153602398021785f,-0.5069570921197958f,0.6792764339434322f,-0.7032133031999767f,0.20993945911064857f,1.5462577777212743f,0.025021201521551354f,-0.2637089361577023f,-0.9642777278694094f,0.1266509355874938f,0f,0f,0f,1f],start_interpolation:0}
execute if entity @s[tag=aj.yuji.bone.rightarm] run data modify entity @s {} merge value {transformation:[0.6649473045111345f,0.7289860637944555f,-0.16255583968852821f,-0.3662697827031278f,0.7443497634566641f,-0.6288639318138427f,0.22466327004128384f,1.342519934551772f,0.06155088842075777f,-0.2703876366572642f,-0.9607819805124963f,0.05520709589688037f,0f,0f,0f,1f],start_interpolation:0}
execute if entity @s[tag=aj.yuji.bone.bottom] run data modify entity @s {} merge value {transformation:[-0.6812511389046536f,0.6004981898882344f,0.4186870068225979f,0.3665771481431326f,-0.7240963816449547f,-0.46867785723598765f,-0.5059896206696014f,1.179920542338154f,-0.10761652210416556f,-0.6478757520370992f,0.7541058905038247f,0.137685623441279f,0f,0f,0f,1f],start_interpolation:0}
execute if entity @s[tag=aj.yuji.bone.leftarm] run data modify entity @s {} merge value {transformation:[-0.963146082599372f,-0.2003733366550435f,0.1794440011012024f,0.25628718381691096f,-0.24378972783299546f,0.9321733844002421f,-0.26761791797058787f,1.3977270304486524f,-0.1136494266443862f,-0.30150175351649766f,-0.946668104696614f,0.05520709589688044f,0f,0f,0f,1f],start_interpolation:0}
execute if entity @s[tag=aj.yuji.bone.head] run data modify entity @s {} merge value {transformation:[-0.9960262007949435f,0.0886804378990572f,-0.008221147366539241f,-0.06598955933173009f,0.08769303368545961f,0.9926584861026903f,0.08330103127426382f,1.4941481790002547f,0.01554796362974074f,0.08224907234945873f,-0.996490517227646f,0.0662485150762565f,0f,0f,0f,1f],start_interpolation:0}
execute if entity @s[tag=aj.yuji.bone.bottom3] run data modify entity @s {} merge value {transformation:[-1f,-5.4443539797554836e-18f,1.2234360153421058e-16f,-0.125f,0f,0.9990113199935767f,0.04445652398345429f,0.4402769981455126f,-1.2246467991473532e-16f,0.04445652398345429f,-0.9990113199935767f,0.04156816236310155f,0f,0f,0f,1f],start_interpolation:0}
execute if entity @s[tag=aj.yuji.bone.rightleg] run data modify entity @s {} merge value {transformation:[-1f,1.6290021435011136e-17f,1.213764105098905e-16f,-0.11875f,0f,0.9911136059343598f,-0.133018119561925f,0.75f,-1.2246467991473532e-16f,-0.133018119561925f,-0.9911136059343598f,-1.4542680739874818e-17f,0f,0f,0f,1f],start_interpolation:0}
execute if entity @s[tag=aj.yuji.bone.bottom4] run data modify entity @s {} merge value {transformation:[-0.5692278435295475f,-0.6857541785596907f,-0.45356462465521324f,0.33660585482196304f,-0.7856695565522925f,0.6162600117067131f,0.054285779704869946f,0.562329181070104f,0.24228704063078718f,0.3872528948363917f,-0.8895685388901801f,-0.12253082364031481f,0f,0f,0f,1f],start_interpolation:0}
execute if entity @s[tag=aj.yuji.bone.leftleg] run data modify entity @s {} merge value {transformation:[-0.5692278435295475f,-0.6857541785596907f,-0.45356462465521324f,0.11875f,-0.7856695565522925f,0.6162600117067131f,0.054285779704869946f,0.75f,0.24228704063078718f,0.3872528948363917f,-0.8895685388901801f,1.4542680739874818e-17f,0f,0f,0f,1f],start_interpolation:0}
execute if entity @s[tag=aj.yuji.locator_origin.mount] at @s on origin run tp @s ^0 ^0.59375 ^0 ~0 ~0
execute if entity @s[tag=aj.yuji.camera_origin.camera] at @s on origin run tp @s ^0 ^0.005 ^0 ~0 ~0