execute if entity @s[tag=aj.yuji.locator_origin.head] at @s on origin run tp @s ^-0.02459 ^1.49919 ^0.0246 ~-0.0617 ~1.87899
execute if entity @s[tag=aj.yuji.bone.torso] run data modify entity @s {} merge value {transformation:[-0.9994617283920728f,-0.03278864373496066f,-0.0010762534795302537f,-0.024591482801220498f,-0.03280630243612309f,0.9989237465204697f,0.032788643734960654f,1.4991928098903522f,-1.2218192022006623e-16f,0.032806302436123085f,-0.9994617283920728f,0.02460472682709231f,0f,0f,0f,1f],start_interpolation:0}
execute if entity @s[tag=aj.yuji.bone.bottom2] run data modify entity @s {} merge value {transformation:[-0.5998888333347028f,-0.1620697208939736f,-0.7834965176755275f,-0.5392745725818398f,0.5383711320755862f,0.6426351690597001f,-0.545139031472947f,1.2921994709151159f,0.5918529477733303f,-0.7488347247937692f,-0.2982560027142101f,0.1569537533515895f,0f,0f,0f,1f],start_interpolation:0}
execute if entity @s[tag=aj.yuji.bone.rightarm] run data modify entity @s {} merge value {transformation:[-0.5952539922521874f,0.6769860224368195f,-0.4328540286667168f,-0.3328246924568732f,0.8033025152495802f,0.48832923340795215f,-0.34093933300940776f,1.364075372064005f,-0.01943588694993966f,-0.5506582290535355f,-0.8345045003318394f,0.02050393902257689f,0f,0f,0f,1f],start_interpolation:0}
execute if entity @s[tag=aj.yuji.bone.bottom] run data modify entity @s {} merge value {transformation:[-0.8016621219798599f,0.5896480931861706f,-0.09824952104036656f,0.3892265467618308f,-0.1665944249432898f,-0.37822308477040945f,-0.9106006785219141f,1.1979898609271453f,-0.5740941906695826f,-0.7136262497615046f,0.40143920572207237f,0.16918571655038805f,0f,0f,0f,1f],start_interpolation:0}
execute if entity @s[tag=aj.yuji.bone.leftarm] run data modify entity @s {} merge value {transformation:[-0.9845968956828614f,-0.14340141197391854f,0.1000249371684833f,0.29183888778817235f,-0.17476127603873995f,0.7900481196474316f,-0.5876074072362166f,1.384579311086582f,0.005239218356194071f,-0.5960369147002929f,-0.8029399397872621f,0.020503939022576967f,0f,0f,0f,1f],start_interpolation:0}
execute if entity @s[tag=aj.yuji.bone.head] run data modify entity @s {} merge value {transformation:[-0.9995296955065384f,0.03015528900070726f,0.005571924792242163f,-0.024591482801220498f,0.03059511786011397f,0.9683036004150961f,0.2478952927876766f,1.4991928098903522f,0.00208003935835711f,0.24794918021329693f,-0.9687708075018681f,0.02460472682709231f,0f,0f,0f,1f],start_interpolation:0}
execute if entity @s[tag=aj.yuji.bone.bottom3] run data modify entity @s {} merge value {transformation:[-1f,-1.293016690854642e-18f,1.224578537067172e-16f,-0.125f,0f,0.9999442597814906f,0.010558282533011894f,0.43765675771362944f,-1.2246467991473532e-16f,0.010558282533011894f,-0.9999442597814906f,0.009896918613265313f,0f,0f,0f,1f],start_interpolation:0}
execute if entity @s[tag=aj.yuji.bone.rightleg] run data modify entity @s {} merge value {transformation:[-1f,3.878473504370318e-18f,1.2240324860841917e-16f,-0.11875f,0f,0.9994983753163859f,-0.031670139562449046f,0.75f,-1.2246467991473532e-16f,-0.031670139562449046f,-0.9994983753163859f,-1.4542680739874818e-17f,0f,0f,0f,1f],start_interpolation:0}
execute if entity @s[tag=aj.yuji.bone.bottom4] run data modify entity @s {} merge value {transformation:[-0.9354574077859423f,-0.32613252178922886f,-0.1362241404810593f,0.22651302185779615f,-0.34161326859143354f,0.9331689711676081f,0.11178571452678983f,0.46051977943881894f,0.090663184042269f,0.15110674862952347f,-0.9843510235571108f,-0.04778750384699025f,0f,0f,0f,1f],start_interpolation:0}
execute if entity @s[tag=aj.yuji.bone.leftleg] run data modify entity @s {} merge value {transformation:[-0.9354574077859423f,-0.32613252178922886f,-0.1362241404810593f,0.11875f,-0.34161326859143354f,0.9331689711676081f,0.11178571452678983f,0.75f,0.090663184042269f,0.15110674862952347f,-0.9843510235571108f,1.4542680739874818e-17f,0f,0f,0f,1f],start_interpolation:0}
execute if entity @s[tag=aj.yuji.locator_origin.mount] at @s on origin run tp @s ^0 ^0.59375 ^0 ~0 ~0
execute if entity @s[tag=aj.yuji.camera_origin.camera] at @s on origin run tp @s ^0 ^0.005 ^0 ~0 ~0