execute if entity @s[tag=aj.gojo.locator_origin.head] at @s on origin run tp @s ^-0.00296 ^1.49969 ^-0.02135 ~-7.89359 ~-1.64723
execute if entity @s[tag=aj.gojo.bone.torso] run data modify entity @s {} merge value {transformation:[-0.9905248433050674f,-0.003947742965882468f,-0.13727691037077958f,-0.0029608072244118513f,4.336808689942018e-19f,0.9995867589261649f,-0.02874563235493667f,1.4996900691946236f,0.13733366228085422f,-0.02847326298407872f,-0.9901155177551596f,-0.02135494723805904f,0f,0f,0f,1f],start_interpolation:0}
execute if entity @s[tag=aj.gojo.bone.bottom2] run data modify entity @s {} merge value {transformation:[-0.950614905585527f,-0.30686435188736366f,0.04653569403552647f,-0.3372259664613456f,-0.09224443778874596f,0.13617421242661965f,-0.9863810356890627f,1.1809821535996414f,0.29634821574569675f,-0.9419611740463287f,-0.1577557657063723f,0.19313124717079738f,0f,0f,0f,1f],start_interpolation:0}
execute if entity @s[tag=aj.gojo.bone.rightarm] run data modify entity @s {} merge value {transformation:[-0.9841786904181282f,-0.14516621830519008f,-0.10158284495833059f,-0.31200635288651013f,-0.046130344067741205f,0.7635056968999118f,-0.6441514124470828f,1.374741724328853f,0.17106810539387562f,-0.6292740419438497f,-0.7581226044991667f,0.025120980097717745f,0f,0f,0f,1f],start_interpolation:0}
execute if entity @s[tag=aj.gojo.bone.bottom] run data modify entity @s {} merge value {transformation:[-0.7380659397750831f,0.5836837922123981f,0.33848471051507995f,0.40330882525440126f,-0.6155024591450429f,-0.7879589661987331f,0.016655040481143142f,1.3708937560288066f,0.27643333975902457f,-0.19604565360032278f,0.9408244843615062f,0.1783059632429273f,0f,0f,0f,1f],start_interpolation:0}
execute if entity @s[tag=aj.gojo.bone.leftarm] run data modify entity @s {} merge value {transformation:[-0.9905248433050674f,-0.13731739347471006f,-0.002113822315944134f,0.30707167417915704f,4.336808689942018e-19f,0.015391873200186427f,-0.9998815381030842f,1.374741724328853f,0.13733366228085422f,-0.9904075038531873f,-0.015246032789786125f,-0.06071255882781614f,0f,0f,0f,1f],start_interpolation:0}
execute if entity @s[tag=aj.gojo.bone.head] run data modify entity @s {} merge value {transformation:[-0.896411905934478f,0.011274270155922018f,-0.44307853223934024f,-0.0029608072244118513f,0.009082274601874276f,0.9999337694920414f,0.007068869605048801f,1.4996900691946236f,0.4431288832687087f,0.002312457975470996f,-0.8964549321360995f,-0.02135494723805904f,0f,0f,0f,1f],start_interpolation:0}
execute if entity @s[tag=aj.gojo.locator_origin.purple] at @s on origin run tp @s ^0 ^1 ^0.5 ~0 ~0
execute if entity @s[tag=aj.gojo.locator_origin.blue] at @s on origin run tp @s ^-1.0625 ^1.78125 ^-0.53125 ~0 ~0
execute if entity @s[tag=aj.gojo.locator_origin.red] at @s on origin run tp @s ^1.0625 ^1.78125 ^-0.53125 ~0 ~0
execute if entity @s[tag=aj.gojo.camera_origin.camera] at @s on origin run tp @s ^0 ^0.005 ^0 ~0 ~0