execute if entity @s[tag=aj.gojo.locator_origin.head] at @s on origin run tp @s ^0.00019 ^1.5 ^0.00155 ~-6.87012 ~0.11963
execute if entity @s[tag=aj.gojo.bone.torso] run data modify entity @s {} merge value {transformation:[-0.9928198646875792f,0.0002497546140755724f,-0.1196187857502725f,0.0001873159605566793f,0f,0.9999978202993893f,0.002087916777609646f,1.4999983652245419f,0.11961904648398118f,0.002072925252625335f,-0.9928177006375138f,0.001554693939469001f,0f,0f,0f,1f],start_interpolation:0}
execute if entity @s[tag=aj.gojo.bone.bottom2] run data modify entity @s {} merge value {transformation:[-0.9737941513939645f,-0.2161587738121803f,-0.07071304840638235f,-0.3574339086680868f,-0.05310395610910813f,0.5184321755114019f,-0.8534682473531612f,1.1628023286020952f,0.2211445693578538f,-0.8273472450540518f,-0.5163251064445733f,0.1770184546006697f,0f,0f,0f,1f],start_interpolation:0}
execute if entity @s[tag=aj.gojo.bone.rightarm] run data modify entity @s {} merge value {transformation:[-0.993096610676644f,-0.058938962321099006f,-0.1014165695686575f,-0.3101001110810713f,0.0034284738476104046f,0.8496423548019953f,-0.5273481909455994f,1.3749986376871184f,0.11724916814049696f,-0.5240554051310148f,-0.8435748721502611f,0.038676530309134954f,0f,0f,0f,1f],start_interpolation:0}
execute if entity @s[tag=aj.gojo.bone.bottom] run data modify entity @s {} merge value {transformation:[-0.8018919452881806f,0.5435553628286124f,0.24802595755725465f,0.40226901085245215f,-0.5549612256838437f,-0.8314110470225006f,0.02781562288418478f,1.3546426891581127f,0.22133085205055236f,-0.11533966546338156f,0.968353972213349f,0.2038192548692721f,0f,0f,0f,1f],start_interpolation:0}
execute if entity @s[tag=aj.gojo.bone.leftarm] run data modify entity @s {} merge value {transformation:[-0.9928198646875792f,-0.11922185984325073f,-0.00973983661326662f,0.31041230434866574f,0f,0.08142379411602259f,-0.9966795702490101f,1.3749986376871184f,0.11961904648398118f,-0.9895232760714968f,-0.08083916025661886f,-0.036085373743353286f,0f,0f,0f,1f],start_interpolation:0}
execute if entity @s[tag=aj.gojo.bone.head] run data modify entity @s {} merge value {transformation:[-0.9211828246172861f,0.032941288635624344f,-0.38773325255018154f,0.0001873159605566793f,-0.0005765682384695032f,0.9962937975837793f,0.08601358302708698f,1.4999983652245419f,0.38912963289781044f,0.07945779004676433f,-0.917749741706147f,0.001554693939469001f,0f,0f,0f,1f],start_interpolation:0}
execute if entity @s[tag=aj.gojo.locator_origin.purple] at @s on origin run tp @s ^0 ^1 ^0.5 ~0 ~0
execute if entity @s[tag=aj.gojo.locator_origin.blue] at @s on origin run tp @s ^-1.0625 ^1.78125 ^-0.53125 ~0 ~0
execute if entity @s[tag=aj.gojo.locator_origin.red] at @s on origin run tp @s ^1.0625 ^1.78125 ^-0.53125 ~0 ~0
execute if entity @s[tag=aj.gojo.camera_origin.camera] at @s on origin run tp @s ^0 ^0.005 ^0 ~0 ~0