execute if entity @s[tag=aj.gojo.locator_origin.head] at @s on origin run tp @s ^0.00013 ^1.5 ^0.00204 ~-3.75 ~0.15625
execute if entity @s[tag=aj.gojo.bone.torso] run data modify entity @s {} merge value {transformation:[-0.9978589232386035f,0.00017835914551475596f,-0.06540288603043443f,0.00013376935913606697f,-1.3552527156068805e-20f,0.9999962815279418f,0.002727073576053817f,1.4999972111459563f,0.06540312923014299f,0.00272123470219351f,-0.9978552127280795f,0.0020409260266451325f,0f,0f,0f,1f],start_interpolation:0}
execute if entity @s[tag=aj.gojo.bone.bottom2] run data modify entity @s {} merge value {transformation:[-0.9931209302082908f,-0.09115815236636102f,-0.07349155896679872f,-0.3705613007988801f,-0.04004465932148444f,0.8541996970590334f,-0.518400716438627f,1.1364536572873798f,0.11003291890177866f,-0.5118916572883434f,-0.8519739948827945f,0.09986078110341531f,0f,0f,0f,1f],start_interpolation:0}
execute if entity @s[tag=aj.gojo.bone.rightarm] run data modify entity @s {} merge value {transformation:[-0.9980477055352373f,-0.014144479372756365f,-0.060833470878471935f,-0.3117194390461169f,0.004479982383384797f,0.955296070266181f,-0.29561689378625866f,1.3749976759549636f,0.06229532272725447f,-0.2953122954386851f,-0.9533676840175788f,0.02213924957329063f,0f,0f,0f,1f],start_interpolation:0}
execute if entity @s[tag=aj.gojo.bone.bottom] run data modify entity @s {} merge value {transformation:[-0.9522267029504285f,0.12001370096486882f,0.28082203932183014f,0.3862728561062317f,-0.2969486829353025f,-0.14913134625684765f,-0.9431761878178484f,1.2045978341856558f,-0.07131469617929834f,-0.9815072863429671f,0.17764476058842577f,0.15971431938229197f,0f,0f,0f,1f],start_interpolation:0}
execute if entity @s[tag=aj.gojo.bone.leftarm] run data modify entity @s {} merge value {transformation:[-0.9978589232386035f,-0.04785714170323454f,-0.044578731488135834f,0.3119423879780103f,-1.3552527156068805e-20f,0.6815993670772313f,-0.7317255652223158f,1.3749976759549636f,0.06540312923014299f,-0.7301588846188986f,-0.6801400105117998f,-0.018737706195548744f,0f,0f,0f,1f],start_interpolation:0}
execute if entity @s[tag=aj.gojo.bone.head] run data modify entity @s {} merge value {transformation:[-0.9762960441162964f,0.010798320998020538f,-0.21616991119601744f,0.00013376935913606697f,-0.0004148516667783531f,0.9986594884138428f,0.05175957978090959f,1.4999972111459563f,0.2164390494826775f,0.05062235143319088f,-0.9749828282561748f,0.0020409260266451325f,0f,0f,0f,1f],start_interpolation:0}
execute if entity @s[tag=aj.gojo.locator_origin.purple] at @s on origin run tp @s ^0 ^1 ^0.5 ~0 ~0
execute if entity @s[tag=aj.gojo.locator_origin.blue] at @s on origin run tp @s ^-1.0625 ^1.78125 ^-0.53125 ~0 ~0
execute if entity @s[tag=aj.gojo.locator_origin.red] at @s on origin run tp @s ^1.0625 ^1.78125 ^-0.53125 ~0 ~0
execute if entity @s[tag=aj.gojo.camera_origin.camera] at @s on origin run tp @s ^0 ^0.005 ^0 ~0 ~0