execute if entity @s[tag=aj.gojo.locator_origin.head] at @s on origin run tp @s ^0.00001 ^1.5 ^0.00038 ~-0.90278 ~0.02894
execute if entity @s[tag=aj.gojo.bone.torso] run data modify entity @s {} merge value {transformation:[-0.9998758697943517f,0.000007956899503650836f,-0.01575579067125299f,0.000005967674627738127f,0f,0.9999998724803058f,0.0005050142296893483f,1.4999999043602292f,0.01575579268042685f,0.0005049515421691616f,-0.9998757422904866f,0.0003787136566268712f,0f,0f,0f,1f],start_interpolation:0}
execute if entity @s[tag=aj.gojo.bone.bottom2] run data modify entity @s {} merge value {transformation:[-0.9996370109094714f,-0.015284357901778081f,-0.022186365712020904f,-0.37488052846375053f,-0.012230155441300012f,0.991200934488718f,-0.13179958560850524f,1.1257092683392802f,0.024005618464410003f,-0.13148040109545764f,-0.9910280694359362f,0.024308327787739198f,0f,0f,0f,1f],start_interpolation:0}
execute if entity @s[tag=aj.gojo.bone.rightarm] run data modify entity @s {} merge value {transformation:[-0.9998844729100732f,-0.0002739493666967692f,-0.015197558523967925f,-0.3124562362485451f,0.0008283497082801831f,0.9973696952707136f,-0.07247761580215452f,1.374999920300191f,0.015177439510857413f,-0.07248183156728596f,-0.9972542451263599f,0.005239279926489117f,0f,0f,0f,1f],start_interpolation:0}
execute if entity @s[tag=aj.gojo.bone.bottom] run data modify entity @s {} merge value {transformation:[-0.997763524805496f,-0.01546170135696752f,0.06502987281904013f,0.3757288258064677f,-0.04071381892589286f,0.9121632077428978f,-0.4077997883626922f,1.1298282623139164f,-0.053012578848629824f,-0.4095353687184232f,-0.9107526822647753f,0.04329750485355632f,0f,0f,0f,1f],start_interpolation:0}
execute if entity @s[tag=aj.gojo.bone.leftarm] run data modify entity @s {} merge value {transformation:[-0.9998758697943517f,-0.003081606285584283f,-0.015451495257393049f,0.3124661823729247f,0f,0.9806866319450985f,-0.19558560766114347f,1.374999920300191f,0.01575579268042685f,-0.19556132957944267f,-0.9805648991117987f,-0.004608090498777665f,0f,0f,0f,1f],start_interpolation:0}
execute if entity @s[tag=aj.gojo.bone.head] run data modify entity @s {} merge value {transformation:[-0.99862106405914f,0.0006124144071834653f,-0.0524937650200971f,0.000005967674627738127f,-0.000018562684660600396f,0.9999277725418232f,0.012018708540214352f,1.4999999043602292f,0.05249733395914534f,0.012003109936252244f,-0.9985489248299455f,0.0003787136566268712f,0f,0f,0f,1f],start_interpolation:0}
execute if entity @s[tag=aj.gojo.locator_origin.purple] at @s on origin run tp @s ^0 ^1 ^0.5 ~0 ~0
execute if entity @s[tag=aj.gojo.locator_origin.blue] at @s on origin run tp @s ^-1.0625 ^1.78125 ^-0.53125 ~0 ~0
execute if entity @s[tag=aj.gojo.locator_origin.red] at @s on origin run tp @s ^1.0625 ^1.78125 ^-0.53125 ~0 ~0
execute if entity @s[tag=aj.gojo.camera_origin.camera] at @s on origin run tp @s ^0 ^0.005 ^0 ~0 ~0