execute if entity @s[tag=aj.gojo.locator_origin.head] at @s on origin run tp @s ^0.00007 ^1.5 ^0.00144 ~-2.59277 ~0.10986
execute if entity @s[tag=aj.gojo.bone.torso] run data modify entity @s {} merge value {transformation:[-0.9989762833564698f,0.00008674078937163152f,-0.045236907137088715f,0.00006505559202872365f,6.776263578034403e-21f,0.999998161643487f,0.0019174748098554188f,1.4999986212326153f,0.045236990298804465f,0.00191551185897902f,-0.998974446881913f,0.001436633894234265f,0f,0f,0f,1f],start_interpolation:0}
execute if entity @s[tag=aj.gojo.bone.bottom2] run data modify entity @s {} merge value {transformation:[-0.9968517158420477f,-0.05527918298038166f,-0.05684072969083884f,-0.37312076053494386f,-0.03059023578429526f,0.9295191665645544f,-0.36750286592596426f,1.1305559012867734f,0.0731498058604857f,-0.3646070911517733f,-0.9282837793392794f,0.06949571823457679f,0f,0f,0f,1f],start_interpolation:0}
execute if entity @s[tag=aj.gojo.bone.rightarm] run data modify entity @s {} merge value {transformation:[-0.9990680806469066f,-0.005787480244109472f,-0.04277236613668066f,-0.31212587555553956f,0.0031482272859153196f,0.9785588557831021f,-0.2059433282080828f,1.3749988510271793f,0.04304717060925657f,-0.20588606276503987f,-0.9776286975440357f,0.015333754380238283f,0f,0f,0f,1f],start_interpolation:0}
execute if entity @s[tag=aj.gojo.bone.bottom] run data modify entity @s {} merge value {transformation:[-0.9791743264096379f,0.027696905290432675f,0.20112314620044291f,0.3807512435510288f,-0.17834052832770025f,0.35605503193807747f,-0.9172891965936214f,1.1642139730108338f,-0.09701698024587593f,-0.9340544393497134f,-0.343700465340191f,0.11851942692355552f,0f,0f,0f,1f],start_interpolation:0}
execute if entity @s[tag=aj.gojo.bone.leftarm] run data modify entity @s {} merge value {transformation:[-0.9989762833564698f,-0.02432369719598119f,-0.03814109392784042f,0.3122343015422541f,6.776263578034403e-21f,0.8431395120653823f,-0.5376948606729928f,1.3749988510271793f,0.045236990298804465f,-0.5371444134949812f,-0.842276376114063f,-0.012939364556514506f,0f,0f,0f,1f],start_interpolation:0}
execute if entity @s[tag=aj.gojo.bone.head] run data modify entity @s {} merge value {transformation:[-0.9886449928354576f,0.005195372791732992f,-0.15018017926122276f,0.00006505559202872365f,-0.0002020882645840256f,0.9993552834725826f,0.03590231964326908f,1.4999986212326153f,0.15026988155219728f,0.03552499819829789f,-0.9880065471449567f,0.001436633894234265f,0f,0f,0f,1f],start_interpolation:0}
execute if entity @s[tag=aj.gojo.locator_origin.purple] at @s on origin run tp @s ^0 ^1 ^0.5 ~0 ~0
execute if entity @s[tag=aj.gojo.locator_origin.blue] at @s on origin run tp @s ^-1.0625 ^1.78125 ^-0.53125 ~0 ~0
execute if entity @s[tag=aj.gojo.locator_origin.red] at @s on origin run tp @s ^1.0625 ^1.78125 ^-0.53125 ~0 ~0
execute if entity @s[tag=aj.gojo.camera_origin.camera] at @s on origin run tp @s ^0 ^0.005 ^0 ~0 ~0