execute if entity @s[tag=aj.gojo.locator_origin.head] at @s on origin run tp @s ^0 ^1.5 ^0.00022 ~-0.62988 ~0.01709
execute if entity @s[tag=aj.gojo.bone.torso] run data modify entity @s {} merge value {transformation:[-0.9999395717688896f,0.00000327901822699794f,-0.010993307050095226f,0.000002459263670248455f,0f,0.9999999555162983f,0.0002982740376660968f,1.4999999666372237f,0.010993307539118239f,0.0002982560134936145f,-0.9999395272878759f,0.00022369201012021087f,0f,0f,0f,1f],start_interpolation:0}
execute if entity @s[tag=aj.gojo.bone.bottom2] run data modify entity @s {} merge value {transformation:[-0.9998236860952014f,-0.010252579799094568f,-0.015731539354660276f,-0.374962641188941f,-0.008754497701549296f,0.995673598834549f,-0.0925064503364569f,1.125352058507348f,0.016611908168467436f,-0.09235241843785683f,-0.9955878039207198f,0.016962437811679207f,0f,0f,0f,1f],start_interpolation:0}
execute if entity @s[tag=aj.gojo.bone.rightarm] run data modify entity @s {} merge value {transformation:[-0.9999431504731779f,-0.000051490028075094614f,-0.01066269996540634f,-0.31247906679138615f,0.0004891734976063695f,0.9987139481357551f,-0.05069724359747517f,1.3749999721976864f,0.010651597582734108f,-0.050699577393401474f,-0.9986571465328159f,0.0036218186144079587f,0f,0f,0f,1f],start_interpolation:0}
execute if entity @s[tag=aj.gojo.bone.bottom] run data modify entity @s {} merge value {transformation:[-0.9989285355986401f,-0.01326195144343629f,0.04433848678821148f,0.37535494584748635f,-0.02552268575105536f,0.9570638200387263f,-0.28875151408249516f,1.12734510163832f,-0.0386053529812815f,-0.28957376437928983f,-0.9563768408448619f,0.03022418966156905f,0f,0f,0f,1f],start_interpolation:0}
execute if entity @s[tag=aj.gojo.bone.leftarm] run data modify entity @s {} merge value {transformation:[-0.9999395717688896f,-0.0015022281910435093f,-0.010890184622478542f,0.3124831655641699f,0f,0.9906194822374659f,-0.13664933739896093f,1.3749999721976864f,0.010993307539118239f,-0.13664107992121952f,-0.9905596208544507f,-0.0032489985975409402f,0f,0f,0f,1f],start_interpolation:0}
execute if entity @s[tag=aj.gojo.bone.head] run data modify entity @s {} merge value {transformation:[-0.9993286435935083f,0.00029364405697442493f,-0.03663571845517407f,0.000002459263670248455f,-0.000007650357589023958f,0.999966185184224f,0.008223650623797976f,1.4999999666372237f,0.036636894451235996f,0.008218409899613652f,-0.9992948492330433f,0.00022369201012021087f,0f,0f,0f,1f],start_interpolation:0}
execute if entity @s[tag=aj.gojo.locator_origin.purple] at @s on origin run tp @s ^0 ^1 ^0.5 ~0 ~0
execute if entity @s[tag=aj.gojo.locator_origin.blue] at @s on origin run tp @s ^-1.0625 ^1.78125 ^-0.53125 ~0 ~0
execute if entity @s[tag=aj.gojo.locator_origin.red] at @s on origin run tp @s ^1.0625 ^1.78125 ^-0.53125 ~0 ~0
execute if entity @s[tag=aj.gojo.camera_origin.camera] at @s on origin run tp @s ^0 ^0.005 ^0 ~0 ~0