execute if entity @s[tag=aj.gojo.locator_origin.head] at @s on origin run tp @s ^0.00024 ^1.5 ^0.00229 ~-5.97656 ~0.17578
execute if entity @s[tag=aj.gojo.bone.torso] run data modify entity @s {} merge value {transformation:[-0.9945645707342554f,0.00031944067080883675f,-0.10412114385581822f,0.00023958050310662757f,0f,0.9999952938095762f,0.0030679567629659766f,1.4999964703571822f,0.10412163387205448f,0.0030512811009905127f,-0.9945598901239968f,0.0022884608257428846f,0f,0f,0f,1f],start_interpolation:0}
execute if entity @s[tag=aj.gojo.bone.bottom2] run data modify entity @s {} merge value {transformation:[-0.9809401794190707f,-0.17666688995870528f,-0.08090225209226279f,-0.36225951775205933f,-0.0509180821163818f,0.6355185023705691f,-0.7704048170009441f,1.1536575866093342f,0.18751990111684336f,-0.7516016518987886f,-0.6324011729496885f,0.15588050108454565f,0f,0f,0f,1f],start_interpolation:0}
execute if entity @s[tag=aj.gojo.bone.rightarm] run data modify entity @s {} merge value {transformation:[-0.9949103643005426f,-0.04209663180769551f,-0.09154911576748867f,-0.3106017779351993f,0.005041162915732874f,0.8866181788155363f,-0.46247463894821167f,1.374997058630985f,0.1006377348901433f,-0.46058232552310235f,-0.8818933993017026f,0.034445061273136096f,0f,0f,0f,1f],start_interpolation:0}
execute if entity @s[tag=aj.gojo.bone.bottom] run data modify entity @s {} merge value {transformation:[-0.857471452117248f,0.413683566981523f,0.30595525034452664f,0.39825593590885855f,-0.5024826633022396f,-0.8011929248754115f,-0.32496318285349096f,1.3085653064141567f,0.11069725328401908f,-0.43238386133044693f,0.8948688812202302f,0.20256351303015663f,0f,0f,0f,1f],start_interpolation:0}
execute if entity @s[tag=aj.gojo.bone.leftarm] run data modify entity @s {} merge value {transformation:[-0.9945645707342554f,-0.10037828585702908f,-0.027667930327198536f,0.3110010787737103f,0f,0.265727008867313f,-0.9640483166099254f,1.374997058630985f,0.10412163387205448f,-0.958808300176232f,-0.26428266850661686f,-0.030630959896897958f,0f,0f,0f,1f],start_interpolation:0}
execute if entity @s[tag=aj.gojo.bone.head] run data modify entity @s {} merge value {transformation:[-0.9401582228033057f,0.026079744764867564f,-0.33973866869746927f,0.00023958050310662757f,-0.0007393642669401429f,0.9969081020413528f,0.07857282879461813f,1.4999964703571822f,0.3407373907216674f,0.07412208171190934f,-0.937232067082045f,0.0022884608257428846f,0f,0f,0f,1f],start_interpolation:0}
execute if entity @s[tag=aj.gojo.locator_origin.purple] at @s on origin run tp @s ^0 ^1 ^0.5 ~0 ~0
execute if entity @s[tag=aj.gojo.locator_origin.blue] at @s on origin run tp @s ^-1.0625 ^1.78125 ^-0.53125 ~0 ~0
execute if entity @s[tag=aj.gojo.locator_origin.red] at @s on origin run tp @s ^1.0625 ^1.78125 ^-0.53125 ~0 ~0
execute if entity @s[tag=aj.gojo.camera_origin.camera] at @s on origin run tp @s ^0 ^0.005 ^0 ~0 ~0