execute if entity @s[tag=aj.gojo.locator_origin.head] at @s on origin run tp @s ^-0.00048 ^1.49999 ^-0.0035 ~-7.89359 ~-0.26968
execute if entity @s[tag=aj.gojo.bone.torso] run data modify entity @s {} merge value {transformation:[-0.9905248433050674f,-0.0006463985570409066f,-0.1373321410463595f,-0.00048479891778067995f,0f,0.9999889230763276f,-0.0047067743356249345f,1.4999916923072458f,0.1373336622808542f,-0.004662176911267201f,-0.9905138713369825f,-0.003496632683450401f,0f,0f,0f,1f],start_interpolation:0}
execute if entity @s[tag=aj.gojo.bone.bottom2] run data modify entity @s {} merge value {transformation:[-0.9618660723260448f,-0.2715486691678312f,-0.032786875136974064f,-0.3486350474403798f,-0.060442137452191624f,0.3279252416561413f,-0.9427681496025266f,1.1758282395325028f,0.2667590803108268f,-0.9048349883586184f,-0.33183314619516346f,0.19888193201976262f,0f,0f,0f,1f],start_interpolation:0}
execute if entity @s[tag=aj.gojo.bone.rightarm] run data modify entity @s {} merge value {transformation:[-0.9897350653771266f,-0.0926656271066991f,-0.10880065218488855f,-0.30994301263098417f,-0.007691928144585634f,0.7947363675246618f,-0.6069060391651447f,1.3749930769227048f,0.14270716381581347f,-0.5998393015521973f,-0.787291228014779f,0.040002908893224935f,0f,0f,0f,1f],start_interpolation:0}
execute if entity @s[tag=aj.gojo.bone.bottom] run data modify entity @s {} merge value {transformation:[-0.7280997270119659f,0.6641792022347148f,0.16951924623463413f,0.4051877852631531f,-0.5903790300972881f,-0.7332797495943172f,0.3372734938536984f,1.4011504953470466f,0.34831507051301425f,0.14548813062842314f,0.9260182587291467f,0.19185804171615137f,0f,0f,0f,1f],start_interpolation:0}
execute if entity @s[tag=aj.gojo.bone.leftarm] run data modify entity @s {} merge value {transformation:[-0.9905248433050674f,-0.13657987248761344f,0.014369176272110207f,0.309135014434683f,0f,-0.10462967369736721f,-0.9945112525165225f,1.3749930769227048f,0.1373336622808542f,-0.9850881025640548f,0.103638291144145f,-0.04583063003230894f,0f,0f,0f,1f],start_interpolation:0}
execute if entity @s[tag=aj.gojo.bone.head] run data modify entity @s {} merge value {transformation:[-0.8963944556256495f,0.03585317553238182f,-0.4418048548033847f,-0.00048479891778067995f,0.001487120425022017f,0.9969610282015957f,0.07788771867283394f,1.4999916923072458f,0.44325474435863305f,0.0691611021562067f,-0.8937236561443933f,-0.003496632683450401f,0f,0f,0f,1f],start_interpolation:0}
execute if entity @s[tag=aj.gojo.locator_origin.purple] at @s on origin run tp @s ^0 ^1 ^0.5 ~0 ~0
execute if entity @s[tag=aj.gojo.locator_origin.blue] at @s on origin run tp @s ^-1.0625 ^1.78125 ^-0.53125 ~0 ~0
execute if entity @s[tag=aj.gojo.locator_origin.red] at @s on origin run tp @s ^1.0625 ^1.78125 ^-0.53125 ~0 ~0
execute if entity @s[tag=aj.gojo.camera_origin.camera] at @s on origin run tp @s ^0 ^0.005 ^0 ~0 ~0