execute if entity @s[tag=aj.gojo.locator_origin.head] at @s on origin run tp @s ^0.00018 ^1.5 ^0.00231 ~-4.52691 ~0.17723
execute if entity @s[tag=aj.gojo.bone.torso] run data modify entity @s {} merge value {transformation:[-0.9968803744285195f,0.00024413851264605397f,-0.07892692490931927f,0.00018310388448454048f,0f,0.999995216022684f,0.003093207355708358f,1.499996412017013f,0.078927302495744f,0.0030835577069435985f,-0.9968756053754215f,0.002312668280207699f,0f,0f,0f,1f],start_interpolation:0}
execute if entity @s[tag=aj.gojo.bone.bottom2] run data modify entity @s {} merge value {transformation:[-0.9896715838300079f,-0.11874160768848721f,-0.08031554496457716f,-0.3681902635646722f,-0.04491588734539624f,0.7889015655377003f,-0.6128759115482849f,1.1415794138137232f,0.1361349302103589f,-0.6029384301035379f,-0.786086846525816f,0.11983481221692566f,0f,0f,0f,1f],start_interpolation:0}
execute if entity @s[tag=aj.gojo.bone.rightarm] run data modify entity @s {} merge value {transformation:[-0.9971398736187621f,-0.022014035900035832f,-0.07230113873896467f,-0.31137253043850854f,0.005082742224198179f,0.9349410703578671f,-0.3547666284891633f,1.3749970100141775f,0.07540714933639539f,-0.35411943914656474f,-0.9321551290678397f,0.026592005596759748f,0f,0f,0f,1f],start_interpolation:0}
execute if entity @s[tag=aj.gojo.bone.bottom] run data modify entity @s {} merge value {transformation:[-0.9260556278957573f,0.20920250763319864f,0.31409438842898163f,0.39047813966498823f,-0.37645754856713864f,-0.4537117549545712f,-0.8077285172277029f,1.2378070535453283f,-0.0264705150953847f,-0.8662447426772786f,0.4989181872958335f,0.18067251286275934f,0f,0f,0f,1f],start_interpolation:0}
execute if entity @s[tag=aj.gojo.bone.leftarm] run data modify entity @s {} merge value {transformation:[-0.9968803744285195f,-0.06598165073555845f,-0.04331213277437926f,0.3116777035793161f,0f,0.5487598258753968f,-0.835980055686261f,1.3749970100141775f,0.078927302495744f,-0.8333721109272945f,-0.5470479006899948f,-0.022737558463080253f,0f,0f,0f,1f],start_interpolation:0}
execute if entity @s[tag=aj.gojo.bone.head] run data modify entity @s {} merge value {transformation:[-0.9655195193143352f,0.015557772910437037f,-0.25986537577192215f,0.00018310388448454048f,-0.0005670249534146588f,0.9980846333287922f,0.06186067568037755f,1.499996412017013f,0.2603300526364892f,0.05987503999996927f,-0.9636613737611801f,0.002312668280207699f,0f,0f,0f,1f],start_interpolation:0}
execute if entity @s[tag=aj.gojo.locator_origin.purple] at @s on origin run tp @s ^0 ^1 ^0.5 ~0 ~0
execute if entity @s[tag=aj.gojo.locator_origin.blue] at @s on origin run tp @s ^-1.0625 ^1.78125 ^-0.53125 ~0 ~0
execute if entity @s[tag=aj.gojo.locator_origin.red] at @s on origin run tp @s ^1.0625 ^1.78125 ^-0.53125 ~0 ~0
execute if entity @s[tag=aj.gojo.camera_origin.camera] at @s on origin run tp @s ^0 ^0.005 ^0 ~0 ~0