execute if entity @s[tag=aj.gojo.locator_origin.head] at @s on origin run tp @s ^-0.00048 ^1.49999 ^-0.0035 ~-7.89359 ~-0.26968
execute if entity @s[tag=aj.gojo.bone.torso] run data modify entity @s {} merge value {transformation:[-0.9905248433050674f,-0.0006463985570409078f,-0.1373321410463595f,-0.00048479891778068087f,0f,0.9999889230763276f,-0.004706774335624943f,1.4999916923072458f,0.1373336622808542f,-0.00466217691126721f,-0.9905138713369825f,-0.0034966326834504073f,0f,0f,0f,1f],start_interpolation:0}
execute if entity @s[tag=aj.gojo.bone.bottom2] run data modify entity @s {} merge value {transformation:[-0.9618660723260448f,-0.27154866916783116f,-0.032786875136973995f,-0.3486350474403798f,-0.06044213745219159f,0.3279252416561411f,-0.9427681496025264f,1.1758282395325028f,0.2667590803108268f,-0.9048349883586184f,-0.3318331461951633f,0.19888193201976262f,0f,0f,0f,1f],start_interpolation:0}
execute if entity @s[tag=aj.gojo.bone.rightarm] run data modify entity @s {} merge value {transformation:[-0.9897350653771266f,-0.09266562710669911f,-0.10880065218488856f,-0.30994301263098417f,-0.007691928144585631f,0.7947363675246618f,-0.6069060391651447f,1.3749930769227048f,0.1427071638158135f,-0.5998393015521973f,-0.787291228014779f,0.04000290889322493f,0f,0f,0f,1f],start_interpolation:0}
execute if entity @s[tag=aj.gojo.bone.bottom] run data modify entity @s {} merge value {transformation:[-0.7280997270119658f,0.6641792022347149f,0.16951924623463424f,0.4051877852631531f,-0.5903790300972882f,-0.7332797495943172f,0.337273493853698f,1.4011504953470466f,0.3483150705130142f,0.1454881306284227f,0.9260182587291467f,0.19185804171615137f,0f,0f,0f,1f],start_interpolation:0}
execute if entity @s[tag=aj.gojo.bone.leftarm] run data modify entity @s {} merge value {transformation:[-0.9905248433050674f,-0.13657987248761344f,0.014369176272110207f,0.309135014434683f,0f,-0.10462967369736723f,-0.9945112525165225f,1.3749930769227048f,0.1373336622808542f,-0.9850881025640548f,0.103638291144145f,-0.045830630032308944f,0f,0f,0f,1f],start_interpolation:0}
execute if entity @s[tag=aj.gojo.bone.head] run data modify entity @s {} merge value {transformation:[-0.8963944556256495f,0.035853175532381806f,-0.4418048548033847f,-0.00048479891778068087f,0.001487120425022018f,0.9969610282015957f,0.07788771867283391f,1.4999916923072458f,0.44325474435863305f,0.06916110215620669f,-0.8937236561443933f,-0.0034966326834504073f,0f,0f,0f,1f],start_interpolation:0}
execute if entity @s[tag=aj.gojo.locator_origin.purple] at @s on origin run tp @s ^0 ^1 ^0.5 ~0 ~0
execute if entity @s[tag=aj.gojo.locator_origin.blue] at @s on origin run tp @s ^-1.0625 ^1.78125 ^-0.53125 ~0 ~0
execute if entity @s[tag=aj.gojo.locator_origin.red] at @s on origin run tp @s ^1.0625 ^1.78125 ^-0.53125 ~0 ~0
execute if entity @s[tag=aj.gojo.camera_origin.camera] at @s on origin run tp @s ^0 ^0.005 ^0 ~0 ~0