execute if entity @s[tag=aj.gojo.locator_origin.head] at @s on origin run tp @s ^-0.00427 ^1.49929 ^-0.03243 ~-7.5 ~-2.5
execute if entity @s[tag=aj.gojo.bone.torso] run data modify entity @s {} merge value {transformation:[-0.9914448613738104f,-0.00569347253976873f,-0.1304019602072941f,-0.0042701044048265475f,0f,0.9990482215818578f,-0.04361938736533599f,1.4992861661863932f,0.13052619222005146f,-0.04324621745963608f,-0.9905012255519768f,-0.03243466309472706f,0f,0f,0f,1f],start_interpolation:0}
execute if entity @s[tag=aj.gojo.bone.bottom2] run data modify entity @s {} merge value {transformation:[-0.9468675605899425f,-0.3102406383810321f,0.08480901484736687f,-0.33220000788829673f,-0.11286402461552472f,0.07359325047330378f,-0.9908812973471444f,1.1793264602487208f,0.301170275176747f,-0.9478052435926398f,-0.10469806859851494f,0.1810822527646295f,0f,0f,0f,1f],start_interpolation:0}
execute if entity @s[tag=aj.gojo.bone.rightarm] run data modify entity @s {} merge value {transformation:[-0.9807467732306544f,-0.16992641982116152f,-0.09623293949797838f,-0.31338493951667123f,-0.06914528648258836f,0.763028391339114f,-0.6426558981038645f,1.374405138488661f,0.1826326809607196f,-0.623628644192364f,-0.7600872436687081f,0.01376054915649353f,0f,0f,0f,1f],start_interpolation:0}
execute if entity @s[tag=aj.gojo.bone.bottom] run data modify entity @s {} merge value {transformation:[-0.7740741764948813f,0.44505990350788843f,0.45025642868627697f,0.4003692041951905f,-0.6083383066310202f,-0.7198258633617468f,-0.3343280292180403f,1.3309930940719283f,0.17531022208951252f,-0.5327029272728516f,0.8279456004508152f,0.16811943854646874f,0f,0f,0f,1f],start_interpolation:0}
execute if entity @s[tag=aj.gojo.bone.leftarm] run data modify entity @s {} merge value {transformation:[-0.9914448613738104f,-0.1285432060694684f,-0.02266563541681542f,0.30626809884196027f,0f,0.17364817766693055f,-0.9848077530122079f,1.374405138488661f,0.13052619222005146f,-0.9763825861650424f,-0.17216259343480478f,-0.06781832098103863f,0f,0f,0f,1f],start_interpolation:0}
execute if entity @s[tag=aj.gojo.bone.head] run data modify entity @s {} merge value {transformation:[-0.9063451443233702f,-0.00569347253976873f,-0.422499779564307f,-0.0042701044048265475f,0.013116602751579947f,0.9990482215818578f,-0.04160054911157398f,1.4992861661863932f,0.4223345049764539f,-0.04324621745963608f,-0.9054078255580341f,-0.03243466309472706f,0f,0f,0f,1f],start_interpolation:0}
execute if entity @s[tag=aj.gojo.locator_origin.purple] at @s on origin run tp @s ^0 ^1 ^0.5 ~0 ~0
execute if entity @s[tag=aj.gojo.locator_origin.blue] at @s on origin run tp @s ^-1.0625 ^1.78125 ^-0.53125 ~0 ~0
execute if entity @s[tag=aj.gojo.locator_origin.red] at @s on origin run tp @s ^1.0625 ^1.78125 ^-0.53125 ~0 ~0
execute if entity @s[tag=aj.gojo.camera_origin.camera] at @s on origin run tp @s ^0 ^0.005 ^0 ~0 ~0