execute if entity @s[tag=aj.gojo.locator_origin.head] at @s on origin run tp @s ^-0.00365 ^1.49951 ^-0.02694 ~-7.71866 ~-2.07726
execute if entity @s[tag=aj.gojo.bone.torso] run data modify entity @s {} merge value {transformation:[-0.9909395133459367f,-0.004868304856082852f,-0.13422064110093673f,-0.003651228642062139f,-4.336808689942018e-19f,0.9993428588467398f,-0.03624707535822781f,1.499507144135055f,0.13430890100703763f,-0.03591865921569576f,-0.9902883262113255f,-0.02693899441177182f,0f,0f,0f,1f],start_interpolation:0}
execute if entity @s[tag=aj.gojo.bone.bottom2] run data modify entity @s {} merge value {transformation:[-0.9485473384117298f,-0.3095225242683176f,0.06673645002989266f,-0.33459093141155016f,-0.10262514064760786f,0.10113882521154516f,-0.9895650653402672f,1.1804391610382603f,0.2995430307970498f,-0.9454981464843797f,-0.12769975605113915f,0.18754992651771385f,0f,0f,0f,1f],start_interpolation:0}
execute if entity @s[tag=aj.gojo.bone.rightarm] run data modify entity @s {} merge value {transformation:[-0.9824703011041797f,-0.15809900345247233f,-0.09877657898306641f,-0.312711288455657f,-0.057815233986477255f,0.762146694467188f,-0.6448176601426387f,1.3745892867792122f,0.17722727263982738f,-0.627803409691341f,-0.757927023276367f,0.01952236955488941f,0f,0f,0f,1f],start_interpolation:0}
execute if entity @s[tag=aj.gojo.bone.bottom] run data modify entity @s {} merge value {transformation:[-0.7547860032420871f,0.5205460008970967f,0.39916155909590756f,0.40199921864719323f,-0.6149710796483997f,-0.773279155829075f,-0.15443418778351725f,1.351976749443644f,0.22827321460459973f,-0.36203757831240785f,0.9037810195969871f,0.1739044092876063f,0f,0f,0f,1f],start_interpolation:0}
execute if entity @s[tag=aj.gojo.bone.leftarm] run data modify entity @s {} merge value {transformation:[-0.9909395133459367f,-0.13375836671007518f,-0.012148260154083015f,0.3066259073855534f,-4.336808689942018e-19f,0.09045014934227229f,-0.9959009842770317f,1.3745892867792122f,0.13430890100703763f,-0.9868776367002211f,-0.08963062697129862f,-0.06442069357450911f,0f,0f,0f,1f],start_interpolation:0}
execute if entity @s[tag=aj.gojo.bone.head] run data modify entity @s {} merge value {transformation:[-0.9008857382932931f,0.002641028778358686f,-0.4340482824603043f,-0.003651228642062139f,0.011207101570266791f,0.9997896458363608f,-0.017177454782304608f,1.499507144135055f,0.4339116124444493f,-0.020339347221488627f,-0.9007258315050488f,-0.02693899441177182f,0f,0f,0f,1f],start_interpolation:0}
execute if entity @s[tag=aj.gojo.locator_origin.purple] at @s on origin run tp @s ^0 ^1 ^0.5 ~0 ~0
execute if entity @s[tag=aj.gojo.locator_origin.blue] at @s on origin run tp @s ^-1.0625 ^1.78125 ^-0.53125 ~0 ~0
execute if entity @s[tag=aj.gojo.locator_origin.red] at @s on origin run tp @s ^1.0625 ^1.78125 ^-0.53125 ~0 ~0
execute if entity @s[tag=aj.gojo.camera_origin.camera] at @s on origin run tp @s ^0 ^0.005 ^0 ~0 ~0