execute if entity @s[tag=aj.gojo.locator_origin.head] at @s on origin run tp @s ^-0.00212 ^1.49985 ^-0.01502 ~-8.02478 ~-1.15889
execute if entity @s[tag=aj.gojo.bone.torso] run data modify entity @s {} merge value {transformation:[-0.9902077815263884f,-0.002823452754064395f,-0.1395728394750702f,-0.002117589565548296f,0f,0.9997954516600933f,-0.02022510419726006f,1.49984658874507f,0.1396013947086065f,-0.020027055558308932f,-0.9900052361685145f,-0.0150202916687317f,0f,0f,0f,1f],start_interpolation:0}
execute if entity @s[tag=aj.gojo.bone.bottom2] run data modify entity @s {} merge value {transformation:[-0.9534833231346039f,-0.30068306687751317f,0.021430020936189773f,-0.3405443940354616f,-0.08058282443387971f,0.1857377120542673f,-0.9792894928095086f,1.1807600912263585f,0.2904754050009245f,-0.9354630915295263f,-0.2013277017093522f,0.19803944504079823f,0f,0f,0f,1f],start_interpolation:0}
execute if entity @s[tag=aj.gojo.bone.rightarm] run data modify entity @s {} merge value {transformation:[-0.9860682866229128f,-0.1291578543070285f,-0.1048216713631181f,-0.3112045896982867f,-0.03267418916533366f,0.7682797169534662f,-0.639279808753796f,1.3748721572875584f,0.16310037240589342f,-0.6269485825717338f,-0.7617963923072573f,0.03110852612249645f,0f,0f,0f,1f],start_interpolation:0}
execute if entity @s[tag=aj.gojo.bone.bottom] run data modify entity @s {} merge value {transformation:[-0.7239347085426756f,0.6366644424911916f,0.2656631804270423f,0.4044099417032623f,-0.6102849032205616f,-0.7705899046573988f,0.18369413638211335f,1.3887310031956865f,0.32166888980487507f,-0.029147667273400457f,0.946403475703792f,0.1823038462783672f,0f,0f,0f,1f],start_interpolation:0}
execute if entity @s[tag=aj.gojo.bone.leftarm] run data modify entity @s {} merge value {transformation:[-0.9902077815263884f,-0.1393867264086276f,0.007738856871305394f,0.30767527375570614f,0f,-0.05543538363251244f,-0.9984622768244759f,1.3748721572875584f,0.1396013947086065f,-0.9886851160721509f,0.05489254824481441f,-0.05614234557038261f,0f,0f,0f,1f],start_interpolation:0}
execute if entity @s[tag=aj.gojo.bone.head] run data modify entity @s {} merge value {transformation:[-0.8929938358065317f,0.020986383897925984f,-0.449579337717411f,-0.002117589565548296f,0.006492618961327225f,0.9994090061173166f,0.03375624965277206f,1.49984658874507f,0.45002206069320644f,0.027225175527186826f,-0.8926023385063215f,-0.0150202916687317f,0f,0f,0f,1f],start_interpolation:0}
execute if entity @s[tag=aj.gojo.locator_origin.purple] at @s on origin run tp @s ^0 ^1 ^0.5 ~0 ~0
execute if entity @s[tag=aj.gojo.locator_origin.blue] at @s on origin run tp @s ^-1.0625 ^1.78125 ^-0.53125 ~0 ~0
execute if entity @s[tag=aj.gojo.locator_origin.red] at @s on origin run tp @s ^1.0625 ^1.78125 ^-0.53125 ~0 ~0
execute if entity @s[tag=aj.gojo.camera_origin.camera] at @s on origin run tp @s ^0 ^0.005 ^0 ~0 ~0