execute if entity @s[tag=aj.gojo.locator_origin.head] at @s on origin run tp @s ^-0.00124 ^1.49995 ^-0.00879 ~-8.04665 ~-0.67784
execute if entity @s[tag=aj.gojo.bone.torso] run data modify entity @s {} merge value {transformation:[-0.9901544330933147f,-0.0016559980725596535f,-0.13996948344564286f,-0.0012419985544197402f,-1.0842021724855044e-19f,0.9999300194504777f,-0.01183030860828739f,1.4999475145878582f,0.13997927927252807f,-0.011713832513357763f,-0.9900851415419749f,-0.008785374385018321f,0f,0f,0f,1f],start_interpolation:0}
execute if entity @s[tag=aj.gojo.bone.bottom2] run data modify entity @s {} merge value {transformation:[-0.9572030764845797f,-0.2893538222067962f,-0.006052763234545941f,-0.34439304747669053f,-0.06940599482971743f,0.24980291097475704f,-0.9658060434425926f,1.1792130185849337f,0.28097166805596774f,-0.9240524180168869f,-0.2591950047878848f,0.20055422504067402f,0f,0f,0f,1f],start_interpolation:0}
execute if entity @s[tag=aj.gojo.bone.rightarm] run data modify entity @s {} merge value {transformation:[-0.9879470954739802f,-0.11124762050977541f,-0.10763133129084265f,-0.31045825913701064f,-0.019233507912306467f,0.7781645973083826f,-0.6277658255028462f,1.3749562621565485f,0.15359234589625023f,-0.6181292958813679f,-0.770925135700796f,0.03642237945181642f,0f,0f,0f,1f],start_interpolation:0}
execute if entity @s[tag=aj.gojo.bone.bottom] run data modify entity @s {} merge value {transformation:[-0.718595720501801f,0.6657171156302335f,0.2010992601514472f,0.40508531291086836f,-0.6008715770679647f,-0.7399436580662241f,0.3023850703315747f,1.4004493981442916f,0.3501050390216546f,0.09645778788950463f,0.9317308392487116f,0.18643486732690032f,0f,0f,0f,1f],start_interpolation:0}
execute if entity @s[tag=aj.gojo.bone.leftarm] run data modify entity @s {} merge value {transformation:[-0.9901544330933147f,-0.13924959718490043f,0.01427404320784329f,0.30838826154631105f,-1.0842021724855044e-19f,-0.10197254395097226f,-0.9947872135688953f,1.3749562621565485f,0.13997927927252807f,-0.9849929694997878f,0.10096856644685806f,-0.05106467009351362f,0f,0f,0f,1f],start_interpolation:0}
execute if entity @s[tag=aj.gojo.bone.head] run data modify entity @s {} merge value {transformation:[-0.8924145411617496f,0.029891820925624563f,-0.4502252389247125f,-0.0012419985544197402f,0.0038077154535979727f,0.9982666134596556f,0.05873048403354889f,1.4999475145878582f,0.4512003856670431f,0.05069760836115353f,-0.8909814613561667f,-0.008785374385018321f,0f,0f,0f,1f],start_interpolation:0}
execute if entity @s[tag=aj.gojo.locator_origin.purple] at @s on origin run tp @s ^0 ^1 ^0.5 ~0 ~0
execute if entity @s[tag=aj.gojo.locator_origin.blue] at @s on origin run tp @s ^-1.0625 ^1.78125 ^-0.53125 ~0 ~0
execute if entity @s[tag=aj.gojo.locator_origin.red] at @s on origin run tp @s ^1.0625 ^1.78125 ^-0.53125 ~0 ~0
execute if entity @s[tag=aj.gojo.camera_origin.camera] at @s on origin run tp @s ^0 ^0.005 ^0 ~0 ~0