execute if entity @s[tag=aj.gojo.locator_origin.head] at @s on origin run tp @s ^-0.00212 ^1.49985 ^-0.01502 ~-8.02478 ~-1.15889
execute if entity @s[tag=aj.gojo.bone.torso] run data modify entity @s {} merge value {transformation:[-0.9902077815263884f,-0.0028234527540643966f,-0.1395728394750702f,-0.0021175895655482974f,-2.168404344971009e-19f,0.9997954516600933f,-0.020225104197260074f,1.49984658874507f,0.1396013947086065f,-0.020027055558308946f,-0.9900052361685145f,-0.01502029166873171f,0f,0f,0f,1f],start_interpolation:0}
execute if entity @s[tag=aj.gojo.bone.bottom2] run data modify entity @s {} merge value {transformation:[-0.9534833231346039f,-0.3006830668775132f,0.021430020936189745f,-0.3405443940354616f,-0.08058282443387974f,0.18573771205426737f,-0.9792894928095086f,1.1807600912263585f,0.2904754050009245f,-0.9354630915295263f,-0.20132770170935232f,0.19803944504079823f,0f,0f,0f,1f],start_interpolation:0}
execute if entity @s[tag=aj.gojo.bone.rightarm] run data modify entity @s {} merge value {transformation:[-0.9860682866229128f,-0.12915785430702853f,-0.1048216713631181f,-0.3112045896982867f,-0.03267418916533369f,0.7682797169534662f,-0.639279808753796f,1.3748721572875584f,0.16310037240589342f,-0.6269485825717338f,-0.7617963923072573f,0.03110852612249644f,0f,0f,0f,1f],start_interpolation:0}
execute if entity @s[tag=aj.gojo.bone.bottom] run data modify entity @s {} merge value {transformation:[-0.7239347085426757f,0.6366644424911914f,0.2656631804270426f,0.4044099417032623f,-0.6102849032205615f,-0.770589904657399f,0.18369413638211268f,1.3887310031956865f,0.321668889804875f,-0.02914766727340106f,0.9464034757037918f,0.1823038462783672f,0f,0f,0f,1f],start_interpolation:0}
execute if entity @s[tag=aj.gojo.bone.leftarm] run data modify entity @s {} merge value {transformation:[-0.9902077815263884f,-0.1393867264086276f,0.007738856871305396f,0.30767527375570614f,-2.168404344971009e-19f,-0.05543538363251246f,-0.9984622768244759f,1.3748721572875584f,0.1396013947086065f,-0.9886851160721509f,0.054892548244814425f,-0.056142345570382626f,0f,0f,0f,1f],start_interpolation:0}
execute if entity @s[tag=aj.gojo.bone.head] run data modify entity @s {} merge value {transformation:[-0.8929938358065317f,0.020986383897925974f,-0.449579337717411f,-0.0021175895655482974f,0.006492618961327229f,0.9994090061173166f,0.03375624965277203f,1.49984658874507f,0.45002206069320644f,0.027225175527186802f,-0.8926023385063215f,-0.01502029166873171f,0f,0f,0f,1f],start_interpolation:0}
execute if entity @s[tag=aj.gojo.locator_origin.purple] at @s on origin run tp @s ^0 ^1 ^0.5 ~0 ~0
execute if entity @s[tag=aj.gojo.locator_origin.blue] at @s on origin run tp @s ^-1.0625 ^1.78125 ^-0.53125 ~0 ~0
execute if entity @s[tag=aj.gojo.locator_origin.red] at @s on origin run tp @s ^1.0625 ^1.78125 ^-0.53125 ~0 ~0
execute if entity @s[tag=aj.gojo.camera_origin.camera] at @s on origin run tp @s ^0 ^0.005 ^0 ~0 ~0