execute if entity @s[tag=aj.yuji.locator_origin.head] at @s on origin run tp @s ^0 ^1.48222 ^-0.16233 ~0 ~-12.5
execute if entity @s[tag=aj.yuji.bone.torso] run data modify entity @s {} merge value {transformation:[-1f,2.6506208041798655e-17f,1.195617780139768e-16f,1.987965603134899e-17f,0f,0.9762960071199334f,-0.21643961393810288f,1.48222200533995f,-1.2246467991473532e-16f,-0.21643961393810288f,-0.9762960071199334f,-0.16232971045357716f,0f,0f,0f,1f],start_interpolation:0}
execute if entity @s[tag=aj.yuji.bone.bottom2] run data modify entity @s {} merge value {transformation:[-0.8785124856326021f,0.2532829203391568f,0.4050476204745503f,-0.37676685738998733f,-0.47767699237405264f,-0.45444327898138664f,-0.7518683376397258f,1.1373280036794768f,-0.006364239475873995f,-0.854007651284878f,0.5202215182042931f,-0.022977037234871947f,0f,0f,0f,1f],start_interpolation:0}
execute if entity @s[tag=aj.yuji.bone.rightarm] run data modify entity @s {} merge value {transformation:[-0.9673833423853379f,0.015221593963614905f,0.2528591939253525f,-0.3125f,-0.11516900650224443f,0.862635751456365f,-0.49254000878162024f,1.3601850044499584f,-0.22562262478895628f,-0.5055965421030086f,-0.8327464006507758f,-0.13527475871131434f,0f,0f,0f,1f],start_interpolation:0}
execute if entity @s[tag=aj.yuji.bone.bottom] run data modify entity @s {} merge value {transformation:[-0.8785125109855992f,-0.2532826591290197f,-0.40504772882502377f,0.37676685755514266f,0.4776769505288123f,-0.45444349408058765f,-0.7518682342148266f,1.1373279960396505f,0.006363880519921691f,-0.8540076142941347f,0.5202215833203852f,-0.022977052490773198f,0f,0f,0f,1f],start_interpolation:0}
execute if entity @s[tag=aj.yuji.bone.leftarm] run data modify entity @s {} merge value {transformation:[-0.9673832884844502f,-0.015221608099458033f,-0.2528593992871875f,0.3125f,0.11516909549890557f,0.8626357597665053f,-0.4925399734174153f,1.3601850044499584f,0.22562281046688248f,-0.505596527498885f,-0.8327463592103508f,-0.13527475871131428f,0f,0f,0f,1f],start_interpolation:0}
execute if entity @s[tag=aj.yuji.bone.head] run data modify entity @s {} merge value {transformation:[-1f,7.024285468436541e-17f,1.0031719290535246e-16f,1.987965603134899e-17f,0f,0.8191520442889918f,-0.573576436351046f,1.48222200533995f,-1.2246467991473532e-16f,-0.573576436351046f,-0.8191520442889918f,-0.16232971045357716f,0f,0f,0f,1f],start_interpolation:0}
execute if entity @s[tag=aj.yuji.locator_origin.mount] at @s on origin run tp @s ^0 ^0.59375 ^0 ~0 ~0
execute if entity @s[tag=aj.yuji.camera_origin.camera] at @s on origin run tp @s ^0 ^1.755 ^5.0282 ~-180 ~0