execute if entity @s[tag=aj.yuji.locator_origin.head] at @s on origin run tp @s ^0 ^1.5 ^0 ~0 ~0
execute if entity @s[tag=aj.yuji.bone.bottom2] run data modify entity @s {} merge value {transformation:[-0.49534400904295595f,-0.8034766086827311f,0.33024180838432543f,-0.3194618582892724f,-0.1863868290231135f,-0.2730029988249739f,-0.9437845689559035f,1.2165149372715724f,0.8484658288180854f,-0.5290507555351082f,-0.014527057367907215f,0.20307699874955423f,0f,0f,0f,1f],start_interpolation:0}
execute if entity @s[tag=aj.yuji.bone.rightarm] run data modify entity @s {} merge value {transformation:[-0.9752539216747241f,-0.21596604726159122f,-0.04731231011349162f,-0.3125f,-0.09685765168018884f,0.6097258379936632f,-0.7866721030988226f,1.375f,0.19874200252858037f,-0.762622494366072f,-0.6155554788301378f,-3.827021247335479e-17f,0f,0f,0f,1f],start_interpolation:0}
execute if entity @s[tag=aj.yuji.bone.bottom] run data modify entity @s {} merge value {transformation:[-0.49534514858936696f,0.8034758759840339f,-0.33024188177859454f,0.31946194860353183f,0.18638663659902632f,-0.2730031821023611f,-0.9437845539418876f,1.2165149503005575f,-0.8484652058076869f,-0.5290517737175393f,-0.014526364309256357f,0.20307700582145435f,0f,0f,0f,1f],start_interpolation:0}
execute if entity @s[tag=aj.yuji.bone.leftarm] run data modify entity @s {} merge value {transformation:[-0.975254042231112f,0.21596571614365057f,0.04731133651078343f,0.3125f,0.09685817383610704f,0.6097256553387438f,-0.7866721803793967f,1.375f,-0.1987411564649127f,-0.7626227341695891f,-0.6155554548980047f,3.827021247335479e-17f,0f,0f,0f,1f],start_interpolation:0}
execute if entity @s[tag=aj.yuji.bone.head] run data modify entity @s {} merge value {transformation:[-1f,-4.190211782378505e-17f,1.1507306526072995e-16f,0f,0f,0.9396428859394259f,0.34215675779301374f,1.5f,-1.2246467991473532e-16f,0.34215675779301374f,-0.9396428859394259f,0f,0f,0f,0f,1f],start_interpolation:0}
execute if entity @s[tag=aj.yuji.locator_origin.mount] at @s on origin run tp @s ^0 ^0.59375 ^0 ~0 ~0
execute if entity @s[tag=aj.yuji.camera_origin.camera] at @s on origin run tp @s ^0 ^1.755 ^2 ~-180 ~0