execute if entity @s[tag=aj.yuji.locator_origin.head] at @s on origin run tp @s ^0 ^1.5 ^0 ~0 ~0
execute if entity @s[tag=aj.yuji.bone.bottom2] run data modify entity @s {} merge value {transformation:[-0.4313223446300876f,-0.8557800254828654f,0.28565990794535695f,-0.3098651050721408f,-0.17463230064853968f,-0.2314458757204672f,-0.9570456447746807f,1.215576606703545f,0.8851353538261829f,-0.46268061834977703f,-0.049619056928423055f,0.20244379219566833f,0f,0f,0f,1f],start_interpolation:0}
execute if entity @s[tag=aj.yuji.bone.rightarm] run data modify entity @s {} merge value {transformation:[-0.9638979351567094f,-0.25151406350061417f,-0.087415367424961f,-0.3125f,-0.08952934024969394f,0.6153112381233969f,-0.7831836167039674f,1.375f,0.25076935186558674f,-0.7470828308162767f,-0.6156151200745903f,-3.827021247335479e-17f,0f,0f,0f,1f],start_interpolation:0}
execute if entity @s[tag=aj.yuji.bone.bottom] run data modify entity @s {} merge value {transformation:[-0.43132244444494516f,0.8557799725795708f,-0.2856599157210305f,0.30986510779265525f,0.17463229306619632f,-0.23144588212216258f,-0.9570456446100866f,1.2155766092135638f,-0.885135306682814f,-0.4626807129980707f,-0.0496190153380493f,0.2024437942077034f,0f,0f,0f,1f],start_interpolation:0}
execute if entity @s[tag=aj.yuji.bone.leftarm] run data modify entity @s {} merge value {transformation:[-0.9638979434711272f,0.25151405469716076f,0.08741530107438457f,0.3125f,0.08952938143984068f,0.6153112177857842f,-0.7831836279736538f,1.375f,-0.25076930520127694f,-0.7470828505304942f,-0.6156151151588953f,3.827021247335479e-17f,0f,0f,0f,1f],start_interpolation:0}
execute if entity @s[tag=aj.yuji.bone.head] run data modify entity @s {} merge value {transformation:[-1f,-4.6272764495482645e-17f,1.1338619445313514e-16f,0f,0f,0.9258685404810516f,0.37784579625488385f,1.5f,-1.2246467991473532e-16f,0.37784579625488385f,-0.9258685404810516f,0f,0f,0f,0f,1f],start_interpolation:0}
execute if entity @s[tag=aj.yuji.locator_origin.mount] at @s on origin run tp @s ^0 ^0.59375 ^0 ~0 ~0
execute if entity @s[tag=aj.yuji.camera_origin.camera] at @s on origin run tp @s ^0 ^1.755 ^4.23437 ~-180 ~0