execute if entity @s[tag=aj.yuji.locator_origin.head] at @s on origin run tp @s ^0 ^1.5 ^0 ~0 ~0
execute if entity @s[tag=aj.yuji.bone.bottom2] run data modify entity @s {} merge value {transformation:[-0.4117740989736569f,-0.8698345510537532f,0.27171666347051393f,-0.30703626689951136f,-0.17127092612688416f,-0.21898461964657287f,-0.9605789953053756f,1.2152818818916487f,0.8950465693348431f,-0.44207871488159345f,-0.05880517469208252f,0.20215469415408915f,0f,0f,0f,1f],start_interpolation:0}
execute if entity @s[tag=aj.yuji.bone.rightarm] run data modify entity @s {} merge value {transformation:[-0.9599814768142174f,-0.26185030160550893f,-0.09934779173538823f,-0.3125f,-0.08736857819778601f,0.6170303278839587f,-0.782074360924274f,1.375f,0.2660870077949907f,-0.7420970246676091f,-0.6152151739531383f,-3.827021247335479e-17f,0f,0f,0f,1f],start_interpolation:0}
execute if entity @s[tag=aj.yuji.bone.bottom] run data modify entity @s {} merge value {transformation:[-0.4117746220980879f,0.8698342835516112f,-0.27171672704166056f,0.30703629882416744f,0.17127083630458584f,-0.21898469625937503f,-0.9605789938551212f,1.2152818921350494f,-0.8950463458545066f,-0.4420792032684243f,-0.05880490464281596f,0.20215470311002223f,0f,0f,0f,1f],start_interpolation:0}
execute if entity @s[tag=aj.yuji.bone.leftarm] run data modify entity @s {} merge value {transformation:[-0.9599815489174861f,0.2618501919327017f,0.09934738407623775f,0.3125f,0.08736880152602859f,0.6170302310782951f,-0.782074412351773f,1.375f,-0.26608667433355176f,-0.7420971438567009f,-0.6152151744079769f,3.827021247335479e-17f,0f,0f,0f,1f],start_interpolation:0}
execute if entity @s[tag=aj.yuji.bone.head] run data modify entity @s {} merge value {transformation:[-1f,-4.7556242409932325e-17f,1.1285389507884222e-16f,0f,0f,0.9215219862364847f,0.3883261887675927f,1.5f,-1.2246467991473532e-16f,0.3883261887675927f,-0.9215219862364847f,0f,0f,0f,0f,1f],start_interpolation:0}
execute if entity @s[tag=aj.yuji.locator_origin.mount] at @s on origin run tp @s ^0 ^0.59375 ^0 ~0 ~0
execute if entity @s[tag=aj.yuji.camera_origin.camera] at @s on origin run tp @s ^0 ^1.755 ^2 ~-180 ~0