execute if entity @s[tag=aj.yuji.locator_origin.head] at @s on origin run tp @s ^0 ^1.48442 ^-0.15209 ~0 ~-11.7
execute if entity @s[tag=aj.yuji.bone.torso] run data modify entity @s {} merge value {transformation:[-1f,2.4834281216610193e-17f,1.1992020806800203e-16f,1.8625710912457643e-17f,0f,0.9792228106217657f,-0.2027872953565125f,1.4844171079663244f,-1.2246467991473532e-16f,-0.2027872953565125f,-0.9792228106217657f,-0.15209047151738436f,0f,0f,0f,1f],start_interpolation:0}
execute if entity @s[tag=aj.yuji.bone.bottom2] run data modify entity @s {} merge value {transformation:[-0.8520862802573095f,0.5160342372705998f,-0.08750792513716787f,-0.48064176917845514f,-0.45639347494652344f,-0.8143888647406639f,-0.3584351726779198f,1.230209152620058f,-0.2562303007520751f,-0.26547964696180304f,0.9294442371791533f,0.017348224641608817f,0f,0f,0f,1f],start_interpolation:0}
execute if entity @s[tag=aj.yuji.bone.rightarm] run data modify entity @s {} merge value {transformation:[-0.701722718192204f,0.4971363971657697f,0.5103338411138172f,-0.3125f,-0.29028279381455613f,0.4546497176205433f,-0.8420389147080888f,1.3620142566386035f,-0.6506313290859583f,-0.7390189692292062f,-0.17472789339782335f,-0.12674205959782034f,0f,0f,0f,1f],start_interpolation:0}
execute if entity @s[tag=aj.yuji.bone.bottom] run data modify entity @s {} merge value {transformation:[-0.8520862684352062f,-0.516034198612526f,0.08750826821788879f,0.4806418161875531f,0.4563933172120019f,-0.8143889098283376f,-0.35843527107810863f,1.230209084450511f,0.2562306210201871f,-0.26547958379306746f,0.9294441669302514f,0.017348107428310888f,0f,0f,0f,1f],start_interpolation:0}
execute if entity @s[tag=aj.yuji.bone.leftarm] run data modify entity @s {} merge value {transformation:[-0.7017222519004306f,-0.49713670177510455f,-0.5103341855450794f,0.3125f,0.29028290513341215f,0.4546499624690175f,-0.842038744128931f,1.3620142566386035f,0.6506317823278347f,-0.7390186136864834f,-0.1747277094504852f,-0.12674205959782028f,0f,0f,0f,1f],start_interpolation:0}
execute if entity @s[tag=aj.yuji.bone.head] run data modify entity @s {} merge value {transformation:[-1f,6.395116672187311e-17f,1.0444063434090088e-16f,1.8625710912457643e-17f,0f,0.8528224988104042f,-0.5222009053255061f,1.4844171079663244f,-1.2246467991473532e-16f,-0.5222009053255061f,-0.8528224988104042f,-0.15209047151738436f,0f,0f,0f,1f],start_interpolation:0}
execute if entity @s[tag=aj.yuji.locator_origin.mount] at @s on origin run tp @s ^0 ^0.59375 ^0 ~0 ~0
execute if entity @s[tag=aj.yuji.camera_origin.camera] at @s on origin run tp @s ^0 ^1.755 ^4.33061 ~-180 ~0