execute if entity @s[tag=aj.yuji.locator_origin.head] at @s on origin run tp @s ^0 ^1.47831 ^-0.17906 ~0 ~-13.8125
execute if entity @s[tag=aj.yuji.bone.torso] run data modify entity @s {} merge value {transformation:[-1f,2.9237869260278076e-17f,1.189232728600145e-16f,2.1928401945208557e-17f,0f,0.9710822168711298f,-0.23874532053351727f,1.4783116626533475f,-1.2246467991473532e-16f,-0.23874532053351727f,-0.9710822168711298f,-0.17905899040013795f,0f,0f,0f,1f],start_interpolation:0}
execute if entity @s[tag=aj.yuji.bone.bottom2] run data modify entity @s {} merge value {transformation:[-0.746141172228833f,0.544734202327299f,-0.38280282120149534f,-0.5052118370417145f,-0.5136253607118909f,-0.8367953062545808f,-0.18963808758760015f,1.2305725772521405f,-0.42362995637532885f,0.055120452149301336f,0.9041567318868413f,-0.03387670363557653f,0f,0f,0f,1f],start_interpolation:0}
execute if entity @s[tag=aj.yuji.bone.rightarm] run data modify entity @s {} merge value {transformation:[-0.562206976207336f,0.6302956041150237f,0.5353977655323947f,-0.3125f,-0.32955410647530214f,0.4230267065504365f,-0.8440630879563187f,1.356926385544456f,-0.758496807382252f,-0.6509806886370502f,-0.030112060915231664f,-0.14921582533344832f,0f,0f,0f,1f],start_interpolation:0}
execute if entity @s[tag=aj.yuji.bone.bottom] run data modify entity @s {} merge value {transformation:[-0.7461410838496552f,-0.5447340589324132f,0.3828031975188819f,0.5052118699039949f,0.5136251318693401f,-0.8367954013705021f,-0.18963828768838625f,1.2305724837985959f,0.4236303894952116f,0.05512042529043566f,0.9041565305918754f,-0.03387686092114199f,0f,0f,0f,1f],start_interpolation:0}
execute if entity @s[tag=aj.yuji.bone.leftarm] run data modify entity @s {} merge value {transformation:[-0.562206328057785f,-0.6302958976015336f,-0.5353981006302313f,0.3125f,0.3295541730191493f,0.42302706372865306f,-0.844062882964758f,1.356926385544456f,0.7584972588859149f,-0.6509801723707038f,-0.030111848876516745f,-0.14921582533344827f,0f,0f,0f,1f],start_interpolation:0}
execute if entity @s[tag=aj.yuji.bone.head] run data modify entity @s {} merge value {transformation:[-1f,7.895594265146712e-17f,9.361387155030395e-17f,2.1928401945208557e-17f,0f,0.7644152715336503f,-0.6447241988991383f,1.4783116626533475f,-1.2246467991473532e-16f,-0.6447241988991383f,-0.7644152715336503f,-0.17905899040013795f,0f,0f,0f,1f],start_interpolation:0}
execute if entity @s[tag=aj.yuji.locator_origin.mount] at @s on origin run tp @s ^0 ^0.59375 ^0 ~0 ~0
execute if entity @s[tag=aj.yuji.camera_origin.camera] at @s on origin run tp @s ^0 ^1.755 ^4.5529 ~-180 ~0