execute if entity @s[tag=aj.yuji.locator_origin.head] at @s on origin run tp @s ^0 ^1.5 ^0 ~0 ~0
execute if entity @s[tag=aj.yuji.bone.bottom2] run data modify entity @s {} merge value {transformation:[-0.4443097360978506f,-0.8459222945786923f,0.2949649639251727f,-0.31176417055583966f,-0.17693613100173816f,-0.23990421443234852f,-0.9545363133185312f,1.2157786391759455f,0.8782268863766322f,-0.47629973696435923f,-0.04308243972766762f,0.2026185253434773f,0f,0f,0f,1f],start_interpolation:0}
execute if entity @s[tag=aj.yuji.bone.rightarm] run data modify entity @s {} merge value {transformation:[-0.9663859023423143f,-0.24453979336222f,-0.0793635761315843f,-0.3125f,-0.09102265510335893f,0.6141297795203781f,-0.7839384479435785f,1.375f,0.24044368158046078f,-0.7503631809787941f,-0.6157450224073431f,-3.827021247335479e-17f,0f,0f,0f,1f],start_interpolation:0}
execute if entity @s[tag=aj.yuji.bone.bottom] run data modify entity @s {} merge value {transformation:[-0.44431052222998646f,0.8459218530547322f,-0.29496504599725826f,0.3117642258383175f,0.17693599222649325f,-0.23990433879005058f,-0.9545363077874695f,1.2157786518281495f,-0.8782265166177475f,-0.47630045848619174f,-0.04308200036326598f,0.20261853548656744f,0f,0f,0f,1f],start_interpolation:0}
execute if entity @s[tag=aj.yuji.bone.leftarm] run data modify entity @s {} merge value {transformation:[-0.9663860044664819f,0.24453959776335057f,0.0793629352849774f,0.3125f,0.09102300084362218f,0.6141296424764962f,-0.783938515158627f,1.375f,-0.24044314024053748f,-0.7503633568861353f,-0.6157450194308025f,3.827021247335479e-17f,0f,0f,0f,1f],start_interpolation:0}
execute if entity @s[tag=aj.yuji.bone.head] run data modify entity @s {} merge value {transformation:[-1f,-4.540513160619943e-17f,1.1373641391587078e-16f,0f,0f,0.9287282994170932f,0.37076103606208954f,1.5f,-1.2246467991473532e-16f,0.37076103606208954f,-0.9287282994170932f,0f,0f,0f,0f,1f],start_interpolation:0}
execute if entity @s[tag=aj.yuji.locator_origin.mount] at @s on origin run tp @s ^0 ^0.59375 ^0 ~0 ~0
execute if entity @s[tag=aj.yuji.camera_origin.camera] at @s on origin run tp @s ^0 ^1.755 ^2 ~-180 ~0