execute if entity @s[tag=aj.yuji.locator_origin.head] at @s on origin run tp @s ^0 ^1.5 ^0 ~0 ~0
execute if entity @s[tag=aj.yuji.bone.bottom2] run data modify entity @s {} merge value {transformation:[-0.40543381781558185f,-0.8742245326993806f,0.26712335314987157f,-0.3061301707706077f,-0.17019719250660137f,-0.21491687425689546f,-0.9616879186214812f,1.2151822780149826f,0.8981404873594957f,-0.4353644491528852f,-0.061655992242865665f,0.20204942715857435f,0f,0f,0f,1f],start_interpolation:0}
execute if entity @s[tag=aj.yuji.bone.rightarm] run data modify entity @s {} merge value {transformation:[-0.9586686352137209f,-0.26514647572099925f,-0.10320753010413151f,-0.3125f,-0.08666057874633412f,0.6176057432534863f,-0.781698848656987f,1.375f,0.27100625813588164f,-0.740446144100327f,-0.615057002023508f,-3.827021247335479e-17f,0f,0f,0f,1f],start_interpolation:0}
execute if entity @s[tag=aj.yuji.bone.bottom] run data modify entity @s {} merge value {transformation:[-0.40543425124994126f,0.8742243154929523f,-0.26712340615206026f,0.3061301955346382f,0.17019712080526583f,-0.2149169345868826f,-0.961687917828531f,1.21518228695927f,-0.8981403052880976f,-0.4353648555277018f,-0.061655774979689326f,0.20204943501406777f,0f,0f,0f,1f],start_interpolation:0}
execute if entity @s[tag=aj.yuji.bone.leftarm] run data modify entity @s {} merge value {transformation:[-0.9586686942365723f,0.2651463914205902f,0.10320719842813592f,0.3125f,0.08666076221477335f,0.6176056616092263f,-0.7816988928229235f,1.375f,-0.2710059906775124f,-0.7404462423868928f,-0.6150570015470362f,3.827021247335479e-17f,0f,0f,0f,1f],start_interpolation:0}
execute if entity @s[tag=aj.yuji.bone.head] run data modify entity @s {} merge value {transformation:[-1f,-4.7968786205139776e-17f,1.126791612350046e-16f,0f,0f,0.9200951761230768f,0.39169486449919694f,1.5f,-1.2246467991473532e-16f,0.39169486449919694f,-0.9200951761230768f,0f,0f,0f,0f,1f],start_interpolation:0}
execute if entity @s[tag=aj.yuji.locator_origin.mount] at @s on origin run tp @s ^0 ^0.59375 ^0 ~0 ~0
execute if entity @s[tag=aj.yuji.camera_origin.camera] at @s on origin run tp @s ^0 ^1.755 ^2 ~-180 ~0