execute if entity @s[tag=aj.yuji.locator_origin.head] at @s on origin run tp @s ^0 ^1.49554 ^-0.08165 ~0 ~-6.25
execute if entity @s[tag=aj.yuji.bone.torso] run data modify entity @s {} merge value {transformation:[-1f,1.3332346982063389e-17f,1.2173679127761025e-16f,9.999260236547541e-18f,0f,0.9940563382223196f,-0.10886687485196457f,1.4955422536667398f,-1.2246467991473532e-16f,-0.10886687485196457f,-0.9940563382223196f,-0.08165015613897343f,0f,0f,0f,1f],start_interpolation:0}
execute if entity @s[tag=aj.yuji.bone.bottom2] run data modify entity @s {} merge value {transformation:[-0.9071508000645335f,-0.04407836892021322f,0.4184907685189848f,-0.4137030597373924f,-0.28212802124373804f,-0.6741684355250552f,-0.6825691907570925f,1.2362439330358088f,0.3122198032978844f,-0.7372611599257298f,0.5991366926616973f,0.1267094390044595f,0f,0f,0f,1f],start_interpolation:0}
execute if entity @s[tag=aj.yuji.bone.rightarm] run data modify entity @s {} merge value {transformation:[-0.9376516730064245f,0.17039932069796357f,0.3029412675980708f,-0.3125f,-0.18472846886323274f,0.49398299619675556f,-0.8496212051614072f,1.3712852113889498f,-0.294422711249827f,-0.8526106209602063f,-0.4317063772127442f,-0.0680417967824779f,0f,0f,0f,1f],start_interpolation:0}
execute if entity @s[tag=aj.yuji.bone.bottom] run data modify entity @s {} merge value {transformation:[-0.9071508499083527f,0.04407834825159784f,-0.41849066265086965f,0.41370310244612835f,0.2821279302945175f,-0.6741684920294453f,-0.682569172540392f,1.2362439128748535f,-0.3122197406607804f,-0.7372611094925288f,0.5991367873629196f,0.12670940283104234f,0f,0f,0f,1f],start_interpolation:0}
execute if entity @s[tag=aj.yuji.bone.leftarm] run data modify entity @s {} merge value {transformation:[-0.9376515737973607f,-0.17039951633517317f,-0.3029414646232364f,0.3125f,0.1847285355413771f,0.493983060171041f,-0.8496211534682924f,1.3712852113889498f,0.2944229853664125f,-0.8526105447956838f,-0.43170634068905755f,-0.06804179678247782f,0f,0f,0f,1f],start_interpolation:0}
execute if entity @s[tag=aj.yuji.bone.head] run data modify entity @s {} merge value {transformation:[-1f,1.5984848350717833e-17f,1.2141697760125282e-16f,9.999260236547541e-18f,0f,0.9914448613738105f,-0.1305261922200516f,1.4955422536667398f,-1.2246467991473532e-16f,-0.1305261922200516f,-0.9914448613738105f,-0.08165015613897343f,0f,0f,0f,1f],start_interpolation:0}
execute if entity @s[tag=aj.yuji.locator_origin.mount] at @s on origin run tp @s ^0 ^0.59375 ^0 ~0 ~0
execute if entity @s[tag=aj.yuji.camera_origin.camera] at @s on origin run tp @s ^0 ^1.755 ^4.24874 ~-180 ~0