execute if entity @s[tag=aj.yuji.locator_origin.head] at @s on origin run tp @s ^0 ^1.5 ^0 ~0 ~0
execute if entity @s[tag=aj.yuji.bone.bottom2] run data modify entity @s {} merge value {transformation:[-0.48392634245044003f,-0.813581600758065f,0.3223356542340361f,-0.3177144520827213f,-0.18418674016159736f,-0.265394636655936f,-0.946383078664717f,1.216343590219284f,0.8555060139070818f,-0.5173496552064264f,-0.021419487076211496f,0.20299557415118827f,0f,0f,0f,1f],start_interpolation:0}
execute if entity @s[tag=aj.yuji.bone.rightarm] run data modify entity @s {} merge value {transformation:[-0.9734025526333082f,-0.22249282982744176f,-0.05462976480213471f,-0.3125f,-0.0954867925220938f,0.6107539409923399f,-0.786041917467617f,1.375f,0.20825403472874693f,-0.7599187879225664f,-0.6157545718721831f,-3.827021247335479e-17f,0f,0f,0f,1f],start_interpolation:0}
execute if entity @s[tag=aj.yuji.bone.bottom] run data modify entity @s {} merge value {transformation:[-0.4839263518788959f,0.81358159508304f,-0.32233565440285916f,0.3177144519563376f,0.1841867406634508f,-0.26539463627423576f,-0.9463830786740857f,1.2163435905120794f,-0.8555060084657253f,-0.5173496643267514f,-0.02141948412169936f,0.20299557438327637f,0f,0f,0f,1f],start_interpolation:0}
execute if entity @s[tag=aj.yuji.bone.leftarm] run data modify entity @s {} merge value {transformation:[-0.9734025527899071f,0.22249283037212642f,0.05462975979347282f,0.3125f,0.09548679634052157f,0.6107539388665524f,-0.7860419186554973f,1.375f,-0.20825403224599548f,-0.7599187894716065f,-0.6157545708001624f,3.827021247335479e-17f,0f,0f,0f,1f],start_interpolation:0}
execute if entity @s[tag=aj.yuji.bone.head] run data modify entity @s {} merge value {transformation:[-1f,-4.2704131200542777e-17f,1.147778506726163e-16f,0f,0f,0.9372322758899064f,0.3487056940031612f,1.5f,-1.2246467991473532e-16f,0.3487056940031612f,-0.9372322758899064f,0f,0f,0f,0f,1f],start_interpolation:0}
execute if entity @s[tag=aj.yuji.locator_origin.mount] at @s on origin run tp @s ^0 ^0.59375 ^0 ~0 ~0
execute if entity @s[tag=aj.yuji.camera_origin.camera] at @s on origin run tp @s ^0 ^1.755 ^4.23438 ~-180 ~0