execute if entity @s[tag=aj.yuji.locator_origin.head] at @s on origin run tp @s ^0 ^1.5 ^0 ~0 ~0
execute if entity @s[tag=aj.yuji.bone.bottom2] run data modify entity @s {} merge value {transformation:[-0.40409959801622025f,-0.8751377618179819f,0.2661529874401985f,-0.30594017179037686f,-0.16997233287575647f,-0.2140598008870231f,-0.9619188155457721f,1.2151611057006226f,0.8987841347842663f,-0.4339496508633476f,-0.062247727473992376f,0.20202659855329125f,0f,0f,0f,1f],start_interpolation:0}
execute if entity @s[tag=aj.yuji.bone.rightarm] run data modify entity @s {} merge value {transformation:[-0.9583897362138966f,-0.26583674689196674f,-0.10401892867047849f,-0.3125f,-0.08651132506107806f,0.6177277459322397f,-0.7816189752952847f,1.375f,0.2720384240434321f,-0.7400967882023071f,-0.6150218206995546f,-3.827021247335479e-17f,0f,0f,0f,1f],start_interpolation:0}
execute if entity @s[tag=aj.yuji.bone.bottom] run data modify entity @s {} merge value {transformation:[-0.4041000019695642f,0.8751375603253463f,-0.266153036646211f,0.30594019429455876f,0.1699722672062896f,-0.21405985592779475f,-0.9619188149011981f,1.2151611141718712f,-0.8987839655829157f,-0.43395003005873023f,-0.06224752704385361f,0.20202660598626426f,0f,0f,0f,1f],start_interpolation:0}
execute if entity @s[tag=aj.yuji.bone.leftarm] run data modify entity @s {} merge value {transformation:[-0.9583897907311059f,0.2658366705045413f,0.10401862158982475f,0.3125f,0.08651149560528783f,0.6177276694111934f,-0.781619016895029f,1.375f,-0.2720381777444546f,-0.7400968795089433f,-0.6150218197678854f,3.827021247335479e-17f,0f,0f,0f,1f],start_interpolation:0}
execute if entity @s[tag=aj.yuji.bone.head] run data modify entity @s {} merge value {transformation:[-1f,-4.805536241537958e-17f,1.1264226546791884e-16f,0f,0f,0.9197938993213779f,0.3924018129050564f,1.5f,-1.2246467991473532e-16f,0.3924018129050564f,-0.9197938993213779f,0f,0f,0f,0f,1f],start_interpolation:0}
execute if entity @s[tag=aj.yuji.locator_origin.mount] at @s on origin run tp @s ^0 ^0.59375 ^0 ~0 ~0
execute if entity @s[tag=aj.yuji.camera_origin.camera] at @s on origin run tp @s ^0 ^1.755 ^2.14581 ~-180 ~0