execute if entity @s[tag=aj.yuji.locator_origin.head] at @s on origin run tp @s ^0 ^1.5 ^0 ~0 ~0
execute if entity @s[tag=aj.yuji.bone.bottom2] run data modify entity @s {} merge value {transformation:[-0.44848707523192716f,-0.8426795685544429f,0.29791020138761537f,-0.31238091706298315f,-0.17768309286518735f,-0.24259896847880685f,-0.9537161312481195f,1.2158408486316599f,0.8759498055595268f,-0.4806629642836201f,-0.04092741020771268f,0.20266869604101145f,0f,0f,0f,1f],start_interpolation:0}
execute if entity @s[tag=aj.yuji.bone.rightarm] run data modify entity @s {} merge value {transformation:[-0.9671669598991444f,-0.2422680717228534f,-0.07677403925245292f,-0.3125f,-0.09149523579085778f,0.613762796525646f,-0.7841708050090834f,1.375f,0.2371005978630635f,-0.7513996346982801f,-0.615777472361785f,-3.827021247335479e-17f,0f,0f,0f,1f],start_interpolation:0}
execute if entity @s[tag=aj.yuji.bone.bottom] run data modify entity @s {} merge value {transformation:[-0.44848788858009236f,0.8426791064651137f,-0.2979102840187434f,0.3123809749561652f,0.17768294950261299f,-0.24259909765619997f,-0.9537161250982651f,1.2158408614018956f,-0.8759494182046259f,-0.4806637092017195f,-0.04092695204168312f,0.20266870610370102f,0f,0f,0f,1f],start_interpolation:0}
execute if entity @s[tag=aj.yuji.bone.leftarm] run data modify entity @s {} merge value {transformation:[-0.9671670642320924f,0.24226786623336247f,0.07677337334915858f,0.3125f,0.09149559472865959f,0.6137626557102527f,-0.78417087334378f,1.375f,-0.23710003376196426f,-0.7513998159743129f,-0.6157774683632424f,3.827021247335479e-17f,0f,0f,0f,1f],start_interpolation:0}
execute if entity @s[tag=aj.yuji.bone.head] run data modify entity @s {} merge value {transformation:[-1f,-4.512456234292598e-17f,1.1384802018470924e-16f,0f,0f,0.9296396337619521f,0.36847001416525527f,1.5f,-1.2246467991473532e-16f,0.36847001416525527f,-0.9296396337619521f,0f,0f,0f,0f,1f],start_interpolation:0}
execute if entity @s[tag=aj.yuji.locator_origin.mount] at @s on origin run tp @s ^0 ^0.59375 ^0 ~0 ~0
execute if entity @s[tag=aj.yuji.camera_origin.camera] at @s on origin run tp @s ^0 ^1.755 ^2 ~-180 ~0