execute if entity @s[tag=aj.yuji.locator_origin.head] at @s on origin run tp @s ^0 ^1.5 ^0 ~0 ~0
execute if entity @s[tag=aj.yuji.bone.bottom2] run data modify entity @s {} merge value {transformation:[-0.40717905019597245f,-0.8730245856093946f,0.26839018984130314f,-0.306379076311806f,-0.17049184348229707f,-0.21603689658712405f,-0.961384725601053f,1.2152098263585016f,0.897294685366805f,-0.4372140576817598f,-0.060877872646283304f,0.20207890711507492f,0f,0f,0f,1f],start_interpolation:0}
execute if entity @s[tag=aj.yuji.bone.rightarm] run data modify entity @s {} merge value {transformation:[-0.9590320761093308f,-0.2642417137801088f,-0.10214594310092588f,-0.3125f,-0.08685551508287274f,0.6174468157952755f,-0.7818027559199084f,1.375f,0.26965458737636083f,-0.7409019816162096f,-0.6151021517959909f,-3.827021247335479e-17f,0f,0f,0f,1f],start_interpolation:0}
execute if entity @s[tag=aj.yuji.bone.bottom] run data modify entity @s {} merge value {transformation:[-0.40717951337128894f,0.873024352158121f,-0.26839024652474464f,0.3063791034032781f,0.17049176572501823f,-0.2160369622903989f,-0.9613847246260478f,1.2152098357575403f,-0.8972944899589462f,-0.4372144913692013f,-0.06087763814476227f,0.20207891536778397f,0f,0f,0f,1f],start_interpolation:0}
execute if entity @s[tag=aj.yuji.bone.leftarm] run data modify entity @s {} merge value {transformation:[-0.9590321395846063f,0.2642416212830391f,0.1021455864219456f,0.3125f,0.08685571167590699f,0.617446729050862f,-0.7818028025874959f,1.375f,-0.2696542983025561f,-0.7409020868954967f,-0.6151021517120987f,3.827021247335479e-17f,0f,0f,0f,1f],start_interpolation:0}
execute if entity @s[tag=aj.yuji.bone.head] run data modify entity @s {} merge value {transformation:[-1f,-4.785542551251081e-17f,1.1272735282811845e-16f,0f,0f,0.9204886903440538f,0.3907692041969131f,1.5f,-1.2246467991473532e-16f,0.3907692041969131f,-0.9204886903440538f,0f,0f,0f,0f,1f],start_interpolation:0}
execute if entity @s[tag=aj.yuji.locator_origin.mount] at @s on origin run tp @s ^0 ^0.59375 ^0 ~0 ~0
execute if entity @s[tag=aj.yuji.camera_origin.camera] at @s on origin run tp @s ^0 ^1.755 ^2 ~-180 ~0