execute if entity @s[tag=aj.yuji.locator_origin.head] at @s on origin run tp @s ^0 ^1.5 ^0 ~0 ~0
execute if entity @s[tag=aj.yuji.bone.bottom2] run data modify entity @s {} merge value {transformation:[-0.43607312948605115f,-0.8521994268241191f,0.2891303558274101f,-0.31055471553981573f,-0.17547661042166735f,-0.23459729592281106f,-0.956123458524383f,1.2156549466930062f,0.882637062973884f,-0.4676753635443588f,-0.04723948982035869f,0.2025132584670946f,0f,0f,0f,1f],start_interpolation:0}
execute if entity @s[tag=aj.yuji.bone.rightarm] run data modify entity @s {} merge value {transformation:[-0.9648180261744491f,-0.24898564438434928f,-0.08445309502528844f,-0.3125f,-0.09009325085304928f,0.614856900514713f,-0.7834757163053427f,1.375f,0.24700077432989875f,-0.7483028402859038f,-0.6156569472526723f,-3.827021247335479e-17f,0f,0f,0f,1f],start_interpolation:0}
execute if entity @s[tag=aj.yuji.bone.bottom] run data modify entity @s {} merge value {transformation:[-0.43607385955804534f,0.8521990260881417f,-0.28913043586688214f,0.3105547655557935f,0.17547648140453864f,-0.2345974102453097f,-0.9561234541522743f,1.2156549590221004f,-0.8826367279260663f,-0.46767603641903316f,-0.04723908842632746f,0.20251326864852234f,0f,0f,0f,1f],start_interpolation:0}
execute if entity @s[tag=aj.yuji.bone.leftarm] run data modify entity @s {} merge value {transformation:[-0.9648181231719181f,0.24898546856980558f,0.08445250523277571f,0.3125f,0.09009356973669899f,0.6148567714774236f,-0.783475780902293f,1.375f,-0.24700027913165645f,-0.7483030048111752f,-0.6156569459524112f,3.827021247335479e-17f,0f,0f,0f,1f],start_interpolation:0}
execute if entity @s[tag=aj.yuji.bone.head] run data modify entity @s {} merge value {transformation:[-1f,-4.595533632196734e-17f,1.135152187601004e-16f,0f,0f,0.9269221039007663f,0.37525379851532076f,1.5f,-1.2246467991473532e-16f,0.37525379851532076f,-0.9269221039007663f,0f,0f,0f,0f,1f],start_interpolation:0}
execute if entity @s[tag=aj.yuji.locator_origin.mount] at @s on origin run tp @s ^0 ^0.59375 ^0 ~0 ~0
execute if entity @s[tag=aj.yuji.camera_origin.camera] at @s on origin run tp @s ^0 ^1.755 ^2 ~-180 ~0