execute if entity @s[tag=aj.yuji.locator_origin.head] at @s on origin run tp @s ^0 ^1.5 ^0 ~0 ~0
execute if entity @s[tag=aj.yuji.bone.bottom2] run data modify entity @s {} merge value {transformation:[-0.7856671748547973f,-0.6186320694281885f,-0.004631741646320811f,-0.3448940124437264f,-0.31559684534161025f,0.4072271862739958f,-0.8570674710720201f,1.1603061908180148f,0.5320955943870472f,-0.6719080156050836f,-0.515183362502647f,0.13879281774185936f,0f,0f,0f,1f],start_interpolation:0}
execute if entity @s[tag=aj.yuji.bone.rightarm] run data modify entity @s {} merge value {transformation:[-0.9903392653506556f,-0.11800876656275834f,-0.0728153178875161f,-0.3125f,-0.06126664714301916f,0.8434585749421862f,-0.5336890764334128f,1.375f,0.12439669389729133f,-0.5240720974931148f,-0.8425401469227392f,-3.827021247335479e-17f,0f,0f,0f,1f],start_interpolation:0}
execute if entity @s[tag=aj.yuji.bone.bottom] run data modify entity @s {} merge value {transformation:[-0.7856675720784508f,0.6186315672120178f,0.004631439641744027f,0.3448940157496161f,0.31559670046438537f,0.4072271177563641f,-0.8570675569754331f,1.1603061900981773f,-0.5320950937946575f,-0.6719085195267634f,-0.5151832223073726f,0.1387928158567784f,0f,0f,0f,1f],start_interpolation:0}
execute if entity @s[tag=aj.yuji.bone.leftarm] run data modify entity @s {} merge value {transformation:[-0.9903393129431305f,0.11800876523731821f,0.07281467274177571f,0.3125f,0.06126697489490436f,0.8434584958835651f,-0.5336891637545783f,1.375f,-0.12439615358424687f,-0.5240722250310518f,-0.8425401473665496f,3.827021247335479e-17f,0f,0f,0f,1f],start_interpolation:0}
execute if entity @s[tag=aj.yuji.bone.head] run data modify entity @s {} merge value {transformation:[-1f,-2.6464471494078025e-17f,1.1957102314171988e-16f,0f,0f,0.9763714993169449f,0.21609880916280205f,1.5f,-1.2246467991473532e-16f,0.21609880916280205f,-0.9763714993169449f,0f,0f,0f,0f,1f],start_interpolation:0}
execute if entity @s[tag=aj.yuji.locator_origin.mount] at @s on origin run tp @s ^0 ^0.59375 ^0 ~0 ~0
execute if entity @s[tag=aj.yuji.camera_origin.camera] at @s on origin run tp @s ^0 ^2.20891 ^4.12372 ~-180 ~0