execute if entity @s[tag=aj.yuji.locator_origin.head] at @s on origin run tp @s ^0 ^1.5 ^0 ~0 ~0
execute if entity @s[tag=aj.yuji.bone.bottom2] run data modify entity @s {} merge value {transformation:[-0.40350639290688606f,-0.8755471246190287f,0.26570627289287807f,-0.3058564722034894f,-0.16987095056491397f,-0.21366302254450986f,-0.9620249336432589f,1.215150602670374f,0.899069769838496f,-0.4333189880082514f,-0.06251562679889372f,0.20201555314324765f,0f,0f,0f,1f],start_interpolation:0}
execute if entity @s[tag=aj.yuji.bone.rightarm] run data modify entity @s {} merge value {transformation:[-0.9582655567452661f,-0.26614050037235903f,-0.10438561594987786f,-0.3125f,-0.08644015361103104f,0.6177875509157463f,-0.7815795812182055f,1.375f,0.27249811485473874f,-0.739937683859306f,-0.6150097571628755f,-3.827021247335479e-17f,0f,0f,0f,1f],start_interpolation:0}
execute if entity @s[tag=aj.yuji.bone.bottom] run data modify entity @s {} merge value {transformation:[-0.4035066831344345f,0.8755469806724534f,-0.26570630647614973f,0.3058564864604706f,0.16987090812589817f,-0.21366305772507319f,-0.9620249333234845f,1.215150609126202f,-0.8990696476015246f,-0.43331926151386657f,-0.06251548898271236f,0.20201555872042606f,0f,0f,0f,1f],start_interpolation:0}
execute if entity @s[tag=aj.yuji.bone.leftarm] run data modify entity @s {} merge value {transformation:[-0.9582655933551442f,0.26614045249690377f,0.10438540193176866f,0.3125f,0.08644027502457399f,0.6177874947390478f,-0.7815796121942583f,1.375f,-0.2724979475984903f,-0.7399377479820816f,-0.6150097541224986f,3.827021247335479e-17f,0f,0f,0f,1f],start_interpolation:0}
execute if entity @s[tag=aj.yuji.bone.head] run data modify entity @s {} merge value {transformation:[-1f,-4.809412866254766e-17f,1.1262571915334833e-16f,0f,0f,0.9196587884095457f,0.39271836333571986f,1.5f,-1.2246467991473532e-16f,0.39271836333571986f,-0.9196587884095457f,0f,0f,0f,0f,1f],start_interpolation:0}
execute if entity @s[tag=aj.yuji.locator_origin.mount] at @s on origin run tp @s ^0 ^0.59375 ^0 ~0 ~0
execute if entity @s[tag=aj.yuji.camera_origin.camera] at @s on origin run tp @s ^0 ^1.755 ^3.75793 ~-180 ~0