execute if entity @s[tag=aj.yuji.locator_origin.head] at @s on origin run tp @s ^0 ^1.5 ^0 ~0 ~0
execute if entity @s[tag=aj.yuji.bone.bottom2] run data modify entity @s {} merge value {transformation:[-0.46488267103079806f,-0.8295608292139279f,0.30937506817643085f,-0.3148239362022966f,-0.1806595725113515f,-0.25319825695875753f,-0.9503961077009222f,1.2160816199247924f,0.8667446111948356f,-0.49771424864770286f,-0.03216062278262094f,0.20284426981011686f,0f,0f,0f,1f],start_interpolation:0}
execute if entity @s[tag=aj.yuji.bone.rightarm] run data modify entity @s {} merge value {transformation:[-0.9701391945658933f,-0.23323905383228694f,-0.0665543907977489f,-0.3125f,-0.09335824042849164f,0.6123339601937078f,-0.785067742387615f,1.375f,0.22386197111420217f,-0.755411586461917f,-0.615823962612656f,-3.827021247335479e-17f,0f,0f,0f,1f],start_interpolation:0}
execute if entity @s[tag=aj.yuji.bone.bottom] run data modify entity @s {} merge value {transformation:[-0.4648835866474512f,0.8295602854694222f,-0.3093751503235067f,0.31482400419504397f,0.18065941280199815f,-0.2531984038597554f,-0.9503960989234486f,1.216081632917535f,-0.8667441533877451f,-0.4977150801962532f,-0.03216009193703079f,0.20284427921029555f,0f,0f,0f,1f],start_interpolation:0}
execute if entity @s[tag=aj.yuji.bone.leftarm] run data modify entity @s {} merge value {transformation:[-0.9701393055303424f,0.23323880960240964f,0.06655362920499328f,0.3125f,0.09335864987963903f,0.6123338058599501f,-0.7850678140732302f,1.375f,-0.22386131947649157f,-0.7554117869720592f,-0.6158239535337386f,3.827021247335479e-17f,0f,0f,0f,1f],start_interpolation:0}
execute if entity @s[tag=aj.yuji.bone.head] run data modify entity @s {} merge value {transformation:[-1f,-4.4013122714402445e-17f,1.1428229458470604e-16f,0f,0f,0.9331857533476086f,0.3593944208652331f,1.5f,-1.2246467991473532e-16f,0.3593944208652331f,-0.9331857533476086f,0f,0f,0f,0f,1f],start_interpolation:0}
execute if entity @s[tag=aj.yuji.locator_origin.mount] at @s on origin run tp @s ^0 ^0.59375 ^0 ~0 ~0
execute if entity @s[tag=aj.yuji.camera_origin.camera] at @s on origin run tp @s ^0 ^1.755 ^2 ~-180 ~0