execute if entity @s[tag=aj.yuji.locator_origin.head] at @s on origin run tp @s ^0 ^1.5 ^0 ~0 ~0
execute if entity @s[tag=aj.yuji.bone.bottom2] run data modify entity @s {} merge value {transformation:[-0.4176269560018275f,-0.8657055259796188f,0.2759377971735646f,-0.3078770998001976f,-0.1722705614763323f,-0.22274024754228258f,-0.9595361565743274f,1.2153728973411684f,0.8921382063723517f,-0.4482641234954615f,-0.05611324547349544f,0.20224753865125158f,0f,0f,0f,1f],start_interpolation:0}
execute if entity @s[tag=aj.yuji.bone.rightarm] run data modify entity @s {} merge value {transformation:[-0.9611748849953182f,-0.25878532204803917f,-0.09577576701196056f,-0.3125f,-0.08802275895076249f,0.6165027208976356f,-0.7824170173459343f,1.375f,0.2615240607686656f,-0.74360913941284f,-0.6153459298807157f,-3.827021247335479e-17f,0f,0f,0f,1f],start_interpolation:0}
execute if entity @s[tag=aj.yuji.bone.bottom] run data modify entity @s {} merge value {transformation:[-0.4176275391899959f,0.8657052224475403f,-0.275937866805488f,0.30787713675314715f,0.17227045983094685f,-0.22274033513749258f,-0.9595361544894863f,1.2153729083276288f,-0.8921379529981575f,-0.44826466616262794f,-0.056112938707264026f,0.20224754816714416f,0f,0f,0f,1f],start_interpolation:0}
execute if entity @s[tag=aj.yuji.bone.leftarm] run data modify entity @s {} merge value {transformation:[-0.9611749651833827f,0.258785194283257f,0.09577530748841225f,0.3125f,0.08802300946690622f,0.6165026143227583f,-0.7824170731378457f,1.375f,-0.26152368173668694f,-0.7436092722344048f,-0.6153459304634321f,3.827021247335479e-17f,0f,0f,0f,1f],start_interpolation:0}
execute if entity @s[tag=aj.yuji.bone.head] run data modify entity @s {} merge value {transformation:[-1f,-4.717357801171892e-17f,1.1301438565152156e-16f,0f,0f,0.9228324912146636f,0.3852014968280079f,1.5f,-1.2246467991473532e-16f,0.3852014968280079f,-0.9228324912146636f,0f,0f,0f,0f,1f],start_interpolation:0}
execute if entity @s[tag=aj.yuji.locator_origin.mount] at @s on origin run tp @s ^0 ^0.59375 ^0 ~0 ~0
execute if entity @s[tag=aj.yuji.camera_origin.camera] at @s on origin run tp @s ^0 ^1.755 ^2 ~-180 ~0