execute if entity @s[tag=aj.yuji.locator_origin.head] at @s on origin run tp @s ^0 ^1.5 ^0 ~0 ~0
execute if entity @s[tag=aj.yuji.bone.bottom2] run data modify entity @s {} merge value {transformation:[-0.6205530884488465f,-0.7648085044084636f,0.17315258011674844f,-0.32980163497556436f,-0.2698720280305674f,0.0009702350517970526f,-0.9628957093738724f,1.1910388119807158f,0.7362628286850197f,-0.6442569442609316f,-0.20700250449765129f,0.17962512276879847f,0f,0f,0f,1f],start_interpolation:0}
execute if entity @s[tag=aj.yuji.bone.rightarm] run data modify entity @s {} merge value {transformation:[-0.9821982484646304f,-0.17634302221390025f,-0.06472819501175658f,-0.3125f,-0.08266462481284689f,0.7151785958739247f,-0.6940361199594389f,1.375f,0.16868064654121814f,-0.6763303294398895f,-0.7170244939764382f,-3.827021247335479e-17f,0f,0f,0f,1f],start_interpolation:0}
execute if entity @s[tag=aj.yuji.bone.bottom] run data modify entity @s {} merge value {transformation:[-0.620553891920488f,0.7648078059578745f,-0.17315278562078473f,0.3298016833574571f,0.2698718458107604f,0.0009701012791035746f,-0.9628957605796182f,1.1910388188305345f,-0.7362622182762255f,-0.6442577736041765f,-0.20700209440863432f,0.17962512512377946f,0f,0f,0f,1f],start_interpolation:0}
execute if entity @s[tag=aj.yuji.bone.leftarm] run data modify entity @s {} merge value {transformation:[-0.9821983361474153f,0.1763428506070255f,0.06472733200926362f,0.3125f,0.08266507138923163f,0.7151784568305537f,-0.6940362100479204f,1.375f,-0.16867991712549066f,-0.676330521213745f,-0.7170244846818562f,3.827021247335479e-17f,0f,0f,0f,1f],start_interpolation:0}
execute if entity @s[tag=aj.yuji.bone.head] run data modify entity @s {} merge value {transformation:[-1f,-3.5723437830200456e-17f,1.1713852404828387e-16f,0f,0f,0.9565086368562778f,0.29170400686199893f,1.5f,-1.2246467991473532e-16f,0.29170400686199893f,-0.9565086368562778f,0f,0f,0f,0f,1f],start_interpolation:0}
execute if entity @s[tag=aj.yuji.locator_origin.mount] at @s on origin run tp @s ^0 ^0.59375 ^0 ~0 ~0
execute if entity @s[tag=aj.yuji.camera_origin.camera] at @s on origin run tp @s ^0 ^1.89813 ^2.91769 ~-180 ~0