execute if entity @s[tag=aj.yuji.locator_origin.head] at @s on origin run tp @s ^0 ^1.47772 ^-0.18144 ~0 ~-14
execute if entity @s[tag=aj.yuji.bone.torso] run data modify entity @s {} merge value {transformation:[-1f,2.962688750897932e-17f,1.1882695554102554e-16f,2.2220165631734488e-17f,0f,0.9702957262759965f,-0.24192189559966767f,1.4777217947069974f,-1.2246467991473532e-16f,-0.24192189559966767f,-0.9702957262759965f,-0.18144142169975075f,0f,0f,0f,1f],start_interpolation:0}
execute if entity @s[tag=aj.yuji.bone.bottom2] run data modify entity @s {} merge value {transformation:[-0.7555502533142683f,0.5268369052705218f,-0.38934135403489334f,-0.5062968267411538f,-0.5123284122028f,-0.8455897601106153f,-0.1499918519314627f,1.2336927564907065f,-0.4082443052468737f,0.0861442559956922f,0.9087990726186101f,-0.03379835854783028f,0f,0f,0f,1f],start_interpolation:0}
execute if entity @s[tag=aj.yuji.bone.rightarm] run data modify entity @s {} merge value {transformation:[-0.5676846698690999f,0.6332661394973401f,0.5260305239829209f,-0.3125f,-0.3330169094858204f,0.4077140623557104f,-0.8502170201506888f,1.356434828922498f,-0.7528836919419386f,-0.6578322277933328f,-0.02056469023197041f,-0.15120118474979233f,0f,0f,0f,1f],start_interpolation:0}
execute if entity @s[tag=aj.yuji.bone.bottom] run data modify entity @s {} merge value {transformation:[-0.7555501760450838f,-0.5268367382228288f,0.38934173002257716f,0.5062968618204283f,0.512328177156093f,-0.8455898677811635f,-0.1499920477817055f,1.233692662029124f,0.4082447432241569f,0.08614422072643645f,0.9087988792165611f,-0.033798515210837904f,0f,0f,0f,1f],start_interpolation:0}
execute if entity @s[tag=aj.yuji.bone.leftarm] run data modify entity @s {} merge value {transformation:[-0.5676840268144105f,-0.6332664405781108f,-0.5260308554992812f,0.3125f,0.3330169794851343f,0.4077144227022125f,-0.8502168199319506f,1.356434828922498f,0.7528841458513874f,-0.6578317146186643f,-0.02056448801927996f,-0.15120118474979227f,0f,0f,0f,1f],start_interpolation:0}
execute if entity @s[tag=aj.yuji.bone.head] run data modify entity @s {} merge value {transformation:[-1f,7.976175180786766e-17f,9.292825606433543e-17f,2.2220165631734488e-17f,0f,0.7588167962308455f,-0.6513041300022252f,1.4777217947069974f,-1.2246467991473532e-16f,-0.6513041300022252f,-0.7588167962308455f,-0.18144142169975075f,0f,0f,0f,1f],start_interpolation:0}
execute if entity @s[tag=aj.yuji.locator_origin.mount] at @s on origin run tp @s ^0 ^0.59375 ^0 ~0 ~0
execute if entity @s[tag=aj.yuji.camera_origin.camera] at @s on origin run tp @s ^0 ^1.755 ^4.62082 ~-180 ~0