execute if entity @s[tag=aj.yuji.locator_origin.head] at @s on origin run tp @s ^0 ^1.5 ^0 ~0 ~0
execute if entity @s[tag=aj.yuji.bone.bottom2] run data modify entity @s {} merge value {transformation:[-0.40648909519609905f,-0.8735095837770293f,0.2678574668295387f,-0.3062821371565651f,-0.1703719226208556f,-0.2155604158805216f,-0.9615129302759736f,1.2151966448558627f,0.897630226468076f,-0.43647991265933106f,-0.061198548804467845f,0.2020655236955006f,0f,0f,0f,1f],start_interpolation:0}
execute if entity @s[tag=aj.yuji.bone.rightarm] run data modify entity @s {} merge value {transformation:[-0.9588888357150014f,-0.26459366030248993f,-0.10257872912480219f,-0.3125f,-0.0867680977636651f,0.6175213961356332f,-0.781753556132093f,1.375f,0.27019159489444533f,-0.7407141960583912f,-0.6150926611543719f,-3.827021247335479e-17f,0f,0f,0f,1f],start_interpolation:0}
execute if entity @s[tag=aj.yuji.bone.bottom] run data modify entity @s {} merge value {transformation:[-0.4064893322142667f,0.8735094654990875f,-0.2678574928567394f,0.3062821478435771f,0.17037189077067805f,-0.21556044222989515f,-0.9615129300123197f,1.2151966502754425f,-0.8976301251803127f,-0.4364801363511869f,-0.06119843902932187f,0.20206552831042623f,0f,0f,0f,1f],start_interpolation:0}
execute if entity @s[tag=aj.yuji.bone.leftarm] run data modify entity @s {} merge value {transformation:[-0.9588888639168593f,0.2645936246049063f,0.1025785575774627f,0.3125f,0.08676819653849147f,0.617521349763607f,-0.781753581799016f,1.375f,-0.2701914630881084f,-0.7407142474696777f,-0.615092657141781f,3.827021247335479e-17f,0f,0f,0f,1f],start_interpolation:0}
execute if entity @s[tag=aj.yuji.bone.head] run data modify entity @s {} merge value {transformation:[-1f,-4.790090937044864e-17f,1.1270803302383837e-16f,0f,0f,0.9203309321700763f,0.3911406080822578f,1.5f,-1.2246467991473532e-16f,0.3911406080822578f,-0.9203309321700763f,0f,0f,0f,0f,1f],start_interpolation:0}
execute if entity @s[tag=aj.yuji.locator_origin.mount] at @s on origin run tp @s ^0 ^0.59375 ^0 ~0 ~0
execute if entity @s[tag=aj.yuji.camera_origin.camera] at @s on origin run tp @s ^0 ^1.755 ^4.23438 ~-180 ~0