execute if entity @s[tag=aj.yuji.locator_origin.head] at @s on origin run tp @s ^0 ^1.47892 ^-0.17659 ~0 ~-13.61806
execute if entity @s[tag=aj.yuji.bone.torso] run data modify entity @s {} merge value {transformation:[-1f,2.8834112258577135e-17f,1.1902181227354232e-16f,2.1625584193932852e-17f,0f,0.9718868522451529f,-0.235448394415864f,1.4789151391838646f,-1.2246467991473532e-16f,-0.235448394415864f,-0.9718868522451529f,-0.176586295811898f,0f,0f,0f,1f],start_interpolation:0}
execute if entity @s[tag=aj.yuji.bone.bottom2] run data modify entity @s {} merge value {transformation:[-0.8291431002368824f,0.5543901914075658f,-0.07192520421002133f,-0.4582815559099281f,-0.5169962088161759f,-0.8093668917413152f,-0.2786398295698288f,1.2070380685393727f,-0.21268906741831317f,-0.19384723424409428f,0.9576986010100691f,0.002966273179446144f,0f,0f,0f,1f],start_interpolation:0}
execute if entity @s[tag=aj.yuji.bone.rightarm] run data modify entity @s {} merge value {transformation:[-0.7456551075992391f,0.3967124467399025f,0.5353668789837551f,-0.3125f,-0.29109351188575805f,0.5287914784839521f,-0.7972729392251889f,1.3574292826532206f,-0.5993855419086973f,-0.750332464234619f,-0.27881564745620213f,-0.14715524650991502f,0f,0f,0f,1f],start_interpolation:0}
execute if entity @s[tag=aj.yuji.bone.bottom] run data modify entity @s {} merge value {transformation:[-0.8291431656619815f,-0.5543900636770178f,0.0719254345292405f,0.4582815933072655f,0.5169960368860944f,-0.8093669988683037f,-0.2786398374012367f,1.2070380110051309f,0.21268923028705558f,-0.19384715225947347f,0.9576985814340504f,0.002966179225606047f,0f,0f,0f,1f],start_interpolation:0}
execute if entity @s[tag=aj.yuji.bone.leftarm] run data modify entity @s {} merge value {transformation:[-0.7456547079539609f,-0.39671269624057176f,-0.5353672507238645f,0.3125f,0.29109365496380835f,0.5287916728514066f,-0.7972727580714283f,1.3574292826532206f,0.5993859695938042f,-0.7503321953405351f,-0.27881545166928684f,-0.14715524650991496f,0f,0f,0f,1f],start_interpolation:0}
execute if entity @s[tag=aj.yuji.bone.head] run data modify entity @s {} merge value {transformation:[-1f,7.631625933005865e-17f,9.577800576586366e-17f,2.1625584193932852e-17f,0f,0.7820867684670227f,-0.6231695488298585f,1.4789151391838646f,-1.2246467991473532e-16f,-0.6231695488298585f,-0.7820867684670227f,-0.176586295811898f,0f,0f,0f,1f],start_interpolation:0}
execute if entity @s[tag=aj.yuji.locator_origin.mount] at @s on origin run tp @s ^0 ^0.59375 ^0 ~0 ~0
execute if entity @s[tag=aj.yuji.camera_origin.camera] at @s on origin run tp @s ^0 ^1.755 ^4.8706 ~-180 ~0