execute if entity @s[tag=aj.yuji.locator_origin.head] at @s on origin run tp @s ^0 ^1.5 ^0 ~0 ~0
execute if entity @s[tag=aj.yuji.bone.bottom2] run data modify entity @s {} merge value {transformation:[-0.43804618310077736f,-0.8507435830734502f,0.2904322594516446f,-0.3108481253078193f,-0.1758127336814655f,-0.2357629047511514f,-0.9557749397314984f,1.215677621927658f,0.8815925499607458f,-0.4697352537362367f,-0.04629651445911426f,0.20253370375168422f,0f,0f,0f,1f],start_interpolation:0}
execute if entity @s[tag=aj.yuji.bone.rightarm] run data modify entity @s {} merge value {transformation:[-0.965197994317814f,-0.24790699734817637f,-0.08327636177619906f,-0.3125f,-0.09028290075929198f,0.6147187870995454f,-0.7835622570143048f,1.375f,0.2454421104769044f,-0.748774287387511f,-0.61570710321708f,-3.827021247335479e-17f,0f,0f,0f,1f],start_interpolation:0}
execute if entity @s[tag=aj.yuji.bone.bottom] run data modify entity @s {} merge value {transformation:[-0.4380462641597726f,0.8507435393957784f,-0.29043226513596976f,0.31084812716092625f,0.17581272870970494f,-0.23576290900401864f,-0.9557749395969799f,1.2156776240112417f,-0.8815925106756037f,-0.46973533070688467f,-0.046296481576673376f,0.2025337054058417f,0f,0f,0f,1f],start_interpolation:0}
execute if entity @s[tag=aj.yuji.bone.leftarm] run data modify entity @s {} merge value {transformation:[-0.9651980003805274f,0.24790699145142678f,0.08327630906166371f,0.3125f,0.09028293414923683f,0.6147187704177242f,-0.7835622662542691f,1.375f,-0.24544207435326995f,-0.7487743030350492f,-0.6157070985879084f,3.827021247335479e-17f,0f,0f,0f,1f],start_interpolation:0}
execute if entity @s[tag=aj.yuji.bone.head] run data modify entity @s {} merge value {transformation:[-1f,-4.582597285145827e-17f,1.1356750432599983e-16f,0f,0f,0.9273490479464768f,0.374197465615099f,1.5f,-1.2246467991473532e-16f,0.374197465615099f,-0.9273490479464768f,0f,0f,0f,0f,1f],start_interpolation:0}
execute if entity @s[tag=aj.yuji.locator_origin.mount] at @s on origin run tp @s ^0 ^0.59375 ^0 ~0 ~0
execute if entity @s[tag=aj.yuji.camera_origin.camera] at @s on origin run tp @s ^0 ^1.755 ^4.23438 ~-180 ~0