execute if entity @s[tag=aj.yuji.locator_origin.head] at @s on origin run tp @s ^0 ^1.47755 ^-0.18215 ~0 ~-14.05556
execute if entity @s[tag=aj.yuji.bone.torso] run data modify entity @s {} merge value {transformation:[-1f,2.9742091431125585e-17f,1.187981726455468e-16f,2.230656857334419e-17f,0f,0.9700606960983257f,-0.24286260701316648f,1.4775455220737443f,-1.2246467991473532e-16f,-0.24286260701316648f,-0.9700606960983257f,-0.18214695525987484f,0f,0f,0f,1f],start_interpolation:0}
execute if entity @s[tag=aj.yuji.bone.bottom2] run data modify entity @s {} merge value {transformation:[-0.7668293923059679f,0.5197038653209132f,-0.37667038039400147f,-0.5050157653991381f,-0.5105011654869908f,-0.8495498439983815f,-0.1328669356866095f,1.2348119356974634f,-0.3890517229522111f,0.09040439664544722f,0.916769219561329f,-0.03101035785733615f,0f,0f,0f,1f],start_interpolation:0}
execute if entity @s[tag=aj.yuji.bone.rightarm] run data modify entity @s {} merge value {transformation:[-0.5803233932717674f,0.6249822132786106f,0.5221321598090956f,-0.3125f,-0.33350683286594796f,0.40252728923947423f,-0.8524933863961909f,1.3562879350614536f,-0.7429656463479761f,-0.6688564976905658f,-0.02516016382783795f,-0.15178912938322908f,0f,0f,0f,1f],start_interpolation:0}
execute if entity @s[tag=aj.yuji.bone.bottom] run data modify entity @s {} merge value {transformation:[-0.7668293299223149f,-0.5197036877592711f,0.3766707523823791f,0.5050158026740463f,0.5105009312511765f,-0.8495499559478185f,-0.13286711986319696f,1.2348118423564518f,0.38905215326813847f,0.09040436537288277f,0.9167690400307762f,-0.03101051115179905f,0f,0f,0f,1f],start_interpolation:0}
execute if entity @s[tag=aj.yuji.bone.leftarm] run data modify entity @s {} merge value {transformation:[-0.5803227651857826f,-0.6249825193997395f,-0.5221324914730756f,0.3125f,0.3335069097935842f,0.4025276433716108f,-0.8524931890881191f,1.3562879350614536f,0.7429661024078158f,-0.6688559985276739f,-0.025159966345113693f,-0.15178912938322903f,0f,0f,0f,1f],start_interpolation:0}
execute if entity @s[tag=aj.yuji.bone.head] run data modify entity @s {} merge value {transformation:[-1f,7.98314111806557e-17f,9.286842098110454e-17f,2.230656857334419e-17f,0f,0.7583282056978645f,-0.6518729419473225f,1.4775455220737443f,-1.2246467991473532e-16f,-0.6518729419473225f,-0.7583282056978645f,-0.18214695525987484f,0f,0f,0f,1f],start_interpolation:0}
execute if entity @s[tag=aj.yuji.locator_origin.mount] at @s on origin run tp @s ^0 ^0.59375 ^0 ~0 ~0
execute if entity @s[tag=aj.yuji.camera_origin.camera] at @s on origin run tp @s ^0 ^1.755 ^4.66621 ~-180 ~0