execute if entity @s[tag=aj.yuji.locator_origin.head] at @s on origin run tp @s ^0 ^1.47772 ^-0.18144 ~0 ~-14
execute if entity @s[tag=aj.yuji.bone.torso] run data modify entity @s {} merge value {transformation:[-1f,2.962688750897932e-17f,1.1882695554102554e-16f,2.2220165631734488e-17f,0f,0.9702957262759965f,-0.24192189559966767f,1.4777217947069974f,-1.2246467991473532e-16f,-0.24192189559966767f,-0.9702957262759965f,-0.18144142169975075f,0f,0f,0f,1f],start_interpolation:0}
execute if entity @s[tag=aj.yuji.bone.bottom2] run data modify entity @s {} merge value {transformation:[-0.7936886927058068f,0.5238099223262456f,-0.3093241412232808f,-0.496222478781194f,-0.5081757833929643f,-0.8504186402931331f,-0.13618189826451138f,1.232129491324539f,-0.334388445141118f,0.04910500498474141f,0.941155176494054f,-0.020050569672503293f,0f,0f,0f,1f],start_interpolation:0}
execute if entity @s[tag=aj.yuji.bone.rightarm] run data modify entity @s {} merge value {transformation:[-0.6242500979203319f,0.5788273906446931f,0.5246624315556737f,-0.3125f,-0.3281577883059794f,0.41518190331534f,-0.8484906912474526f,1.356434828922498f,-0.7089599997324136f,-0.7018424602422595f,-0.06923062747446723f,-0.15120118474979233f,0f,0f,0f,1f],start_interpolation:0}
execute if entity @s[tag=aj.yuji.bone.bottom] run data modify entity @s {} merge value {transformation:[-0.7936886739546837f,-0.5238097443947798f,0.309324490645554f,0.49622252001043854f,0.5081755627313354f,-0.8504187498204674f,-0.13618203771600892f,1.2321294053309f,0.3343888249908276f,0.049105006169122306f,0.9411550414731809f,-0.02005070893392852f,0f,0f,0f,1f],start_interpolation:0}
execute if entity @s[tag=aj.yuji.bone.leftarm] run data modify entity @s {} merge value {transformation:[-0.6242495262371498f,-0.5788276984824666f,-0.5246627721329052f,0.3125f,0.32815788755057385f,0.4151822224787477f,-0.8484904966915968f,1.356434828922498f,0.7089604571702424f,-0.7018420175560156f,-0.06923043089467834f,-0.15120118474979227f,0f,0f,0f,1f],start_interpolation:0}
execute if entity @s[tag=aj.yuji.bone.head] run data modify entity @s {} merge value {transformation:[-1f,7.898044799967106e-17f,9.359319772499405e-17f,2.2220165631734488e-17f,0f,0.7642464569389091f,-0.6449243002526142f,1.4777217947069974f,-1.2246467991473532e-16f,-0.6449243002526142f,-0.7642464569389091f,-0.18144142169975075f,0f,0f,0f,1f],start_interpolation:0}
execute if entity @s[tag=aj.yuji.locator_origin.mount] at @s on origin run tp @s ^0 ^0.59375 ^0 ~0 ~0
execute if entity @s[tag=aj.yuji.camera_origin.camera] at @s on origin run tp @s ^0 ^1.755 ^4.7571 ~-180 ~0