execute if entity @s[tag=aj.yuji.locator_origin.head] at @s on origin run tp @s ^0 ^1.48165 ^-0.1649 ~0 ~-12.70139
execute if entity @s[tag=aj.yuji.bone.torso] run data modify entity @s {} merge value {transformation:[-1f,2.6926291037414555e-17f,1.1946787299348317e-16f,2.0194718278060915e-17f,0f,0.9755292144368594f,-0.21986985191290817f,1.4816469108276444f,-1.2246467991473532e-16f,-0.21986985191290817f,-0.9755292144368594f,-0.16490238893468112f,0f,0f,0f,1f],start_interpolation:0}
execute if entity @s[tag=aj.yuji.bone.bottom2] run data modify entity @s {} merge value {transformation:[-0.869998915125799f,0.3267693604150191f,0.369220358016581f,-0.3832588543189576f,-0.4923447691999942f,-0.5356186506745358f,-0.6860825674005967f,1.1458999061716852f,-0.026429451778977f,-0.778674801276855f,0.6268708303431527f,-0.012172931682272431f,0f,0f,0f,1f],start_interpolation:0}
execute if entity @s[tag=aj.yuji.bone.rightarm] run data modify entity @s {} merge value {transformation:[-0.9476936647971463f,0.0461120010765439f,0.31583286887224205f,-0.3125f,-0.14519209355982376f,0.8189253880154521f,-0.555230100797369f,1.3597057590230373f,-0.284246325694932f,-0.5720444844769138f,-0.7693953041892527f,-0.13741865744556764f,0f,0f,0f,1f],start_interpolation:0}
execute if entity @s[tag=aj.yuji.bone.bottom] run data modify entity @s {} merge value {transformation:[-0.8699989611746115f,-0.3267691465766071f,-0.36922043876347466f,0.3832588584881348f,0.4923447040505876f,-0.535618854892351f,-0.6860824547218404f,1.1458998948360968f,0.026429149597295875f,-0.7786747505405597f,0.6268709061060028f,-0.012172953388575158f,0f,0f,0f,1f],start_interpolation:0}
execute if entity @s[tag=aj.yuji.bone.leftarm] run data modify entity @s {} merge value {transformation:[-0.9476935787171323f,-0.04611203927325609f,-0.3158331215885632f,0.3125f,0.1451922025270233f,0.8189254061160056f,-0.5552300456055015f,1.3597057590230373f,0.2842465570304526f,-0.5720444554855828f,-0.7693952402793618f,-0.13741865744556758f,0f,0f,0f,1f],start_interpolation:0}
execute if entity @s[tag=aj.yuji.bone.head] run data modify entity @s {} merge value {transformation:[-1f,7.124540426501811e-17f,9.960768141931985e-17f,2.0194718278060915e-17f,0f,0.8133584433378718f,-0.5817628749335885f,1.4816469108276444f,-1.2246467991473532e-16f,-0.5817628749335885f,-0.8133584433378718f,-0.16490238893468112f,0f,0f,0f,1f],start_interpolation:0}
execute if entity @s[tag=aj.yuji.locator_origin.mount] at @s on origin run tp @s ^0 ^0.59375 ^0 ~0 ~0
execute if entity @s[tag=aj.yuji.camera_origin.camera] at @s on origin run tp @s ^0 ^1.755 ^5.00585 ~-180 ~0