execute if entity @s[tag=aj.yuji.locator_origin.head] at @s on origin run tp @s ^0 ^1.5 ^0 ~0 ~0
execute if entity @s[tag=aj.yuji.bone.bottom2] run data modify entity @s {} merge value {transformation:[-0.49011123117323874f,-0.8081209243138961f,0.32669795341248553f,-0.31865570117867104f,-0.18538378587828996f,-0.2695870176339696f,-0.9449633283131438f,1.2164416281520523f,0.8517181652467467f,-0.5237016436954121f,-0.01768489127586642f,0.2030458077871267f,0f,0f,0f,1f],start_interpolation:0}
execute if entity @s[tag=aj.yuji.bone.rightarm] run data modify entity @s {} merge value {transformation:[-0.9744140156079218f,-0.2189806991872964f,-0.05064365281343238f,-0.3125f,-0.09625201049095841f,0.6101704847690517f,-0.7864016340224306f,1.375f,0.2031080418479118f,-0.761406220686529f,-0.6156360048247369f,-3.827021247335479e-17f,0f,0f,0f,1f],start_interpolation:0}
execute if entity @s[tag=aj.yuji.bone.bottom] run data modify entity @s {} merge value {transformation:[-0.4901123116774321f,0.8081202388464307f,-0.32669802801515596f,0.31865578593989324f,0.18538360221964795f,-0.2695871915630494f,-0.9449633147234952f,1.2164416410166095f,-0.8517175834572579f,-0.5237026119010061f,-0.017684239248360822f,0.20304581526334517f,0f,0f,0f,1f],start_interpolation:0}
execute if entity @s[tag=aj.yuji.bone.leftarm] run data modify entity @s {} merge value {transformation:[-0.9744141329740843f,0.21898038948394813f,0.05064273375146699f,0.3125f,0.09625250352030502f,0.6101703100534857f,-0.7864017092398178f,1.375f,-0.20310724513526654f,-0.761406449769564f,-0.6156359843469769f,3.827021247335479e-17f,0f,0f,0f,1f],start_interpolation:0}
execute if entity @s[tag=aj.yuji.bone.head] run data modify entity @s {} merge value {transformation:[-1f,-4.226928089373889e-17f,1.1493870418333755e-16f,0f,0f,0.9385457444821017f,0.34515487178154886f,1.5f,-1.2246467991473532e-16f,0.34515487178154886f,-0.9385457444821017f,0f,0f,0f,0f,1f],start_interpolation:0}
execute if entity @s[tag=aj.yuji.locator_origin.mount] at @s on origin run tp @s ^0 ^0.59375 ^0 ~0 ~0
execute if entity @s[tag=aj.yuji.camera_origin.camera] at @s on origin run tp @s ^0 ^1.755 ^2 ~-180 ~0