execute if entity @s[tag=aj.yuji.locator_origin.head] at @s on origin run tp @s ^0 ^1.4811 ^-0.1673 ~0 ~-12.88889
execute if entity @s[tag=aj.yuji.bone.torso] run data modify entity @s {} merge value {transformation:[-1f,2.7317103860276854e-17f,1.1937911736692236e-16f,2.048782789520764e-17f,0f,0.9748044697462056f,-0.22306108078913925f,1.4811033523096542f,-1.2246467991473532e-16f,-0.22306108078913925f,-0.9748044697462056f,-0.16729581059185444f,0f,0f,0f,1f],start_interpolation:0}
execute if entity @s[tag=aj.yuji.bone.bottom2] run data modify entity @s {} merge value {transformation:[-0.7826194038880705f,0.5683824339793445f,-0.2538666527955121f,-0.49316247059530427f,-0.4970817036825109f,-0.8161013211840894f,-0.2947684064238838f,1.225822745384343f,-0.3747220950544196f,-0.10449900624072694f,0.9212292381230236f,-0.013065464972328383f,0f,0f,0f,1f],start_interpolation:0}
execute if entity @s[tag=aj.yuji.bone.rightarm] run data modify entity @s {} merge value {transformation:[-0.6193755717139475f,0.5678059894527301f,0.5421902429089135f,-0.3125f,-0.3119867506947404f,0.4557235051544567f,-0.8336548171999449f,1.3592527935913785f,-0.720443036301246f,-0.6855016011588462f,-0.10511606087415643f,-0.13941317549321205f,0f,0f,0f,1f],start_interpolation:0}
execute if entity @s[tag=aj.yuji.bone.bottom] run data modify entity @s {} merge value {transformation:[-0.7826193444447271f,-0.5683823538680761f,0.2538670154082458f,0.4931625081163805f,0.49708151422951613f,-0.8161013806173909f,-0.2947685613590439f,1.2258226638277714f,0.37472247051944557f,-0.10449897782167147f,0.9212290886212993f,-0.013065604751366283f,0f,0f,0f,1f],start_interpolation:0}
execute if entity @s[tag=aj.yuji.bone.leftarm] run data modify entity @s {} merge value {transformation:[-0.6193749969460235f,-0.5678062832290163f,-0.5421905918436464f,0.3125f,0.3119868404387949f,0.4557238089447295f,-0.8336546175448953f,1.3592527935913785f,0.7204434915738579f,-0.6855011558608474f,-0.10511584448745573f,-0.139413175493212f,0f,0f,0f,1f],start_interpolation:0}
execute if entity @s[tag=aj.yuji.bone.head] run data modify entity @s {} merge value {transformation:[-1f,7.313591559755458e-17f,9.822797807308237e-17f,2.048782789520764e-17f,0f,0.8020923105459673f,-0.5972000714693793f,1.4811033523096542f,-1.2246467991473532e-16f,-0.5972000714693793f,-0.8020923105459673f,-0.16729581059185444f,0f,0f,0f,1f],start_interpolation:0}
execute if entity @s[tag=aj.yuji.locator_origin.mount] at @s on origin run tp @s ^0 ^0.59375 ^0 ~0 ~0
execute if entity @s[tag=aj.yuji.camera_origin.camera] at @s on origin run tp @s ^0 ^1.755 ^4.39614 ~-180 ~0