execute if entity @s[tag=aj.yuji.locator_origin.head] at @s on origin run tp @s ^0 ^1.47892 ^-0.17659 ~0 ~-13.61806
execute if entity @s[tag=aj.yuji.bone.torso] run data modify entity @s {} merge value {transformation:[-1f,2.883411225857714e-17f,1.1902181227354232e-16f,2.1625584193932855e-17f,0f,0.9718868522451529f,-0.23544839441586402f,1.4789151391838646f,-1.2246467991473532e-16f,-0.23544839441586402f,-0.9718868522451529f,-0.176586295811898f,0f,0f,0f,1f],start_interpolation:0}
execute if entity @s[tag=aj.yuji.bone.bottom2] run data modify entity @s {} merge value {transformation:[-0.7471315089300976f,0.5576088220257696f,-0.3617553178086946f,-0.5028934856220206f,-0.5124508302951053f,-0.8298522215259787f,-0.2207700997831355f,1.2283284338137306f,-0.423306809410967f,0.020437515197112954f,0.9057558462846794f,-0.031010761227054484f,0f,0f,0f,1f],start_interpolation:0}
execute if entity @s[tag=aj.yuji.bone.rightarm] run data modify entity @s {} merge value {transformation:[-0.568270580253121f,0.6195062974248022f,0.5415537785573966f,-0.3125f,-0.3258114429225945f,0.43495053462731104f,-0.8394432298184991f,1.3574292826532206f,-0.7555894727161557f,-0.6534753093104811f,-0.04532735203045843f,-0.14715524650991504f,0f,0f,0f,1f],start_interpolation:0}
execute if entity @s[tag=aj.yuji.bone.bottom] run data modify entity @s {} merge value {transformation:[-0.7471314210645321f,-0.5576086971177902f,0.36175569180967077f,0.5028935182200971f,0.512450610046815f,-0.829852305798954f,-0.2207702942490373f,1.2283283425630995f,0.42330723112266805f,0.020437501284655317f,0.9057556495106723f,-0.0310109160946056f,0f,0f,0f,1f],start_interpolation:0}
execute if entity @s[tag=aj.yuji.bone.leftarm] run data modify entity @s {} merge value {transformation:[-0.5682699406443327f,-0.619506587719305f,-0.5415541176396592f,0.3125f,0.3258115119940017f,0.43495088236198365f,-0.8394430228340184f,1.3574292826532206f,0.7555899239748167f,-0.6534748026549417f,-0.04532713406797312f,-0.147155246509915f,0f,0f,0f,1f],start_interpolation:0}
execute if entity @s[tag=aj.yuji.bone.head] run data modify entity @s {} merge value {transformation:[-1f,7.790047524135227e-17f,9.449398808278779e-17f,2.1625584193932855e-17f,0f,0.7716019684089991f,-0.6361056534470968f,1.4789151391838646f,-1.2246467991473532e-16f,-0.6361056534470968f,-0.7716019684089991f,-0.176586295811898f,0f,0f,0f,1f],start_interpolation:0}
execute if entity @s[tag=aj.yuji.locator_origin.mount] at @s on origin run tp @s ^0 ^0.59375 ^0 ~0 ~0
execute if entity @s[tag=aj.yuji.camera_origin.camera] at @s on origin run tp @s ^0 ^1.755 ^4.50779 ~-180 ~0