execute if entity @s[tag=aj.yuji.locator_origin.head] at @s on origin run tp @s ^0 ^1.5 ^0 ~0 ~0
execute if entity @s[tag=aj.yuji.bone.bottom2] run data modify entity @s {} merge value {transformation:[-0.4027915146110352f,-0.8760306908276184f,0.26519657706206123f,-0.30575430052301683f,-0.169751857638344f,-0.21321517257661537f,-0.9621453097175372f,1.21514000444466f,0.899412754293422f,-0.4325615781726454f,-0.06282657481600201f,0.20200378055772356f,0f,0f,0f,1f],start_interpolation:0}
execute if entity @s[tag=aj.yuji.bone.rightarm] run data modify entity @s {} merge value {transformation:[-0.9581154448406151f,-0.2665116591180865f,-0.10481569496976656f,-0.3125f,-0.08636368624454935f,0.6178490606602223f,-0.7815394116354814f,1.375f,0.27304964394066394f,-0.7397527112457284f,-0.6149876569074137f,-3.827021247335479e-17f,0f,0f,0f,1f],start_interpolation:0}
execute if entity @s[tag=aj.yuji.bone.bottom] run data modify entity @s {} merge value {transformation:[-0.4027918607005822f,0.8760305191629261f,-0.26519661847108356f,0.3057543187337931f,0.16975180383162758f,-0.21321521738210023f,-0.9621453092816139f,1.2151400119265623f,-0.8994126094564561f,-0.43256190374539283f,-0.06282640670044842f,0.20200378708681463f,0f,0f,0f,1f],start_interpolation:0}
execute if entity @s[tag=aj.yuji.bone.leftarm] run data modify entity @s {} merge value {transformation:[-0.9581154903140976f,0.26651159764335186f,0.10481543560833274f,0.3125f,0.08636383165448436f,0.6178489943801295f,-0.7815394479649883f,1.375f,-0.27304943838457585f,-0.7397527887511145f,-0.6149876549434279f,3.827021247335479e-17f,0f,0f,0f,1f],start_interpolation:0}
execute if entity @s[tag=aj.yuji.bone.head] run data modify entity @s {} merge value {transformation:[-1f,-4.8140239708226024e-17f,1.1260601736787033e-16f,0f,0f,0.9194979111223827f,0.3930948885976196f,1.5f,-1.2246467991473532e-16f,0.3930948885976196f,-0.9194979111223827f,0f,0f,0f,0f,1f],start_interpolation:0}
execute if entity @s[tag=aj.yuji.locator_origin.mount] at @s on origin run tp @s ^0 ^0.59375 ^0 ~0 ~0
execute if entity @s[tag=aj.yuji.camera_origin.camera] at @s on origin run tp @s ^0 ^1.755 ^2.89482 ~-180 ~0