execute if entity @s[tag=aj.yuji.locator_origin.head] at @s on origin run tp @s ^0 ^1.5 ^0 ~0 ~0
execute if entity @s[tag=aj.yuji.bone.bottom2] run data modify entity @s {} merge value {transformation:[-0.433996133035963f,-0.8011619637892673f,0.4120520164823317f,-0.3146743771764275f,-0.1322875002695738f,-0.3957425731170945f,-0.9087837108438337f,1.230016782155f,0.8911494677001487f,-0.44891794751378145f,0.06576703290977598f,0.21302907929952636f,0f,0f,0f,1f],start_interpolation:0}
execute if entity @s[tag=aj.yuji.bone.rightarm] run data modify entity @s {} merge value {transformation:[-0.9715549946734767f,-0.2341912399626592f,-0.03514762367177571f,-0.3125f,-0.1036618357317369f,0.5540174124470655f,-0.8260259865877008f,1.375f,0.21292044556065298f,-0.7988862058079423f,-0.562535078045843f,-3.827021247335479e-17f,0f,0f,0f,1f],start_interpolation:0}
execute if entity @s[tag=aj.yuji.bone.bottom] run data modify entity @s {} merge value {transformation:[-0.43399750726918607f,0.8011612197246838f,-0.4120520157618329f,0.3146744958612719f,0.1322872985272026f,-0.39574278897139825f,-0.9087836462137259f,1.2300167989292246f,-0.8911488283853084f,-0.4489190851215801f,0.0657679304912055f,0.213029089504275f,0f,0f,0f,1f],start_interpolation:0}
execute if entity @s[tag=aj.yuji.bone.leftarm] run data modify entity @s {} merge value {transformation:[-0.9715551388557211f,0.23419080126884267f,0.03514656119875767f,0.3125f,0.10366241963395845f,0.5540171993746126f,-0.8260260562190178f,1.375f,-0.21291950337785798f,-0.7988864821726354f,-0.5625350421824031f,3.827021247335479e-17f,0f,0f,0f,1f],start_interpolation:0}
execute if entity @s[tag=aj.yuji.bone.head] run data modify entity @s {} merge value {transformation:[-1f,-4.4823788702399655e-17f,1.1396677495209385e-16f,0f,0f,0.9306093400271978f,0.3660140110079716f,1.5f,-1.2246467991473532e-16f,0.3660140110079716f,-0.9306093400271978f,0f,0f,0f,0f,1f],start_interpolation:0}
execute if entity @s[tag=aj.yuji.locator_origin.mount] at @s on origin run tp @s ^0 ^0.59375 ^0 ~0 ~0
execute if entity @s[tag=aj.yuji.camera_origin.camera] at @s on origin run tp @s ^0 ^1.74123 ^1.92524 ~-180 ~0