execute if entity @s[tag=aj.yuji.locator_origin.head] at @s on origin run tp @s ^0 ^1.5 ^0 ~0 ~0
execute if entity @s[tag=aj.yuji.bone.bottom2] run data modify entity @s {} merge value {transformation:[-0.48217884202340255f,-0.8039931963962815f,0.3479921040102218f,-0.31843494218710666f,-0.1753683446170365f,-0.3005994557933531f,-0.9374891524081868f,1.2193959076100722f,0.8583411373173552f,-0.5130642331377528f,0.003947741571928176f,0.20532509075303607f,0f,0f,0f,1f],start_interpolation:0}
execute if entity @s[tag=aj.yuji.bone.rightarm] run data modify entity @s {} merge value {transformation:[-0.9744994381653903f,-0.21988509079292104f,-0.04473691833740367f,-0.3125f,-0.0983697507401688f,0.597823931874669f,-0.795568940203945f,1.375f,0.20167854906919508f,-0.7708807257448456f,-0.6042091273064686f,-3.827021247335479e-17f,0f,0f,0f,1f],start_interpolation:0}
execute if entity @s[tag=aj.yuji.bone.bottom] run data modify entity @s {} merge value {transformation:[-0.4821801079186825f,0.803992410490046f,-0.3479921657191917f,0.3184350446228022f,0.17536813734817497f,-0.3005996584311082f,-0.9374891262058098f,1.2193959223088437f,-0.8583404685383066f,-0.5130653459604407f,0.003948524272922416f,0.20532509893145062f,0f,0f,0f,1f],start_interpolation:0}
execute if entity @s[tag=aj.yuji.bone.leftarm] run data modify entity @s {} merge value {transformation:[-0.974499571654487f,0.219884714422413f,0.04473586043204494f,0.3125f,0.09837032089681653f,0.5978237305404206f,-0.7955690209965393f,1.375f,-0.20167762595756342f,-0.7708809892364116f,-0.6042090992545648f,3.827021247335479e-17f,0f,0f,0f,1f],start_interpolation:0}
execute if entity @s[tag=aj.yuji.bone.head] run data modify entity @s {} merge value {transformation:[-1f,-4.252745403069161e-17f,1.1484343028787492e-16f,0f,0f,0.937767774086646f,0.3472630154286189f,1.5f,-1.2246467991473532e-16f,0.3472630154286189f,-0.937767774086646f,0f,0f,0f,0f,1f],start_interpolation:0}
execute if entity @s[tag=aj.yuji.locator_origin.mount] at @s on origin run tp @s ^0 ^0.59375 ^0 ~0 ~0
execute if entity @s[tag=aj.yuji.camera_origin.camera] at @s on origin run tp @s ^0 ^1.755 ^2 ~-180 ~0