execute if entity @s[tag=aj.yuji.locator_origin.head] at @s on origin run tp @s ^0 ^1.5 ^0 ~0 ~0
execute if entity @s[tag=aj.yuji.bone.bottom2] run data modify entity @s {} merge value {transformation:[-0.4145594393310349f,-0.8678788331958339f,0.2737276057546553f,-0.30743589310530367f,-0.171745611242623f,-0.2207716270612504f,-0.96008506586845f,1.2153252938262895f,0.8936687956286914f,-0.4450238415808374f,-0.05753141875704071f,0.20219938929111111f,0f,0f,0f,1f],start_interpolation:0}
execute if entity @s[tag=aj.yuji.bone.rightarm] run data modify entity @s {} merge value {transformation:[-0.9605516391654055f,-0.2603943373701367f,-0.09764905305337032f,-0.3125f,-0.08767976547529216f,0.6167788833260188f,-0.7822378588442949f,1.375f,0.2639181828196956f,-0.7428180114595206f,-0.6152792818131236f,-3.827021247335479e-17f,0f,0f,0f,1f],start_interpolation:0}
execute if entity @s[tag=aj.yuji.bone.bottom] run data modify entity @s {} merge value {transformation:[-0.4145599925103936f,0.8678785479157909f,-0.2737276724727714f,0.3074359275230107f,0.17174551546610906f,-0.2207717091667017f,-0.9600850641213485f,1.2153253044548191f,-0.8936685574233116f,-0.4450243571976614f,-0.057531130475121095f,0.20219939854633995f,0f,0f,0f,1f],start_interpolation:0}
execute if entity @s[tag=aj.yuji.bone.leftarm] run data modify entity @s {} merge value {transformation:[-0.9605517153908352f,0.2603942187556661f,0.09764861954144786f,0.3125f,0.08768000235572639f,0.6167787815917918f,-0.7822379125081095f,1.375f,-0.26391782669350683f,-0.742818137511983f,-0.6152792823885791f,3.827021247335479e-17f,0f,0f,0f,1f],start_interpolation:0}
execute if entity @s[tag=aj.yuji.bone.head] run data modify entity @s {} merge value {transformation:[-1f,-4.73743603417825e-17f,1.1293036708000875e-16f,0f,0f,0.9221464275139188f,0.3868410089730882f,1.5f,-1.2246467991473532e-16f,0.3868410089730882f,-0.9221464275139188f,0f,0f,0f,0f,1f],start_interpolation:0}
execute if entity @s[tag=aj.yuji.locator_origin.mount] at @s on origin run tp @s ^0 ^0.59375 ^0 ~0 ~0
execute if entity @s[tag=aj.yuji.camera_origin.camera] at @s on origin run tp @s ^0 ^1.755 ^2 ~-180 ~0