execute if entity @s[tag=aj.yuji.locator_origin.head] at @s on origin run tp @s ^0 ^1.5 ^0 ~0 ~0
execute if entity @s[tag=aj.yuji.bone.bottom2] run data modify entity @s {} merge value {transformation:[-0.4730711763106848f,-0.8228252327629388f,0.31490045803815636f,-0.3160638656654163f,-0.18215376982662707f,-0.25835517518552764f,-0.948721564840182f,1.2161897740163883f,0.861988205419293f,-0.5061731322220402f,-0.02766033142527058f,0.20291096812285203f,0f,0f,0f,1f],start_interpolation:0}
execute if entity @s[tag=aj.yuji.bone.rightarm] run data modify entity @s {} merge value {transformation:[-0.9715689206072042f,-0.22863676749013587f,-0.06147406820614435f,-0.3125f,-0.0942457756867582f,0.611679460012757f,-0.785471814875431f,1.375f,0.2171901615528507f,-0.7573463321031956f,-0.6158368022248126f,-3.827021247335479e-17f,0f,0f,0f,1f],start_interpolation:0}
execute if entity @s[tag=aj.yuji.bone.bottom] run data modify entity @s {} merge value {transformation:[-0.47307119688246546f,0.8228252206969021f,-0.3149004586616002f,0.3160638655968706f,0.1821537702907387f,-0.2583551748706974f,-0.9487215648368075f,1.2161897746219186f,-0.8619881940311367f,-0.5061731519970475f,-0.02766032444339034f,0.20291096859798013f,0f,0f,0f,1f],start_interpolation:0}
execute if entity @s[tag=aj.yuji.bone.leftarm] run data modify entity @s {} merge value {transformation:[-0.9715689212400969f,0.2286367679225417f,0.061474056595349526f,0.3125f,0.09424578406272911f,0.6116794554966432f,-0.7854718173873153f,1.375f,-0.21719015508709383f,-0.757346335620147f,-0.6158368001800316f,3.827021247335479e-17f,0f,0f,0f,1f],start_interpolation:0}
execute if entity @s[tag=aj.yuji.bone.head] run data modify entity @s {} merge value {transformation:[-1f,-4.3454810144327815e-17f,1.1449575233142495e-16f,0f,0f,0.9349287681243388f,0.35483545275733985f,1.5f,-1.2246467991473532e-16f,0.35483545275733985f,-0.9349287681243388f,0f,0f,0f,0f,1f],start_interpolation:0}
execute if entity @s[tag=aj.yuji.locator_origin.mount] at @s on origin run tp @s ^0 ^0.59375 ^0 ~0 ~0
execute if entity @s[tag=aj.yuji.camera_origin.camera] at @s on origin run tp @s ^0 ^1.755 ^4.23438 ~-180 ~0