execute if entity @s[tag=aj.yuji.locator_origin.head] at @s on origin run tp @s ^0 ^1.49748 ^-0.06145 ~0 ~-4.7
execute if entity @s[tag=aj.yuji.bone.torso] run data modify entity @s {} merge value {transformation:[-1f,1.0034573232068693e-17f,1.220528785677291e-16f,7.52592992405152e-18f,0f,0.9966373868180366f,-0.08193850863004054f,1.4974780401135275f,-1.2246467991473532e-16f,-0.08193850863004054f,-0.9966373868180366f,-0.061453881472530406f,0f,0f,0f,1f],start_interpolation:0}
execute if entity @s[tag=aj.yuji.bone.bottom2] run data modify entity @s {} merge value {transformation:[-0.9809323688575472f,-0.10090569574416934f,0.16610156017902436f,-0.3716674861066336f,-0.1876558883758395f,0.7141232604696703f,-0.6743984255720366f,1.125344562634875f,-0.050566345383025256f,-0.6927091809861858f,-0.7194421695258433f,-0.0109303979707156f,0f,0f,0f,1f],start_interpolation:0}
execute if entity @s[tag=aj.yuji.bone.rightarm] run data modify entity @s {} merge value {transformation:[-0.996906868663312f,-0.012556772739293648f,0.07758236056143031f,-0.3125f,-0.026254622525022836f,0.9836515608743354f,-0.17815808032630004f,1.3728983667612729f,-0.07407691953624022f,-0.17964390957629917f,-0.9809386707354154f,-0.05121156789377538f,0f,0f,0f,1f],start_interpolation:0}
execute if entity @s[tag=aj.yuji.bone.bottom] run data modify entity @s {} merge value {transformation:[-0.9809323669022101f,0.10090582704237609f,-0.16610149196356425f,0.3716674833983098f,0.18765593751944723f,0.7141232290974275f,-0.6743984451176916f,1.125344561339321f,0.05056620093822774f,-0.6927091942022692f,-0.7194421669532011f,-0.010930401954579429f,0f,0f,0f,1f],start_interpolation:0}
execute if entity @s[tag=aj.yuji.bone.leftarm] run data modify entity @s {} merge value {transformation:[-0.9969068635202499f,0.01255678228682318f,-0.07758242510272008f,0.3125f,0.026254643390201046f,0.9836515608402578f,-0.1781580774396089f,1.3728983667612729f,0.07407698135501488f,-0.17964390909553718f,-0.9809386661551287f,-0.051211567893775296f,0f,0f,0f,1f],start_interpolation:0}
execute if entity @s[tag=aj.yuji.bone.head] run data modify entity @s {} merge value {transformation:[-1f,2.788167184363466e-17f,1.1924852284964557e-16f,7.52592992405152e-18f,0f,0.9737380845862745f,-0.22767112822282287f,1.4974780401135275f,-1.2246467991473532e-16f,-0.22767112822282287f,-0.9737380845862745f,-0.061453881472530406f,0f,0f,0f,1f],start_interpolation:0}
execute if entity @s[tag=aj.yuji.locator_origin.mount] at @s on origin run tp @s ^0 ^0.59375 ^0 ~0 ~0
execute if entity @s[tag=aj.yuji.camera_origin.camera] at @s on origin run tp @s ^0 ^1.755 ^5.09466 ~-180 ~0