execute if entity @s[tag=aj.yuji.locator_origin.head] at @s on origin run tp @s ^0 ^1.5 ^0 ~0 ~0
execute if entity @s[tag=aj.yuji.bone.bottom2] run data modify entity @s {} merge value {transformation:[-0.4432042480205484f,-0.8023683644740273f,0.3997186538401913f,-0.3153857149268021f,-0.14091955441265308f,-0.37799826277544923f,-0.9150185749605753f,1.227951888129204f,0.8852749142050054f,-0.4618682940298209f,0.05446104340997754f,0.21160050908396963f,0f,0f,0f,1f],start_interpolation:0}
execute if entity @s[tag=aj.yuji.bone.rightarm] run data modify entity @s {} merge value {transformation:[-0.972130131914378f,-0.23148967327138595f,-0.037088243323738515f,-0.3125f,-0.10265413836052664f,0.5625289128930521f,-0.8203800034354927f,1.375f,0.21077270815167629f,-0.7937088592979595f,-0.5706146792454083f,-3.827021247335479e-17f,0f,0f,0f,1f],start_interpolation:0}
execute if entity @s[tag=aj.yuji.bone.bottom] run data modify entity @s {} merge value {transformation:[-0.44320563204878605f,0.8023675943375991f,-0.39971866515979704f,0.31538583307747153f,0.14091934695511593f,-0.3779984810184078f,-0.9150185167533609f,1.2279519048843168f,-0.885274254326861f,-0.46186945331410534f,0.05446193828124274f,0.2116005191163245f,0f,0f,0f,1f],start_interpolation:0}
execute if entity @s[tag=aj.yuji.bone.leftarm] run data modify entity @s {} merge value {transformation:[-0.9721302772269432f,0.2314892369968496f,0.03708715752498408f,0.3125f,0.10265473272242798f,0.5625286972821255f,-0.8203800769056754f,1.375f,-0.2107717484587378f,-0.7937091393506134f,-0.5706146441890142f,3.827021247335479e-17f,0f,0f,0f,1f],start_interpolation:0}
execute if entity @s[tag=aj.yuji.bone.head] run data modify entity @s {} merge value {transformation:[-1f,-4.438585834733811e-17f,1.141380453897324e-16f,0f,0f,0.9320078692827986f,0.36243803828370164f,1.5f,-1.2246467991473532e-16f,0.36243803828370164f,-0.9320078692827986f,0f,0f,0f,0f,1f],start_interpolation:0}
execute if entity @s[tag=aj.yuji.locator_origin.mount] at @s on origin run tp @s ^0 ^0.59375 ^0 ~0 ~0
execute if entity @s[tag=aj.yuji.camera_origin.camera] at @s on origin run tp @s ^0 ^1.755 ^2 ~-180 ~0