execute if entity @s[tag=aj.yuji.locator_origin.head] at @s on origin run tp @s ^0 ^1.4872 ^-0.13796 ~0 ~-10.6
execute if entity @s[tag=aj.yuji.bone.torso] run data modify entity @s {} merge value {transformation:[-1f,2.2527543272670042e-17f,1.2037486291047875e-16f,1.689565745450253e-17f,0f,0.9829353491495542f,-0.1839513506127203f,1.4872015118621658f,-1.2246467991473532e-16f,-0.1839513506127203f,-0.9829353491495542f,-0.13796351295954024f,0f,0f,0f,1f],start_interpolation:0}
execute if entity @s[tag=aj.yuji.bone.bottom2] run data modify entity @s {} merge value {transformation:[-0.9109786997697138f,0.10027382835187514f,0.40007870214939034f,-0.3728936240982571f,-0.4116036911680287f,-0.15878537365844622f,-0.8974238722749699f,1.1311102192313296f,-0.026461481113798296f,-0.9822079028697571f,0.18592317111500056f,-0.023507845043048037f,0f,0f,0f,1f],start_interpolation:0}
execute if entity @s[tag=aj.yuji.bone.rightarm] run data modify entity @s {} merge value {transformation:[-0.9817933269768224f,-0.0038738353511771403f,0.18991276024389292f,-0.3125f,-0.08110635393103863f,0.9126209074658075f,-0.40068046946201274f,1.3643345932184714f,-0.17176618542598968f,-0.4087885427161062f,-0.8963193096705251f,-0.11496959413295023f,0f,0f,0f,1f],start_interpolation:0}
execute if entity @s[tag=aj.yuji.bone.bottom] run data modify entity @s {} merge value {transformation:[-0.9109787062951097f,-0.10027355394202668f,-0.4000787560677566f,0.3728936218492121f,0.4116036978623049f,-0.1587855499212503f,-0.8974238380176238f,1.1311102145379268f,0.026461152336292326f,-0.9822079023893269f,0.18592322044595158f,-0.023507855525987983f,0f,0f,0f,1f],start_interpolation:0}
execute if entity @s[tag=aj.yuji.bone.leftarm] run data modify entity @s {} merge value {transformation:[-0.9817932967984819f,0.0038738368027720297f,-0.18991291622739448f,0.3125f,0.08110641769869356f,0.9126209102975051f,-0.4006804501043667f,1.3643345932184714f,0.17176632781093304f,-0.4087885363805819f,-0.8963192852740416f,-0.11496959413295015f,0f,0f,0f,1f],start_interpolation:0}
execute if entity @s[tag=aj.yuji.bone.head] run data modify entity @s {} merge value {transformation:[-1f,6.063905107830591e-17f,1.063978538831549e-16f,1.689565745450253e-17f,0f,0.8688044092160551f,-0.4951554286552269f,1.4872015118621658f,-1.2246467991473532e-16f,-0.4951554286552269f,-0.8688044092160551f,-0.13796351295954024f,0f,0f,0f,1f],start_interpolation:0}
execute if entity @s[tag=aj.yuji.locator_origin.mount] at @s on origin run tp @s ^0 ^0.59375 ^0 ~0 ~0
execute if entity @s[tag=aj.yuji.camera_origin.camera] at @s on origin run tp @s ^0 ^1.755 ^5.05045 ~-180 ~0