execute if entity @s[tag=aj.yuji.locator_origin.head] at @s on origin run tp @s ^0 ^1.47968 ^-0.1734 ~0 ~-13.36806
execute if entity @s[tag=aj.yuji.bone.torso] run data modify entity @s {} merge value {transformation:[-1f,2.831450880002967e-17f,1.1914649142140788e-16f,2.1235881600022252e-17f,0f,0.9729049347482254f,-0.23120551019072058f,1.479678701061169f,-1.2246467991473532e-16f,-0.23120551019072058f,-0.9729049347482254f,-0.17340413264304044f,0f,0f,0f,1f],start_interpolation:0}
execute if entity @s[tag=aj.yuji.bone.bottom2] run data modify entity @s {} merge value {transformation:[-0.7553634049024255f,0.5674348043734903f,-0.32778631655368556f,-0.4995846242599452f,-0.5088213763202591f,-0.8230747714676155f,-0.25228699445886854f,1.2265528433016155f,-0.4129490689343804f,-0.02378367841925582f,0.9104435199984001f,-0.0257179550994458f,0f,0f,0f,1f],start_interpolation:0}
execute if entity @s[tag=aj.yuji.bone.rightarm] run data modify entity @s {} merge value {transformation:[-0.582503257324329f,0.6027126827086987f,0.5453690285564721f,-0.3125f,-0.32106099299531865f,0.4457857154152718f,-0.835580597374397f,1.3580655842176408f,-0.7467327460232386f,-0.661825141584828f,-0.06616409889672495f,-0.1445034438692004f,0f,0f,0f,1f],start_interpolation:0}
execute if entity @s[tag=aj.yuji.bone.bottom] run data modify entity @s {} merge value {transformation:[-0.7553633238756543f,-0.5674346983214337f,0.3277866868626413f,0.49958465782579226f,0.5088211673883292f,-0.8230748446510454f,-0.25228717708245907f,1.2265527552829492f,0.4129494745863001f,-0.02378367598841029f,0.9104433360706077f,-0.025718105414487158f,0f,0f,0f,1f],start_interpolation:0}
execute if entity @s[tag=aj.yuji.bone.leftarm] run data modify entity @s {} merge value {transformation:[-0.5825026360928873f,-0.6027129722799472f,-0.5453693720684257f,0.3125f,0.3210610681924804f,0.4457860486906466f,-0.8355803906769738f,1.3580655842176408f,0.7467331982950408f,-0.6618246533926129f,-0.06616387780206912f,-0.14450344386920033f,0f,0f,0f,1f],start_interpolation:0}
execute if entity @s[tag=aj.yuji.bone.head] run data modify entity @s {} merge value {transformation:[-1f,7.638310638888256e-17f,9.57247036297487e-17f,2.1235881600022252e-17f,0f,0.7816515234955578f,-0.6237153964887139f,1.479678701061169f,-1.2246467991473532e-16f,-0.6237153964887139f,-0.7816515234955578f,-0.17340413264304044f,0f,0f,0f,1f],start_interpolation:0}
execute if entity @s[tag=aj.yuji.locator_origin.mount] at @s on origin run tp @s ^0 ^0.59375 ^0 ~0 ~0
execute if entity @s[tag=aj.yuji.camera_origin.camera] at @s on origin run tp @s ^0 ^1.755 ^4.4629 ~-180 ~0