execute if entity @s[tag=aj.yuji.locator_origin.head] at @s on origin run tp @s ^0 ^1.5 ^0 ~0 ~0
execute if entity @s[tag=aj.yuji.bone.bottom2] run data modify entity @s {} merge value {transformation:[-0.47936458606872895f,-0.8174432626774542f,0.3193682919865317f,-0.3170124163141577f,-0.18334948483693148f,-0.26259298079521726f,-0.9473267086106645f,1.2162898021106534f,0.8582497072724162f,-0.5126708873539839f,-0.024000025551878523f,0.20297034558016638f,0f,0f,0f,1f],start_interpolation:0}
execute if entity @s[tag=aj.yuji.bone.rightarm] run data modify entity @s {} merge value {transformation:[-0.9726381911384809f,-0.2251098825279894f,-0.05744989057516555f,-0.3125f,-0.09501507981801319f,0.6110870216028832f,-0.785840178812266f,1.375f,0.2120072728611928f,-0.7588795641053674f,-0.6157554087762506f,-3.827021247335479e-17f,0f,0f,0f,1f],start_interpolation:0}
execute if entity @s[tag=aj.yuji.bone.bottom] run data modify entity @s {} merge value {transformation:[-0.479365591418011f,0.8174426424082025f,-0.3193683705960184f,0.3170124934481945f,0.18334931185376796f,-0.2625931426456072f,-0.9473266972265975f,1.2162898150567523f,-0.8582491827011607f,-0.5126717934587379f,-0.023999428838844095f,0.20297035398835991f,0f,0f,0f,1f],start_interpolation:0}
execute if entity @s[tag=aj.yuji.bone.leftarm] run data modify entity @s {} merge value {transformation:[-0.9726383059444962f,0.22510960269334612f,0.05744904337466785f,0.3125f,0.0950155346285069f,0.6110868561158641f,-0.7858402525079052f,1.375f,-0.212006542325183f,-0.7588797803721438f,-0.6157553937674012f,3.827021247335479e-17f,0f,0f,0f,1f],start_interpolation:0}
execute if entity @s[tag=aj.yuji.bone.head] run data modify entity @s {} merge value {transformation:[-1f,-4.3017280231670794e-17f,1.1466085394801697e-16f,0f,0f,0.9362769251334208f,0.35126274989344763f,1.5f,-1.2246467991473532e-16f,0.35126274989344763f,-0.9362769251334208f,0f,0f,0f,0f,1f],start_interpolation:0}
execute if entity @s[tag=aj.yuji.locator_origin.mount] at @s on origin run tp @s ^0 ^0.59375 ^0 ~0 ~0
execute if entity @s[tag=aj.yuji.camera_origin.camera] at @s on origin run tp @s ^0 ^1.755 ^2 ~-180 ~0