execute if entity @s[tag=aj.yuji.locator_origin.head] at @s on origin run tp @s ^0 ^1.5 ^0 ~0 ~0
execute if entity @s[tag=aj.yuji.bone.bottom2] run data modify entity @s {} merge value {transformation:[-0.4630659189785496f,-0.8310937651875305f,0.3079823179128387f,-0.3145571487063428f,-0.18030883201068132f,-0.2518830585625034f,-0.9508121002112575f,1.2160459189629376f,0.8677895365694929f,-0.4958206109830571f,-0.03321508610394952f,0.20281917626512286f,0f,0f,0f,1f],start_interpolation:0}
execute if entity @s[tag=aj.yuji.bone.rightarm] run data modify entity @s {} merge value {transformation:[-0.9698189222177364f,-0.23422613572906278f,-0.06774492932949853f,-0.3125f,-0.09310732326659034f,0.612539493331602f,-0.7849371920499085f,1.375f,0.22534924997114752f,-0.7549393925677047f,-0.6158605597754626f,-3.827021247335479e-17f,0f,0f,0f,1f],start_interpolation:0}
execute if entity @s[tag=aj.yuji.bone.bottom] run data modify entity @s {} merge value {transformation:[-0.4630659523503599f,0.8310937460781609f,-0.30798231930359843f,0.31455714887206193f,0.18030883189917019f,-0.2518830587559939f,-0.950812100181146f,1.2160459199031635f,-0.8677895187849477f,-0.4958206429158572f,-0.03321507407029278f,0.2028191770003189f,0f,0f,0f,1f],start_interpolation:0}
execute if entity @s[tag=aj.yuji.bone.leftarm] run data modify entity @s {} merge value {transformation:[-0.9698189236694228f,0.234226135429108f,0.06774490958461381f,0.3125f,0.09310733690868546f,0.6125394861601745f,-0.7849371960280658f,1.375f,-0.22534923808714083f,-0.7549393984794903f,-0.615860556877099f,3.827021247335479e-17f,0f,0f,0f,1f],start_interpolation:0}
execute if entity @s[tag=aj.yuji.bone.head] run data modify entity @s {} merge value {transformation:[-1f,-4.413991240503877e-17f,1.1423338373476504e-16f,0f,0f,0.9327863659489313f,0.3604297372578828f,1.5f,-1.2246467991473532e-16f,0.3604297372578828f,-0.9327863659489313f,0f,0f,0f,0f,1f],start_interpolation:0}
execute if entity @s[tag=aj.yuji.locator_origin.mount] at @s on origin run tp @s ^0 ^0.59375 ^0 ~0 ~0
execute if entity @s[tag=aj.yuji.camera_origin.camera] at @s on origin run tp @s ^0 ^1.755 ^4.23438 ~-180 ~0