execute if entity @s[tag=aj.yuji.locator_origin.head] at @s on origin run tp @s ^0 ^1.47807 ^-0.18003 ~0 ~-13.88889
execute if entity @s[tag=aj.yuji.bone.torso] run data modify entity @s {} merge value {transformation:[-1f,2.939639620945728e-17f,1.188841861498626e-16f,2.2047297157092958e-17f,0f,0.97076304966162f,-0.24003979130900593f,1.4780722872462149f,-1.2246467991473532e-16f,-0.24003979130900593f,-0.97076304966162f,-0.18002984348175444f,0f,0f,0f,1f],start_interpolation:0}
execute if entity @s[tag=aj.yuji.bone.bottom2] run data modify entity @s {} merge value {transformation:[-0.8058821549655133f,0.5349349686165484f,-0.2537686577561396f,-0.4880333500207328f,-0.509301015600058f,-0.84488916745188f,-0.16362997962237186f,1.227130687230775f,-0.3019377879909862f,-0.0026218454723742762f,0.953324025769533f,-0.012915011785269354f,0f,0f,0f,1f],start_interpolation:0}
execute if entity @s[tag=aj.yuji.bone.rightarm] run data modify entity @s {} merge value {transformation:[-0.6539853428334038f,0.5386370643745803f,0.5311998533894844f,-0.3125f,-0.3211410706693777f,0.4380996075636058f,-0.8396053516872916f,1.3567269060385125f,-0.6849610091738079f,-0.7196796834248895f,-0.11353223849220107f,-0.15002486956812874f,0f,0f,0f,1f],start_interpolation:0}
execute if entity @s[tag=aj.yuji.bone.bottom] run data modify entity @s {} merge value {transformation:[-0.8058821614605447f,-0.5349348034726047f,0.2537689852472253f,0.4880333917825225f,0.5093008076877121f,-0.8448892720948874f,-0.16363008643771998f,1.2271306077562603f,0.3019381213565536f,-0.0026218185859023663f,0.9533239202595188f,-0.012915140369719885f,0f,0f,0f,1f],start_interpolation:0}
execute if entity @s[tag=aj.yuji.bone.leftarm] run data modify entity @s {} merge value {transformation:[-0.6539848117557686f,-0.5386373641911476f,-0.5312002032096608f,0.3125f,0.3211411832925427f,0.43809989730587307f,-0.8396051574246368f,1.3567269060385125f,0.6849614634315112f,-0.719679282651513f,-0.11353203836788137f,-0.1500248695681287f,0f,0f,0f,1f],start_interpolation:0}
execute if entity @s[tag=aj.yuji.bone.head] run data modify entity @s {} merge value {transformation:[-1f,7.811071159469716e-17f,9.432027650928838e-17f,2.2047297157092958e-17f,0f,0.7701835057663796f,-0.6378223635507061f,1.4780722872462149f,-1.2246467991473532e-16f,-0.6378223635507061f,-0.7701835057663796f,-0.18002984348175444f,0f,0f,0f,1f],start_interpolation:0}
execute if entity @s[tag=aj.yuji.locator_origin.mount] at @s on origin run tp @s ^0 ^0.59375 ^0 ~0 ~0
execute if entity @s[tag=aj.yuji.camera_origin.camera] at @s on origin run tp @s ^0 ^1.755 ^4.80254 ~-180 ~0