execute if entity @s[tag=aj.yuji.locator_origin.head] at @s on origin run tp @s ^0 ^1.47788 ^-0.18082 ~0 ~-13.95139
execute if entity @s[tag=aj.yuji.bone.torso] run data modify entity @s {} merge value {transformation:[-1f,2.952606122398555e-17f,1.1885204893150154e-16f,2.2144545917989164e-17f,0f,0.9705006293590197f,-0.24109858650300434f,1.4778754720192648f,-1.2246467991473532e-16f,-0.24109858650300434f,-0.9705006293590197f,-0.18082393987725326f,0f,0f,0f,1f],start_interpolation:0}
execute if entity @s[tag=aj.yuji.bone.bottom2] run data modify entity @s {} merge value {transformation:[-0.800053381363796f,0.5287548269152351f,-0.2834306264012341f,-0.4924790190607045f,-0.5084713039977121f,-0.8483703246230494f,-0.1473930979043705f,1.2299966280198638f,-0.3183889444990553f,0.026193993831047202f,0.9475982032000461f,-0.01654198126917386f,0f,0f,0f,1f],start_interpolation:0}
execute if entity @s[tag=aj.yuji.bone.rightarm] run data modify entity @s {} merge value {transformation:[-0.6385589984354442f,0.560276326633957f,0.5275725953181061f,-0.3125f,-0.3250809895217256f,0.42499481393766225f,-0.8448087111161129f,1.3565628933493872f,-0.6975419383583314f,-0.7109640257703983f,-0.08924908006052742f,-0.15068661656437773f,0f,0f,0f,1f],start_interpolation:0}
execute if entity @s[tag=aj.yuji.bone.bottom] run data modify entity @s {} merge value {transformation:[-0.8000533751971319f,-0.5287546542323874f,0.28343096595690814f,0.4924790607482621f,0.5084710891950698f,-0.8483704318317725f,-0.14739322184670473f,1.229996545038526f,0.3183893030371102f,0.026194007352083964f,0.9475980823589624f,-0.016542115493975468f,0f,0f,0f,1f],start_interpolation:0}
execute if entity @s[tag=aj.yuji.bone.leftarm] run data modify entity @s {} merge value {transformation:[-0.6385584460783601f,-0.5602766314734584f,-0.5275729401388443f,0.3125f,0.3250810954006163f,0.4249951193932908f,-0.8448085167095665f,1.3565628933493872f,0.6975423946651025f,-0.7109636029478844f,-0.08924888194390773f,-0.15068661656437768f,0f,0f,0f,1f],start_interpolation:0}
execute if entity @s[tag=aj.yuji.bone.head] run data modify entity @s {} merge value {transformation:[-1f,7.858012451732778e-17f,9.392955795413838e-17f,2.2144545917989164e-17f,0f,0.7669930466444349f,-0.6416554109481878f,1.4778754720192648f,-1.2246467991473532e-16f,-0.6416554109481878f,-0.7669930466444349f,-0.18082393987725326f,0f,0f,0f,1f],start_interpolation:0}
execute if entity @s[tag=aj.yuji.locator_origin.mount] at @s on origin run tp @s ^0 ^0.59375 ^0 ~0 ~0
execute if entity @s[tag=aj.yuji.camera_origin.camera] at @s on origin run tp @s ^0 ^1.755 ^4.77982 ~-180 ~0