execute if entity @s[tag=aj.yuji.locator_origin.head] at @s on origin run tp @s ^0 ^1.48012 ^-0.17155 ~0 ~-13.22222
execute if entity @s[tag=aj.yuji.bone.torso] run data modify entity @s {} merge value {transformation:[-1f,2.8011157203279245e-17f,1.1921817352548124e-16f,2.1008367902459435e-17f,0f,0.9734902635477067f,-0.22872845642336798f,1.4801176976607802f,-1.2246467991473532e-16f,-0.22872845642336798f,-0.9734902635477067f,-0.17154634231752597f,0f,0f,0f,1f],start_interpolation:0}
execute if entity @s[tag=aj.yuji.bone.bottom2] run data modify entity @s {} merge value {transformation:[-0.7624370915790835f,0.570068061170447f,-0.3061242999465998f,-0.4976211371670948f,-0.5058546770464266f,-0.8201348142369066f,-0.26737601273646583f,1.2259930011998934f,-0.4034857210542691f,-0.049002980623252354f,0.9136727974473982f,-0.022139387308459796f,0f,0f,0f,1f],start_interpolation:0}
execute if entity @s[tag=aj.yuji.bone.rightarm] run data modify entity @s {} merge value {transformation:[-0.5927316668762795f,0.5923016319493092f,0.5457544758151345f,-0.3125f,-0.3183075718822237f,0.45017676109913696f,-0.8342788343526004f,1.3584314147173167f,-0.7398306973656271f,-0.6682212661659876f,-0.07829992770759295f,-0.14295528526460502f,0f,0f,0f,1f],start_interpolation:0}
execute if entity @s[tag=aj.yuji.bone.bottom] run data modify entity @s {} merge value {transformation:[-0.7624370162803257f,-0.57006796424666f,0.30612466797895155f,0.49762117171532616f,0.5058544744501968f,-0.8201348822746519f,-0.2673761873373513f,1.2259929151360693f,0.40348611733772155f,-0.049002969461165946f,0.9136726230437896f,-0.022139534588574775f,0f,0f,0f,1f],start_interpolation:0}
execute if entity @s[tag=aj.yuji.bone.leftarm] run data modify entity @s {} merge value {transformation:[-0.5927310585928395f,-0.5923019222130946f,-0.5457548214373238f,0.3125f,0.31830765131806865f,0.4501770854954723f,-0.8342786290006339f,1.3584314147173167f,0.739831150528137f,-0.668220790336155f,-0.07829970670914288f,-0.14295528526460496f,0f,0f,0f,1f],start_interpolation:0}
execute if entity @s[tag=aj.yuji.bone.head] run data modify entity @s {} merge value {transformation:[-1f,7.543670329046443e-17f,9.647228422342352e-17f,2.1008367902459435e-17f,0f,0.7877559823011114f,-0.6159874287262777f,1.4801176976607802f,-1.2246467991473532e-16f,-0.6159874287262777f,-0.7877559823011114f,-0.17154634231752597f,0f,0f,0f,1f],start_interpolation:0}
execute if entity @s[tag=aj.yuji.locator_origin.mount] at @s on origin run tp @s ^0 ^0.59375 ^0 ~0 ~0
execute if entity @s[tag=aj.yuji.camera_origin.camera] at @s on origin run tp @s ^0 ^1.755 ^4.44055 ~-180 ~0