execute if entity @s[tag=aj.yuji.locator_origin.head] at @s on origin run tp @s ^0 ^1.47755 ^-0.18215 ~0 ~-14.05556
execute if entity @s[tag=aj.yuji.bone.torso] run data modify entity @s {} merge value {transformation:[-1f,2.9742091431125585e-17f,1.187981726455468e-16f,2.230656857334419e-17f,0f,0.9700606960983257f,-0.24286260701316648f,1.4775455220737443f,-1.2246467991473532e-16f,-0.24286260701316648f,-0.9700606960983257f,-0.18214695525987484f,0f,0f,0f,1f],start_interpolation:0}
execute if entity @s[tag=aj.yuji.bone.bottom2] run data modify entity @s {} merge value {transformation:[-0.7801214040333592f,0.518488142084157f,-0.3501151831713946f,-0.5017693005248713f,-0.5088379535556719f,-0.8514278401502239f,-0.12710062957515383f,1.2344900749474812f,-0.3639979834975686f,0.0789979717160087f,0.9280435272520682f,-0.026295451652105423f,0f,0f,0f,1f],start_interpolation:0}
execute if entity @s[tag=aj.yuji.bone.rightarm] run data modify entity @s {} merge value {transformation:[-0.5994225370822264f,0.6072215678289288f,0.5215118307395188f,-0.3125f,-0.3320669456379163f,0.40417470404641087f,-0.8522759836013808f,1.3562879350614536f,-0.7283022488312197f,-0.6840502731322996f,-0.04063321516953833f,-0.15178912938322908f,0f,0f,0f,1f],start_interpolation:0}
execute if entity @s[tag=aj.yuji.bone.bottom] run data modify entity @s {} merge value {transformation:[-0.7801213616236153f,-0.5184879603486597f,0.3501155468013427f,0.5017693400388827f,0.5088377241392574f,-0.8514279525733561f,-0.12710079492089754f,1.234489984373274f,0.3639983950943976f,0.0789979528230324f,0.9280433674233511f,-0.026295599153955768f,0f,0f,0f,1f],start_interpolation:0}
execute if entity @s[tag=aj.yuji.bone.leftarm] run data modify entity @s {} merge value {transformation:[-0.5994219329029365f,-0.6072218769297967f,-0.521512165277822f,0.3125f,0.33206703260091697f,0.40417504460248965f,-0.8522757882165826f,1.3562879350614536f,0.7283027064445998f,-0.684049797528243f,-0.04063301966431804f,-0.15178912938322903f,0f,0f,0f,1f],start_interpolation:0}
execute if entity @s[tag=aj.yuji.bone.head] run data modify entity @s {} merge value {transformation:[-1f,7.95621341524465e-17f,9.3099219307826e-17f,2.230656857334419e-17f,0f,0.7602128170558671f,-0.6496741281473217f,1.4775455220737443f,-1.2246467991473532e-16f,-0.6496741281473217f,-0.7602128170558671f,-0.18214695525987484f,0f,0f,0f,1f],start_interpolation:0}
execute if entity @s[tag=aj.yuji.locator_origin.mount] at @s on origin run tp @s ^0 ^0.59375 ^0 ~0 ~0
execute if entity @s[tag=aj.yuji.camera_origin.camera] at @s on origin run tp @s ^0 ^1.755 ^4.71165 ~-180 ~0