execute if entity @s[tag=aj.toji.locator_origin.head] at @s on origin run tp @s ^0 ^1.45407 ^0.25844 ~0 ~20.15625
execute if entity @s[tag=aj.toji.bone.blade2] run data modify entity @s {} merge value {transformation:[0.41887276068671964f,0.2286830517360395f,1.4220582520429244f,-0.442667315266798f,1.4238924185651913f,-0.28883886120442276f,-0.37296446561395363f,0.7569931014349286f,0.21697002260048687f,1.4540550794611682f,-0.2977378632050686f,0.6373209928628827f,0f,0f,0f,1f],start_interpolation:0}
execute if entity @s[tag=aj.toji.bone.chain2] run data modify entity @s {} merge value {transformation:[-1.471435274683304f,0.43341695376612f,-0.23662343547687392f,-0.4939236490354152f,0.3859146206699941f,1.4733331275431494f,0.29886798832957634f,0.9369609884460337f,0.3080759834552444f,0.22450370394078153f,-1.50454310305357f,0.1644862475724111f,0f,0f,0f,1f],start_interpolation:0}
execute if entity @s[tag=aj.toji.bone.bottom2] run data modify entity @s {} merge value {transformation:[-0.9480388346952829f,0.27924850712447996f,-0.15245536782402613f,-0.44156455394957517f,0.24864297707596933f,0.9492616123767942f,0.19255924080294848f,1.1149475407666827f,0.1984919088033789f,0.14464668173365788f,-0.9693700529741122f,0.19160750039747196f,0f,0f,0f,1f],start_interpolation:0}
execute if entity @s[tag=aj.toji.bone.rightarm] run data modify entity @s {} merge value {transformation:[-0.9480388346952829f,0.27924850712447996f,-0.15245536782402613f,-0.3125f,0.24864297707596933f,0.9492616123767942f,0.19255924080294848f,1.3367227577936331f,0.1984919088033789f,0.14464668173365788f,-0.9693700529741122f,0.21536342653067525f,0f,0f,0f,1f],start_interpolation:0}
execute if entity @s[tag=aj.toji.bone.chain] run data modify entity @s {} merge value {transformation:[-1.4714351704919844f,-0.43341684697269534f,0.2366242789964379f,0.44156453255232614f,-0.3859143411393035f,1.4733331546268593f,0.29886821575971706f,1.1149475251479366f,-0.3080768312505082f,0.22450373237126095f,-1.5045429252132125f,0.19160752995747254f,0f,0f,0f,1f],start_interpolation:0}
execute if entity @s[tag=aj.toji.bone.blade] run data modify entity @s {} merge value {transformation:[0.41887265747696695f,-0.22868386694957785f,-1.422058151347958f,0.4426670026861739f,-1.4238924447400518f,-0.28883908100267963f,-0.3729641954634875f,0.756993007527728f,-0.21697005007692338f,1.454054907588608f,-0.29773868255082697f,0.6373209602694103f,0f,0f,0f,1f],start_interpolation:0}
execute if entity @s[tag=aj.toji.bone.bottom] run data modify entity @s {} merge value {transformation:[-0.9480387675653053f,-0.2792484383179782f,0.15245591129971836f,0.44156453255232614f,-0.2486427969756586f,0.9492616298267011f,0.1925593873351197f,1.1149475251479366f,-0.19849245503388446f,0.14464670005128222f,-0.9693699383924053f,0.19160752995747254f,0f,0f,0f,1f],start_interpolation:0}
execute if entity @s[tag=aj.toji.bone.leftarm] run data modify entity @s {} merge value {transformation:[-0.9480387675653053f,-0.2792484383179782f,0.15245591129971836f,0.3125f,-0.2486427969756586f,0.9492616298267011f,0.1925593873351197f,1.3367227577936331f,-0.19849245503388446f,0.14464670005128222f,-0.9693699383924053f,0.2153634265306753f,0f,0f,0f,1f],start_interpolation:0}
execute if entity @s[tag=aj.toji.locator_origin.mount] at @s on origin run tp @s ^0 ^1.51216 ^0.50159 ~0 ~76.5625
execute if entity @s[tag=aj.toji.bone.head] run data modify entity @s {} merge value {transformation:[-1f,-1.1911208576201961e-16f,2.845889759003088e-17f,-3.164929571450372e-17f,0f,0.2323845341354347f,0.9726239912189382f,1.45406730935236f,-1.2246467991473532e-16f,0.9726239912189382f,-0.2323845341354347f,0.2584361118368103f,0f,0f,0f,1f],start_interpolation:0}
execute if entity @s[tag=aj.toji.bone.upper] run data modify entity @s {} merge value {transformation:[-1f,-4.219906095267162e-17f,1.1496450357102092e-16f,0f,0f,0.9387564124698132f,0.34458148244908043f,0.75f,-1.2246467991473532e-16f,0.34458148244908043f,-0.9387564124698132f,0f,0f,0f,0f,1f],start_interpolation:0}
execute if entity @s[tag=aj.toji.bone.bottom3] run data modify entity @s {} merge value {transformation:[-1f,2.2130872625928546e-19f,1.224644799485396e-16f,-0.125f,0f,0.9999983671520976f,-0.0018071228897455927f,0.43750318915150294f,-1.2246467991473532e-16f,-0.0018071228897455927f,-0.9999983671520976f,-0.0014118107233774067f,0f,0f,0f,1f],start_interpolation:0}
execute if entity @s[tag=aj.toji.bone.rightleg] run data modify entity @s {} merge value {transformation:[-1f,-5.532702346835302e-19f,1.224634301277977e-16f,-0.11875f,0f,0.9999897947151907f,0.0045177943148076525f,0.75f,-1.2246467991473532e-16f,0.0045177943148076525f,-0.9999897947151907f,-1.4542680739874818e-17f,0f,0f,0f,1f],start_interpolation:0}
execute if entity @s[tag=aj.toji.bone.bottom4] run data modify entity @s {} merge value {transformation:[-1f,2.2130872625928546e-19f,1.224644799485396e-16f,0.125f,0f,0.9999983671520976f,-0.0018071228897455927f,0.43750318915150294f,-1.2246467991473532e-16f,-0.0018071228897455927f,-0.9999983671520976f,-0.001411810723377376f,0f,0f,0f,1f],start_interpolation:0}
execute if entity @s[tag=aj.toji.bone.leftleg] run data modify entity @s {} merge value {transformation:[-1f,-5.532702346835302e-19f,1.224634301277977e-16f,0.11875f,0f,0.9999897947151907f,0.0045177943148076525f,0.75f,-1.2246467991473532e-16f,0.0045177943148076525f,-0.9999897947151907f,1.4542680739874818e-17f,0f,0f,0f,1f],start_interpolation:0}