execute if entity @s[tag=aj.toji.locator_origin.head] at @s on origin run tp @s ^0 ^1.48256 ^0.1608 ~0 ~12.38
execute if entity @s[tag=aj.toji.bone.blade2] run data modify entity @s {} merge value {transformation:[0.33337021183387f,0.2780932723927967f,1.4358023658260584f,-0.3967858157032616f,1.4602861687104238f,0.017439488077672906f,-0.3424327229232348f,0.8689619881579649f,-0.08017859648854417f,1.4738928034648433f,-0.26685463563459555f,0.6654068178614282f,0f,0f,0f,1f],start_interpolation:0}
execute if entity @s[tag=aj.toji.bone.chain2] run data modify entity @s {} merge value {transformation:[-1.4856566146394632f,0.3449455664114353f,-0.287749288795324f,-0.46955807702763125f,0.35432274802473634f,1.5109905495684246f,-0.01804502585814774f,0.9488182156645675f,0.27612042159412975f,-0.08296257553328536f,-1.5250696369184837f,0.16850086159736982f,0f,0f,0f,1f],start_interpolation:0}
execute if entity @s[tag=aj.toji.bone.bottom2] run data modify entity @s {} merge value {transformation:[-0.9572015772173722f,0.2222468078892469f,-0.1853955149285309f,-0.42788680054839745f,0.2282884819488234f,0.9735241124736158f,-0.011626325385115321f,1.1313539867533704f,0.17790309042306346f,-0.05345239765902948f,-0.9825952023098955f,0.1584785370363018f,0f,0f,0f,1f],start_interpolation:0}
execute if entity @s[tag=aj.toji.bone.rightarm] run data modify entity @s {} merge value {transformation:[-0.9572015772173722f,0.2222468078892469f,-0.1853955149285309f,-0.3125f,0.2282884819488234f,0.9735241124736158f,-0.011626325385115321f,1.3604669847499729f,0.17790309042306346f,-0.05345239765902948f,-0.9825952023098955f,0.13399649447010295f,0f,0f,0f,1f],start_interpolation:0}
execute if entity @s[tag=aj.toji.bone.chain] run data modify entity @s {} merge value {transformation:[-1.4856563584384608f,-0.34494617696924723f,0.28774987964686305f,0.42788688857646107f,-0.3543233582687368f,1.5109904093315967f,-0.018044786067183582f,1.1313540339154367f,-0.27612101699734437f,-0.08296259104769357f,-1.5250695282740776f,0.1584785635112353f,0f,0f,0f,1f],start_interpolation:0}
execute if entity @s[tag=aj.toji.bone.blade] run data modify entity @s {} merge value {transformation:[0.3333708019031647f,-0.27809384341710286f,-1.435802118222405f,0.39678582141974483f,-1.4602860331795295f,0.017439256333385396f,-0.3424333126892486f,0.868961983051098f,0.08017861148233467f,1.4738926984662224f,-0.2668552110578365f,0.6654068122313739f,0f,0f,0f,1f],start_interpolation:0}
execute if entity @s[tag=aj.toji.bone.bottom] run data modify entity @s {} merge value {transformation:[-0.9572014121482699f,-0.2222472012687767f,0.18539589561140168f,0.42788688857646107f,-0.22828887512616597f,0.9735240221196864f,-0.011626170888923648f,1.1313540339154367f,-0.17790347403855744f,-0.053452407654889816f,-0.982595132310815f,0.1584785635112353f,0f,0f,0f,1f],start_interpolation:0}
execute if entity @s[tag=aj.toji.bone.leftarm] run data modify entity @s {} merge value {transformation:[-0.9572014121482699f,-0.2222472012687767f,0.18539589561140168f,0.3125f,-0.22828887512616597f,0.9735240221196864f,-0.011626170888923648f,1.3604669847499729f,-0.17790347403855744f,-0.053452407654889816f,-0.982595132310815f,0.133996494470103f,0f,0f,0f,1f],start_interpolation:0}
execute if entity @s[tag=aj.toji.locator_origin.mount] at @s on origin run tp @s ^0 ^1.62359 ^0.36722 ~0 ~55.66
execute if entity @s[tag=aj.toji.bone.head] run data modify entity @s {} merge value {transformation:[-1f,-1.0111965907254172e-16f,6.908264887561495e-17f,-1.9691805365973316e-17f,0f,0.5641026369702105f,0.8257046778135964f,1.4825603816999675f,-1.2246467991473532e-16f,0.8257046778135964f,-0.5641026369702105f,0.16079579336412358f,0f,0f,0f,1f],start_interpolation:0}
execute if entity @s[tag=aj.toji.bone.upper] run data modify entity @s {} merge value {transformation:[-1f,-2.625574048796442e-17f,1.1961703021747046e-16f,0f,0f,0.9767471755999567f,0.21439439115216477f,0.75f,-1.2246467991473532e-16f,0.21439439115216477f,-0.9767471755999567f,0f,0f,0f,0f,1f],start_interpolation:0}
execute if entity @s[tag=aj.toji.bone.bottom3] run data modify entity @s {} merge value {transformation:[-1f,2.890561844554414e-19f,1.2246433878129912e-16f,-0.125f,0f,0.9999972144341012f,-0.002360322867431601f,0.43750544054513574f,-1.2246467991473532e-16f,-0.002360322867431601f,-0.9999972144341012f,-0.001843993251154513f,0f,0f,0f,1f],start_interpolation:0}
execute if entity @s[tag=aj.toji.bone.rightleg] run data modify entity @s {} merge value {transformation:[-1f,-7.226369384562165e-19f,1.2246254783595577e-16f,-0.11875f,0f,0.9999825902555657f,0.005900778403694392f,0.75f,-1.2246467991473532e-16f,0.005900778403694392f,-0.9999825902555657f,-1.4542680739874818e-17f,0f,0f,0f,1f],start_interpolation:0}
execute if entity @s[tag=aj.toji.bone.bottom4] run data modify entity @s {} merge value {transformation:[-1f,2.890561844554414e-19f,1.2246433878129912e-16f,0.125f,0f,0.9999972144341012f,-0.002360322867431601f,0.43750544054513574f,-1.2246467991473532e-16f,-0.002360322867431601f,-0.9999972144341012f,-0.0018439932511544821f,0f,0f,0f,1f],start_interpolation:0}
execute if entity @s[tag=aj.toji.bone.leftleg] run data modify entity @s {} merge value {transformation:[-1f,-7.226369384562165e-19f,1.2246254783595577e-16f,0.11875f,0f,0.9999825902555657f,0.005900778403694392f,0.75f,-1.2246467991473532e-16f,0.005900778403694392f,-0.9999825902555657f,1.4542680739874818e-17f,0f,0f,0f,1f],start_interpolation:0}