execute if entity @s[tag=aj.toji.locator_origin.head] at @s on origin run tp @s ^0 ^1.49839 ^0.04905 ~0 ~3.75
execute if entity @s[tag=aj.toji.bone.blade2] run data modify entity @s {} merge value {transformation:[0.7589180099158132f,0.20572673456976667f,1.277387946126267f,-0.5634130758430673f,1.2812637011126073f,-0.3255436347103971f,-0.7087909918380499f,0.8457647139182112f,0.18001883911592378f,1.4497233710549073f,-0.34043408316523016f,0.4761302826440715f,0f,0f,0f,1f],start_interpolation:0}
execute if entity @s[tag=aj.toji.bone.chain2] run data modify entity @s {} merge value {transformation:[-1.321741694255651f,0.7852693297045571f,-0.21287002396454996f,-0.5870755839807067f,0.7334017901657606f,1.3257520240679062f,0.3368472331378413f,1.029492872192869f,0.3522547110529115f,0.18626949325189332f,-1.5000609881054252f,0.0025562144919128726f,0f,0f,0f,1f],start_interpolation:0}
execute if entity @s[tag=aj.toji.bone.bottom2] run data modify entity @s {} merge value {transformation:[-0.8515919640841778f,0.5059453399438757f,-0.13715115637984426f,-0.49221083274123f,0.4725273278920336f,0.854175800741738f,0.2170290898069313f,1.1896508348319448f,0.2269560554434866f,0.12001255941061581f,-0.9664822473699383f,0.025058569381403335f,0f,0f,0f,1f],start_interpolation:0}
execute if entity @s[tag=aj.toji.bone.rightarm] run data modify entity @s {} merge value {transformation:[-0.8515919640841778f,0.5059453399438757f,-0.13715115637984426f,-0.3125f,0.4725273278920336f,0.854175800741738f,0.2170290898069313f,1.3736618270241272f,0.2269560554434866f,0.12001255941061581f,-0.9664822473699383f,0.040876955768839374f,0f,0f,0f,1f],start_interpolation:0}
execute if entity @s[tag=aj.toji.bone.chain] run data modify entity @s {} merge value {transformation:[-1.3217417363117208f,-0.7852692698462442f,0.21286998364714393f,0.4922108247931556f,-0.7334017438282295f,1.32575205909422f,0.3368471961709913f,1.1896508273241815f,-0.35225464972445836f,0.18626949630493128f,-1.5000610021278862f,0.025058566420036774f,0f,0f,0f,1f],start_interpolation:0}
execute if entity @s[tag=aj.toji.bone.blade] run data modify entity @s {} merge value {transformation:[0.7589179520661685f,-0.20572669560529372f,-1.2773879867710591f,0.5634130702883303f,-1.2812637349635416f,-0.32554359898404545f,-0.7087909470554696f,0.8457647121032498f,-0.18001884206651084f,1.449723384606816f,-0.3404340238947788f,0.4761302836449674f,0f,0f,0f,1f],start_interpolation:0}
execute if entity @s[tag=aj.toji.bone.bottom] run data modify entity @s {} merge value {transformation:[-0.8515919911807059f,-0.5059453013774459f,0.13715113040352897f,0.4922108247931556f,-0.47252729803698007f,0.8541758233090276f,0.2170290659893635f,1.1896508273241815f,-0.22695601592985234f,0.12001256137767383f,-0.966482256404544f,0.025058566420036774f,0f,0f,0f,1f],start_interpolation:0}
execute if entity @s[tag=aj.toji.bone.leftarm] run data modify entity @s {} merge value {transformation:[-0.8515919911807059f,-0.5059453013774459f,0.13715113040352897f,0.3125f,-0.47252729803698007f,0.8541758233090276f,0.2170290659893635f,1.3736618270241272f,-0.22695601592985234f,0.12001256137767383f,-0.966482256404544f,0.04087695576883946f,0f,0f,0f,1f],start_interpolation:0}
execute if entity @s[tag=aj.toji.locator_origin.mount] at @s on origin run tp @s ^0 ^1.74359 ^0.09782 ~0 ~11.25
execute if entity @s[tag=aj.toji.bone.head] run data modify entity @s {} merge value {transformation:[-1f,-2.3891673840167787e-17f,1.2011155542966553e-16f,-6.007179964943655e-18f,0f,0.9807852804032304f,0.19509032201612825f,1.4983941924289526f,-1.2246467991473532e-16f,0.19509032201612825f,-0.9807852804032304f,0.04905234692260729f,0f,0f,0f,1f],start_interpolation:0}
execute if entity @s[tag=aj.toji.bone.upper] run data modify entity @s {} merge value {transformation:[-1f,-8.00957328659154e-18f,1.2220247363447802e-16f,0f,0f,0.9978589232386035f,0.06540312923014306f,0.75f,-1.2246467991473532e-16f,0.06540312923014306f,-0.9978589232386035f,0f,0f,0f,0f,1f],start_interpolation:0}