execute if entity @s[tag=aj.toji.locator_origin.head] at @s on origin run tp @s ^0 ^1.45459 ^-0.25701 ~0 ~-20.04
execute if entity @s[tag=aj.toji.bone.blade2] run data modify entity @s {} merge value {transformation:[0.8128375999495111f,-0.5560035950429028f,1.1314393657672013f,-0.8305032785297364f,-0.2722322398955143f,1.237056909845282f,0.8034798126683168f,1.8118299124328985f,-1.230928366587508f,-0.6407419169239754f,0.5694428436874065f,-0.020683910632681213f,0f,0f,0f,1f],start_interpolation:0}
execute if entity @s[tag=aj.toji.bone.chain2] run data modify entity @s {} merge value {transformation:[-1.1707254548563397f,0.8410611277255361f,0.5753092754263371f,-0.5967209402255742f,-0.8313784172748561f,-0.28168474822521955f,-1.2800102747704651f,1.383081254881399f,-0.5892151646487749f,-1.2736689348717964f,0.6629899001505025f,0.12112143272705395f,0f,0f,0f,1f],start_interpolation:0}
execute if entity @s[tag=aj.toji.bone.bottom2] run data modify entity @s {} merge value {transformation:[-0.7542929105114672f,0.5418917332996742f,0.37066906336193534f,-0.4951162402318853f,-0.5356532084455448f,-0.18148815993034279f,-0.8247046065635211f,1.3490522248944599f,-0.37962856245827103f,-0.8206189110583385f,0.427161277949317f,-0.03274461309638452f,0f,0f,0f,1f],start_interpolation:0}
execute if entity @s[tag=aj.toji.bone.rightarm] run data modify entity @s {} merge value {transformation:[-0.7542929105114672f,0.5418917332996742f,0.37066906336193534f,-0.3125f,-0.5356532084455448f,-0.18148815993034279f,-0.8247046065635211f,1.3371585104397208f,-0.37962856245827103f,-0.8206189110583385f,0.427161277949317f,-0.2141725557073272f,0f,0f,0f,1f],start_interpolation:0}
execute if entity @s[tag=aj.toji.bone.chain] run data modify entity @s {} merge value {transformation:[-1.1707262178255178f,-0.8410605563147378f,-0.5753085581830099f,0.4951161789161531f,0.831377735420137f,-0.28168567242588366f,-1.280010514257119f,1.3490524012162335f,0.5892146107784112f,-1.2736691078033702f,0.6629900601696255f,-0.032744562938129745f,0f,0f,0f,1f],start_interpolation:0}
execute if entity @s[tag=aj.toji.bone.blade] run data modify entity @s {} merge value {transformation:[0.8128370477135718f,0.5560029018681435f,-1.1314401031333867f,0.830502884553803f,0.2722331330827334f,1.2370571412954707f,0.8034791536946287f,1.8118303303825383f,1.230928533716009f,-0.6407420715733292f,0.5694423084032966f,-0.020683881215355804f,0f,0f,0f,1f],start_interpolation:0}
execute if entity @s[tag=aj.toji.bone.bottom] run data modify entity @s {} merge value {transformation:[-0.7542934020889241f,-0.5418913651423813f,-0.37066860124542916f,0.4951161789161531f,0.5356527691297527f,-0.1814887553884888f,-0.8247047608636471f,1.3490524012162335f,0.3796282056021978f,-0.8206190224773391f,0.4271613810488862f,-0.032744562938129745f,0f,0f,0f,1f],start_interpolation:0}
execute if entity @s[tag=aj.toji.bone.leftarm] run data modify entity @s {} merge value {transformation:[-0.7542934020889241f,-0.5418913651423813f,-0.37066860124542916f,0.3125f,0.5356527691297527f,-0.1814887553884888f,-0.8247047608636471f,1.3371585104397208f,0.3796282056021978f,-0.8206190224773391f,0.4271613810488862f,-0.21417255570732716f,0f,0f,0f,1f],start_interpolation:0}
execute if entity @s[tag=aj.toji.locator_origin.mount] at @s on origin run tp @s ^0 ^1.63761 ^-0.42732 ~0 ~-42.94
execute if entity @s[tag=aj.toji.bone.head] run data modify entity @s {} merge value {transformation:[-1f,8.342687284371742e-17f,8.96524105316571e-17f,3.147428817746237e-17f,0f,0.7320674874917128f,-0.681232114449672f,1.454590212527665f,-1.2246467991473532e-16f,-0.681232114449672f,-0.7320674874917128f,-0.2570070668487926f,0f,0f,0f,1f],start_interpolation:0}
execute if entity @s[tag=aj.toji.bone.upper] run data modify entity @s {} merge value {transformation:[-1f,4.1965717569949826e-17f,1.150498864643411e-16f,0f,0f,0.9394536167035534f,-0.3426760891317235f,0.75f,-1.2246467991473532e-16f,-0.3426760891317235f,-0.9394536167035534f,0f,0f,0f,0f,1f],start_interpolation:0}
execute if entity @s[tag=aj.toji.bone.bottom3] run data modify entity @s {} merge value {transformation:[-1f,-1.1345123714441767e-17f,1.219380416216473e-16f,-0.125f,0f,0.9956996719915105f,0.09263996543608072f,0.44586749459419117f,-1.2246467991473532e-16f,0.09263996543608072f,-0.9956996719915105f,0.07183083707980621f,0f,0f,0f,1f],start_interpolation:0}
execute if entity @s[tag=aj.toji.bone.rightleg] run data modify entity @s {} merge value {transformation:[-1f,2.81495695071551e-17f,1.1918556776380443e-16f,-0.11875f,0f,0.9732240172985882f,-0.2298586786553799f,0.75f,-1.2246467991473532e-16f,-0.2298586786553799f,-0.9732240172985882f,-1.4542680739874818e-17f,0f,0f,0f,1f],start_interpolation:0}
execute if entity @s[tag=aj.toji.bone.bottom4] run data modify entity @s {} merge value {transformation:[-1f,-1.1345123714441767e-17f,1.219380416216473e-16f,0.12499999999999999f,0f,0.9956996719915105f,0.09263996543608072f,0.44586749459419117f,-1.2246467991473532e-16f,0.09263996543608072f,-0.9956996719915105f,0.07183083707980624f,0f,0f,0f,1f],start_interpolation:0}
execute if entity @s[tag=aj.toji.bone.leftleg] run data modify entity @s {} merge value {transformation:[-1f,2.81495695071551e-17f,1.1918556776380443e-16f,0.11875f,0f,0.9732240172985882f,-0.2298586786553799f,0.75f,-1.2246467991473532e-16f,-0.2298586786553799f,-0.9732240172985882f,1.4542680739874818e-17f,0f,0f,0f,1f],start_interpolation:0}