execute if entity @s[tag=aj.toji.locator_origin.head] at @s on origin run tp @s ^0 ^1.446 ^0.27944 ~0 ~21.875
execute if entity @s[tag=aj.toji.bone.blade2] run data modify entity @s {} merge value {transformation:[0.37235000166245036f,0.14961008582247848f,1.4453277477728586f,-0.4537432666690303f,1.4493826682039175f,-0.14418541285588599f,-0.35846959122033f,0.789025423156142f,0.10317634114498332f,1.4855394269220081f,-0.1803531360641274f,0.7002782360062966f,0f,0f,0f,1f],start_interpolation:0}
execute if entity @s[tag=aj.toji.bone.chain2] run data modify entity @s {} merge value {transformation:[-1.4955127390149716f,0.3852788211646192f,-0.154804880469092f,-0.4813240733087506f,0.37091645202659196f,1.4997084552943316f,0.14919185080227085f,0.9221989415281531f,0.1866153977330204f,0.10675885299029521f,-1.5371206570234668f,0.21028592834211615f,0f,0f,0f,1f],start_interpolation:0}
execute if entity @s[tag=aj.toji.bone.bottom2] run data modify entity @s {} merge value {transformation:[-0.9635518318485723f,0.2482333344416338f,-0.09974005721498544f,-0.4347803231009443f,0.23897972748022028f,0.9662551121359451f,0.0961236085705906f,1.1033717750536427f,0.1202354240427514f,0.06878422742998885f,-0.9903596179480054f,0.22318297098523907f,0f,0f,0f,1f],start_interpolation:0}
execute if entity @s[tag=aj.toji.bone.rightarm] run data modify entity @s {} merge value {transformation:[-0.9635518318485723f,0.2482333344416338f,-0.09974005721498544f,-0.31250000000000006f,0.23897972748022028f,0.9662551121359451f,0.0961236085705906f,1.3299993201201152f,0.1202354240427514f,0.06878422742998885f,-0.9903596179480054f,0.2328643138400643f,0f,0f,0f,1f],start_interpolation:0}
execute if entity @s[tag=aj.toji.bone.chain] run data modify entity @s {} merge value {transformation:[-1.4955127992121073f,-0.38527817700756734f,0.15480590210196932f,0.43478022176814934f,-0.37091570505662413f,1.4997086155795534f,0.14919209667377914f,1.1033717191565613f,-0.18661639999267568f,0.10675892604038528f,-1.53712053026937f,0.22318299957823087f,0f,0f,0f,1f],start_interpolation:0}
execute if entity @s[tag=aj.toji.bone.blade] run data modify entity @s {} merge value {transformation:[0.372349379121407f,-0.14961107317237335f,-1.445327805949956f,0.45374272130561f,-1.4493828231104406f,-0.14418565047667253f,-0.35846886931646854f,0.7890252592106567f,-0.10317641174372809f,1.4855393044214045f,-0.18035410469090832f,0.7002782110573617f,0f,0f,0f,1f],start_interpolation:0}
execute if entity @s[tag=aj.toji.bone.bottom] run data modify entity @s {} merge value {transformation:[-0.9635518706333039f,-0.24823291941427156f,0.09974071544824868f,0.43478022176814934f,-0.23897924621097927f,0.9662552154069605f,0.0961237669844483f,1.1033717191565613f,-0.12023606979393868f,0.0687842744958187f,-0.9903595362809363f,0.22318299957823087f,0f,0f,0f,1f],start_interpolation:0}
execute if entity @s[tag=aj.toji.bone.leftarm] run data modify entity @s {} merge value {transformation:[-0.9635518706333039f,-0.24823291941427156f,0.09974071544824868f,0.31249999999999994f,-0.23897924621097927f,0.9662552154069605f,0.0961237669844483f,1.3299993201201152f,-0.12023606979393868f,0.0687842744958187f,-0.9903595362809363f,0.23286431384006437f,0f,0f,0f,1f],start_interpolation:0}
execute if entity @s[tag=aj.toji.locator_origin.mount] at @s on origin run tp @s ^0 ^1.48605 ^0.52621 ~0 ~80.78125
execute if entity @s[tag=aj.toji.bone.head] run data modify entity @s {} merge value {transformation:[-1f,-1.208829127872941e-16f,1.961935836560483e-17f,-3.422118438958554e-17f,0f,0.1602042187124042f,0.9870838912203704f,1.4459991841441384f,-1.2246467991473532e-16f,0.9870838912203704f,-0.1602042187124042f,0.2794371766080772f,0f,0f,0f,1f],start_interpolation:0}
execute if entity @s[tag=aj.toji.bone.upper] run data modify entity @s {} merge value {transformation:[-1f,-4.562824585278072e-17f,1.1364708974283846e-16f,0f,0f,0.9279989121921846f,0.37258290214410295f,0.75f,-1.2246467991473532e-16f,0.37258290214410295f,-0.9279989121921846f,0f,0f,0f,0f,1f],start_interpolation:0}
execute if entity @s[tag=aj.toji.bone.bottom3] run data modify entity @s {} merge value {transformation:[-1f,6.503739617272688e-19f,1.2246295292997177e-16f,-0.125f,0f,0.9999858980992337f,-0.005310706419026976f,0.4375275424350802f,-1.2246467991473532e-16f,-0.005310706419026976f,-0.9999858980992337f,-0.004148887000075571f,0f,0f,0f,1f],start_interpolation:0}
execute if entity @s[tag=aj.toji.bone.rightleg] run data modify entity @s {} merge value {transformation:[-1f,-1.6258947790933098e-18f,1.2245388639314758e-16f,-0.11875f,0f,0.9999118642077434f,0.013276438400241777f,0.75f,-1.2246467991473532e-16f,0.013276438400241777f,-0.9999118642077434f,-1.4542680739874818e-17f,0f,0f,0f,1f],start_interpolation:0}
execute if entity @s[tag=aj.toji.bone.bottom4] run data modify entity @s {} merge value {transformation:[-1f,6.503739617272688e-19f,1.2246295292997177e-16f,0.125f,0f,0.9999858980992337f,-0.005310706419026976f,0.4375275424350802f,-1.2246467991473532e-16f,-0.005310706419026976f,-0.9999858980992337f,-0.00414888700007554f,0f,0f,0f,1f],start_interpolation:0}
execute if entity @s[tag=aj.toji.bone.leftleg] run data modify entity @s {} merge value {transformation:[-1f,-1.6258947790933098e-18f,1.2245388639314758e-16f,0.11875f,0f,0.9999118642077434f,0.013276438400241777f,0.75f,-1.2246467991473532e-16f,0.013276438400241777f,-0.9999118642077434f,1.4542680739874818e-17f,0f,0f,0f,1f],start_interpolation:0}