execute if entity @s[tag=aj.toji.locator_origin.head] at @s on origin run tp @s ^0 ^1.48345 ^0.1567 ~0 ~12.06
execute if entity @s[tag=aj.toji.bone.blade2] run data modify entity @s {} merge value {transformation:[0.32579246922936583f,0.2667733844196922f,1.4396844197110337f,-0.3980729954414046f,1.4621931059426063f,0.01777033068975539f,-0.3341788986173283f,0.8687963416792112f,-0.076489136008629f,1.475979734519563f,-0.2561898424220086f,0.660951166466971f,0f,0f,0f,1f],start_interpolation:0}
execute if entity @s[tag=aj.toji.bone.chain2] run data modify entity @s {} merge value {transformation:[-1.4896734620621113f,0.33710470774427476f,-0.2760363491564868f,-0.4675096543465249f,0.345782332597097f,1.512963699898947f,-0.018387356060927527f,0.9486569689366628f,0.2650853230616614f,-0.07914500878670647f,-1.5272290308570482f,0.16356883960494112f,0f,0f,0f,1f],start_interpolation:0}
execute if entity @s[tag=aj.toji.bone.bottom2] run data modify entity @s {} merge value {transformation:[-0.9597896131406891f,0.2171949794862441f,-0.17784892294646126f,-0.4267855956928541f,0.22278593241155242f,0.9747954039617376f,-0.011846887126503641f,1.1314311071794887f,0.17079322828133886f,-0.05099275733908604f,-0.9839864896797088f,0.1540076976038625f,0f,0f,0f,1f],start_interpolation:0}
execute if entity @s[tag=aj.toji.bone.rightarm] run data modify entity @s {} merge value {transformation:[-0.9597896131406891f,0.2171949794862441f,-0.17784892294646126f,-0.3125f,0.22278593241155242f,0.9747954039617376f,-0.011846887126503641f,1.361205837394201f,0.17079322828133886f,-0.05099275733908604f,-0.9839864896797088f,0.1305849315015073f,0f,0f,0f,1f],start_interpolation:0}
execute if entity @s[tag=aj.toji.bone.chain] run data modify entity @s {} merge value {transformation:[-1.4896732221116649f,-0.3371052980999474f,0.2760369231235343f,0.4267856811212666f,-0.3457829233603344f,1.5129635676149544f,-0.018387131187915996f,1.1314311522761011f,-0.2650859008829845f,-0.07914502305190246f,-1.527228929823647f,0.15400772316958497f,0f,0f,0f,1f],start_interpolation:0}
execute if entity @s[tag=aj.toji.bone.blade] run data modify entity @s {} merge value {transformation:[0.3257930397744454f,-0.2667739391261006f,-1.4396841878126154f,0.39807300042420424f,-1.462192978097674f,0.017770113362818068f,-0.33417946955629596f,0.8687963379018031f,0.07648914979512715f,1.4759796368765445f,-0.2561904008533544f,0.6609511621559412f,0f,0f,0f,1f],start_interpolation:0}
execute if entity @s[tag=aj.toji.bone.bottom] run data modify entity @s {} merge value {transformation:[-0.9597894585417437f,-0.2171953598496305f,0.1778492927507335f,0.4267856811212666f,-0.22278631303753085f,0.9747953187317826f,-0.01184674224187876f,1.1314311522761011f,-0.17079360056890275f,-0.050992766530084804f,-0.983986424584363f,0.15400772316958497f,0f,0f,0f,1f],start_interpolation:0}
execute if entity @s[tag=aj.toji.bone.leftarm] run data modify entity @s {} merge value {transformation:[-0.9597894585417437f,-0.2171953598496305f,0.1778492927507335f,0.3125f,-0.22278631303753085f,0.9747953187317826f,-0.01184674224187876f,1.361205837394201f,-0.17079360056890275f,-0.050992766530084804f,-0.983986424584363f,0.13058493150150735f,0f,0f,0f,1f],start_interpolation:0}
execute if entity @s[tag=aj.toji.locator_origin.mount] at @s on origin run tp @s ^0 ^1.62997 ^0.35926 ~0 ~54.12
execute if entity @s[tag=aj.toji.bone.head] run data modify entity @s {} merge value {transformation:[-1f,-9.92265505554424e-17f,7.177527075174854e-17f,-1.919045020562368e-17f,0f,0.5860895631436043f,0.8102462736564354f,1.4834470048730415f,-1.2246467991473532e-16f,0.8102462736564354f,-0.5860895631436043f,0.1567019178018088f,0f,0f,0f,1f],start_interpolation:0}
execute if entity @s[tag=aj.toji.bone.upper] run data modify entity @s {} merge value {transformation:[-1f,-2.5587266940831573e-17f,1.1976180358159776e-16f,0f,0f,0.9779293398307218f,0.20893589040241173f,0.75f,-1.2246467991473532e-16f,0.20893589040241173f,-0.9779293398307218f,0f,0f,0f,0f,1f],start_interpolation:0}
execute if entity @s[tag=aj.toji.bone.bottom3] run data modify entity @s {} merge value {transformation:[-1f,3.688475201965265e-19f,1.224641244533493e-16f,-0.125f,0f,0.9999954643135764f,-0.003011868568581018f,0.4375088587273878f,-1.2246467991473532e-16f,-0.003011868568581018f,-0.9999954643135764f,-0.0023530036422230705f,0f,0f,0f,1f],start_interpolation:0}
execute if entity @s[tag=aj.toji.bone.rightleg] run data modify entity @s {} merge value {transformation:[-1f,-9.22111481225769e-19f,1.2246120829485053e-16f,-0.11875f,0f,0.999971652072359f,0.007529611655113776f,0.75f,-1.2246467991473532e-16f,0.007529611655113776f,-0.999971652072359f,-1.4542680739874818e-17f,0f,0f,0f,1f],start_interpolation:0}
execute if entity @s[tag=aj.toji.bone.bottom4] run data modify entity @s {} merge value {transformation:[-1f,3.688475201965265e-19f,1.224641244533493e-16f,0.125f,0f,0.9999954643135764f,-0.003011868568581018f,0.4375088587273878f,-1.2246467991473532e-16f,-0.003011868568581018f,-0.9999954643135764f,-0.0023530036422230393f,0f,0f,0f,1f],start_interpolation:0}
execute if entity @s[tag=aj.toji.bone.leftleg] run data modify entity @s {} merge value {transformation:[-1f,-9.22111481225769e-19f,1.2246120829485053e-16f,0.11875f,0f,0.999971652072359f,0.007529611655113776f,0.75f,-1.2246467991473532e-16f,0.007529611655113776f,-0.999971652072359f,1.4542680739874818e-17f,0f,0f,0f,1f],start_interpolation:0}