execute if entity @s[tag=aj.toji.locator_origin.head] at @s on origin run tp @s ^0 ^1.49118 ^0.11469 ~0 ~8.7963
execute if entity @s[tag=aj.toji.bone.blade2] run data modify entity @s {} merge value {transformation:[0.2424947511989339f,0.16333554411147294f,1.4712300281297876f,-0.4047449045954329f,1.4796349481719664f,0.01688461551774087f,-0.24575461319568426f,0.8651171424634101f,-0.04332107788489883f,1.4909850468024912f,-0.1583883658046366f,0.6152211819186582f,0f,0f,0f,1f],start_interpolation:0}
execute if entity @s[tag=aj.toji.bone.chain2] run data modify entity @s {} merge value {transformation:[-1.5223144041065166f,0.25091470783778613f,-0.16900691717089875f,-0.44452888693843035f,0.25428775948720145f,1.5310111616501598f,-0.01747088688988471f,0.9463285002488615f,0.1638879618395195f,-0.04482528197812452f,-1.542755360927578f,0.11481105154945559f,0f,0f,0f,1f],start_interpolation:0}
execute if entity @s[tag=aj.toji.bone.bottom2] run data modify entity @s {} merge value {transformation:[-0.9808200187531918f,0.16166316746595616f,-0.10889036274098174f,-0.41421704303856355f,0.16383640879712305f,0.986423298781311f,-0.011256410345160617f,1.1312828687703573f,0.10559224386975752f,-0.028880718589932575f,-0.9939900312016609f,0.10939591681384322f,0f,0f,0f,1f],start_interpolation:0}
execute if entity @s[tag=aj.toji.bone.rightarm] run data modify entity @s {} merge value {transformation:[-0.9808200187531918f,0.16166316746595616f,-0.10889036274098174f,-0.3125f,0.16383640879712305f,0.986423298781311f,-0.011256410345160617f,1.3676489179158648f,0.10559224386975752f,-0.028880718589932575f,-0.9939900312016609f,0.09557622192450024f,0f,0f,0f,1f],start_interpolation:0}
execute if entity @s[tag=aj.toji.bone.chain] run data modify entity @s {} merge value {transformation:[-1.522314294215833f,-0.25091510078128326f,0.1690073236199555f,0.41421710190634764f,-0.25428815535188315f,1.5310110971035662f,-0.017470781453135843f,1.1312828951079839f,-0.16388836836395215f,-0.044825287023789635f,-1.5427553175955506f,0.10939593399667928f,0f,0f,0f,1f],start_interpolation:0}
execute if entity @s[tag=aj.toji.bone.blade] run data modify entity @s {} merge value {transformation:[0.24249513095640762f,-0.16333593692129958f,-1.4712299219267109f,0.40474490205692154f,-1.4796348857913657f,0.01688451361913794f,-0.24575499577631627f,0.8651171463725805f,0.04332108276124632f,1.4909850049245588f,-0.15838875868730978f,0.6152211861497144f,0f,0f,0f,1f],start_interpolation:0}
execute if entity @s[tag=aj.toji.bone.bottom] run data modify entity @s {} merge value {transformation:[-0.9808199479511406f,-0.1616634206376053f,0.1088906246141995f,0.41421710190634764f,-0.16383666385087772f,0.9864232571942438f,-0.011256342412758663f,1.1312828951079839f,-0.10559250579153963f,-0.028880721840830903f,-0.9939900032830392f,0.10939593399667928f,0f,0f,0f,1f],start_interpolation:0}
execute if entity @s[tag=aj.toji.bone.leftarm] run data modify entity @s {} merge value {transformation:[-0.9808199479511406f,-0.1616634206376053f,0.1088906246141995f,0.3125f,-0.16383666385087772f,0.9864232571942438f,-0.011256342412758663f,1.3676489179158648f,-0.10559250579153963f,-0.028880721840830903f,-0.9939900032830392f,0.09557622192450033f,0f,0f,0f,1f],start_interpolation:0}
execute if entity @s[tag=aj.toji.locator_origin.mount] at @s on origin run tp @s ^0 ^1.68628 ^0.27101 ~0 ~38.7037
execute if entity @s[tag=aj.toji.bone.head] run data modify entity @s {} merge value {transformation:[-1f,-7.657631976989763e-17f,9.557021019709524e-17f,-1.4045653710532363e-17f,0f,0.7803899888819775f,0.6252931034745124f,1.4911787014990376f,-1.2246467991473532e-16f,0.6252931034745124f,-0.7803899888819775f,0.11469146630940033f,0f,0f,0f,1f],start_interpolation:0}
execute if entity @s[tag=aj.toji.bone.upper] run data modify entity @s {} merge value {transformation:[-1f,-1.8727538280709816e-17f,1.2102428325159843e-16f,0f,0f,0.9882382686653837f,0.15292195507920045f,0.75f,-1.2246467991473532e-16f,0.15292195507920045f,-0.9882382686653837f,0f,0f,0f,0f,1f],start_interpolation:0}
execute if entity @s[tag=aj.toji.bone.bottom3] run data modify entity @s {} merge value {transformation:[-1f,4.0146728843524644e-20f,1.2246467333422624e-16f,-0.125f,0f,0.9999999462660654f,-0.0003278229189957165f,0.437500104949086f,-1.2246467991473532e-16f,-0.0003278229189957165f,-0.9999999462660654f,-0.0002561116313821168f,0f,0f,0f,1f],start_interpolation:0}
execute if entity @s[tag=aj.toji.bone.rightleg] run data modify entity @s {} merge value {transformation:[-1f,-1.0036681267087917e-19f,1.2246463878655542e-16f,-0.11875f,0f,0.9999996641629249f,0.0008195572204227247f,0.75f,-1.2246467991473532e-16f,0.0008195572204227247f,-0.9999996641629249f,-1.4542680739874818e-17f,0f,0f,0f,1f],start_interpolation:0}
execute if entity @s[tag=aj.toji.bone.bottom4] run data modify entity @s {} merge value {transformation:[-1f,4.0146728843524644e-20f,1.2246467333422624e-16f,0.125f,0f,0.9999999462660654f,-0.0003278229189957165f,0.437500104949086f,-1.2246467991473532e-16f,-0.0003278229189957165f,-0.9999999462660654f,-0.0002561116313820862f,0f,0f,0f,1f],start_interpolation:0}
execute if entity @s[tag=aj.toji.bone.leftleg] run data modify entity @s {} merge value {transformation:[-1f,-1.0036681267087917e-19f,1.2246463878655542e-16f,0.11875f,0f,0.9999996641629249f,0.0008195572204227247f,0.75f,-1.2246467991473532e-16f,0.0008195572204227247f,-0.9999996641629249f,1.4542680739874818e-17f,0f,0f,0f,1f],start_interpolation:0}