execute if entity @s[tag=aj.toji.locator_origin.head] at @s on origin run tp @s ^0 ^1.409 ^-0.35808 ~0 ~-28.51852
execute if entity @s[tag=aj.toji.bone.blade2] run data modify entity @s {} merge value {transformation:[0.9230783918857559f,-0.4634552875648923f,1.0877203127926542f,-0.8363971606771745f,-0.5249113614903472f,1.0758701507755521f,0.9038647472097474f,1.8043452445379904f,-1.0594311421758171f,-0.9368631784301983f,0.4998930284467965f,-0.26095646586980753f,0f,0f,0f,1f],start_interpolation:0}
execute if entity @s[tag=aj.toji.bone.chain2] run data modify entity @s {} merge value {transformation:[-1.1254883792090657f,0.955129724937345f,0.47954748504978467f,-0.6270528773330394f,-0.9352489398211974f,-0.5431374504309842f,-1.1132267532330364f,1.4146023939043986f,-0.5172504252678659f,-1.0962169457235886f,0.9693931499034693f,-0.010229862032721276f,0f,0f,0f,1f],start_interpolation:0}
execute if entity @s[tag=aj.toji.bone.bottom2] run data modify entity @s {} merge value {transformation:[-0.7251468751951027f,0.6153855945905041f,0.30897019170992834f,-0.5116680783473199f,-0.6025764981398318f,-0.34994090766023134f,-0.7172467671837013f,1.3489884737181053f,-0.333262018964531f,-0.7062874281172115f,0.6245754522867989f,-0.14265875480469842f,0f,0f,0f,1f],start_interpolation:0}
execute if entity @s[tag=aj.toji.bone.rightarm] run data modify entity @s {} merge value {transformation:[-0.7251468751951027f,0.6153855945905041f,0.30897019170992834f,-0.31249999999999994f,-0.6025764981398318f,-0.34994090766023134f,-0.7172467671837013f,1.299164277936787f,-0.333262018964531f,-0.7062874281172115f,0.6245754522867989f,-0.2984017356487181f,0f,0f,0f,1f],start_interpolation:0}
execute if entity @s[tag=aj.toji.bone.chain] run data modify entity @s {} merge value {transformation:[-1.1254890405006313f,-0.9551291921169851f,-0.4795469942456484f,0.5116680191530969f,0.9352483799203055f,-0.5431382803551631f,-1.113226818703355f,1.3489886299435123f,0.5172499987245279f,-1.096216998768904f,0.9693933175139409f,-0.14265872908424462f,0f,0f,0f,1f],start_interpolation:0}
execute if entity @s[tag=aj.toji.bone.blade] run data modify entity @s {} merge value {transformation:[0.9230778769452739f,0.4634548132306935f,-1.0877209518932276f,0.8363968487088618f,0.5249121635647216f,1.07587021404888f,0.9038642060974761f,1.8043455694577335f,1.0594311934410885f,-0.9368633404161574f,0.4998926162169934f,-0.2609564846721332f,0f,0f,0f,1f],start_interpolation:0}
execute if entity @s[tag=aj.toji.bone.bottom] run data modify entity @s {} merge value {transformation:[-0.7251473012621515f,-0.6153852512968494f,-0.3089698754871291f,0.5116680191530969f,0.6025761373983176f,-0.3499414423764809f,-0.7172468093659199f,1.3489886299435123f,0.33326174414466225f,-0.7062874622940589f,0.6245755602774383f,-0.14265872908424462f,0f,0f,0f,1f],start_interpolation:0}
execute if entity @s[tag=aj.toji.bone.leftarm] run data modify entity @s {} merge value {transformation:[-0.7251473012621515f,-0.6153852512968494f,-0.3089698754871291f,0.31250000000000006f,0.6025761373983176f,-0.3499414423764809f,-0.7172468093659199f,1.299164277936787f,0.33326174414466225f,-0.7062874622940589f,0.6245755602774383f,-0.29840173564871797f,0f,0f,0f,1f],start_interpolation:0}
execute if entity @s[tag=aj.toji.locator_origin.mount] at @s on origin run tp @s ^0 ^1.54264 ^-0.56936 ~0 ~-57.68519
execute if entity @s[tag=aj.toji.bone.head] run data modify entity @s {} merge value {transformation:[-1f,1.0349779592934257e-16f,6.546605276314386e-17f,4.385240765066606e-17f,0f,0.5345708885919097f,-0.8451236389251314f,1.4089971335241445f,-1.2246467991473532e-16f,-0.8451236389251314f,-0.5345708885919097f,-0.35808208277846165f,0f,0f,0f,1f],start_interpolation:0}
execute if entity @s[tag=aj.toji.bone.upper] run data modify entity @s {} merge value {transformation:[-1f,5.846987686755474e-17f,1.0760516402901657e-16f,0f,0f,0.8786628446988591f,-0.47744277703794885f,0.75f,-1.2246467991473532e-16f,-0.47744277703794885f,-0.8786628446988591f,0f,0f,0f,0f,1f],start_interpolation:0}
execute if entity @s[tag=aj.toji.bone.bottom3] run data modify entity @s {} merge value {transformation:[-1f,-1.2001814053014063e-17f,1.2187515860935505e-16f,-0.125f,0f,0.9951861932290134f,0.09800224898615828f,0.44686239311534504f,-1.2246467991473532e-16f,0.09800224898615828f,-0.9951861932290134f,0.07591996636092775f,0f,0f,0f,1f],start_interpolation:0}
execute if entity @s[tag=aj.toji.bone.rightleg] run data modify entity @s {} merge value {transformation:[-1f,2.9752046014491177e-17f,1.1879567999119404e-16f,-0.11875f,0f,0.9700403420308958f,-0.24294389235496885f,0.75f,-1.2246467991473532e-16f,-0.24294389235496885f,-0.9700403420308958f,-1.4542680739874818e-17f,0f,0f,0f,1f],start_interpolation:0}
execute if entity @s[tag=aj.toji.bone.bottom4] run data modify entity @s {} merge value {transformation:[-1f,-1.2001814053014063e-17f,1.2187515860935505e-16f,0.12499999999999999f,0f,0.9951861932290134f,0.09800224898615828f,0.44686239311534504f,-1.2246467991473532e-16f,0.09800224898615828f,-0.9951861932290134f,0.07591996636092778f,0f,0f,0f,1f],start_interpolation:0}
execute if entity @s[tag=aj.toji.bone.leftleg] run data modify entity @s {} merge value {transformation:[-1f,2.9752046014491177e-17f,1.1879567999119404e-16f,0.11875f,0f,0.9700403420308958f,-0.24294389235496885f,0.75f,-1.2246467991473532e-16f,-0.24294389235496885f,-0.9700403420308958f,1.4542680739874818e-17f,0f,0f,0f,1f],start_interpolation:0}