execute if entity @s[tag=aj.toji.locator_origin.head] at @s on origin run tp @s ^0 ^1.41526 ^-0.34631 ~0 ~-27.5
execute if entity @s[tag=aj.toji.bone.blade2] run data modify entity @s {} merge value {transformation:[0.867149654165681f,-0.5717879800251837f,1.0821783509103573f,-0.8527359893149877f,-0.43371559086388733f,1.0966420901321359f,0.9269665109334911f,1.783570820943427f,-1.1445270916504902f,-0.848784208176225f,0.46863963173074674f,-0.19060756691745354f,0f,0f,0f,1f],start_interpolation:0}
execute if entity @s[tag=aj.toji.bone.chain2] run data modify entity @s {} merge value {transformation:[-1.1197539880947445f,0.8972590171575453f,0.5916417293316141f,-0.6105094137529219f,-0.9591528481186822f,-0.44877515999110545f,-1.134719940483946f,1.3922585467827937f,-0.4849118411658423f,-1.1842676156661323f,0.8782558820712331f,0.02570086713738226f,0f,0f,0f,1f],start_interpolation:0}
execute if entity @s[tag=aj.toji.bone.bottom2] run data modify entity @s {} merge value {transformation:[-0.7214522339402379f,0.5780997694437875f,0.381191986683456f,-0.5021157069822118f,-0.6179776739556609f,-0.2891437272425914f,-0.7310947267547572f,1.3380440979248078f,-0.31242642115383124f,-0.7630180611003268f,0.5658561387841501f,-0.11736501931892901f,0f,0f,0f,1f],start_interpolation:0}
execute if entity @s[tag=aj.toji.bone.rightarm] run data modify entity @s {} merge value {transformation:[-0.7214522339402379f,0.5780997694437875f,0.381191986683456f,-0.31249999999999994f,-0.6179776739556609f,-0.2891437272425914f,-0.7310947267547572f,1.3043817707363887f,-0.31242642115383124f,-0.7630180611003268f,0.5658561387841501f,-0.28859288327189625f,0f,0f,0f,1f],start_interpolation:0}
execute if entity @s[tag=aj.toji.bone.chain] run data modify entity @s {} merge value {transformation:[-1.1197542001826246f,-0.897258814142458f,-0.5916416358135659f,0.5021156828222466f,0.9591527088356795f,-0.4487754238834191f,-1.1347199538487664f,1.3380441460396637f,0.48491162691531786f,-1.1842676694789223f,0.8782559278026038f,-0.11736500202355904f,0f,0f,0f,1f],start_interpolation:0}
execute if entity @s[tag=aj.toji.bone.blade] run data modify entity @s {} merge value {transformation:[0.8671494579631807f,0.5717878896453251f,-1.0821785558811947f,0.8527358989962931f,0.4337158459007542f,1.0966421030484723f,0.9269663763244147f,1.7835709202806103f,1.144527143657482f,-0.8487842523729859f,0.4686394246698372f,-0.19060755475124802f,0f,0f,0f,1f],start_interpolation:0}
execute if entity @s[tag=aj.toji.bone.bottom] run data modify entity @s {} merge value {transformation:[-0.7214523705874628f,-0.5780996386421206f,-0.3811919264302169f,0.5021156828222466f,0.6179775842162767f,-0.2891438972671693f,-0.7310947353656481f,1.3380441460396637f,0.3124262831132249f,-0.7630180957716546f,0.5658561682486574f,-0.11736500202355904f,0f,0f,0f,1f],start_interpolation:0}
execute if entity @s[tag=aj.toji.bone.leftarm] run data modify entity @s {} merge value {transformation:[-0.7214523705874628f,-0.5780996386421206f,-0.3811919264302169f,0.31250000000000006f,0.6179775842162767f,-0.2891438972671693f,-0.7310947353656481f,1.3043817707363887f,0.3124262831132249f,-0.7630180957716546f,0.5658561682486574f,-0.28859288327189614f,0f,0f,0f,1f],start_interpolation:0}
execute if entity @s[tag=aj.toji.locator_origin.mount] at @s on origin run tp @s ^0 ^1.54026 ^-0.56282 ~0 ~-60
execute if entity @s[tag=aj.toji.bone.head] run data modify entity @s {} merge value {transformation:[-1f,1.0605752387249069e-16f,6.123233995736766e-17f,4.241092209067601e-17f,0f,0.5f,-0.8660254037844387f,1.4152581248836662f,-1.2246467991473532e-16f,-0.8660254037844387f,-0.5f,-0.34631145992627543f,0f,0f,0f,1f],start_interpolation:0}
execute if entity @s[tag=aj.toji.bone.upper] run data modify entity @s {} merge value {transformation:[-1f,5.654789612090135e-17f,1.0862749776607361e-16f,0f,0f,0.8870108331782217f,-0.4617486132350339f,0.75f,-1.2246467991473532e-16f,-0.4617486132350339f,-0.8870108331782217f,0f,0f,0f,0f,1f],start_interpolation:0}
execute if entity @s[tag=aj.toji.bone.bottom3] run data modify entity @s {} merge value {transformation:[-1f,-1.1782955028847656e-17f,1.2189651265482015e-16f,-0.125f,0f,0.9953605622428381f,0.09621512943202404f,0.4465246426465547f,-1.2246467991473532e-16f,0.09621512943202404f,-0.9953605622428381f,0.07455841655506563f,0f,0f,0f,1f],start_interpolation:0}
execute if entity @s[tag=aj.toji.bone.rightleg] run data modify entity @s {} merge value {transformation:[-1f,2.921847237876998e-17f,1.1892804000095869e-16f,-0.11875f,0f,0.9711211435310249f,-0.23858693297621006f,0.75f,-1.2246467991473532e-16f,-0.23858693297621006f,-0.9711211435310249f,-1.4542680739874818e-17f,0f,0f,0f,1f],start_interpolation:0}
execute if entity @s[tag=aj.toji.bone.bottom4] run data modify entity @s {} merge value {transformation:[-1f,-1.1782955028847656e-17f,1.2189651265482015e-16f,0.12499999999999999f,0f,0.9953605622428381f,0.09621512943202404f,0.4465246426465547f,-1.2246467991473532e-16f,0.09621512943202404f,-0.9953605622428381f,0.07455841655506566f,0f,0f,0f,1f],start_interpolation:0}
execute if entity @s[tag=aj.toji.bone.leftleg] run data modify entity @s {} merge value {transformation:[-1f,2.921847237876998e-17f,1.1892804000095869e-16f,0.11875f,0f,0.9711211435310249f,-0.23858693297621006f,0.75f,-1.2246467991473532e-16f,-0.23858693297621006f,-0.9711211435310249f,1.4542680739874818e-17f,0f,0f,0f,1f],start_interpolation:0}