execute if entity @s[tag=aj.toji.locator_origin.head] at @s on origin run tp @s ^0 ^1.48036 ^0.1705 ~0 ~13.14
execute if entity @s[tag=aj.toji.bone.blade2] run data modify entity @s {} merge value {transformation:[0.33985602110999913f,0.27706961968062044f,1.4344791078176482f,-0.3993447594665849f,1.459248968461912f,0.007547137043993699f,-0.34718221262801563f,0.8643910524508123f,-0.07134656935077742f,1.474169415831327f,-0.267832411163024f,0.6705308484807808f,0f,0f,0f,1f],start_interpolation:0}
execute if entity @s[tag=aj.toji.bone.chain2] run data modify entity @s {} merge value {transformation:[-1.484287410172428f,0.35165657739854117f,-0.2866900925861972f,-0.47139463564948514f,0.35923715056648875f,1.5099173354223951f,-0.007809190413576895f,0.9474875789813153f,0.27713214766173977f,-0.07382388078656836f,-1.525355853881026f,0.17405110963825673f,0f,0f,0f,1f],start_interpolation:0}
execute if entity @s[tag=aj.toji.bone.bottom2] run data modify entity @s {} merge value {transformation:[-0.9563194052117655f,0.22657068073999964f,-0.18471307978708007f,-0.42891263301073523f,0.2314548084186773f,0.9728326456412747f,-0.005031424695995851f,1.1298937000390543f,0.17855494077534909f,-0.04756437956718498f,-0.9827796105542179f,0.16513278846940954f,0f,0f,0f,1f],start_interpolation:0}
execute if entity @s[tag=aj.toji.bone.rightarm] run data modify entity @s {} merge value {transformation:[-0.9563194052117655f,0.22657068073999964f,-0.18471307978708007f,-0.3125f,0.2314548084186773f,0.9728326456412747f,-0.005031424695995851f,1.3586359359232056f,0.17855494077534909f,-0.04756437956718498f,-0.9827796105542179f,0.14208200977915397f,0f,0f,0f,1f],start_interpolation:0}
execute if entity @s[tag=aj.toji.bone.chain] run data modify entity @s {} merge value {transformation:[-1.484287158776173f,-0.3516571245668729f,0.2866907229831945f,0.42891271102189255f,-0.3592376941245385f,1.509917207355042f,-0.007808947710629093f,1.1298937425555964f,-0.2771327895131726f,-0.07382389373110607f,-1.5253557366405182f,0.1651328164008022f,0f,0f,0f,1f],start_interpolation:0}
execute if entity @s[tag=aj.toji.bone.blade] run data modify entity @s {} merge value {transformation:[0.3398565499169775f,-0.27707022892335603f,-1.4344788648575093f,0.3993447311502358f,-1.459248844692121f,0.007546902485440119f,-0.34718273794586235f,0.8643910395756094f,0.07134658186093466f,1.4741693025250644f,-0.26783303147581816f,0.670530841092408f,0f,0f,0f,1f],start_interpolation:0}
execute if entity @s[tag=aj.toji.bone.bottom] run data modify entity @s {} merge value {transformation:[-0.9563192432383395f,-0.22657103327798522f,0.1847134859489038f,0.42891271102189255f,-0.23145515863057511f,0.9728325631280806f,-0.0050312683236267974f,1.1298937425555964f,-0.17855535431721187f,-0.04756438790728981f,-0.9827795350167096f,0.1651328164008022f,0f,0f,0f,1f],start_interpolation:0}
execute if entity @s[tag=aj.toji.bone.leftarm] run data modify entity @s {} merge value {transformation:[-0.9563192432383395f,-0.22657103327798522f,0.1847134859489038f,0.3125f,-0.23145515863057511f,0.9728325631280806f,-0.0050312683236267974f,1.3586359359232056f,-0.17855535431721187f,-0.04756438790728981f,-0.9827795350167096f,0.14208200977915403f,0f,0f,0f,1f],start_interpolation:0}
execute if entity @s[tag=aj.toji.locator_origin.mount] at @s on origin run tp @s ^0 ^1.61255 ^0.3827 ~0 ~58.08
execute if entity @s[tag=aj.toji.bone.head] run data modify entity @s {} merge value {transformation:[-1f,-1.039464498409679e-16f,6.47513196164968e-17f,-2.0880033419095666e-17f,0f,0.5287346495461318f,0.8487871761338817f,1.4803631231078467f,-1.2246467991473532e-16f,0.8487871761338817f,-0.5287346495461318f,0.1704984117349848f,0f,0f,0f,1f],start_interpolation:0}
execute if entity @s[tag=aj.toji.bone.upper] run data modify entity @s {} merge value {transformation:[-1f,-2.784004455879422e-17f,1.1925824812390517e-16f,0f,0f,0.9738174974771289f,0.2273312156466464f,0.75f,-1.2246467991473532e-16f,0.2273312156466464f,-0.9738174974771289f,0f,0f,0f,0f,1f],start_interpolation:0}
execute if entity @s[tag=aj.toji.bone.bottom3] run data modify entity @s {} merge value {transformation:[-1f,1.445281928759572e-19f,1.224645946313466e-16f,-0.125f,0f,0.9999993036082827f,-0.0011801622555710216f,0.4375013601392439f,-1.2246467991473532e-16f,-0.0011801622555710216f,-0.9999993036082827f,-0.0009220006385348684f,0f,0f,0f,1f],start_interpolation:0}
execute if entity @s[tag=aj.toji.bone.rightleg] run data modify entity @s {} merge value {transformation:[-1f,-3.613200418539276e-19f,1.2246414689388046e-16f,-0.11875f,0f,0.9999956475544195f,0.00295040204331153f,0.75f,-1.2246467991473532e-16f,0.00295040204331153f,-0.9999956475544195f,-1.4542680739874818e-17f,0f,0f,0f,1f],start_interpolation:0}
execute if entity @s[tag=aj.toji.bone.bottom4] run data modify entity @s {} merge value {transformation:[-1f,1.445281928759572e-19f,1.224645946313466e-16f,0.125f,0f,0.9999993036082827f,-0.0011801622555710216f,0.4375013601392439f,-1.2246467991473532e-16f,-0.0011801622555710216f,-0.9999993036082827f,-0.0009220006385348378f,0f,0f,0f,1f],start_interpolation:0}
execute if entity @s[tag=aj.toji.bone.leftleg] run data modify entity @s {} merge value {transformation:[-1f,-3.613200418539276e-19f,1.2246414689388046e-16f,0.11875f,0f,0.9999956475544195f,0.00295040204331153f,0.75f,-1.2246467991473532e-16f,0.00295040204331153f,-0.9999956475544195f,1.4542680739874818e-17f,0f,0f,0f,1f],start_interpolation:0}