execute if entity @s[tag=aj.toji.locator_origin.head] at @s on origin run tp @s ^0 ^1.46279 ^0.23332 ~0 ~18.125
execute if entity @s[tag=aj.toji.bone.blade2] run data modify entity @s {} merge value {transformation:[0.35211679929394224f,0.19091073679555934f,1.4455334137373532f,-0.43287231754014777f,1.4576239066157322f,-0.08351077156115067f,-0.34403269887548793f,0.819777362286254f,0.03669204978303075f,1.48545583630394f,-0.20512106638100727f,0.6861558433477406f,0f,0f,0f,1f],start_interpolation:0}
execute if entity @s[tag=aj.toji.bone.chain2] run data modify entity @s {} merge value {transformation:[-1.4957255461587893f,0.36434307704720453f,-0.1975395818231826f,-0.47543129203312295f,0.3559782786975539f,1.5082358478176674f,0.0864104511292461f,0.933181941555574f,0.21224332563034748f,0.03796607928938594f,-1.5370341639533827f,0.1922768262277564f,0f,0f,0f,1f],start_interpolation:0}
execute if entity @s[tag=aj.toji.bone.bottom2] run data modify entity @s {} merge value {transformation:[-0.9636889424915688f,0.2347445328626284f,-0.12727382453037267f,-0.4314166921213801f,0.22935513258365886f,0.9717492710771548f,0.05567384770743372f,1.1153849298825405f,0.13674737758733796f,0.024461366522020467f,-0.9903038908692934f,0.19686333245063525f,0f,0f,0f,1f],start_interpolation:0}
execute if entity @s[tag=aj.toji.bone.rightarm] run data modify entity @s {} merge value {transformation:[-0.9636889424915688f,0.2347445328626284f,-0.12727382453037267f,-0.3125f,0.22935513258365886f,0.9717492710771548f,0.05567384770743372f,1.3439875518653506f,0.13674737758733796f,0.024461366522020467f,-0.9903038908692934f,0.19443196298193174f,0f,0f,0f,1f],start_interpolation:0}
execute if entity @s[tag=aj.toji.bone.chain] run data modify entity @s {} merge value {transformation:[-1.4957254756286817f,-0.3643428953486297f,0.19754045098521683f,0.4314166600143571f,-0.35597804467607524f,1.5082358909558014f,0.08641066226149001f,1.1153849135104326f,-0.21224421517455666f,0.03796610926666895f,-1.5370340403788065f,0.19686336344265185f,0f,0f,0f,1f],start_interpolation:0}
execute if entity @s[tag=aj.toji.bone.blade] run data modify entity @s {} merge value {transformation:[0.352116623692635f,-0.19091157679108234f,-1.4455333455740278f,0.43287197268449956f,-1.4576239483062778f,-0.08351097560841995f,-0.3440324727070791f,0.819777270048631f,-0.036692078754364664f,1.485455716876162f,-0.20512192607473964f,0.6861558294356808f,0f,0f,0f,1f],start_interpolation:0}
execute if entity @s[tag=aj.toji.bone.bottom] run data modify entity @s {} merge value {transformation:[-0.9636888970493519f,-0.23474441579509023f,0.127274384527388f,0.4314166600143571f,-0.2293549818047196f,0.9717492988708518f,0.05567398373894658f,1.1153849135104326f,-0.13674795071649287f,0.024461385836243077f,-0.9903038112507746f,0.19686336344265185f,0f,0f,0f,1f],start_interpolation:0}
execute if entity @s[tag=aj.toji.bone.leftarm] run data modify entity @s {} merge value {transformation:[-0.9636888970493519f,-0.23474441579509023f,0.127274384527388f,0.3125f,-0.2293549818047196f,0.9717492988708518f,0.05567398373894658f,1.3439875518653506f,-0.13674795071649287f,0.024461385836243077f,-0.9903038112507746f,0.1944319629819318f,0f,0f,0f,1f],start_interpolation:0}
execute if entity @s[tag=aj.toji.locator_origin.mount] at @s on origin run tp @s ^0 ^1.54637 ^0.46893 ~0 ~70.46875
execute if entity @s[tag=aj.toji.bone.head] run data modify entity @s {} merge value {transformation:[-1f,-1.154179749757385e-16f,4.0942506996010645e-17f,-2.857325773413113e-17f,0f,0.3343209407358628f,0.9424592874949494f,1.4627850622384209f,-1.2246467991473532e-16f,0.9424592874949494f,-0.3343209407358628f,0.23331835557831815f,0f,0f,0f,1f],start_interpolation:0}
execute if entity @s[tag=aj.toji.bone.upper] run data modify entity @s {} merge value {transformation:[-1f,-3.8097676978841506e-17f,1.1638799266004387e-16f,0f,0f,0.9503800829845611f,0.31109114077109085f,0.75f,-1.2246467991473532e-16f,0.31109114077109085f,-0.9503800829845611f,0f,0f,0f,0f,1f],start_interpolation:0}
execute if entity @s[tag=aj.toji.bone.bottom3] run data modify entity @s {} merge value {transformation:[-1f,7.868704850950777e-19f,1.224621519550357e-16f,-0.125f,0f,0.9999793576425353f,-0.006425285116026334f,0.4375403163762152f,-1.2246467991473532e-16f,-0.006425285116026334f,-0.9999793576425353f,-0.005019572663514127f,0f,0f,0f,1f],start_interpolation:0}
execute if entity @s[tag=aj.toji.bone.rightleg] run data modify entity @s {} merge value {transformation:[-1f,-1.9671051505472355e-18f,1.2244888045198806e-16f,-0.11875f,0f,0.9998709875961114f,0.016062632523245156f,0.75f,-1.2246467991473532e-16f,0.016062632523245156f,-0.9998709875961114f,-1.4542680739874818e-17f,0f,0f,0f,1f],start_interpolation:0}
execute if entity @s[tag=aj.toji.bone.bottom4] run data modify entity @s {} merge value {transformation:[-1f,7.868704850950777e-19f,1.224621519550357e-16f,0.125f,0f,0.9999793576425353f,-0.006425285116026334f,0.4375403163762152f,-1.2246467991473532e-16f,-0.006425285116026334f,-0.9999793576425353f,-0.005019572663514096f,0f,0f,0f,1f],start_interpolation:0}
execute if entity @s[tag=aj.toji.bone.leftleg] run data modify entity @s {} merge value {transformation:[-1f,-1.9671051505472355e-18f,1.2244888045198806e-16f,0.11875f,0f,0.9998709875961114f,0.016062632523245156f,0.75f,-1.2246467991473532e-16f,0.016062632523245156f,-0.9998709875961114f,1.4542680739874818e-17f,0f,0f,0f,1f],start_interpolation:0}