execute if entity @s[tag=aj.toji.locator_origin.head] at @s on origin run tp @s ^0 ^1.49843 ^0.04845 ~0 ~3.7037
execute if entity @s[tag=aj.toji.bone.blade2] run data modify entity @s {} merge value {transformation:[0.10917989352466712f,0.058461221632365695f,1.4948786025678453f,-0.3940376972554571f,1.4959188544234636f,0.01327498679397551f,-0.10977502314284238f,0.858539160896129f,-0.017508050443557674f,1.4988015413292284f,-0.057335921365184735f,0.5493372667502037f,0f,0f,0f,1f],start_interpolation:0}
execute if entity @s[tag=aj.toji.bone.chain2] run data modify entity @s {} merge value {transformation:[-1.5467841096014512f,0.11297086204982952f,-0.06049112516126694f,-0.4066307440516882f,0.11358665589085809f,1.5478604813131673f,-0.013735923835433018f,0.9419589463623157f,0.05932675196814219f,-0.018115968861736775f,-1.550843261514271f,0.04786852093875216f,0f,0f,0f,1f],start_interpolation:0}
execute if entity @s[tag=aj.toji.bone.bottom2] run data modify entity @s {} merge value {transformation:[-0.9965857350452302f,0.07278659568311163f,-0.03897414775491024f,-0.3929832573611048f,0.07318334876189514f,0.9972792362823091f,-0.008849991195983689f,1.1289488031652486f,0.038223947576789596f,-0.011672033629038459f,-0.9992010275528189f,0.045680014633307446f,0f,0f,0f,1f],start_interpolation:0}
execute if entity @s[tag=aj.toji.bone.rightarm] run data modify entity @s {} merge value {transformation:[-0.9965857350452302f,0.07278659568311163f,-0.03897414775491024f,-0.3125f,0.07318334876189514f,0.9972792362823091f,-0.008849991195983689f,1.3736946529382075f,0.038223947576789596f,-0.011672033629038459f,-0.9992010275528189f,0.04037300950249848f,0f,0f,0f,1f],start_interpolation:0}
execute if entity @s[tag=aj.toji.bone.chain] run data modify entity @s {} merge value {transformation:[-1.5467840899477285f,-0.1129710467338826f,0.06049128280619929f,0.39298328631744667f,-0.1135868418512426f,1.5478604678280417f,-0.013735905668289616f,1.128948812825687f,-0.05932690834646171f,-0.01811596936733623f,-1.550843255526181f,0.0456800210118599f,0f,0f,0f,1f],start_interpolation:0}
execute if entity @s[tag=aj.toji.bone.blade] run data modify entity @s {} merge value {transformation:[0.10918007201126874f,-0.05846137398719964f,-1.4948785835736436f,0.3940377081344396f,-1.4959188413908588f,0.01327496923646779f,-0.10977520286294554f,0.8585391671507179f,0.017508050932190704f,1.498801535542081f,-0.05733607249590964f,0.5493372713380279f,0f,0f,0f,1f],start_interpolation:0}
execute if entity @s[tag=aj.toji.bone.bottom] run data modify entity @s {} merge value {transformation:[-0.996585722382429f,-0.07278671467417938f,0.03897424932479954f,0.39298328631744667f,-0.07318346857529724f,0.997279227593906f,-0.008849979490978543f,1.128948812825687f,-0.0382240483306062f,-0.011672033954793812f,-0.9992010236947206f,0.0456800210118599f,0f,0f,0f,1f],start_interpolation:0}
execute if entity @s[tag=aj.toji.bone.leftarm] run data modify entity @s {} merge value {transformation:[-0.996585722382429f,-0.07278671467417938f,0.03897424932479954f,0.3125f,-0.07318346857529724f,0.997279227593906f,-0.008849979490978543f,1.3736946529382075f,-0.0382240483306062f,-0.011672033954793812f,-0.9992010236947206f,0.040373009502498565f,0f,0f,0f,1f],start_interpolation:0}
execute if entity @s[tag=aj.toji.locator_origin.mount] at @s on origin run tp @s ^0 ^1.73839 ^0.1186 ~0 ~16.2963
execute if entity @s[tag=aj.toji.bone.head] run data modify entity @s {} merge value {transformation:[-1f,-3.436416045358317e-17f,1.1754446946980944e-16f,-5.933121223101659e-18f,0f,0.9598234327779118f,0.2806046647695388f,1.4984335835258489f,-1.2246467991473532e-16f,0.2806046647695388f,-0.9598234327779118f,0.048447611402998234f,0f,0f,0f,1f],start_interpolation:0}
execute if entity @s[tag=aj.toji.bone.upper] run data modify entity @s {} merge value {transformation:[-1f,-7.910828297468879e-18f,1.2220890565857522e-16f,0f,0f,0.997911444701132f,0.06459681520399764f,0.75f,-1.2246467991473532e-16f,0.06459681520399764f,-0.997911444701132f,0f,0f,0f,0f,1f],start_interpolation:0}
execute if entity @s[tag=aj.toji.bone.bottom3] run data modify entity @s {} merge value {transformation:[-1f,1.0538516497177208e-20f,1.2246467946129714e-16f,-0.125f,0f,0.999999996297396f,-0.00008605351767149947f,0.43750000723164834f,-1.2246467991473532e-16f,-0.00008605351767149947f,-0.999999996297396f,-0.00006722931024525817f,0f,0f,0f,1f],start_interpolation:0}
execute if entity @s[tag=aj.toji.bone.rightleg] run data modify entity @s {} merge value {transformation:[-1f,-2.6346291072230733e-20f,1.2246467708074653e-16f,-0.11875f,0f,0.9999999768587253f,0.0002151337927847772f,0.75f,-1.2246467991473532e-16f,0.0002151337927847772f,-0.9999999768587253f,-1.4542680739874818e-17f,0f,0f,0f,1f],start_interpolation:0}
execute if entity @s[tag=aj.toji.bone.bottom4] run data modify entity @s {} merge value {transformation:[-1f,1.0538516497177208e-20f,1.2246467946129714e-16f,0.125f,0f,0.999999996297396f,-0.00008605351767149947f,0.43750000723164834f,-1.2246467991473532e-16f,-0.00008605351767149947f,-0.999999996297396f,-0.00006722931024522757f,0f,0f,0f,1f],start_interpolation:0}
execute if entity @s[tag=aj.toji.bone.leftleg] run data modify entity @s {} merge value {transformation:[-1f,-2.6346291072230733e-20f,1.2246467708074653e-16f,0.11875f,0f,0.9999999768587253f,0.0002151337927847772f,0.75f,-1.2246467991473532e-16f,0.0002151337927847772f,-0.9999999768587253f,1.4542680739874818e-17f,0f,0f,0f,1f],start_interpolation:0}