execute if entity @s[tag=aj.toji.locator_origin.head] at @s on origin run tp @s ^0 ^1.45477 ^-0.25652 ~0 ~-20
execute if entity @s[tag=aj.toji.bone.blade2] run data modify entity @s {} merge value {transformation:[-0.057015758889491536f,1.323384949202283f,0.7038476251740332f,0.11976399779951336f,0.11986749436712711f,0.70612637822057f,-1.3179595296424118f,1.5864315723303275f,-1.4941154530465182f,0.006149325651776573f,-0.13259411284678604f,0.31742797727879907f,0f,0f,0f,1f],start_interpolation:0}
execute if entity @s[tag=aj.toji.bone.chain2] run data modify entity @s {} merge value {transformation:[-0.7282867788259098f,-0.05899547273982094f,-1.3693358154940287f,-0.32519738803948306f,1.363722013310551f,0.12402956014376318f,-0.730644655242118f,1.3572615158692147f,0.13719807509841023f,-1.5459944618328558f,-0.006362843903574401f,0.22754583892864091f,0f,0f,0f,1f],start_interpolation:0}
execute if entity @s[tag=aj.toji.bone.bottom2] run data modify entity @s {} merge value {transformation:[-0.46923175011602236f,-0.038010505926327584f,-0.8822566328015218f,-0.3323243579006695f,0.8786396864282744f,0.07991166291141788f,-0.47075091881371356f,1.3722449526651055f,0.08839607523119047f,-0.9960769686976788f,-0.004099550434517735f,0.040781407297826144f,0f,0f,0f,1f],start_interpolation:0}
execute if entity @s[tag=aj.toji.bone.rightarm] run data modify entity @s {} merge value {transformation:[-0.46923175011602236f,-0.038010505926327584f,-0.8822566328015218f,-0.3125f,0.8786396864282744f,0.07991166291141788f,-0.47075091881371356f,1.3373078879911928f,0.08839607523119047f,-0.9960769686976788f,-0.004099550434517735f,-0.21376258957854294f,0f,0f,0f,1f],start_interpolation:0}
execute if entity @s[tag=aj.toji.bone.chain] run data modify entity @s {} merge value {transformation:[-0.7282857569478353f,0.05899547341538758f,1.3693363589544114f,0.33232431664240075f,-1.363722482384156f,0.12403041815191194f,-0.7306436340817382f,1.3722448333513206f,-0.1371988370141146f,-1.545994392971937f,-0.006363146424393622f,0.040781426887303907f,0f,0f,0f,1f],start_interpolation:0}
execute if entity @s[tag=aj.toji.bone.blade] run data modify entity @s {} merge value {transformation:[-0.05701575954238815f,-1.3233854744257398f,-0.7038466375871693f,-0.11976421487741745f,-0.11986832358305612f,0.706125391327317f,-1.317959982975292f,1.5864309712964442f,1.4941153864963685f,0.00614961802089045f,-0.13259484919484932f,0.3174280825077067f,0f,0f,0f,1f],start_interpolation:0}
execute if entity @s[tag=aj.toji.bone.bottom] run data modify entity @s {} merge value {transformation:[-0.4692310917247797f,0.03801050636159199f,0.8822569829504932f,0.33232431664240075f,-0.8786399886501944f,0.07991221572203722f,-0.47075026088487826f,1.3722448333513206f,-0.08839656612989932f,-0.9960769243309124f,-0.00409974534726032f,0.040781426887303907f,0f,0f,0f,1f],start_interpolation:0}
execute if entity @s[tag=aj.toji.bone.leftarm] run data modify entity @s {} merge value {transformation:[-0.4692310917247797f,0.03801050636159199f,0.8822569829504932f,0.3125f,-0.8786399886501944f,0.07991221572203722f,-0.47075026088487826f,1.3373078879911928f,-0.08839656612989932f,-0.9960769243309124f,-0.00409974534726032f,-0.21376258957854288f,0f,0f,0f,1f],start_interpolation:0}
execute if entity @s[tag=aj.toji.locator_origin.mount] at @s on origin run tp @s ^0 ^1.63909 ^-0.42541 ~0 ~-42.5
execute if entity @s[tag=aj.toji.bone.head] run data modify entity @s {} merge value {transformation:[-1f,8.27359385291814e-17f,9.029043306084034e-17f,3.1414040532577434e-17f,0f,0.7372773368101241f,-0.6755902076156601f,1.4547694655894312f,-1.2246467991473532e-16f,-0.6755902076156601f,-0.7372773368101241f,-0.2565151074942515f,0f,0f,0f,1f],start_interpolation:0}
execute if entity @s[tag=aj.toji.bone.upper] run data modify entity @s {} merge value {transformation:[-1f,4.188538737676991e-17f,1.1507915602278503e-16f,0f,0f,0.9396926207859084f,-0.34202014332566866f,0.75f,-1.2246467991473532e-16f,-0.34202014332566866f,-0.9396926207859084f,0f,0f,0f,0f,1f],start_interpolation:0}
execute if entity @s[tag=aj.toji.bone.bottom3] run data modify entity @s {} merge value {transformation:[-1f,-1.0673500138322964e-17f,1.21998664834562e-16f,-0.125f,0f,0.9961946980917455f,0.08715574274765811f,0.4449074977750208f,-1.2246467991473532e-16f,0.08715574274765811f,-0.9961946980917455f,0.06763737935565714f,0f,0f,0f,1f],start_interpolation:0}
execute if entity @s[tag=aj.toji.bone.rightleg] run data modify entity @s {} merge value {transformation:[-1f,2.6506208041798655e-17f,1.195617780139768e-16f,-0.11875f,0f,0.9762960071199334f,-0.21643961393810288f,0.75f,-1.2246467991473532e-16f,-0.21643961393810288f,-0.9762960071199334f,-1.4542680739874818e-17f,0f,0f,0f,1f],start_interpolation:0}
execute if entity @s[tag=aj.toji.bone.bottom4] run data modify entity @s {} merge value {transformation:[-1f,-1.0673500138322964e-17f,1.21998664834562e-16f,0.12499999999999999f,0f,0.9961946980917455f,0.08715574274765811f,0.4449074977750208f,-1.2246467991473532e-16f,0.08715574274765811f,-0.9961946980917455f,0.06763737935565717f,0f,0f,0f,1f],start_interpolation:0}
execute if entity @s[tag=aj.toji.bone.leftleg] run data modify entity @s {} merge value {transformation:[-1f,2.6506208041798655e-17f,1.195617780139768e-16f,0.11875f,0f,0.9762960071199334f,-0.21643961393810288f,0.75f,-1.2246467991473532e-16f,-0.21643961393810288f,-0.9762960071199334f,1.4542680739874818e-17f,0f,0f,0f,1f],start_interpolation:0}