execute if entity @s[tag=aj.toji.locator_origin.head] at @s on origin run tp @s ^0 ^1.48064 ^0.16931 ~0 ~13.04688
execute if entity @s[tag=aj.toji.bone.blade2] run data modify entity @s {} merge value {transformation:[0.3271730112088441f,0.24806795661811765f,1.4427127606130923f,-0.4049293572308149f,1.4628856056740183f,-0.0008021786492357533f,-0.33160980266146417f,0.8599049803197236f,-0.0540696351781486f,1.4793450055374935f,-0.24210499611320596f,0.6641344976390533f,0f,0f,0f,1f],start_interpolation:0}
execute if entity @s[tag=aj.toji.bone.chain2] run data modify entity @s {} merge value {transformation:[-1.4928069536899358f,0.3385331852091516f,-0.25668142733402416f,-0.46803849329479186f,0.34312403192054314f,1.5136802447599218f,0.0008300320745563631f,0.9460081699577428f,0.25051141958935863f,-0.05594705306627882f,-1.5307111515631011f,0.16695060194253675f,0f,0f,0f,1f],start_interpolation:0}
execute if entity @s[tag=aj.toji.bone.bottom2] run data modify entity @s {} merge value {transformation:[-0.9618085070753948f,0.2181153408058963f,-0.16537863774541153f,-0.4271418668936863f,0.22107320177430967f,0.9752570704493455f,0.0005347857661571198f,1.1288688706669952f,0.16140333074213709f,-0.0360464234520991f,-0.9862300036916624f,0.16019189754526816f,0f,0f,0f,1f],start_interpolation:0}
execute if entity @s[tag=aj.toji.bone.rightarm] run data modify entity @s {} merge value {transformation:[-0.9618085070753948f,0.2181153408058963f,-0.16537863774541153f,-0.3125f,0.22107320177430967f,0.9752570704493455f,0.0005347857661571198f,1.358866063168437f,0.16140333074213709f,-0.0360464234520991f,-0.9862300036916624f,0.14109258351085982f,0f,0f,0f,1f],start_interpolation:0}
execute if entity @s[tag=aj.toji.bone.chain] run data modify entity @s {} merge value {transformation:[-1.492806746156483f,-0.3385336257344374f,0.25668205330311195f,0.4271419294937275f,-0.34312446733810537f,1.5136801459430431f,0.0008302426753840538f,1.1288689041174007f,-0.25051205989881453f,-0.055947061013554546f,-1.5307110464814415f,0.1601919246096397f,0f,0f,0f,1f],start_interpolation:0}
execute if entity @s[tag=aj.toji.bone.blade] run data modify entity @s {} merge value {transformation:[0.3271734369514022f,-0.24806856158153134f,-1.442712560043849f,0.4049292960082449f,-1.4628855101731422f,-0.0008023821829215753f,-0.33161022346769875f,0.8599049635067326f,0.05406964285873722f,1.479344903982064f,-0.24210561493576738f,0.6641344924190752f,0f,0f,0f,1f],start_interpolation:0}
execute if entity @s[tag=aj.toji.bone.bottom] run data modify entity @s {} merge value {transformation:[-0.9618083733625661f,-0.21811562463426837f,0.165379041054354f,0.4271419294937275f,-0.2210734823117994f,0.9752570067820948f,0.0005349214552810011f,1.1288689041174007f,-0.16140374329051135f,-0.03604642857249152f,-0.9862299359880428f,0.1601919246096397f,0f,0f,0f,1f],start_interpolation:0}
execute if entity @s[tag=aj.toji.bone.leftarm] run data modify entity @s {} merge value {transformation:[-0.9618083733625661f,-0.21811562463426837f,0.165379041054354f,0.3125f,-0.2210734823117994f,0.9752570067820948f,0.0005349214552810011f,1.358866063168437f,-0.16140374329051135f,-0.03604642857249152f,-0.9862299359880428f,0.14109258351085988f,0f,0f,0f,1f],start_interpolation:0}
execute if entity @s[tag=aj.toji.locator_origin.mount] at @s on origin run tp @s ^0 ^1.61861 ^0.37779 ~0 ~56.50391
execute if entity @s[tag=aj.toji.bone.head] run data modify entity @s {} merge value {transformation:[-1f,-1.0212616831579689e-16f,6.758582374841709e-17f,-2.073462969360062e-17f,0f,0.5518801322591377f,0.8339234494949981f,1.4806392758021243f,-1.2246467991473532e-16f,0.8339234494949981f,-0.5518801322591377f,0.16931110021303183f,0f,0f,0f,1f],start_interpolation:0}
execute if entity @s[tag=aj.toji.bone.upper] run data modify entity @s {} merge value {transformation:[-1f,-2.7646172924800826e-17f,1.1930334005898823e-16f,0f,0f,0.9741857010694991f,0.22574813361737578f,0.75f,-1.2246467991473532e-16f,0.22574813361737578f,-0.9741857010694991f,0f,0f,0f,0f,1f],start_interpolation:0}
execute if entity @s[tag=aj.toji.bone.bottom3] run data modify entity @s {} merge value {transformation:[-1f,5.284296880623914e-19f,1.224635398340394e-16f,-0.125f,0f,0.9999906905346363f,-0.00431495585854064f,0.4375181824014275f,-1.2246467991473532e-16f,-0.00431495585854064f,-0.9999906905346363f,-0.003371004344770871f,0f,0f,0f,1f],start_interpolation:0}
execute if entity @s[tag=aj.toji.bone.rightleg] run data modify entity @s {} merge value {transformation:[-1f,-1.3210526978353437e-18f,1.2245755446842844e-16f,-0.11875f,0f,0.999941816315432f,0.010787213903266738f,0.75f,-1.2246467991473532e-16f,0.010787213903266738f,-0.999941816315432f,-1.4542680739874818e-17f,0f,0f,0f,1f],start_interpolation:0}
execute if entity @s[tag=aj.toji.bone.bottom4] run data modify entity @s {} merge value {transformation:[-1f,5.284296880623914e-19f,1.224635398340394e-16f,0.125f,0f,0.9999906905346363f,-0.00431495585854064f,0.4375181824014275f,-1.2246467991473532e-16f,-0.00431495585854064f,-0.9999906905346363f,-0.00337100434477084f,0f,0f,0f,1f],start_interpolation:0}
execute if entity @s[tag=aj.toji.bone.leftleg] run data modify entity @s {} merge value {transformation:[-1f,-1.3210526978353437e-18f,1.2245755446842844e-16f,0.11875f,0f,0.999941816315432f,0.010787213903266738f,0.75f,-1.2246467991473532e-16f,0.010787213903266738f,-0.999941816315432f,1.4542680739874818e-17f,0f,0f,0f,1f],start_interpolation:0}