execute if entity @s[tag=aj.toji.locator_origin.head] at @s on origin run tp @s ^0 ^1.44861 ^-0.27285 ~0 ~-21.33382
execute if entity @s[tag=aj.toji.bone.blade2] run data modify entity @s {} merge value {transformation:[0.13291200835743314f,0.429688366760533f,1.430979491643769f,-0.27572409937737236f,-0.5400097024688888f,1.3533294159809515f,-0.35621484118452745f,1.988217212983133f,-1.393098675354282f,-0.48359838638204905f,0.27460641182394574f,0.08779346417153683f,0f,0f,0f,1f],start_interpolation:0}
execute if entity @s[tag=aj.toji.bone.chain2] run data modify entity @s {} merge value {transformation:[-1.4806662795480667f,0.13752700864762213f,-0.44460810171749565f,-0.41089014792274176f,0.36858341205898987f,-0.5587600393601698f,-1.4003200207025126f,1.5045180234795552f,-0.2841413566789441f,-1.4414701571374169f,0.5003899970203147f,0.1675028228112807f,0f,0f,0f,1f],start_interpolation:0}
execute if entity @s[tag=aj.toji.bone.bottom2] run data modify entity @s {} merge value {transformation:[-0.9539863277625127f,0.0886080055716223f,-0.28645891117368844f,-0.39427614687806256f,0.2374765607896847f,-0.3600064683125926f,-0.9022196106539677f,1.437016810670944f,-0.18307094121596396f,-0.928732450236188f,0.3223989242546994f,-0.006634511608004545f,0f,0f,0f,1f],start_interpolation:0}
execute if entity @s[tag=aj.toji.bone.rightarm] run data modify entity @s {} merge value {transformation:[-0.9539863277625127f,0.0886080055716223f,-0.28645891117368844f,-0.31249999999999994f,0.2374765607896847f,-0.3600064683125926f,-0.9022196106539677f,1.3321729085434406f,-0.18307094121596396f,-0.928732450236188f,0.3223989242546994f,-0.2273756903410538f,0f,0f,0f,1f],start_interpolation:0}
execute if entity @s[tag=aj.toji.bone.chain] run data modify entity @s {} merge value {transformation:[-1.4806660805479392f,-0.1375261508719173f,0.444609029769155f,0.39427600069942054f,-0.36858459821170525f,-0.5587599031411552f,-1.40031976284487f,1.4370168364941651f,0.2841408550121411f,-1.4414702917782078f,0.5003898940275753f,-0.006634469719549424f,0f,0f,0f,1f],start_interpolation:0}
execute if entity @s[tag=aj.toji.bone.blade] run data modify entity @s {} merge value {transformation:[0.13291117936614794f,-0.4296892636695192f,-1.4309792993214983f,0.2757235013430275f,0.540009570820982f,1.3533291667762501f,-0.35621598753346045f,1.9882171318032449f,1.3930988054769258f,-0.48359828684544176f,0.2746059269915992f,0.08779356336958424f,0f,0f,0f,1f],start_interpolation:0}
execute if entity @s[tag=aj.toji.bone.bottom] run data modify entity @s {} merge value {transformation:[-0.9539861995476655f,-0.0886074529107655f,0.2864595091130126f,0.39427600069942054f,-0.23747732502230673f,-0.3600063805473214f,-0.9022194445175001f,1.4370168364941651f,0.1830706179943996f,-0.9287325369846171f,0.3223988578969612f,-0.006634469719549424f,0f,0f,0f,1f],start_interpolation:0}
execute if entity @s[tag=aj.toji.bone.leftarm] run data modify entity @s {} merge value {transformation:[-0.9539861995476655f,-0.0886074529107655f,0.2864595091130126f,0.31250000000000006f,-0.23747732502230673f,-0.3600063805473214f,-0.9022194445175001f,1.3321729085434406f,0.1830706179943996f,-0.9287325369846171f,0.3223988578969612f,-0.22737569034105373f,0f,0f,0f,1f],start_interpolation:0}
execute if entity @s[tag=aj.toji.locator_origin.mount] at @s on origin run tp @s ^0 ^1.62317 ^-0.45182 ~0 ~-45.71429
execute if entity @s[tag=aj.toji.bone.head] run data modify entity @s {} merge value {transformation:[-1f,8.766840455616151e-17f,8.550934843159418e-17f,3.341458936561095e-17f,0f,0.6982368180860729f,-0.7158668492597184f,1.4486074902521286f,-1.2246467991473532e-16f,-0.7158668492597184f,-0.6982368180860729f,-0.27285082840926456f,0f,0f,0f,1f],start_interpolation:0}
execute if entity @s[tag=aj.toji.bone.upper] run data modify entity @s {} merge value {transformation:[-1f,4.45527858208146e-17f,1.140729902396847e-16f,0f,0f,0.9314766536695049f,-0.36380110454568604f,0.75f,-1.2246467991473532e-16f,-0.36380110454568604f,-0.9314766536695049f,0f,0f,0f,0f,1f],start_interpolation:0}
execute if entity @s[tag=aj.toji.bone.bottom3] run data modify entity @s {} merge value {transformation:[-1f,-1.0863340491399135e-17f,1.21981907100957e-16f,-0.125f,0f,0.9960578608124854f,0.08870590687014915f,0.44517294790557194f,-1.2246467991473532e-16f,0.08870590687014915f,-0.9960578608124854f,0.06882382081387821f,0f,0f,0f,1f],start_interpolation:0}
execute if entity @s[tag=aj.toji.bone.rightleg] run data modify entity @s {} merge value {transformation:[-1f,2.6971158996738227e-17f,1.1945775156510875e-16f,-0.11875f,0f,0.9754465667021699f,-0.22023622660441033f,0.75f,-1.2246467991473532e-16f,-0.22023622660441033f,-0.9754465667021699f,-1.4542680739874818e-17f,0f,0f,0f,1f],start_interpolation:0}
execute if entity @s[tag=aj.toji.bone.bottom4] run data modify entity @s {} merge value {transformation:[-1f,-1.0863340491399135e-17f,1.21981907100957e-16f,0.12499999999999999f,0f,0.9960578608124854f,0.08870590687014915f,0.44517294790557194f,-1.2246467991473532e-16f,0.08870590687014915f,-0.9960578608124854f,0.06882382081387824f,0f,0f,0f,1f],start_interpolation:0}
execute if entity @s[tag=aj.toji.bone.leftleg] run data modify entity @s {} merge value {transformation:[-1f,2.6971158996738227e-17f,1.1945775156510875e-16f,0.11875f,0f,0.9754465667021699f,-0.22023622660441033f,0.75f,-1.2246467991473532e-16f,-0.22023622660441033f,-0.9754465667021699f,1.4542680739874818e-17f,0f,0f,0f,1f],start_interpolation:0}