execute if entity @s[tag=aj.toji.locator_origin.head] at @s on origin run tp @s ^0 ^1.44746 ^-0.27578 ~0 ~-21.57407
execute if entity @s[tag=aj.toji.bone.blade2] run data modify entity @s {} merge value {transformation:[0.804014145562228f,-0.5751666142515783f,1.1281598377828457f,-0.8336717552865551f,-0.2920091563098291f,1.2161202926259855f,0.8281196088093247f,1.8047905600326872f,-1.2321898824317061f,-0.6635019214091721f,0.5398826668075892f,-0.042241502441498546f,0f,0f,0f,1f],start_interpolation:0}
execute if entity @s[tag=aj.toji.bone.chain2] run data modify entity @s {} merge value {transformation:[-1.1673320543725274f,0.8319313033942501f,0.5951376772464252f,-0.5940107856966017f,-0.8568737618929823f,-0.30214836312614246f,-1.2583466916754986f,1.3818787063035398f,-0.5586285927384085f,-1.2749742533494737f,0.6865401825692129f,0.10707873091998041f,0f,0f,0f,1f],start_interpolation:0}
execute if entity @s[tag=aj.toji.bone.bottom2] run data modify entity @s {} merge value {transformation:[-0.7521065585218968f,0.5360094303748189f,0.3834444095010524f,-0.4935090175013232f,-0.5520797392062167f,-0.19467277087321927f,-0.8107468617506568f,1.3453775617648112f,-0.35992177787172625f,-0.8214599216211373f,0.4423346142727814f,-0.04694500438398283f,0f,0f,0f,1f],start_interpolation:0}
execute if entity @s[tag=aj.toji.bone.rightarm] run data modify entity @s {} merge value {transformation:[-0.7521065585218968f,0.5360094303748189f,0.3834444095010524f,-0.31249999999999994f,-0.5520797392062167f,-0.19467277087321927f,-0.8107468617506568f,1.331214352746895f,-0.35992177787172625f,-0.8214599216211373f,0.4423346142727814f,-0.2298148736722843f,0f,0f,0f,1f],start_interpolation:0}
execute if entity @s[tag=aj.toji.bone.chain] run data modify entity @s {} merge value {transformation:[-1.1673326199048477f,-0.8319308710907064f,-0.5951371722917786f,0.49350897064165133f,0.8568732667609124f,-0.30214904811417154f,-1.2583468643602578f,1.3453776920366576f,0.5586281704565911f,-1.2749743730997376f,0.6865403037858469f,-0.04694496809071272f,0f,0f,0f,1f],start_interpolation:0}
execute if entity @s[tag=aj.toji.bone.blade] run data modify entity @s {} merge value {transformation:[0.8040137277655146f,0.5751661262417187f,-1.1281603843375714f,0.8336714689055506f,0.2920098183116827f,1.216120459515954f,0.8281191302924249f,1.8047908678342899f,1.232189998163505f,-0.6635020385581337f,0.5398822586963026f,-0.042241483856308965f,0f,0f,0f,1f],start_interpolation:0}
execute if entity @s[tag=aj.toji.bone.bottom] run data modify entity @s {} merge value {transformation:[-0.7521069228917139f,-0.5360091518436766f,-0.38344408416114595f,0.49350897064165133f,0.5520794201949502f,-0.19467321220778835f,-0.8107469730106358f,1.3453776920366576f,0.3599215057975351f,-0.8214599987756698f,0.4423346923720892f,-0.04694496809071272f,0f,0f,0f,1f],start_interpolation:0}
execute if entity @s[tag=aj.toji.bone.leftarm] run data modify entity @s {} merge value {transformation:[-0.7521069228917139f,-0.5360091518436766f,-0.38344408416114595f,0.31250000000000006f,0.5520794201949502f,-0.19467321220778835f,-0.8107469730106358f,1.331214352746895f,0.3599215057975351f,-0.8214599987756698f,0.4423346923720892f,-0.22981487367228423f,0f,0f,0f,1f],start_interpolation:0}
execute if entity @s[tag=aj.toji.locator_origin.mount] at @s on origin run tp @s ^0 ^1.61902 ^-0.45762 ~0 ~-46.66667
execute if entity @s[tag=aj.toji.bone.head] run data modify entity @s {} merge value {transformation:[-1f,8.907758019365882e-17f,8.404036252575816e-17f,3.377304593270595e-17f,0f,0.6862416378687335f,-0.7273736415730486f,1.447457223296274f,-1.2246467991473532e-16f,-0.7273736415730486f,-0.6862416378687335f,-0.27577784840674113f,0f,0f,0f,1f],start_interpolation:0}
execute if entity @s[tag=aj.toji.bone.upper] run data modify entity @s {} merge value {transformation:[-1f,4.50307279102746e-17f,1.1388516747359768e-16f,0f,0f,0.9299429643950319f,-0.3677037978756548f,0.75f,-1.2246467991473532e-16f,-0.3677037978756548f,-0.9299429643950319f,0f,0f,0f,0f,1f],start_interpolation:0}
execute if entity @s[tag=aj.toji.bone.bottom3] run data modify entity @s {} merge value {transformation:[-1f,-1.1914275047385229e-17f,1.218837473854239e-16f,-0.125f,0f,0.995256325907879f,0.09728743875932558f,0.44672655951256507f,-1.2246467991473532e-16f,0.09728743875932558f,-0.995256325907879f,0.07537552848845748f,0f,0f,0f,1f],start_interpolation:0}
execute if entity @s[tag=aj.toji.bone.rightleg] run data modify entity @s {} merge value {transformation:[-1f,2.9538687903177475e-17f,1.188489114109896e-16f,-0.11875f,0f,0.9704750095597917f,-0.24120169116306397f,0.75f,-1.2246467991473532e-16f,-0.24120169116306397f,-0.9704750095597917f,-1.4542680739874818e-17f,0f,0f,0f,1f],start_interpolation:0}
execute if entity @s[tag=aj.toji.bone.bottom4] run data modify entity @s {} merge value {transformation:[-1f,-1.1914275047385229e-17f,1.218837473854239e-16f,0.12499999999999999f,0f,0.995256325907879f,0.09728743875932558f,0.44672655951256507f,-1.2246467991473532e-16f,0.09728743875932558f,-0.995256325907879f,0.07537552848845751f,0f,0f,0f,1f],start_interpolation:0}
execute if entity @s[tag=aj.toji.bone.leftleg] run data modify entity @s {} merge value {transformation:[-1f,2.9538687903177475e-17f,1.188489114109896e-16f,0.11875f,0f,0.9704750095597917f,-0.24120169116306397f,0.75f,-1.2246467991473532e-16f,-0.24120169116306397f,-0.9704750095597917f,1.4542680739874818e-17f,0f,0f,0f,1f],start_interpolation:0}