execute if entity @s[tag=aj.toji.locator_origin.head] at @s on origin run tp @s ^0 ^1.47154 ^0.20463 ~0 ~15.83333
execute if entity @s[tag=aj.toji.bone.blade2] run data modify entity @s {} merge value {transformation:[0.34050527731549135f,0.21654331350463563f,1.4447024432376145f,-0.42021028942274563f,1.4608349134387153f,-0.04622414261214785f,-0.3373791403129025f,0.838121518575244f,-0.004184710121578206f,1.4835674308962856f,-0.2213823980920648f,0.6766255120909355f,0f,0f,0f,1f],start_interpolation:0}
execute if entity @s[tag=aj.toji.bone.chain2] run data modify entity @s {} merge value {transformation:[-1.4948657225166986f,0.3523283772222796f,-0.22406217855687957f,-0.47200997435191905f,0.34909369379598976f,1.5115583479331152f,0.047829147563958466f,0.9392677547227539f,0.22906928691470563f,-0.004330012556355279f,-1.5350801889135177f,0.18096980495645945f,0f,0f,0f,1f],start_interpolation:0}
execute if entity @s[tag=aj.toji.bone.bottom2] run data modify entity @s {} merge value {transformation:[-0.9631349621584098f,0.2270035182103278f,-0.14436220900309019f,-0.4294468146874826f,0.22491942687526856f,0.9738899422924768f,0.030816095074765182f,1.1218721189025933f,0.14758826539470965f,-0.002789806747718837f,-0.989044953930857f,0.18044671619126218f,0f,0f,0f,1f],start_interpolation:0}
execute if entity @s[tag=aj.toji.bone.rightarm] run data modify entity @s {} merge value {transformation:[-0.9631349621584098f,0.2270035182103278f,-0.14436220900309019f,-0.3125f,0.22491942687526856f,0.9738899422924768f,0.030816095074765182f,1.3512871402960083f,0.14758826539470965f,-0.002789806747718837f,-0.989044953930857f,0.1705249979171631f,0f,0f,0f,1f],start_interpolation:0}
execute if entity @s[tag=aj.toji.bone.chain] run data modify entity @s {} merge value {transformation:[-1.4948655844053524f,-0.35232847704975484f,0.2240629430123512f,0.42944682520554517f,-0.3490937664178564f,1.5115583246935393f,0.047829351960570615f,1.1218721255702513f,-0.22907007753032893f,-0.004330002375677983f,-1.5350800709639831f,0.18044674638829233f,0f,0f,0f,1f],start_interpolation:0}
execute if entity @s[tag=aj.toji.bone.blade] run data modify entity @s {} merge value {transformation:[0.3405053737930513f,-0.21654405230723905f,-1.4447023097608773f,0.42021007095146f,-1.4608348909789908f,-0.04622434014981328f,-0.33737921049779374f,0.8381214634399928f,0.0041847002825343765f,1.483567316904789f,-0.2213831621769625f,0.6766255026818648f,0f,0f,0f,1f],start_interpolation:0}
execute if entity @s[tag=aj.toji.bone.bottom] run data modify entity @s {} merge value {transformation:[-0.9631348731739182f,-0.2270035825287011f,0.14436270153815914f,0.42944682520554517f,-0.22491947366519605f,0.9738899273193272f,0.030816226766542137f,1.1218721255702513f,-0.14758877478464144f,-0.002789800188356284f,-0.989044877936526f,0.18044674638829233f,0f,0f,0f,1f],start_interpolation:0}
execute if entity @s[tag=aj.toji.bone.leftarm] run data modify entity @s {} merge value {transformation:[-0.9631348731739182f,-0.2270035825287011f,0.14436270153815914f,0.3125f,-0.22491947366519605f,0.9738899273193272f,0.030816226766542137f,1.3512871402960083f,-0.14758877478464144f,-0.002789800188356284f,-0.989044877936526f,0.17052499791716316f,0f,0f,0f,1f],start_interpolation:0}
execute if entity @s[tag=aj.toji.locator_origin.mount] at @s on origin run tp @s ^0 ^1.58048 ^0.42965 ~0 ~64.16667
execute if entity @s[tag=aj.toji.bone.head] run data modify entity @s {} merge value {transformation:[-1f,-1.1022622256626399e-16f,5.336457331780147e-17f,-2.505994714486355e-17f,0f,0.43575480991707954f,0.900065411864121f,1.47154456835521f,-1.2246467991473532e-16f,0.900065411864121f,-0.43575480991707954f,0.20462999750059574f,0f,0f,0f,1f],start_interpolation:0}
execute if entity @s[tag=aj.toji.bone.upper] run data modify entity @s {} merge value {transformation:[-1f,-3.3413262859818066e-17f,1.1781829947711552e-16f,0f,0f,0.9620594244736133f,0.272839996667461f,0.75f,-1.2246467991473532e-16f,0.272839996667461f,-0.9620594244736133f,0f,0f,0f,0f,1f],start_interpolation:0}
execute if entity @s[tag=aj.toji.bone.bottom3] run data modify entity @s {} merge value {transformation:[-1f,7.226369384562164e-19f,1.2246254783595577e-16f,-0.125f,0f,0.9999825902555656f,-0.005900778403694389f,0.43753400288910793f,-1.2246467991473532e-16f,-0.005900778403694389f,-0.9999825902555656f,-0.00460984267583726f,0f,0f,0f,1f],start_interpolation:0}
execute if entity @s[tag=aj.toji.bone.rightleg] run data modify entity @s {} merge value {transformation:[-1f,-1.8065373048118244e-18f,1.2245135462535684e-16f,-0.11875f,0f,0.9998911907548547f,0.014751496562679182f,0.75f,-1.2246467991473532e-16f,0.014751496562679182f,-0.9998911907548547f,-1.4542680739874818e-17f,0f,0f,0f,1f],start_interpolation:0}
execute if entity @s[tag=aj.toji.bone.bottom4] run data modify entity @s {} merge value {transformation:[-1f,7.226369384562164e-19f,1.2246254783595577e-16f,0.125f,0f,0.9999825902555656f,-0.005900778403694389f,0.43753400288910793f,-1.2246467991473532e-16f,-0.005900778403694389f,-0.9999825902555656f,-0.0046098426758372285f,0f,0f,0f,1f],start_interpolation:0}
execute if entity @s[tag=aj.toji.bone.leftleg] run data modify entity @s {} merge value {transformation:[-1f,-1.8065373048118244e-18f,1.2245135462535684e-16f,0.11875f,0f,0.9998911907548547f,0.014751496562679182f,0.75f,-1.2246467991473532e-16f,0.014751496562679182f,-0.9998911907548547f,1.4542680739874818e-17f,0f,0f,0f,1f],start_interpolation:0}