execute if entity @s[tag=aj.toji.locator_origin.head] at @s on origin run tp @s ^0 ^1.38254 ^-0.40297 ~0 ~-32.5
execute if entity @s[tag=aj.toji.bone.blade2] run data modify entity @s {} merge value {transformation:[0.9759965813301194f,-0.4148885275166626f,1.0608007272654818f,-0.8375943823534553f,-0.623738863916464f,0.9742234342879097f,0.9549023665927682f,1.7808498378093416f,-0.9530899762730266f,-1.0624293905099416f,0.46137109500764684f,-0.375936853421769f,0f,0f,0f,1f],start_interpolation:0}
execute if entity @s[tag=aj.toji.bone.chain2] run data modify entity @s {} merge value {transformation:[-1.0976340858510887f,1.0098853515151933f,0.429294379166547f,-0.6413656998573466f,-0.9880586987661286f,-0.6453964633580077f,-1.008050636867351f,1.41925589033399f,-0.4773909246954124f,-0.9861833782269511f,1.099319299902648f,-0.07705147442911756f,0f,0f,0f,1f],start_interpolation:0}
execute if entity @s[tag=aj.toji.bone.bottom2] run data modify entity @s {} merge value {transformation:[-0.7072004848436544f,0.650664387553413f,0.27659235167777524f,-0.5193661271910817f,-0.6366015777285123f,-0.4158259092776425f,-0.649482289525273f,1.3412885323444321f,-0.3075807300050979f,-0.635393317515351f,0.7082862603399611f,-0.19618772146324587f,0f,0f,0f,1f],start_interpolation:0}
execute if entity @s[tag=aj.toji.bone.rightarm] run data modify entity @s {} merge value {transformation:[-0.7072004848436544f,0.650664387553413f,0.27659235167777524f,-0.31249999999999994f,-0.6366015777285123f,-0.4158259092776425f,-0.649482289525273f,1.2771196536330536f,-0.3075807300050979f,-0.635393317515351f,0.7082862603399611f,-0.335812255216765f,0f,0f,0f,1f],start_interpolation:0}
execute if entity @s[tag=aj.toji.bone.chain] run data modify entity @s {} merge value {transformation:[-1.097634692965384f,-1.0098848541854355f,-0.42929399680959923f,0.5193660715318306f,0.9880582082761145f,-0.6453972272796897f,-1.0080506285345958f,1.3412886751434956f,0.4773905439659374f,-0.9861833875693002f,1.0993194568574487f,-0.1961877046270496f,0f,0f,0f,1f],start_interpolation:0}
execute if entity @s[tag=aj.toji.bone.blade] run data modify entity @s {} merge value {transformation:[0.9759961006892796f,0.4148881579904849f,-1.0608013140068142f,0.8375941151982083f,0.6237396022031902f,0.9742234262347773f,0.9549018925621504f,1.7808501137441193f,0.953089985301874f,-1.0624295421978025f,0.4613707270543287f,-0.3759368854462313f,0f,0f,0f,1f],start_interpolation:0}
execute if entity @s[tag=aj.toji.bone.bottom] run data modify entity @s {} merge value {transformation:[-0.7072008760045426f,-0.6506640671261865f,-0.2765921053269901f,0.5193660715318306f,0.6366012617081005f,-0.41582640146879335f,-0.6494822841565181f,1.3412886751434956f,0.3075804847028858f,-0.6353933235345827f,0.7082863614652017f,-0.1961877046270496f,0f,0f,0f,1f],start_interpolation:0}
execute if entity @s[tag=aj.toji.bone.leftarm] run data modify entity @s {} merge value {transformation:[-0.7072008760045426f,-0.6506640671261865f,-0.2765921053269901f,0.31250000000000006f,0.6366012617081005f,-0.41582640146879335f,-0.6494822841565181f,1.2771196536330536f,0.3075804847028858f,-0.6353933235345827f,0.7082863614652017f,-0.3358122552167649f,0f,0f,0f,1f],start_interpolation:0}
execute if entity @s[tag=aj.toji.locator_origin.mount] at @s on origin run tp @s ^0 ^1.4882 ^-0.62955 ~0 ~-65
execute if entity @s[tag=aj.toji.bone.head] run data modify entity @s {} merge value {transformation:[-1f,1.1099069304367545e-16f,5.175581015019659e-17f,4.935016841587982e-17f,0f,0.4226182617406994f,-0.90630778703665f,1.3825435843596643f,-1.2246467991473532e-16f,-0.90630778703665f,-0.4226182617406994f,-0.4029747062601179f,0f,0f,0f,1f],start_interpolation:0}
execute if entity @s[tag=aj.toji.bone.upper] run data modify entity @s {} merge value {transformation:[-1f,6.580022455450643e-17f,1.0328566345430089e-16f,0f,0f,0.8433914458128857f,-0.5372996083468239f,0.75f,-1.2246467991473532e-16f,-0.5372996083468239f,-0.8433914458128857f,0f,0f,0f,0f,1f],start_interpolation:0}
execute if entity @s[tag=aj.toji.bone.bottom3] run data modify entity @s {} merge value {transformation:[-1f,-1.1914275047385229e-17f,1.218837473854239e-16f,-0.125f,0f,0.995256325907879f,0.09728743875932555f,0.44672655951256507f,-1.2246467991473532e-16f,0.09728743875932555f,-0.995256325907879f,0.07537552848845748f,0f,0f,0f,1f],start_interpolation:0}
execute if entity @s[tag=aj.toji.bone.rightleg] run data modify entity @s {} merge value {transformation:[-1f,2.9538687903177475e-17f,1.188489114109896e-16f,-0.11875f,0f,0.9704750095597917f,-0.241201691163064f,0.75f,-1.2246467991473532e-16f,-0.241201691163064f,-0.9704750095597917f,-1.4542680739874818e-17f,0f,0f,0f,1f],start_interpolation:0}
execute if entity @s[tag=aj.toji.bone.bottom4] run data modify entity @s {} merge value {transformation:[-1f,-1.1914275047385229e-17f,1.218837473854239e-16f,0.12499999999999999f,0f,0.995256325907879f,0.09728743875932555f,0.44672655951256507f,-1.2246467991473532e-16f,0.09728743875932555f,-0.995256325907879f,0.07537552848845751f,0f,0f,0f,1f],start_interpolation:0}
execute if entity @s[tag=aj.toji.bone.leftleg] run data modify entity @s {} merge value {transformation:[-1f,2.9538687903177475e-17f,1.188489114109896e-16f,0.11875f,0f,0.9704750095597917f,-0.241201691163064f,0.75f,-1.2246467991473532e-16f,-0.241201691163064f,-0.9704750095597917f,1.4542680739874818e-17f,0f,0f,0f,1f],start_interpolation:0}