execute if entity @s[tag=aj.toji.locator_origin.head] at @s on origin run tp @s ^0 ^1.37259 ^-0.41819 ~0 ~-33.88889
execute if entity @s[tag=aj.toji.bone.blade2] run data modify entity @s {} merge value {transformation:[0.9940091253614232f,-0.395615156188741f,1.0513964556207978f,-0.8370762675816865f,-0.6554393968901029f,0.9359210050084826f,0.9718287243070405f,1.7701644546001147f,-0.9123294666416054f,-1.1034221860093578f,0.44734150681528906f,-0.41599529141557234f,0f,0f,0f,1f],start_interpolation:0}
execute if entity @s[tag=aj.toji.bone.chain2] run data modify entity @s {} merge value {transformation:[-1.0879032769965198f,1.0285233311031396f,0.40935179355640583f,-0.6462275138812817f,-1.0055727772343688f,-0.6781977092821202f,-0.9684182621268326f,1.4195022296247026f,-0.46287419802415336f,-0.9440075731222167f,1.141735456356905f,-0.10103322124387268f,0f,0f,0f,1f],start_interpolation:0}
execute if entity @s[tag=aj.toji.bone.bottom2] run data modify entity @s {} merge value {transformation:[-0.700930970413865f,0.662672750240949f,0.2637434374591608f,-0.5219763732111038f,-0.6478858162046939f,-0.4369595979267351f,-0.6239473366723216f,1.3375723050134398f,-0.2982276712101927f,-0.6082196444277369f,0.7356147906729052f,-0.21507440457407334f,0f,0f,0f,1f],start_interpolation:0}
execute if entity @s[tag=aj.toji.bone.rightarm] run data modify entity @s {} merge value {transformation:[-0.700930970413865f,0.662672750240949f,0.2637434374591608f,-0.31249999999999994f,-0.6478858162046939f,-0.4369595979267351f,-0.6239473366723216f,1.2688252690445494f,-0.2982276712101927f,-0.6082196444277369f,0.7356147906729052f,-0.34849008623037053f,0f,0f,0f,1f],start_interpolation:0}
execute if entity @s[tag=aj.toji.bone.chain] run data modify entity @s {} merge value {transformation:[-1.0879038703755395f,-1.0285228430114746f,-0.4093514429394705f,0.5219763184867694f,1.0055723052341987f,-0.678198454899612f,-0.9684182300684294f,1.3375724441196197f,0.4628738287903221f,-0.9440075692421558f,1.1417356092570712f,-0.21507439033057307f,0f,0f,0f,1f],start_interpolation:0}
execute if entity @s[tag=aj.toji.bone.blade] run data modify entity @s {} merge value {transformation:[0.9940086536486732f,0.3956148173374746f,-1.0513970290877699f,0.83707601323913f,0.6554401174868735f,0.9359209740258648f,0.9718282681458024f,1.7701647159296088f,0.9123294628917479f,-1.1034223337786457f,0.44734114997185487f,-0.4159953270763206f,0f,0f,0f,1f],start_interpolation:0}
execute if entity @s[tag=aj.toji.bone.bottom] run data modify entity @s {} merge value {transformation:[-0.7009313527251797f,-0.6626724357657823f,-0.26374321155831654f,0.5219763184867694f,0.6478855120972018f,-0.43696007832458217f,-0.6239473160172431f,1.3375724441196197f,0.2982274333145699f,-0.6082196419278318f,0.7356148891857639f,-0.21507439033057307f,0f,0f,0f,1f],start_interpolation:0}
execute if entity @s[tag=aj.toji.bone.leftarm] run data modify entity @s {} merge value {transformation:[-0.7009313527251797f,-0.6626724357657823f,-0.26374321155831654f,0.31250000000000006f,0.6478855120972018f,-0.43696007832458217f,-0.6239473160172431f,1.2688252690445494f,0.2982274333145699f,-0.6082196419278318f,0.7356148891857639f,-0.3484900862303704f,0f,0f,0f,1f],start_interpolation:0}
execute if entity @s[tag=aj.toji.locator_origin.mount] at @s on origin run tp @s ^0 ^1.46826 ^-0.64916 ~0 ~-67.5
execute if entity @s[tag=aj.toji.bone.head] run data modify entity @s {} merge value {transformation:[-1f,1.1314261122877003e-16f,4.686520405326298e-17f,5.1213272236392995e-17f,0f,0.3826834323650898f,-0.9238795325112866f,1.372590322853459f,-1.2246467991473532e-16f,-0.9238795325112866f,-0.3826834323650898f,-0.41818810347644453f,0f,0f,0f,1f],start_interpolation:0}
execute if entity @s[tag=aj.toji.bone.upper] run data modify entity @s {} merge value {transformation:[-1f,6.828436298185733e-17f,1.0166043280834745e-16f,0f,0f,0.8301204304712788f,-0.5575841379685927f,0.75f,-1.2246467991473532e-16f,-0.5575841379685927f,-0.8301204304712788f,0f,0f,0f,0f,1f],start_interpolation:0}
execute if entity @s[tag=aj.toji.bone.bottom3] run data modify entity @s {} merge value {transformation:[-1f,-1.1987224647481585e-17f,1.2187659443826523e-16f,-0.125f,0f,0.9951979176618146f,0.09788311744927244f,0.4468396862963117f,-1.2246467991473532e-16f,0.09788311744927244f,-0.9951979176618146f,0.07582924366681562f,0f,0f,0f,1f],start_interpolation:0}
execute if entity @s[tag=aj.toji.bone.rightleg] run data modify entity @s {} merge value {transformation:[-1f,2.971649297226575e-17f,1.1880457849783338e-16f,-0.11875f,0f,0.9701130038518025f,-0.24265357973381005f,0.75f,-1.2246467991473532e-16f,-0.24265357973381005f,-0.9701130038518025f,-1.4542680739874818e-17f,0f,0f,0f,1f],start_interpolation:0}
execute if entity @s[tag=aj.toji.bone.bottom4] run data modify entity @s {} merge value {transformation:[-1f,-1.1987224647481585e-17f,1.2187659443826523e-16f,0.12499999999999999f,0f,0.9951979176618146f,0.09788311744927244f,0.4468396862963117f,-1.2246467991473532e-16f,0.09788311744927244f,-0.9951979176618146f,0.07582924366681565f,0f,0f,0f,1f],start_interpolation:0}
execute if entity @s[tag=aj.toji.bone.leftleg] run data modify entity @s {} merge value {transformation:[-1f,2.971649297226575e-17f,1.1880457849783338e-16f,0.11875f,0f,0.9701130038518025f,-0.24265357973381005f,0.75f,-1.2246467991473532e-16f,-0.24265357973381005f,-0.9701130038518025f,1.4542680739874818e-17f,0f,0f,0f,1f],start_interpolation:0}