execute if entity @s[tag=aj.toji.locator_origin.head] at @s on origin run tp @s ^0 ^1.46734 ^0.21891 ~0 ~16.97049
execute if entity @s[tag=aj.toji.bone.blade2] run data modify entity @s {} merge value {transformation:[0.346194751833374f,0.20378909119742777f,1.4452055909495904f,-0.42648351437732296f,1.4594140552474968f,-0.06473947092754323f,-0.34046940574753265f,0.8290647087181588f,0.016118596374523973f,1.484681382389147f,-0.21321675271414983f,0.6814391481758818f,0f,0f,0f,1f],start_interpolation:0}
execute if entity @s[tag=aj.toji.bone.chain2] run data modify entity @s {} merge value {transformation:[-1.4953863406353403f,0.35821540293869986f,-0.21086510130844924f,-0.4736903689076338f,0.3522912601137668f,1.5100881543880351f,0.06698736922363842f,0.9363083137071285f,0.2206201121833908f,0.01667826985975045f,-1.536232819277659f,0.18660718625863582f,0f,0f,0f,1f],start_interpolation:0}
execute if entity @s[tag=aj.toji.bone.bottom2] run data modify entity @s {} merge value {transformation:[-0.9634703939663937f,0.23079650122224954f,-0.1358593941316183f,-0.430416024928462f,0.22697960383168866f,0.9729427034983312f,0.043159647285028774f,1.1187350706130657f,0.142144501809433f,0.010745730916349283f,-0.9897875882594313f,0.1886220108054513f,0f,0f,0f,1f],start_interpolation:0}
execute if entity @s[tag=aj.toji.bone.rightarm] run data modify entity @s {} merge value {transformation:[-0.9634703939663937f,0.23079650122224954f,-0.1358593941316183f,-0.3125f,0.22697960383168866f,0.9729427034983312f,0.043159647285028774f,1.3477845212481678f,0.142144501809433f,0.010745730916349283f,-0.9897875882594313f,0.18242441217144906f,0f,0f,0f,1f],start_interpolation:0}
execute if entity @s[tag=aj.toji.bone.chain] run data modify entity @s {} merge value {transformation:[-1.4953862348822113f,-0.3582153631990054f,0.21086591878281435f,0.4304160142689221f,-0.35229118138241217f,1.5100881636003476f,0.06698757560492646f,1.1187350659588131f,-0.2206209547076165f,0.016678289284157516f,-1.5362326980706944f,0.18862204160383783f,0f,0f,0f,1f],start_interpolation:0}
execute if entity @s[tag=aj.toji.bone.blade] run data modify entity @s {} merge value {transformation:[0.3461947134272263f,-0.2037898812397672f,-1.4452054887452241f,0.42648323284591355f,-1.4594140641506714f,-0.0647396703832847f,-0.3404693296581698f,0.8290646358075271f,-0.016118615147105296f,1.48468126524953f,-0.21321756696575048f,0.6814391366926695f,0f,0f,0f,1f],start_interpolation:0}
execute if entity @s[tag=aj.toji.bone.bottom] run data modify entity @s {} merge value {transformation:[-0.9634703258301495f,-0.2307964756181511f,0.13585992082651124f,0.4304160142689221f,-0.22697955310544674f,0.9729427094337809f,0.043159780255523084f,1.1187350659588131f,-0.14214504464383343f,0.010745743431403498f,-0.9897875101663534f,0.18862204160383783f,0f,0f,0f,1f],start_interpolation:0}
execute if entity @s[tag=aj.toji.bone.leftarm] run data modify entity @s {} merge value {transformation:[-0.9634703258301495f,-0.2307964756181511f,0.13585992082651124f,0.3125f,-0.22697955310544674f,0.9729427094337809f,0.043159780255523084f,1.3477845212481678f,-0.14214504464383343f,0.010745743431403498f,-0.9897875101663534f,0.1824244121714491f,0f,0f,0f,1f],start_interpolation:0}
execute if entity @s[tag=aj.toji.locator_origin.mount] at @s on origin run tp @s ^0 ^1.56384 ^0.44953 ~0 ~67.29384
execute if entity @s[tag=aj.toji.bone.head] run data modify entity @s {} merge value {transformation:[-1f,-1.129732475304983e-16f,4.727201253417648e-17f,-2.680865669425231e-17f,0f,0.38600527570144383f,0.9224965729641776f,1.4673414254978014f,-1.2246467991473532e-16f,0.9224965729641776f,-0.38600527570144383f,0.21890929460573888f,0f,0f,0f,1f],start_interpolation:0}
execute if entity @s[tag=aj.toji.bone.upper] run data modify entity @s {} merge value {transformation:[-1f,-3.574487559233641e-17f,1.1713198408422427e-16f,0f,0f,0.9564552339970686f,0.2918790594743185f,0.75f,-1.2246467991473532e-16f,0.2918790594743185f,-0.9564552339970686f,0f,0f,0f,0f,1f],start_interpolation:0}
execute if entity @s[tag=aj.toji.bone.bottom3] run data modify entity @s {} merge value {transformation:[-1f,7.632847539039306e-19f,1.2246230123186088e-16f,-0.125f,0f,0.999980576580316f,-0.0062326930053249584f,0.43753793572182487f,-1.2246467991473532e-16f,-0.0062326930053249584f,-0.999980576580316f,-0.004869125899124876f,0f,0f,0f,1f],start_interpolation:0}
execute if entity @s[tag=aj.toji.bone.rightleg] run data modify entity @s {} merge value {transformation:[-1f,-1.9081470230427966e-18f,1.2244981339943737e-16f,-0.11875f,0f,0.9998786056901605f,0.015581202877199555f,0.75f,-1.2246467991473532e-16f,0.015581202877199555f,-0.9998786056901605f,-1.4542680739874818e-17f,0f,0f,0f,1f],start_interpolation:0}
execute if entity @s[tag=aj.toji.bone.bottom4] run data modify entity @s {} merge value {transformation:[-1f,7.632847539039306e-19f,1.2246230123186088e-16f,0.125f,0f,0.999980576580316f,-0.0062326930053249584f,0.43753793572182487f,-1.2246467991473532e-16f,-0.0062326930053249584f,-0.999980576580316f,-0.004869125899124845f,0f,0f,0f,1f],start_interpolation:0}
execute if entity @s[tag=aj.toji.bone.leftleg] run data modify entity @s {} merge value {transformation:[-1f,-1.9081470230427966e-18f,1.2244981339943737e-16f,0.11875f,0f,0.9998786056901605f,0.015581202877199555f,0.75f,-1.2246467991473532e-16f,0.015581202877199555f,-0.9998786056901605f,1.4542680739874818e-17f,0f,0f,0f,1f],start_interpolation:0}