execute if entity @s[tag=aj.toji.locator_origin.head] at @s on origin run tp @s ^0 ^1.49358 ^0.09789 ~0 ~7.5
execute if entity @s[tag=aj.toji.bone.blade2] run data modify entity @s {} merge value {transformation:[-0.05701575888949157f,1.323384949202283f,0.7038476251740333f,0.11976399779951336f,0.7962295045068352f,0.6235023044825095f,-1.1078192327531597f,1.3453519375588063f,-1.2699479435752692f,0.33150739438189175f,-0.726178399623036f,0.6677831731896728f,0f,0f,0f,1f],start_interpolation:0}
execute if entity @s[tag=aj.toji.bone.chain2] run data modify entity @s {} merge value {transformation:[-0.7282867788259099f,-0.058995472739820976f,-1.3693358154940287f,-0.32519738803948306f,1.1462851783348669f,0.8238763623022113f,-0.6451516900548192f,1.1835785675755195f,0.7513929273877243f,-1.3140433582827442f,-0.34301806779792987f,0.4822377869979456f,0f,0f,0f,1f],start_interpolation:0}
execute if entity @s[tag=aj.toji.bone.bottom2] run data modify entity @s {} merge value {transformation:[-0.4692317501160224f,-0.038010505926327605f,-0.8822566328015218f,-0.3323243579006695f,0.7385461551687732f,0.5308196696712233f,-0.41566820298833984f,1.2831072556388738f,0.4841189330820237f,-0.8466319623835129f,-0.22100492958792795f,0.3234942940510369f,0f,0f,0f,1f],start_interpolation:0}
execute if entity @s[tag=aj.toji.bone.rightarm] run data modify entity @s {} merge value {transformation:[-0.4692317501160224f,-0.038010505926327605f,-0.8822566328015218f,-0.3125f,0.7385461551687732f,0.5308196696712233f,-0.41566820298833984f,1.3696530383586314f,0.4841189330820237f,-0.8466319623835129f,-0.22100492958792795f,0.08157887013753219f,0f,0f,0f,1f],start_interpolation:0}
execute if entity @s[tag=aj.toji.bone.chain] run data modify entity @s {} merge value {transformation:[-0.7282857569478352f,0.058995473415387543f,1.3693363589544114f,0.33232431664240075f,-1.1462852425947163f,0.8238770915683006f,-0.6451506445859311f,1.28310714076084f,-0.7513938198092946f,-1.3140429010182904f,-0.3430178646177845f,0.3234942563341412f,0f,0f,0f,1f],start_interpolation:0}
execute if entity @s[tag=aj.toji.bone.blade] run data modify entity @s {} merge value {transformation:[-0.05701575954238811f,-1.3233854744257398f,-0.7038466375871691f,-0.1197642148774174f,-0.7962302093009082f,0.62350129409647f,-1.1078192948566385f,1.3453513558459387f,1.26994750165526f,0.33150719801987205f,-0.7261792620975738f,0.6677829890022917f,0f,0f,0f,1f],start_interpolation:0}
execute if entity @s[tag=aj.toji.bone.bottom] run data modify entity @s {} merge value {transformation:[-0.46923109172477967f,0.03801050636159197f,0.8822569829504932f,0.33232431664240075f,-0.7385461965710923f,0.5308201395339386f,-0.41566752939764684f,1.28310714076084f,-0.4841195080650489f,-0.8466316677701735f,-0.22100479867991482f,0.3234942563341412f,0f,0f,0f,1f],start_interpolation:0}
execute if entity @s[tag=aj.toji.bone.leftarm] run data modify entity @s {} merge value {transformation:[-0.46923109172477967f,0.03801050636159197f,0.8822569829504932f,0.3125f,-0.7385461965710923f,0.5308201395339386f,-0.41566752939764684f,1.3696530383586314f,-0.4841195080650489f,-0.8466316677701735f,-0.22100479867991482f,0.08157887013753228f,0f,0f,0f,1f],start_interpolation:0}
execute if entity @s[tag=aj.toji.locator_origin.mount] at @s on origin run tp @s ^0 ^1.72455 ^0.19357 ~0 ~22.5
execute if entity @s[tag=aj.toji.bone.head] run data modify entity @s {} merge value {transformation:[-1f,-4.686520405326298e-17f,1.1314261122877005e-16f,-1.1988636263038374e-17f,0f,0.9238795325112867f,0.3826834323650897f,1.4935836460303578f,-1.2246467991473532e-16f,0.3826834323650897f,-0.9238795325112867f,0.09789464416503868f,0f,0f,0f,1f],start_interpolation:0}
execute if entity @s[tag=aj.toji.bone.upper] run data modify entity @s {} merge value {transformation:[-1f,-1.5984848350717833e-17f,1.2141697760125282e-16f,0f,0f,0.9914448613738104f,0.13052619222005157f,0.75f,-1.2246467991473532e-16f,0.13052619222005157f,-0.9914448613738104f,0f,0f,0f,0f,1f],start_interpolation:0}
execute if entity @s[tag=aj.toji.bone.bottom3] run data modify entity @s {} merge value {transformation:[-1f,0f,1.2246467991473532e-16f,-0.125f,0f,1f,0f,0.4375f,-1.2246467991473532e-16f,0f,-1f,-1.5308084989341915e-17f,0f,0f,0f,1f],start_interpolation:0}
execute if entity @s[tag=aj.toji.bone.rightleg] run data modify entity @s {} merge value {transformation:[-1f,0f,1.2246467991473532e-16f,-0.11875f,0f,1f,0f,0.75f,-1.2246467991473532e-16f,0f,-1f,-1.4542680739874818e-17f,0f,0f,0f,1f],start_interpolation:0}
execute if entity @s[tag=aj.toji.bone.bottom4] run data modify entity @s {} merge value {transformation:[-1f,0f,1.2246467991473532e-16f,0.125f,0f,1f,0f,0.4375f,-1.2246467991473532e-16f,0f,-1f,1.5308084989341915e-17f,0f,0f,0f,1f],start_interpolation:0}
execute if entity @s[tag=aj.toji.bone.leftleg] run data modify entity @s {} merge value {transformation:[-1f,0f,1.2246467991473532e-16f,0.11875f,0f,1f,0f,0.75f,-1.2246467991473532e-16f,0f,-1f,1.4542680739874818e-17f,0f,0f,0f,1f],start_interpolation:0}