execute if entity @s[tag=aj.toji.locator_origin.head] at @s on origin run tp @s ^0 ^1.44291 ^-0.28701 ~0 ~-22.5
execute if entity @s[tag=aj.toji.bone.blade2] run data modify entity @s {} merge value {transformation:[0.8186103715962141f,-0.5658676013809837f,1.1223506213400696f,-0.8354377625185603f,-0.322160454657307f,1.2001930483494219f,0.8400888572935119f,1.8057459123865578f,-1.2149443201110515f,-0.6995216253991391f,0.5334602090398504f,-0.069403431113778f,0f,0f,0f,1f],start_interpolation:0}
execute if entity @s[tag=aj.toji.bone.chain2] run data modify entity @s {} merge value {transformation:[-1.1613211290254883f,0.847034342832194f,0.5855157819844904f,-0.5980259676047319f,-0.8692586092828704f,-0.33334658155513003f,-1.2418664180837768f,1.3863844713740392f,-0.5519831329648454f,-1.257129886781574f,0.7238105707254983f,0.092954106094215f,0f,0f,0f,1f],start_interpolation:0}
execute if entity @s[tag=aj.toji.bone.bottom2] run data modify entity @s {} merge value {transformation:[-0.7482337475600461f,0.5457402477308095f,0.3772450675873226f,-0.4956996711552052f,-0.5600592381956748f,-0.21477363643820457f,-0.8001286988996145f,1.3461144145418757f,-0.3556401393599003f,-0.8099628800740342f,0.46634775026609276f,-0.0589139339196664f,0f,0f,0f,1f],start_interpolation:0}
execute if entity @s[tag=aj.toji.bone.rightarm] run data modify entity @s {} merge value {transformation:[-0.7482337475600461f,0.5457402477308095f,0.3772450675873226f,-0.31249999999999994f,-0.5600592381956748f,-0.21477363643820457f,-0.8001286988996145f,1.3274247078195542f,-0.3556401393599003f,-0.8099628800740342f,0.46634775026609276f,-0.23917714522818118f,0f,0f,0f,1f],start_interpolation:0}
execute if entity @s[tag=aj.toji.bone.chain] run data modify entity @s {} merge value {transformation:[-1.161321685996106f,-0.8470339129223453f,-0.585515299207232f,0.4956996243363284f,0.8692581263740861f,-0.33334726035003964f,-1.2418665738962653f,1.3461145433239599f,0.5519827216307475f,-1.257129996455297f,0.7238106939279975f,-0.05891389969031102f,0f,0f,0f,1f],start_interpolation:0}
execute if entity @s[tag=aj.toji.bone.blade] run data modify entity @s {} merge value {transformation:[0.8186099561128704f,0.5658671348043045f,-1.122351159620398f,0.835437483756728f,0.32216111067386394f,1.2001931989333035f,0.8400883905897203f,1.8057462121502583f,1.2149444261044484f,-0.6995217444673263f,0.5334598115089102f,-0.06940341702637406f,0f,0f,0f,1f],start_interpolation:0}
execute if entity @s[tag=aj.toji.bone.bottom] run data modify entity @s {} merge value {transformation:[-0.7482341064135984f,-0.5457399707419137f,-0.37724475653620315f,0.4956996243363284f,0.5600589270598137f,-0.21477407378257585f,-0.8001287992888688f,1.3461145433239599f,0.3556398743392735f,-0.8099629507362988f,0.46634782964488425f,-0.05891389969031102f,0f,0f,0f,1f],start_interpolation:0}
execute if entity @s[tag=aj.toji.bone.leftarm] run data modify entity @s {} merge value {transformation:[-0.7482341064135984f,-0.5457399707419137f,-0.37724475653620315f,0.31250000000000006f,0.5600589270598137f,-0.21477407378257585f,-0.8001287992888688f,1.3274247078195542f,0.3556398743392735f,-0.8099629507362988f,0.46634782964488425f,-0.23917714522818112f,0f,0f,0f,1f],start_interpolation:0}
execute if entity @s[tag=aj.toji.locator_origin.mount] at @s on origin run tp @s ^0 ^1.60911 ^-0.47377 ~0 ~-48.33333
execute if entity @s[tag=aj.toji.bone.head] run data modify entity @s {} merge value {transformation:[-1f,9.148418623781094e-17f,8.141401289105025e-17f,3.5148903039947244e-17f,0f,0.6647958656139376f,-0.7470250712409962f,1.442909649383465f,-1.2246467991473532e-16f,-0.7470250712409962f,-0.6647958656139376f,-0.2870125742738174f,0f,0f,0f,1f],start_interpolation:0}
execute if entity @s[tag=aj.toji.bone.upper] run data modify entity @s {} merge value {transformation:[-1f,4.686520405326299e-17f,1.1314261122877003e-16f,0f,0f,0.9238795325112867f,-0.38268343236508984f,0.75f,-1.2246467991473532e-16f,-0.38268343236508984f,-0.9238795325112867f,0f,0f,0f,0f,1f],start_interpolation:0}
execute if entity @s[tag=aj.toji.bone.bottom3] run data modify entity @s {} merge value {transformation:[-1f,-1.1593246452346593e-17f,1.2191470158809285e-16f,-0.125f,0f,0.995509086154266f,0.09466604134692766f,0.44623687201184276f,-1.2246467991473532e-16f,0.09466604134692766f,-0.995509086154266f,0.07337719042625167f,0f,0f,0f,1f],start_interpolation:0}
execute if entity @s[tag=aj.toji.bone.rightleg] run data modify entity @s {} merge value {transformation:[-1f,2.8755565243499176e-17f,1.1904081356469905e-16f,-0.11875f,0f,0.9720420095621032f,-0.23480700936400536f,0.75f,-1.2246467991473532e-16f,-0.23480700936400536f,-0.9720420095621032f,-1.4542680739874818e-17f,0f,0f,0f,1f],start_interpolation:0}
execute if entity @s[tag=aj.toji.bone.bottom4] run data modify entity @s {} merge value {transformation:[-1f,-1.1593246452346593e-17f,1.2191470158809285e-16f,0.12499999999999999f,0f,0.995509086154266f,0.09466604134692766f,0.44623687201184276f,-1.2246467991473532e-16f,0.09466604134692766f,-0.995509086154266f,0.0733771904262517f,0f,0f,0f,1f],start_interpolation:0}
execute if entity @s[tag=aj.toji.bone.leftleg] run data modify entity @s {} merge value {transformation:[-1f,2.8755565243499176e-17f,1.1904081356469905e-16f,0.11875f,0f,0.9720420095621032f,-0.23480700936400536f,0.75f,-1.2246467991473532e-16f,-0.23480700936400536f,-0.9720420095621032f,1.4542680739874818e-17f,0f,0f,0f,1f],start_interpolation:0}