execute if entity @s[tag=aj.toji.locator_origin.head] at @s on origin run tp @s ^0 ^1.40725 ^-0.36127 ~0 ~-28.7963
execute if entity @s[tag=aj.toji.bone.blade2] run data modify entity @s {} merge value {transformation:[0.925670780229982f,-0.46348791887597895f,1.0855010620374492f,-0.8372232513261757f,-0.5301785218958881f,1.0692313918511855f,0.90865558139499f,1.802320011485262f,-1.0545351305426989f,-0.9444168463851067f,0.4960166113300055f,-0.26769020883973105f,0f,0f,0f,1f],start_interpolation:0}
execute if entity @s[tag=aj.toji.bone.chain2] run data modify entity @s {} merge value {transformation:[-1.1231920711359717f,0.9578121267657456f,0.47958124939250624f,-0.6277165218186385f,-0.9402061224156498f,-0.5485874983506062f,-1.1063574818460182f,1.4144858902756383f,-0.5132394103345197f,-1.0911509336865426f,0.9772090979957009f,-0.014155254292707364f,0f,0f,0f,1f],start_interpolation:0}
execute if entity @s[tag=aj.toji.bone.bottom2] run data modify entity @s {} merge value {transformation:[-0.7236673746916327f,0.6171138534866548f,0.30899194591731943f,-0.5120076742898907f,-0.6057703875966602f,-0.3534523479305919f,-0.7128209279007902f,1.3482135750386524f,-0.33067774088667035f,-0.7030234203617992f,0.6296112309234045f,-0.14597214561054472f,0f,0f,0f,1f],start_interpolation:0}
execute if entity @s[tag=aj.toji.bone.rightarm] run data modify entity @s {} merge value {transformation:[-0.7236673746916327f,0.6171138534866548f,0.30899194591731943f,-0.31249999999999994f,-0.6057703875966602f,-0.3534523479305919f,-0.7128209279007902f,1.2977111372807957f,-0.33067774088667035f,-0.7030234203617992f,0.6296112309234045f,-0.30106064189557763f,0f,0f,0f,1f],start_interpolation:0}
execute if entity @s[tag=aj.toji.bone.chain] run data modify entity @s {} merge value {transformation:[-1.1231927136527877f,-0.9578116083675415f,-0.4795807799367924f,0.5120076166626693f,0.9402055820364706f,-0.5485883048451478f,-1.1063575411708912f,1.3482137267040488f,0.5132389941497628f,-1.091150983262455f,0.9772092612233211f,-0.14597212086604502f,0f,0f,0f,1f],start_interpolation:0}
execute if entity @s[tag=aj.toji.bone.blade] run data modify entity @s {} merge value {transformation:[0.9256702792276909f,0.4634874651738125f,-1.0855016829932984f,0.8372229503684723f,0.5301793013268544f,1.069231449185291f,0.9086550591493403f,1.8023203256947586f,1.05453517845499f,-0.94441700413529f,0.4960162091111801f,-0.26769022782331264f,0f,0f,0f,1f],start_interpolation:0}
execute if entity @s[tag=aj.toji.bone.bottom] run data modify entity @s {} merge value {transformation:[-0.7236677886621987f,-0.6171135194851274f,-0.3089916434492085f,0.5120076166626693f,0.6057700394328938f,-0.3534528675512361f,-0.7128209661235272f,1.3482137267040488f,0.33067747274078674f,-0.7030234523033266f,0.6296113360901934f,-0.14597212086604502f,0f,0f,0f,1f],start_interpolation:0}
execute if entity @s[tag=aj.toji.bone.leftarm] run data modify entity @s {} merge value {transformation:[-0.7236677886621987f,-0.6171135194851274f,-0.3089916434492085f,0.31250000000000006f,0.6057700394328938f,-0.3534528675512361f,-0.7128209661235272f,1.2977111372807957f,0.33067747274078674f,-0.7030234523033266f,0.6296113360901934f,-0.3010606418955775f,0f,0f,0f,1f],start_interpolation:0}
execute if entity @s[tag=aj.toji.locator_origin.mount] at @s on origin run tp @s ^0 ^1.5385 ^-0.57405 ~0 ~-58.33333
execute if entity @s[tag=aj.toji.bone.head] run data modify entity @s {} merge value {transformation:[-1f,1.0423173086009182e-16f,6.42910888734042e-17f,4.4243154173599994e-17f,0f,0.5249765803345599f,-0.8511166724369998f,1.407253364736955f,-1.2246467991473532e-16f,-0.8511166724369998f,-0.5249765803345599f,-0.3612727702746931f,0f,0f,0f,1f],start_interpolation:0}
execute if entity @s[tag=aj.toji.bone.upper] run data modify entity @s {} merge value {transformation:[-1f,5.899087223146666e-17f,1.073204305805253e-16f,0f,0f,0.8763378196492733f,-0.48169702703292416f,0.75f,-1.2246467991473532e-16f,-0.48169702703292416f,-0.8763378196492733f,0f,0f,0f,0f,1f],start_interpolation:0}
execute if entity @s[tag=aj.toji.bone.bottom3] run data modify entity @s {} merge value {transformation:[-1f,-1.1855912292931654e-17f,1.2188943830505121e-16f,-0.125f,0f,0.9953027957931658f,0.09681087070317912f,0.44663654698074373f,-1.2246467991473532e-16f,0.09681087070317912f,-0.9953027957931658f,0.07501243478406434f,0f,0f,0f,1f],start_interpolation:0}
execute if entity @s[tag=aj.toji.bone.rightleg] run data modify entity @s {} merge value {transformation:[-1f,2.939639620945728e-17f,1.188841861498626e-16f,-0.11875f,0f,0.97076304966162f,-0.24003979130900593f,0.75f,-1.2246467991473532e-16f,-0.24003979130900593f,-0.97076304966162f,-1.4542680739874818e-17f,0f,0f,0f,1f],start_interpolation:0}
execute if entity @s[tag=aj.toji.bone.bottom4] run data modify entity @s {} merge value {transformation:[-1f,-1.1855912292931654e-17f,1.2188943830505121e-16f,0.12499999999999999f,0f,0.9953027957931658f,0.09681087070317912f,0.44663654698074373f,-1.2246467991473532e-16f,0.09681087070317912f,-0.9953027957931658f,0.07501243478406437f,0f,0f,0f,1f],start_interpolation:0}
execute if entity @s[tag=aj.toji.bone.leftleg] run data modify entity @s {} merge value {transformation:[-1f,2.939639620945728e-17f,1.188841861498626e-16f,0.11875f,0f,0.97076304966162f,-0.24003979130900593f,0.75f,-1.2246467991473532e-16f,-0.24003979130900593f,-0.97076304966162f,1.4542680739874818e-17f,0f,0f,0f,1f],start_interpolation:0}