execute if entity @s[tag=aj.toji.locator_origin.head] at @s on origin run tp @s ^0 ^1.45219 ^-0.2635 ~0 ~-20.56851
execute if entity @s[tag=aj.toji.bone.blade2] run data modify entity @s {} merge value {transformation:[0.8474509989199632f,-0.685079063148321f,1.030773244542841f,-0.8814994045272109f,-0.15247324173921048f,1.1819463798221095f,0.9109087033171581f,1.7449501916636212f,-1.2282421239247143f,-0.61941055242967f,0.5981236097627969f,-0.021114875246132064f,0f,0f,0f,1f],start_interpolation:0}
execute if entity @s[tag=aj.toji.bone.chain2] run data modify entity @s {} merge value {transformation:[-1.0665639822005781f,0.8768763808269068f,0.7088665306187492f,-0.6026220932076076f,-0.9425374777378932f,-0.15776745152182176f,-1.2229861846770438f,1.3416748009107498f,-0.6188917906573386f,-1.2708894198943224f,0.6409178632779227f,0.11373597905155103f,0f,0f,0f,1f],start_interpolation:0}
execute if entity @s[tag=aj.toji.bone.bottom2] run data modify entity @s {} merge value {transformation:[-0.6871821630285604f,0.564967332613309f,0.4567193754322142f,-0.49669071834261225f,-0.6072724688781056f,-0.10164882782614018f,-0.7879642532147395f,1.3226156456933484f,-0.398749073175198f,-0.8188280826164761f,0.41294036828644676f,-0.039794286439038234f,0f,0f,0f,1f],start_interpolation:0}
execute if entity @s[tag=aj.toji.bone.rightarm] run data modify entity @s {} merge value {transformation:[-0.6871821630285604f,0.564967332613309f,0.4567193754322142f,-0.3125f,-0.6072724688781056f,-0.10164882782614018f,-0.7879642532147395f,1.335157968041695f,-0.398749073175198f,-0.8188280826164761f,0.41294036828644676f,-0.2195794900197074f,0f,0f,0f,1f],start_interpolation:0}
execute if entity @s[tag=aj.toji.bone.chain] run data modify entity @s {} merge value {transformation:[-1.0665647639310007f,-0.8768759594291267f,-0.7088658756966435f,0.4966906819455372f,0.9425369476693192f,-0.15776840554401453f,-1.2229864701219777f,1.3226158207063958f,0.6188912507299837f,-1.2708895922142331f,0.6409180429528637f,-0.039794236940769806f,0f,0f,0f,1f],start_interpolation:0}
execute if entity @s[tag=aj.toji.bone.blade] run data modify entity @s {} merge value {transformation:[0.8474505916630483f,0.6850784302034673f,-1.030774000040699f,0.8814990822260417f,0.15247416374723569f,1.1819466556883544f,0.9109081910361203f,1.7449506283799119f,1.2282422904620778f,-0.6194107260752506f,0.5981230879538096f,-0.021114852944494028f,0f,0f,0f,1f],start_interpolation:0}
execute if entity @s[tag=aj.toji.bone.bottom] run data modify entity @s {} merge value {transformation:[-0.6871826666937991f,-0.564967061108699f,-0.45671895346897834f,0.4966906819455372f,0.6072721273574136f,-0.101649442498157f,-0.7879644371255694f,1.3226158207063958f,0.3987487253025398f,-0.818828193641385f,0.41294048405016714f,-0.039794236940769806f,0f,0f,0f,1f],start_interpolation:0}
execute if entity @s[tag=aj.toji.bone.leftarm] run data modify entity @s {} merge value {transformation:[-0.6871826666937991f,-0.564967061108699f,-0.45671895346897834f,0.3125f,0.6072721273574136f,-0.101649442498157f,-0.7879644371255694f,1.335157968041695f,0.3987487253025398f,-0.818828193641385f,0.41294048405016714f,-0.21957949001970734f,0f,0f,0f,1f],start_interpolation:0}
execute if entity @s[tag=aj.toji.locator_origin.mount] at @s on origin run tp @s ^0 ^1.631 ^-0.43821 ~0 ~-44.33673
execute if entity @s[tag=aj.toji.bone.head] run data modify entity @s {} merge value {transformation:[-1f,8.558738096357208e-17f,8.759222594736907e-17f,3.2268878353325137e-17f,0f,0.7152448037128271f,-0.6988740020646063f,1.4521895616500338f,-1.2246467991473532e-16f,-0.6988740020646063f,-0.7152448037128271f,-0.26349538802364886f,0f,0f,0f,1f],start_interpolation:0}
execute if entity @s[tag=aj.toji.bone.upper] run data modify entity @s {} merge value {transformation:[-1f,4.302517113776685e-17f,1.1465789320925294e-16f,0f,0f,0.9362527488667118f,-0.3513271840315318f,0.75f,-1.2246467991473532e-16f,-0.3513271840315318f,-0.9362527488667118f,0f,0f,0f,0f,1f],start_interpolation:0}
execute if entity @s[tag=aj.toji.bone.bottom3] run data modify entity @s {} merge value {transformation:[-1f,-1.1345123714441773e-17f,1.219380416216473e-16f,-0.125f,0f,0.9956996719915105f,0.09263996543608077f,0.44586749459419117f,-1.2246467991473532e-16f,0.09263996543608077f,-0.9956996719915105f,0.07183083707980621f,0f,0f,0f,1f],start_interpolation:0}
execute if entity @s[tag=aj.toji.bone.rightleg] run data modify entity @s {} merge value {transformation:[-1f,2.81495695071551e-17f,1.1918556776380443e-16f,-0.11875f,0f,0.9732240172985882f,-0.2298586786553799f,0.75f,-1.2246467991473532e-16f,-0.2298586786553799f,-0.9732240172985882f,-1.4542680739874818e-17f,0f,0f,0f,1f],start_interpolation:0}
execute if entity @s[tag=aj.toji.bone.bottom4] run data modify entity @s {} merge value {transformation:[-1f,-1.1345123714441773e-17f,1.219380416216473e-16f,0.12499999999999999f,0f,0.9956996719915105f,0.09263996543608077f,0.44586749459419117f,-1.2246467991473532e-16f,0.09263996543608077f,-0.9956996719915105f,0.07183083707980624f,0f,0f,0f,1f],start_interpolation:0}
execute if entity @s[tag=aj.toji.bone.leftleg] run data modify entity @s {} merge value {transformation:[-1f,2.81495695071551e-17f,1.1918556776380443e-16f,0.11875f,0f,0.9732240172985882f,-0.2298586786553799f,0.75f,-1.2246467991473532e-16f,-0.2298586786553799f,-0.9732240172985882f,1.4542680739874818e-17f,0f,0f,0f,1f],start_interpolation:0}