execute if entity @s[tag=aj.toji.locator_origin.head] at @s on origin run tp @s ^0 ^1.48931 ^0.12621 ~0 ~9.6875
execute if entity @s[tag=aj.toji.bone.blade2] run data modify entity @s {} merge value {transformation:[0.8279290835711036f,1.0872201341892438f,0.618454373733937f,-0.2656015482556363f,1.0067135210201785f,-0.1390406547736714f,-1.1032658713634096f,1.0132393635465926f,-0.7423350450923544f,1.024021521323469f,-0.8064233408663842f,0.7410777611930156f,0f,0f,0f,1f],start_interpolation:0}
execute if entity @s[tag=aj.toji.bone.chain2] run data modify entity @s {} merge value {transformation:[-0.639928483933032f,0.8566766211951005f,-1.1249708332930368f,-0.579748248280486f,1.141573714119084f,1.041668851611157f,0.14386845528664585f,1.1184322620369083f,0.8344241513131335f,-0.7681105674913947f,-1.0595778241472007f,0.3552868159503232f,0f,0f,0f,1f],start_interpolation:0}
execute if entity @s[tag=aj.toji.bone.bottom2] run data modify entity @s {} merge value {transformation:[-0.4123029158226246f,0.5519527223807358f,-0.724813422792829f,-0.476257112834098f,0.73551058090894f,0.6711423473467856f,0.0926937698491141f,1.2442714521644305f,0.5376155605775893f,-0.49489003006156973f,-0.6826810142156461f,0.2624949353137789f,0f,0f,0f,1f],start_interpolation:0}
execute if entity @s[tag=aj.toji.bone.rightarm] run data modify entity @s {} merge value {transformation:[-0.4123029158226246f,0.5519527223807358f,-0.724813422792829f,-0.3125f,0.73551058090894f,0.6711423473467856f,0.0926937698491141f,1.3660876276943181f,0.5376155605775893f,-0.49489003006156973f,-0.6826810142156461f,0.10517145526228713f,0f,0f,0f,1f],start_interpolation:0}
execute if entity @s[tag=aj.toji.bone.chain] run data modify entity @s {} merge value {transformation:[-0.6399279679509148f,-0.8566767968113642f,1.1249709930706417f,0.476257120343478f,-1.1415736854280876f,1.041668794819973f,0.1438690941361299f,1.2442714601566616f,-0.8344245862769498f,-0.7681104486429263f,-1.0595775677661432f,0.26249493368572296f,0f,0f,0f,1f],start_interpolation:0}
execute if entity @s[tag=aj.toji.bone.blade] run data modify entity @s {} merge value {transformation:[0.8279292532942041f,-1.087220288605184f,-0.6184538750666558f,0.2656015352250868f,-1.0067134661347392f,-0.13904127218525328f,-1.1032658436351985f,1.0132391754730616f,0.7423349302320896f,1.0240212735458025f,-0.8064237612340994f,0.7410776558747414f,0f,0f,0f,1f],start_interpolation:0}
execute if entity @s[tag=aj.toji.bone.bottom] run data modify entity @s {} merge value {transformation:[-0.41230258337777054f,-0.5519528355294695f,0.7248135257367893f,0.476257120343478f,-0.7355105624234658f,0.6711423107564927f,0.09269418145683536f,1.2442714601566616f,-0.5376158408227327f,-0.49488995348805986f,-0.6826808490305352f,0.26249493368572296f,0f,0f,0f,1f],start_interpolation:0}
execute if entity @s[tag=aj.toji.bone.leftarm] run data modify entity @s {} merge value {transformation:[-0.41230258337777054f,-0.5519528355294695f,0.7248135257367893f,0.3125f,-0.7355105624234658f,0.6711423107564927f,0.09269418145683536f,1.3660876276943181f,-0.5376158408227327f,-0.49488995348805986f,-0.6826808490305352f,0.10517145526228722f,0f,0f,0f,1f],start_interpolation:0}
execute if entity @s[tag=aj.toji.locator_origin.mount] at @s on origin run tp @s ^0 ^1.71011 ^0.24345 ~0 ~27.96875
execute if entity @s[tag=aj.toji.bone.head] run data modify entity @s {} merge value {transformation:[-1f,-5.74347004083896e-17f,1.0816123619678682e-16f,-1.5455746325835486e-17f,0f,0.8832035185336122f,0.4689899197742392f,1.4893051532331818f,-1.2246467991473532e-16f,0.4689899197742392f,-0.8832035185336122f,0.1262057463147446f,0f,0f,0f,1f],start_interpolation:0}
execute if entity @s[tag=aj.toji.bone.upper] run data modify entity @s {} merge value {transformation:[-1f,-2.0607661767780647e-17f,1.2071835860002126e-16f,0f,0f,0.985740204310909f,0.16827432841965947f,0.75f,-1.2246467991473532e-16f,0.16827432841965947f,-0.985740204310909f,0f,0f,0f,0f,1f],start_interpolation:0}