execute if entity @s[tag=aj.toji.locator_origin.head] at @s on origin run tp @s ^0 ^1.48686 ^-0.13977 ~0 ~-10.74074
execute if entity @s[tag=aj.toji.bone.blade2] run data modify entity @s {} merge value {transformation:[0.37948733741215507f,-0.49724310102322655f,1.3633556613109576f,-0.6687723955476006f,0.29727205285841124f,1.4059517667761983f,0.43003366855193226f,1.7112349659510047f,-1.4204290504397534f,0.1613968028917943f,0.45423824660978096f,0.4160731161723335f,0f,0f,0f,1f],start_interpolation:0}
execute if entity @s[tag=aj.toji.bone.chain2] run data modify entity @s {} merge value {transformation:[-1.4106943995509216f,0.39266398107229966f,0.5145084864754222f,-0.4799902926331685f,-0.44496539315443023f,0.30759399913821733f,-1.4547695364559274f,1.2594279117462344f,-0.4700104079503988f,-1.4697495035800228f,-0.16700085854775928f,0.2788869220762819f,0f,0f,0f,1f],start_interpolation:0}
execute if entity @s[tag=aj.toji.bone.bottom2] run data modify entity @s {} merge value {transformation:[-0.9089037742073051f,0.2529915582747702f,0.3314954006821512f,-0.4325543754566491f,-0.286689112367955f,0.19818136857227422f,-0.9373011778507988f,1.2965869183535357f,-0.30282549773985423f,-0.9469527002931689f,-0.10759786859452947f,0.10133329077131274f,0f,0f,0f,1f],start_interpolation:0}
execute if entity @s[tag=aj.toji.bone.rightarm] run data modify entity @s {} merge value {transformation:[-0.9089037742073051f,0.2529915582747702f,0.3314954006821512f,-0.3125f,-0.286689112367955f,0.19818136857227422f,-0.9373011778507988f,1.3640503300196014f,-0.30282549773985423f,-0.9469527002931689f,-0.10759786859452947f,-0.1164782906932386f,0f,0f,0f,1f],start_interpolation:0}
execute if entity @s[tag=aj.toji.bone.chain] run data modify entity @s {} merge value {transformation:[-1.4106948294206791f,-0.3926636648160774f,-0.5145075492061117f,0.43255434182624114f,0.44496459187835447f,0.30759359818862f,-1.4547698663152944f,1.296587015202172f,0.4700098763126173f,-1.4697496719842116f,-0.16700087269835817f,0.10133333930505255f,0f,0f,0f,1f],start_interpolation:0}
execute if entity @s[tag=aj.toji.bone.blade] run data modify entity @s {} merge value {transformation:[0.3794870317685577f,0.49724219520590635f,-1.3633560767555557f,0.6687720034617426f,-0.29727166536349836f,1.405952085566459f,0.4300328941643154f,1.7112352407056912f,1.420429213192795f,0.1613968165675409f,0.4542377328121935f,0.41607319935424497f,0f,0f,0f,1f],start_interpolation:0}
execute if entity @s[tag=aj.toji.bone.bottom] run data modify entity @s {} merge value {transformation:[-0.9089040511703704f,-0.252991354512372f,-0.33149479680393773f,0.43255434182624114f,0.2866885961095438f,0.19818111024233231f,-0.9373013903776393f,1.296587015202172f,0.30282515520812925f,-0.9469528087951966f,-0.10759787771169385f,0.10133333930505255f,0f,0f,0f,1f],start_interpolation:0}
execute if entity @s[tag=aj.toji.bone.leftarm] run data modify entity @s {} merge value {transformation:[-0.9089040511703704f,-0.252991354512372f,-0.33149479680393773f,0.3125f,0.2866885961095438f,0.19818111024233231f,-0.9373013903776393f,1.3640503300196014f,0.30282515520812925f,-0.9469528087951966f,-0.10759787771169385f,-0.11647829069323852f,0f,0f,0f,1f],start_interpolation:0}
execute if entity @s[tag=aj.toji.locator_origin.mount] at @s on origin run tp @s ^0 ^1.72876 ^-0.20292 ~0 ~-14.62963
execute if entity @s[tag=aj.toji.bone.head] run data modify entity @s {} merge value {transformation:[-1f,3.093087486399025e-17f,1.1849421423329813e-16f,1.7117371904115546e-17f,0f,0.9675786873064007f,-0.2525697604037795f,1.4868603960235216f,-1.2246467991473532e-16f,-0.2525697604037795f,-0.9675786873064007f,-0.13977394883188626f,0f,0f,0f,1f],start_interpolation:0}
execute if entity @s[tag=aj.toji.bone.upper] run data modify entity @s {} merge value {transformation:[-1f,2.2823162538820727e-17f,1.2031916338782092e-16f,0f,0f,0.9824805280313623f,-0.1863652651091817f,0.75f,-1.2246467991473532e-16f,-0.1863652651091817f,-0.9824805280313623f,0f,0f,0f,0f,1f],start_interpolation:0}
execute if entity @s[tag=aj.toji.bone.bottom3] run data modify entity @s {} merge value {transformation:[-1f,-7.515797335873152e-18f,1.2223383581081245e-16f,-0.125f,0f,0.9981150148427809f,0.061371142611126195f,0.4411755410420676f,-1.2246467991473532e-16f,0.061371142611126195f,-0.9981150148427809f,0.047788110962250066f,0f,0f,0f,1f],start_interpolation:0}
execute if entity @s[tag=aj.toji.bone.rightleg] run data modify entity @s {} merge value {transformation:[-1f,1.872753828070979e-17f,1.2102428325159843e-16f,-0.11875f,0f,0.9882382686653837f,-0.15292195507920026f,0.75f,-1.2246467991473532e-16f,-0.15292195507920026f,-0.9882382686653837f,-1.4542680739874818e-17f,0f,0f,0f,1f],start_interpolation:0}
execute if entity @s[tag=aj.toji.bone.bottom4] run data modify entity @s {} merge value {transformation:[-1f,-7.515797335873152e-18f,1.2223383581081245e-16f,0.125f,0f,0.9981150148427809f,0.061371142611126195f,0.4411755410420676f,-1.2246467991473532e-16f,0.061371142611126195f,-0.9981150148427809f,0.047788110962250094f,0f,0f,0f,1f],start_interpolation:0}
execute if entity @s[tag=aj.toji.bone.leftleg] run data modify entity @s {} merge value {transformation:[-1f,1.872753828070979e-17f,1.2102428325159843e-16f,0.11875f,0f,0.9882382686653837f,-0.15292195507920026f,0.75f,-1.2246467991473532e-16f,-0.15292195507920026f,-0.9882382686653837f,1.4542680739874818e-17f,0f,0f,0f,1f],start_interpolation:0}