execute if entity @s[tag=aj.toji.locator_origin.head] at @s on origin run tp @s ^0 ^1.48101 ^0.16769 ~0 ~12.92
execute if entity @s[tag=aj.toji.bone.blade2] run data modify entity @s {} merge value {transformation:[0.34031913604836866f,0.28328863401378956f,1.4331540166632102f,-0.3973749714904753f,1.4588211659348618f,0.01227779284842572f,-0.34884102629023084f,0.8667311885650075f,-0.07761244397480545f,1.4729551268254484f,-0.2727260583422224f,0.6701886464633334f,0f,0f,0f,1f],start_interpolation:0}
execute if entity @s[tag=aj.toji.bone.chain2] run data modify entity @s {} merge value {transformation:[-1.4829163089084607f,0.3521357727167152f,-0.29312504491704583f,-0.4714744987084081f,0.3609535619253087f,1.5094746786409334f,-0.012704105100107251f,0.9482225396656917f,0.2821957131457715f,-0.08030732050170848f,-1.5240994020624432f,0.1737445224952773f,0f,0f,0f,1f],start_interpolation:0}
execute if entity @s[tag=aj.toji.bone.bottom2] run data modify entity @s {} merge value {transformation:[-0.9554360111088068f,0.226879424032246f,-0.18885908934252615f,-0.42893460670236194f,0.23256068419348747f,0.9725474439565744f,-0.008185195232283865f,1.1305751854075494f,0.18181737222814806f,-0.051741629316537f,-0.9819700845502989f,0.1640429669984266f,0f,0f,0f,1f],start_interpolation:0}
execute if entity @s[tag=aj.toji.bone.rightarm] run data modify entity @s {} merge value {transformation:[-0.9554360111088068f,0.226879424032246f,-0.18885908934252615f,-0.3125f,0.23256068419348747f,0.9725474439565744f,-0.008185195232283865f,1.3591770036346f,0.18181737222814806f,-0.051741629316537f,-0.9819700845502989f,0.1397439739050331f,0f,0f,0f,1f],start_interpolation:0}
execute if entity @s[tag=aj.toji.bone.chain] run data modify entity @s {} merge value {transformation:[-1.4829160467121625f,-0.3521363615167127f,0.2931256640290201f,0.4289346909843898f,-0.3609541484102103f,1.5094745404913739f,-0.012703856301409766f,1.130575231276669f,-0.2821963407986412f,-0.0803073353887302f,-1.5240992850643722f,0.1640429946709484f,0f,0f,0f,1f],start_interpolation:0}
execute if entity @s[tag=aj.toji.bone.blade] run data modify entity @s {} merge value {transformation:[0.340319705089977f,-0.28328923235019426f,-1.4331537632654454f,0.39737496047606713f,-1.4588210324211934f,0.012277552398677815f,-0.348841593094431f,0.8667311788800853f,0.07761245836226267f,1.472955013753487f,-0.2727266649329153f,0.6701886392345835f,0f,0f,0f,1f],start_interpolation:0}
execute if entity @s[tag=aj.toji.bone.bottom] run data modify entity @s {} merge value {transformation:[-0.9554358421769636f,-0.22687980339331823f,0.18885948823346263f,0.4289346909843898f,-0.23256106206295424f,0.9725473549474623f,-0.008185034932451929f,1.130575231276669f,-0.18181777662194332f,-0.05174163890817515f,-0.9819700091689914f,0.1640429946709484f,0f,0f,0f,1f],start_interpolation:0}
execute if entity @s[tag=aj.toji.bone.leftarm] run data modify entity @s {} merge value {transformation:[-0.9554358421769636f,-0.22687980339331823f,0.18885948823346263f,0.3125f,-0.23256106206295424f,0.9725473549474623f,-0.008185034932451929f,1.3591770036346f,-0.18181777662194332f,-0.05174163890817515f,-0.9819700091689914f,0.13974397390503315f,0f,0f,0f,1f],start_interpolation:0}
execute if entity @s[tag=aj.toji.locator_origin.mount] at @s on origin run tp @s ^0 ^1.61482 ^0.37887 ~0 ~57.64
execute if entity @s[tag=aj.toji.bone.head] run data modify entity @s {} merge value {transformation:[-1f,-1.0344613524024784e-16f,6.554765388993666e-17f,-2.0536441241151606e-17f,0f,0.5352372123584815f,0.8447017973857529f,1.48101240436152f,-1.2246467991473532e-16f,0.8447017973857529f,-0.5352372123584815f,0.16769276868603974f,0f,0f,0f,1f],start_interpolation:0}
execute if entity @s[tag=aj.toji.bone.upper] run data modify entity @s {} merge value {transformation:[-1f,-2.7381921654868808e-17f,1.1936426681844614e-16f,0f,0f,0.9746832058153599f,0.22359035824805298f,0.75f,-1.2246467991473532e-16f,0.22359035824805298f,-0.9746832058153599f,0f,0f,0f,0f,1f],start_interpolation:0}
execute if entity @s[tag=aj.toji.bone.bottom3] run data modify entity @s {} merge value {transformation:[-1f,2.1327939298754676e-19f,1.2246449419533444e-16f,-0.125f,0f,0.9999984834860058f,-0.0017415584079919222f,0.4375029619374644f,-1.2246467991473532e-16f,-0.0017415584079919222f,-0.9999984834860058f,-0.0013605888953691773f,0f,0f,0f,1f],start_interpolation:0}
execute if entity @s[tag=aj.toji.bone.rightleg] run data modify entity @s {} merge value {transformation:[-1f,-5.331970674141686e-19f,1.224635191700201e-16f,-0.11875f,0f,0.9999905218001138f,0.004353884465181318f,0.75f,-1.2246467991473532e-16f,0.004353884465181318f,-0.9999905218001138f,-1.4542680739874818e-17f,0f,0f,0f,1f],start_interpolation:0}
execute if entity @s[tag=aj.toji.bone.bottom4] run data modify entity @s {} merge value {transformation:[-1f,2.1327939298754676e-19f,1.2246449419533444e-16f,0.125f,0f,0.9999984834860058f,-0.0017415584079919222f,0.4375029619374644f,-1.2246467991473532e-16f,-0.0017415584079919222f,-0.9999984834860058f,-0.0013605888953691465f,0f,0f,0f,1f],start_interpolation:0}
execute if entity @s[tag=aj.toji.bone.leftleg] run data modify entity @s {} merge value {transformation:[-1f,-5.331970674141686e-19f,1.224635191700201e-16f,0.11875f,0f,0.9999905218001138f,0.004353884465181318f,0.75f,-1.2246467991473532e-16f,0.004353884465181318f,-0.9999905218001138f,1.4542680739874818e-17f,0f,0f,0f,1f],start_interpolation:0}