execute if entity @s[tag=aj.toji.locator_origin.head] at @s on origin run tp @s ^0 ^1.45661 ^-0.2514 ~0 ~-19.58455
execute if entity @s[tag=aj.toji.bone.blade2] run data modify entity @s {} merge value {transformation:[0.7969995127057954f,-0.5959437162885701f,1.1223381236342698f,-0.8379061951147654f,-0.218761126993838f,1.2406951689739094f,0.8141370075123648f,1.7955435532228032f,-1.2517728811821698f,-0.5962605007049944f,0.5723094173923043f,0.006025587903029733f,0f,0f,0f,1f],start_interpolation:0}
execute if entity @s[tag=aj.toji.bone.chain2] run data modify entity @s {} merge value {transformation:[-1.1613081973715704f,0.8246731068969692f,0.6166362064374791f,-0.5917222796906183f,-0.8424056536065444f,-0.22635699945890167f,-1.2837748623410588f,1.368725381686619f,-0.5921812721628708f,-1.2952372173343283f,0.6169639903128068f,0.13175576205979903f,0f,0f,0f,1f],start_interpolation:0}
execute if entity @s[tag=aj.toji.bone.bottom2] run data modify entity @s {} merge value {transformation:[-0.7482254157561795f,0.5313330084705304f,0.39729581085904686f,-0.49209734060239385f,-0.5427580050082433f,-0.14584075132922522f,-0.8271301126492727f,1.3413802408123892f,-0.3815396115948697f,-0.8345152541214463f,0.3975070004699963f,-0.02471584808797217f,0f,0f,0f,1f],start_interpolation:0}
execute if entity @s[tag=aj.toji.bone.rightarm] run data modify entity @s {} merge value {transformation:[-0.7482254157561795f,0.5313330084705304f,0.39729581085904686f,-0.3125f,-0.5427580050082433f,-0.14584075132922522f,-0.8271301126492727f,1.338842428293098f,-0.3815396115948697f,-0.8345152541214463f,0.3975070004699963f,-0.2094984358936544f,0f,0f,0f,1f],start_interpolation:0}
execute if entity @s[tag=aj.toji.bone.chain] run data modify entity @s {} merge value {transformation:[-1.1613089376412227f,-0.8246725873969017f,-0.6166355070556891f,0.4920972867340468f,0.8424050133586002f,-0.22635788843308674f,-1.2837751257223844f,1.3413804097846582f,0.592180731224872f,-1.2952373927397736f,0.61696414128032f,-0.024715798052007826f,0f,0f,0f,1f],start_interpolation:0}
execute if entity @s[tag=aj.toji.bone.blade] run data modify entity @s {} merge value {transformation:[0.7969990106386161f,0.5959430403759678f,-1.1223388390626585f,0.8379058235608645f,0.2187619861366746f,1.2406954235169352f,0.8141363887492509f,1.7955439652636744f,1.2517730507015263f,-0.5962606466064836f,0.5723088946065875f,0.006025620553856553f,0f,0f,0f,1f],start_interpolation:0}
execute if entity @s[tag=aj.toji.bone.bottom] run data modify entity @s {} merge value {transformation:[-0.7482258927084386f,-0.5313326737590776f,-0.3972953602506453f,0.4920972867340468f,0.5427575924995007f,-0.14584132409111628f,-0.8271302823446234f,1.3413804097846582f,0.38153926307105845f,-0.8345153671343507f,0.3975070977376558f,-0.024715798052007826f,0f,0f,0f,1f],start_interpolation:0}
execute if entity @s[tag=aj.toji.bone.leftarm] run data modify entity @s {} merge value {transformation:[-0.7482258927084386f,-0.5313326737590776f,-0.3972953602506453f,0.3125f,0.5427575924995007f,-0.14584132409111628f,-0.8271302823446234f,1.338842428293098f,0.38153926307105845f,-0.8345153671343507f,0.3975070977376558f,-0.20949843589365436f,0f,0f,0f,1f],start_interpolation:0}
execute if entity @s[tag=aj.toji.locator_origin.mount] at @s on origin run tp @s ^0 ^1.64272 ^-0.41832 ~0 ~-41.88776
execute if entity @s[tag=aj.toji.bone.head] run data modify entity @s {} merge value {transformation:[-1f,8.17664178624619e-17f,9.11693519586481e-17f,3.0787390673224896e-17f,0f,0.7444542542561964f,-0.6676734705826273f,1.4566109139517178f,-1.2246467991473532e-16f,-0.6676734705826273f,-0.7444542542561964f,-0.25139812307238524f,0f,0f,0f,1f],start_interpolation:0}
execute if entity @s[tag=aj.toji.bone.upper] run data modify entity @s {} merge value {transformation:[-1f,4.1049854230966526e-17f,1.153798392018076e-16f,0f,0f,0.942147885268957f,-0.335197497429847f,0.75f,-1.2246467991473532e-16f,-0.335197497429847f,-0.942147885268957f,0f,0f,0f,0f,1f],start_interpolation:0}
execute if entity @s[tag=aj.toji.bone.bottom3] run data modify entity @s {} merge value {transformation:[-1f,-1.1593246452346599e-17f,1.2191470158809285e-16f,-0.125f,0f,0.995509086154266f,0.09466604134692772f,0.44623687201184276f,-1.2246467991473532e-16f,0.09466604134692772f,-0.995509086154266f,0.07337719042625167f,0f,0f,0f,1f],start_interpolation:0}
execute if entity @s[tag=aj.toji.bone.rightleg] run data modify entity @s {} merge value {transformation:[-1f,2.8755565243499176e-17f,1.1904081356469905e-16f,-0.11875f,0f,0.9720420095621032f,-0.23480700936400536f,0.75f,-1.2246467991473532e-16f,-0.23480700936400536f,-0.9720420095621032f,-1.4542680739874818e-17f,0f,0f,0f,1f],start_interpolation:0}
execute if entity @s[tag=aj.toji.bone.bottom4] run data modify entity @s {} merge value {transformation:[-1f,-1.1593246452346599e-17f,1.2191470158809285e-16f,0.12499999999999999f,0f,0.995509086154266f,0.09466604134692772f,0.44623687201184276f,-1.2246467991473532e-16f,0.09466604134692772f,-0.995509086154266f,0.0733771904262517f,0f,0f,0f,1f],start_interpolation:0}
execute if entity @s[tag=aj.toji.bone.leftleg] run data modify entity @s {} merge value {transformation:[-1f,2.8755565243499176e-17f,1.1904081356469905e-16f,0.11875f,0f,0.9720420095621032f,-0.23480700936400536f,0.75f,-1.2246467991473532e-16f,-0.23480700936400536f,-0.9720420095621032f,1.4542680739874818e-17f,0f,0f,0f,1f],start_interpolation:0}