execute if entity @s[tag=aj.toji.locator_origin.head] at @s on origin run tp @s ^0 ^1.45009 ^-0.26902 ~0 ~-21.02
execute if entity @s[tag=aj.toji.bone.blade2] run data modify entity @s {} merge value {transformation:[0.8579982632662857f,-0.544781351797609f,1.1032009150492974f,-0.8413953100849884f,-0.3137199612295795f,1.203628986681201f,0.8383657008411638f,1.8099926178034713f,-1.189713732861039f,-0.7102749757342955f,0.5745351970832571f,-0.06856705022090309f,0f,0f,0f,1f],start_interpolation:0}
execute if entity @s[tag=aj.toji.bone.chain2] run data modify entity @s {} merge value {transformation:[-1.1415065023773976f,0.8877898696296987f,0.5636973709572485f,-0.6087161982463873f,-0.8674756210092602f,-0.3246130154389398f,-1.2454216598298538f,1.389979298412979f,-0.5944843358708704f,-1.2310232374742696f,0.7349373012806254f,0.09887724173653212f,0f,0f,0f,1f],start_interpolation:0}
execute if entity @s[tag=aj.toji.bone.bottom2] run data modify entity @s {} merge value {transformation:[-0.7354672766995313f,0.571998842177524f,0.36318756786507284f,-0.5014664153381017f,-0.5589104672274428f,-0.20914664081971956f,-0.8024193244541339f,1.3507643032592815f,-0.38302346472217147f,-0.7931424885740259f,0.4735166504895304f,-0.04983697487109773f,0f,0f,0f,1f],start_interpolation:0}
execute if entity @s[tag=aj.toji.bone.rightarm] run data modify entity @s {} merge value {transformation:[-0.7354672766995313f,0.571998842177524f,0.36318756786507284f,-0.3125f,-0.5589104672274428f,-0.20914664081971956f,-0.8024193244541339f,1.3334095472560668f,-0.38302346472217147f,-0.7931424885740259f,0.4735166504895304f,-0.2241836304694685f,0f,0f,0f,1f],start_interpolation:0}
execute if entity @s[tag=aj.toji.bone.chain] run data modify entity @s {} merge value {transformation:[-1.1415072967246829f,-0.8877892901811405f,-0.5636966749725297f,0.5014663539912447f,0.8674749564243194f,-0.324613993218179f,-1.2454218678803923f,1.3507644875157336f,0.5944837803607803f,-1.2310233975265163f,0.7349374825393932f,-0.04983692672133616f,0f,0f,0f,1f],start_interpolation:0}
execute if entity @s[tag=aj.toji.bone.blade] run data modify entity @s {} merge value {transformation:[0.8579977032623101f,0.5447806791680823f,-1.1032016827406332f,0.8413949215205553f,0.3137209061974349f,1.2036291877501781f,0.838365058557731f,1.8099930430532314f,1.1897138875424051f,-0.7102751509105544f,0.5745346602144453f,-0.06856703195225777f,0f,0f,0f,1f],start_interpolation:0}
execute if entity @s[tag=aj.toji.bone.bottom] run data modify entity @s {} merge value {transformation:[-0.7354677884937553f,-0.5719984688415402f,-0.3631871194453883f,0.5014663539912447f,0.5589100390384876f,-0.20914727079828982f,-0.8024194585001185f,1.3507644875157336f,0.38302310680963025f,-0.7931425916949366f,0.47351676727370295f,-0.04983692672133616f,0f,0f,0f,1f],start_interpolation:0}
execute if entity @s[tag=aj.toji.bone.leftarm] run data modify entity @s {} merge value {transformation:[-0.7354677884937553f,-0.5719984688415402f,-0.3631871194453883f,0.3125f,0.5589100390384876f,-0.20914727079828982f,-0.8024194585001185f,1.3334095472560668f,0.38302310680963025f,-0.7931425916949366f,0.47351676727370295f,-0.22418363046946843f,0f,0f,0f,1f],start_interpolation:0}
execute if entity @s[tag=aj.toji.locator_origin.mount] at @s on origin run tp @s ^0 ^1.62401 ^-0.44861 ~0 ~-45.92
execute if entity @s[tag=aj.toji.bone.head] run data modify entity @s {} merge value {transformation:[-1f,8.797485088100065e-17f,8.519403405805053e-17f,3.294549185708011e-17f,0f,0.6956620808331507f,-0.7183691733996461f,1.45009145670728f,-1.2246467991473532e-16f,-0.7183691733996461f,-0.6956620808331507f,-0.26902035656336215f,0f,0f,0f,1f],start_interpolation:0}
execute if entity @s[tag=aj.toji.bone.upper] run data modify entity @s {} merge value {transformation:[-1f,4.3927322476106816e-17f,1.1431530154226378e-16f,0f,0f,0.9334552756097069f,-0.35869380875114953f,0.75f,-1.2246467991473532e-16f,-0.35869380875114953f,-0.9334552756097069f,0f,0f,0f,0f,1f],start_interpolation:0}
execute if entity @s[tag=aj.toji.bone.bottom3] run data modify entity @s {} merge value {transformation:[-1f,-1.1199147149469926e-17f,1.2195153516763574e-16f,-0.125f,0f,0.995809855156141f,0.09144797632482451f,0.4456538903398622f,-1.2246467991473532e-16f,0.09144797632482451f,-0.995809855156141f,0.07092034640876606f,0f,0f,0f,1f],start_interpolation:0}
execute if entity @s[tag=aj.toji.bone.rightleg] run data modify entity @s {} merge value {transformation:[-1f,2.7792760071653395e-17f,1.1926927648903587e-16f,-0.11875f,0f,0.973907550912441f,-0.2269451085080514f,0.75f,-1.2246467991473532e-16f,-0.2269451085080514f,-0.973907550912441f,-1.4542680739874818e-17f,0f,0f,0f,1f],start_interpolation:0}
execute if entity @s[tag=aj.toji.bone.bottom4] run data modify entity @s {} merge value {transformation:[-1f,-1.1199147149469926e-17f,1.2195153516763574e-16f,0.12499999999999999f,0f,0.995809855156141f,0.09144797632482451f,0.4456538903398622f,-1.2246467991473532e-16f,0.09144797632482451f,-0.995809855156141f,0.07092034640876609f,0f,0f,0f,1f],start_interpolation:0}
execute if entity @s[tag=aj.toji.bone.leftleg] run data modify entity @s {} merge value {transformation:[-1f,2.7792760071653395e-17f,1.1926927648903587e-16f,0.11875f,0f,0.973907550912441f,-0.2269451085080514f,0.75f,-1.2246467991473532e-16f,-0.2269451085080514f,-0.973907550912441f,1.4542680739874818e-17f,0f,0f,0f,1f],start_interpolation:0}