execute if entity @s[tag=aj.toji.locator_origin.head] at @s on origin run tp @s ^0 ^1.44373 ^0.28502 ~0 ~22.33507
execute if entity @s[tag=aj.toji.bone.blade2] run data modify entity @s {} merge value {transformation:[0.3749358794484539f,0.14460252476601063f,1.4451689161248624f,-0.45631466313837704f,1.4481151262979817f,-0.15158800567323782f,-0.3605324638960968f,0.7851961578455209f,0.11129091287789099f,1.4852983492777825f,-0.1774912570903141f,0.7018836949173992f,0f,0f,0f,1f],start_interpolation:0}
execute if entity @s[tag=aj.toji.bone.chain2] run data modify entity @s {} merge value {transformation:[-1.495348392379198f,0.38795448637374785f,-0.1496234457648301f,-0.48207166967766846f,0.37305095222582285f,1.4983969015166618f,0.1568514780924474f,0.9207660795334709f,0.18365414796150525f,0.11515518068615106f,-1.5368712086277057f,0.21244961211542995f,0f,0f,0f,1f],start_interpolation:0}
execute if entity @s[tag=aj.toji.bone.bottom2] run data modify entity @s {} merge value {transformation:[-0.9634459440832416f,0.24995725296563617f,-0.0964016831773402f,-0.43520468474661167f,0.24035497593073146f,0.9654100841986545f,0.10105867044882516f,1.1017804703207186f,0.11832750472687587f,0.07419394191859396f,-0.9901988995185217f,0.22636097622516632f,0f,0f,0f,1f],start_interpolation:0}
execute if entity @s[tag=aj.toji.bone.rightarm] run data modify entity @s {} merge value {transformation:[-0.9634459440832416f,0.24995725296563617f,-0.0964016831773402f,-0.31250000000000006f,0.24035497593073146f,0.9654100841986545f,0.10105867044882516f,1.3281108053747115f,0.11832750472687587f,0.07419394191859396f,-0.9901988995185217f,0.23751399265938508f,0f,0f,0f,1f],start_interpolation:0}
execute if entity @s[tag=aj.toji.bone.chain] run data modify entity @s {} merge value {transformation:[-1.4953484703167501f,-0.3879537853806926f,0.14962448443105392f,0.4352045749734034f,-0.3730501416840666f,1.4983970769161508f,0.1568517302733553f,1.1017804094291865f,-0.18365515980218206f,0.11515526001463869f,-1.5368710817697455f,0.22636100419268557f,0f,0f,0f,1f],start_interpolation:0}
execute if entity @s[tag=aj.toji.bone.blade] run data modify entity @s {} merge value {transformation:[0.37493520197865554f,-0.14460352857766318f,-1.4451689914470602f,0.4563140937508311f,-1.4481152958115817f,-0.15158824939169915f,-0.36053168055372836f,0.7851959841645807f,-0.11129098954434884f,1.485298226676801f,-0.17749223497660574f,0.701883668197685f,0f,0f,0f,1f],start_interpolation:0}
execute if entity @s[tag=aj.toji.bone.bottom] run data modify entity @s {} merge value {transformation:[-0.9634459942980402f,-0.24995680131910392f,0.09640235238510855f,0.4352045749734034f,-0.24035445370248584f,0.9654101972077211f,0.10105883292779938f,1.1017804094291865f,-0.1183281566510703f,0.07419399302956586f,-0.9901988177845339f,0.22636100419268557f,0f,0f,0f,1f],start_interpolation:0}
execute if entity @s[tag=aj.toji.bone.leftarm] run data modify entity @s {} merge value {transformation:[-0.9634459942980402f,-0.24995680131910392f,0.09640235238510855f,0.31249999999999994f,-0.24035445370248584f,0.9654101972077211f,0.10105883292779938f,1.3281108053747115f,-0.1183281566510703f,0.07419399302956586f,-0.9901988177845339f,0.23751399265938514f,0f,0f,0f,1f],start_interpolation:0}
execute if entity @s[tag=aj.toji.locator_origin.mount] at @s on origin run tp @s ^0 ^1.47833 ^0.53261 ~0 ~82.04644
execute if entity @s[tag=aj.toji.bone.head] run data modify entity @s {} merge value {transformation:[-1f,-1.2128663703644609e-16f,1.6945486213383224e-17f,-3.490449010356287e-17f,0f,0.13837039565351683f,0.9903805498931657f,1.4437329664496539f,-1.2246467991473532e-16f,0.9903805498931657f,-0.13837039565351683f,0.2850167911912621f,0f,0f,0f,1f],start_interpolation:0}
execute if entity @s[tag=aj.toji.bone.upper] run data modify entity @s {} merge value {transformation:[-1f,-4.653932013808383e-17f,1.1327704757674224e-16f,0f,0f,0.9249772885995384f,0.38002238825501616f,0.75f,-1.2246467991473532e-16f,0.38002238825501616f,-0.9249772885995384f,0f,0f,0f,0f,1f],start_interpolation:0}
execute if entity @s[tag=aj.toji.bone.bottom3] run data modify entity @s {} merge value {transformation:[-1f,5.434845674632349e-19f,1.2246347394690184e-16f,-0.125f,0f,0.9999901525253295f,-0.004437888278004974f,0.43751923318324093f,-1.2246467991473532e-16f,-0.004437888278004974f,-0.9999901525253295f,-0.003467040468506054f,0f,0f,0f,1f],start_interpolation:0}
execute if entity @s[tag=aj.toji.bone.rightleg] run data modify entity @s {} merge value {transformation:[-1f,-1.3586880039264831e-18f,1.2245714268072142e-16f,-0.11875f,0f,0.999938453813629f,0.011094529499219323f,0.75f,-1.2246467991473532e-16f,0.011094529499219323f,-0.999938453813629f,-1.4542680739874818e-17f,0f,0f,0f,1f],start_interpolation:0}
execute if entity @s[tag=aj.toji.bone.bottom4] run data modify entity @s {} merge value {transformation:[-1f,5.434845674632349e-19f,1.2246347394690184e-16f,0.125f,0f,0.9999901525253295f,-0.004437888278004974f,0.43751923318324093f,-1.2246467991473532e-16f,-0.004437888278004974f,-0.9999901525253295f,-0.003467040468506023f,0f,0f,0f,1f],start_interpolation:0}
execute if entity @s[tag=aj.toji.bone.leftleg] run data modify entity @s {} merge value {transformation:[-1f,-1.3586880039264831e-18f,1.2245714268072142e-16f,0.11875f,0f,0.999938453813629f,0.011094529499219323f,0.75f,-1.2246467991473532e-16f,0.011094529499219323f,-0.999938453813629f,1.4542680739874818e-17f,0f,0f,0f,1f],start_interpolation:0}