execute if entity @s[tag=aj.toji.locator_origin.head] at @s on origin run tp @s ^0 ^1.48401 ^-0.15404 ~0 ~-11.85185
execute if entity @s[tag=aj.toji.bone.blade2] run data modify entity @s {} merge value {transformation:[-0.06553581023842389f,1.3939642349748838f,0.5500625138902672f,0.15277495227861843f,0.4116309672032252f,0.5461548267473458f,-1.3350186710529237f,1.4558655159344613f,-1.4409250516302823f,0.09262082288267387f,-0.4063943635839523f,0.4245611113576402f,0f,0f,0f,1f],start_interpolation:0}
execute if entity @s[tag=aj.toji.bone.chain2] run data modify entity @s {} merge value {transformation:[-0.5691619067336796f,-0.06781135920503571f,-1.4423657709115116f,-0.31630466009255426f,1.381373486020039f,0.4259237091200036f,-0.5651185360094069f,1.2972429470920006f,0.42050527898617257f,-1.490957171478556f,-0.09583682367721126f,0.3088392622016745f,0f,0f,0f,1f],start_interpolation:0}
execute if entity @s[tag=aj.toji.bone.bottom2] run data modify entity @s {} merge value {transformation:[-0.36670834259351165f,-0.04369054015894918f,-0.9293094899832557f,-0.3244966363723572f,0.8900124473686156f,0.27442064480214995f,-0.36410321783156413f,1.3486968179924037f,0.27092957572263465f,-0.9606167010868548f,-0.06174721525511598f,0.12872363074788923f,0f,0f,0f,1f],start_interpolation:0}
execute if entity @s[tag=aj.toji.bone.rightarm] run data modify entity @s {} merge value {transformation:[-0.36670834259351165f,-0.04369054015894918f,-0.9293094899832557f,-0.3125f,0.8900124473686156f,0.27442064480214995f,-0.36410321783156413f,1.3616762012324026f,0.27092957572263465f,-0.9606167010868548f,-0.06174721525511598f,-0.12836364300648911f,0f,0f,0f,1f],start_interpolation:0}
execute if entity @s[tag=aj.toji.bone.chain] run data modify entity @s {} merge value {transformation:[-0.5691608218362275f,0.06781120266402718f,1.44236620637447f,0.32449661789987055f,-1.381373669107423f,0.4259246284049271f,-0.565117395614338f,1.3486966772923106f,-0.4205061459652136f,-1.490956915984662f,-0.09583699439203901f,0.1287236245064181f,0f,0f,0f,1f],start_interpolation:0}
execute if entity @s[tag=aj.toji.bone.blade] run data modify entity @s {} merge value {transformation:[-0.06553565895046934f,-1.3939646558249912f,-0.5500614653987699f,-0.15277508382378285f,-0.41163185563966137f,0.546153724620568f,-1.3350188479964358f,1.4558648440635633f,1.4409248047100087f,0.09262098786881612f,-0.4063952014697369f,0.4245611151161173f,0f,0f,0f,1f],start_interpolation:0}
execute if entity @s[tag=aj.toji.bone.bottom] run data modify entity @s {} merge value {transformation:[-0.3667076435991801f,0.04369043930031281f,0.929309770549994f,0.32449661789987055f,-0.8900125653309571f,0.2744212370931074f,-0.36410248308037885f,1.3486966772923106f,-0.2709301343131577f,-0.9606165364733392f,-0.06174732524587748f,0.1287236245064181f,0f,0f,0f,1f],start_interpolation:0}
execute if entity @s[tag=aj.toji.bone.leftarm] run data modify entity @s {} merge value {transformation:[-0.3667076435991801f,0.04369043930031281f,0.929309770549994f,0.3125f,-0.8900125653309571f,0.2744212370931074f,-0.36410248308037885f,1.3616762012324026f,-0.2709301343131577f,-0.9606165364733392f,-0.06174732524587748f,-0.12836364300648906f,0f,0f,0f,1f],start_interpolation:0}
execute if entity @s[tag=aj.toji.locator_origin.mount] at @s on origin run tp @s ^0 ^1.71373 ^-0.25269 ~0 ~-23.24074
execute if entity @s[tag=aj.toji.bone.head] run data modify entity @s {} merge value {transformation:[-1f,4.832399572951559e-17f,1.1252728230679145e-16f,1.8864014944174848e-17f,0f,0.9188549905583986f,-0.394595370380755f,1.484011441478883f,-1.2246467991473532e-16f,-0.394595370380755f,-0.9188549905583986f,-0.1540363716077869f,0f,0f,0f,1f],start_interpolation:0}
execute if entity @s[tag=aj.toji.bone.upper] run data modify entity @s {} merge value {transformation:[-1f,2.5152019925566465e-17f,1.1985396831261986e-16f,0f,0f,0.9786819219718441f,-0.20538182881038256f,0.75f,-1.2246467991473532e-16f,-0.20538182881038256f,-0.9786819219718441f,0f,0f,0f,0f,1f],start_interpolation:0}
execute if entity @s[tag=aj.toji.bone.bottom3] run data modify entity @s {} merge value {transformation:[-1f,-7.515797335873164e-18f,1.2223383581081245e-16f,-0.125f,0f,0.998115014842781f,0.061371142611126334f,0.4411755410420676f,-1.2246467991473532e-16f,0.061371142611126334f,-0.998115014842781f,0.0477881109622502f,0f,0f,0f,1f],start_interpolation:0}
execute if entity @s[tag=aj.toji.bone.rightleg] run data modify entity @s {} merge value {transformation:[-1f,1.8727538280709844e-17f,1.2102428325159843e-16f,-0.11875f,0f,0.9882382686653837f,-0.15292195507920067f,0.75f,-1.2246467991473532e-16f,-0.15292195507920067f,-0.9882382686653837f,-1.4542680739874818e-17f,0f,0f,0f,1f],start_interpolation:0}
execute if entity @s[tag=aj.toji.bone.bottom4] run data modify entity @s {} merge value {transformation:[-1f,-7.515797335873164e-18f,1.2223383581081245e-16f,0.125f,0f,0.998115014842781f,0.061371142611126334f,0.4411755410420676f,-1.2246467991473532e-16f,0.061371142611126334f,-0.998115014842781f,0.047788110962250226f,0f,0f,0f,1f],start_interpolation:0}
execute if entity @s[tag=aj.toji.bone.leftleg] run data modify entity @s {} merge value {transformation:[-1f,1.8727538280709844e-17f,1.2102428325159843e-16f,0.11875f,0f,0.9882382686653837f,-0.15292195507920067f,0.75f,-1.2246467991473532e-16f,-0.15292195507920067f,-0.9882382686653837f,1.4542680739874818e-17f,0f,0f,0f,1f],start_interpolation:0}