execute if entity @s[tag=aj.toji.locator_origin.head] at @s on origin run tp @s ^0 ^1.49358 ^0.09789 ~0 ~7.5
execute if entity @s[tag=aj.toji.bone.blade2] run data modify entity @s {} merge value {transformation:[1.279675485578626f,0.3420972995601436f,0.7038466375871699f,-0.6762714789774011f,0.7810575829674387f,-0.6424059947045979f,-1.107819294856638f,0.9280064881975144f,0.04878220677839615f,1.3115959650750886f,-0.7261792620975737f,0.532906719958397f,0f,0f,0f,1f],start_interpolation:0}
execute if entity @s[tag=aj.toji.bone.chain2] run data modify entity @s {} merge value {transformation:[-0.7282857569478354f,1.3241086621612175f,-0.35397567801709295f,-0.7150656265265648f,1.1462852425947163f,0.8081776379315856f,0.6647117584096186f,1.1880037139454884f,0.7513938198092946f,0.05047603340264585f,-1.3571374916401961f,0.09760819574789892f,0f,0f,0f,1f],start_interpolation:0}
execute if entity @s[tag=aj.toji.bone.bottom2] run data modify entity @s {} merge value {transformation:[-0.4692310917247798f,0.8531169903857508f,-0.228064866373429f,-0.5551061908292365f,0.7385461965710923f,0.5207050553116256f,0.4282706631363985f,1.2856359118164182f,0.4841195080650489f,0.032521471185597325f,-0.8743973100500592f,0.10370597159519841f,0f,0f,0f,1f],start_interpolation:0}
execute if entity @s[tag=aj.toji.bone.rightarm] run data modify entity @s {} merge value {transformation:[-0.4692310917247798f,0.8531169903857508f,-0.228064866373429f,-0.3125f,0.7385461965710923f,0.5207050553116256f,0.4282706631363985f,1.3696530383586314f,0.4841195080650489f,0.032521471185597325f,-0.8743973100500592f,0.08157887013753219f,0f,0f,0f,1f],start_interpolation:0}
execute if entity @s[tag=aj.toji.bone.chain] run data modify entity @s {} merge value {transformation:[-0.7282857569478352f,-1.3241086621612175f,0.3539756780170933f,0.5551061908292364f,-1.1462852425947163f,0.8081776379315856f,0.6647117584096186f,1.2856359118164182f,-0.7513938198092949f,0.05047603340264551f,-1.3571374916401961f,0.10370597159519857f,0f,0f,0f,1f],start_interpolation:0}
execute if entity @s[tag=aj.toji.bone.blade] run data modify entity @s {} merge value {transformation:[1.279675485578626f,-0.34209729956014395f,-0.7038466375871697f,0.6762714789774009f,-0.7810575829674387f,-0.6424059947045979f,-1.107819294856638f,0.9280064881975144f,-0.048782206778395815f,1.3115959650750886f,-0.7261792620975739f,0.5329067199583972f,0f,0f,0f,1f],start_interpolation:0}
execute if entity @s[tag=aj.toji.bone.bottom] run data modify entity @s {} merge value {transformation:[-0.46923109172477967f,-0.8531169903857508f,0.2280648663734292f,0.5551061908292364f,-0.7385461965710923f,0.5207050553116256f,0.4282706631363985f,1.2856359118164182f,-0.484119508065049f,0.0325214711855971f,-0.8743973100500592f,0.10370597159519857f,0f,0f,0f,1f],start_interpolation:0}
execute if entity @s[tag=aj.toji.bone.leftarm] run data modify entity @s {} merge value {transformation:[-0.46923109172477967f,-0.8531169903857508f,0.2280648663734292f,0.3125f,-0.7385461965710923f,0.5207050553116256f,0.4282706631363985f,1.3696530383586314f,-0.484119508065049f,0.0325214711855971f,-0.8743973100500592f,0.08157887013753228f,0f,0f,0f,1f],start_interpolation:0}
execute if entity @s[tag=aj.toji.locator_origin.mount] at @s on origin run tp @s ^0 ^1.72455 ^0.19357 ~0 ~22.5
execute if entity @s[tag=aj.toji.bone.head] run data modify entity @s {} merge value {transformation:[-1f,-4.686520405326298e-17f,1.1314261122877005e-16f,-1.1988636263038374e-17f,0f,0.9238795325112867f,0.3826834323650897f,1.4935836460303578f,-1.2246467991473532e-16f,0.3826834323650897f,-0.9238795325112867f,0.09789464416503868f,0f,0f,0f,1f],start_interpolation:0}
execute if entity @s[tag=aj.toji.bone.upper] run data modify entity @s {} merge value {transformation:[-1f,-1.5984848350717833e-17f,1.2141697760125282e-16f,0f,0f,0.9914448613738104f,0.13052619222005157f,0.75f,-1.2246467991473532e-16f,0.13052619222005157f,-0.9914448613738104f,0f,0f,0f,0f,1f],start_interpolation:0}