execute if entity @s[tag=aj.toji.locator_origin.head] at @s on origin run tp @s ^0 ^1.45352 ^0.25993 ~0 ~20.27778
execute if entity @s[tag=aj.toji.bone.blade2] run data modify entity @s {} merge value {transformation:[0.36354725463704624f,0.16709807976056418f,1.4456526641576803f,-0.4448333623526681f,1.4533475101578688f,-0.1184091060142411f,-0.3517958190923127f,0.8022272316304855f,0.07492935582126446f,1.4859534028203039f,-0.19059925572512082f,0.694488279355019f,0f,0f,0f,1f],start_interpolation:0}
execute if entity @s[tag=aj.toji.bone.chain2] run data modify entity @s {} merge value {transformation:[-1.495848937218711f,0.37617042320083294f,-0.17290009641891677f,-0.47877014360904196f,0.3640109516996851f,1.5038109653716838f,0.12252053330640217f,0.9270297749492127f,0.19721728543779832f,0.07753106956505833f,-1.537549007084898f,0.20269465544384924f,0f,0f,0f,1f],start_interpolation:0}
execute if entity @s[tag=aj.toji.bone.bottom2] run data modify entity @s {} merge value {transformation:[-0.9637684427717869f,0.24236483642469772f,-0.11139871984037589f,-0.43332673677941114f,0.23453054606154206f,0.9688983401052459f,0.07893940400949401f,1.1086982137189463f,0.12706617048341368f,0.04995290388084295f,-0.9906356018802026f,0.2120608249215073f,0f,0f,0f,1f],start_interpolation:0}
execute if entity @s[tag=aj.toji.bone.rightarm] run data modify entity @s {} merge value {transformation:[-0.9637684427717869f,0.24236483642469772f,-0.11139871984037589f,-0.3125f,0.23453054606154206f,0.9688983401052459f,0.07893940400949401f,1.3362646396164113f,0.12706617048341368f,0.04995290388084295f,-0.9906356018802026f,0.21660741523650467f,0f,0f,0f,1f],start_interpolation:0}
execute if entity @s[tag=aj.toji.bone.chain] run data modify entity @s {} merge value {transformation:[-1.4958489387024267f,-0.37616997622330967f,0.17290105604677464f,0.4333266648427785f,-0.36401042452215937f,1.503811074448863f,0.12252076075206765f,1.1086981749208424f,-0.19721824721138922f,0.07753112255231889f,-1.5375488810485853f,0.21206085511578449f,0f,0f,0f,1f],start_interpolation:0}
execute if entity @s[tag=aj.toji.bone.blade] run data modify entity @s {} merge value {transformation:[0.3635468226587687f,-0.16709900718614493f,-1.4456526655916069f,0.44483290139001824f,-1.45334761557474f,-0.11840932582750169f,-0.351795309605308f,0.8022270998960941f,-0.07492940703042904f,1.4859532810133977f,-0.19060018522443015f,0.6944882597884885f,0f,0f,0f,1f],start_interpolation:0}
execute if entity @s[tag=aj.toji.bone.bottom] run data modify entity @s {} merge value {transformation:[-0.963768443727738f,-0.24236454843917937f,0.1113993381240964f,0.4333266648427785f,-0.2345302064035389f,0.96889841038316f,0.07893955055166774f,1.1086981749208424f,-0.12706679014961988f,0.049952938020286f,-0.9906355206755985f,0.21206085511578449f,0f,0f,0f,1f],start_interpolation:0}
execute if entity @s[tag=aj.toji.bone.leftarm] run data modify entity @s {} merge value {transformation:[-0.963768443727738f,-0.24236454843917937f,0.1113993381240964f,0.3125f,-0.2345302064035389f,0.96889841038316f,0.07893955055166774f,1.3362646396164113f,-0.12706679014961988f,0.049952938020286f,-0.9906355206755985f,0.21660741523650473f,0f,0f,0f,1f],start_interpolation:0}
execute if entity @s[tag=aj.toji.locator_origin.mount] at @s on origin run tp @s ^0 ^1.51235 ^0.50291 ~0 ~76.38889
execute if entity @s[tag=aj.toji.bone.head] run data modify entity @s {} merge value {transformation:[-1f,-1.1902530619232896e-16f,2.881968619608687e-17f,-3.183210932891606e-17f,0f,0.23533059667613765f,0.9719153822571456f,1.4535175675396934f,-1.2246467991473532e-16f,0.9719153822571456f,-0.23533059667613765f,0.25992889828380566f,0f,0f,0f,1f],start_interpolation:0}
execute if entity @s[tag=aj.toji.bone.upper] run data modify entity @s {} merge value {transformation:[-1f,-4.244281243855474e-17f,1.1487473829752232e-16f,0f,0f,0.9380234233862579f,0.34657186437840753f,0.75f,-1.2246467991473532e-16f,0.34657186437840753f,-0.9380234233862579f,0f,0f,0f,0f,1f],start_interpolation:0}
execute if entity @s[tag=aj.toji.bone.bottom3] run data modify entity @s {} merge value {transformation:[-1f,7.708121180402506e-19f,1.2246225408384927e-16f,-0.125f,0f,0.9999801915875849f,-0.006294158598029408f,0.4375386876349407f,-1.2246467991473532e-16f,-0.006294158598029408f,-0.9999801915875849f,-0.004917140948238711f,0f,0f,0f,1f],start_interpolation:0}
execute if entity @s[tag=aj.toji.bone.rightleg] run data modify entity @s {} merge value {transformation:[-1f,-1.926963495429408e-18f,1.2244951873448038e-16f,-0.11875f,0f,0.9998761995681897f,0.015734851034363825f,0.75f,-1.2246467991473532e-16f,0.015734851034363825f,-0.9998761995681897f,-1.4542680739874818e-17f,0f,0f,0f,1f],start_interpolation:0}
execute if entity @s[tag=aj.toji.bone.bottom4] run data modify entity @s {} merge value {transformation:[-1f,7.708121180402506e-19f,1.2246225408384927e-16f,0.125f,0f,0.9999801915875849f,-0.006294158598029408f,0.4375386876349407f,-1.2246467991473532e-16f,-0.006294158598029408f,-0.9999801915875849f,-0.00491714094823868f,0f,0f,0f,1f],start_interpolation:0}
execute if entity @s[tag=aj.toji.bone.leftleg] run data modify entity @s {} merge value {transformation:[-1f,-1.926963495429408e-18f,1.2244951873448038e-16f,0.11875f,0f,0.9998761995681897f,0.015734851034363825f,0.75f,-1.2246467991473532e-16f,0.015734851034363825f,-0.9998761995681897f,1.4542680739874818e-17f,0f,0f,0f,1f],start_interpolation:0}