execute if entity @s[tag=aj.toji.locator_origin.head] at @s on origin run tp @s ^0 ^1.49503 ^0.08617 ~0 ~6.59722
execute if entity @s[tag=aj.toji.bone.blade2] run data modify entity @s {} merge value {transformation:[1.1995273831390263f,0.2584922837527329f,0.862737385500325f,-0.6827748935351575f,0.8853460734464844f,-0.6020278109586321f,-1.0505830976487531f,0.903747244637183f,0.16521618362779186f,1.3493495670405997f,-0.6340026487285473f,0.49106568714493315f,0f,0f,0f,1f],start_interpolation:0}
execute if entity @s[tag=aj.toji.bone.chain2] run data modify entity @s {} merge value {transformation:[-0.8926935447190862f,1.2411776394980207f,-0.2674677102719249f,-0.6983095444780629f,1.0870616774282242f,0.9160872565522651f,0.6229315543946955f,1.1564098181113467f,0.6560166295871771f,0.17095285667042337f,-1.3962019825628431f,0.05003434240168044f,0f,0f,0f,1f],start_interpolation:0}
execute if entity @s[tag=aj.toji.bone.bottom2] run data modify entity @s {} merge value {transformation:[-0.5751582570002166f,0.7996849220926844f,-0.1723281891684885f,-0.5483686215856847f,0.7003887317658357f,0.5902307156309895f,0.4013518739724212f,1.2670780772921573f,0.42266843248569796f,0.1101441224185278f,-0.8995663780270666f,0.0706863653551544f,0f,0f,0f,1f],start_interpolation:0}
execute if entity @s[tag=aj.toji.bone.rightarm] run data modify entity @s {} merge value {transformation:[-0.5751582570002166f,0.7996849220926844f,-0.1723281891684885f,-0.3125f,0.7003887317658357f,0.5902307156309895f,0.4013518739724212f,1.37086146046454f,0.42266843248569796f,0.1101441224185278f,-0.8995663780270666f,0.07180561892943024f,0f,0f,0f,1f],start_interpolation:0}
execute if entity @s[tag=aj.toji.bone.chain] run data modify entity @s {} merge value {transformation:[-0.8926936014374842f,-1.2411776016291394f,0.26746769669966236f,0.5483686177699614f,-1.0870616632249503f,0.9160873066240633f,0.6229315055445382f,1.2670780686549572f,-0.6560165759417136f,0.17095286329136947f,-1.3962020069579129f,0.07068636212847337f,0f,0f,0f,1f],start_interpolation:0}
execute if entity @s[tag=aj.toji.bone.blade] run data modify entity @s {} merge value {transformation:[1.1995273465409129f,-0.25849227063591546f,-0.862737440315421f,0.682774887392624f,-0.8853461218380211f,-0.6020277637477418f,-1.050583083922099f,0.903747242865993f,-0.16521619002655855f,1.349349590617043f,-0.6340025968832671f,0.49106569059643734f,0f,0f,0f,1f],start_interpolation:0}
execute if entity @s[tag=aj.toji.bone.bottom] run data modify entity @s {} merge value {transformation:[-0.5751582935436139f,-0.7996848976939421f,0.17232818042394352f,0.5483686177699614f,-0.7003887226147331f,0.5902307478920139f,0.4013518424984944f,1.2670780686549572f,-0.4226683979221778f,0.11014412668437226f,-0.8995663937446955f,0.07068636212847337f,0f,0f,0f,1f],start_interpolation:0}
execute if entity @s[tag=aj.toji.bone.leftarm] run data modify entity @s {} merge value {transformation:[-0.5751582935436139f,-0.7996848976939421f,0.17232818042394352f,0.3125f,-0.7003887226147331f,0.5902307478920139f,0.4013518424984944f,1.37086146046454f,-0.4226683979221778f,0.11014412668437226f,-0.8995663937446955f,0.07180561892943033f,0f,0f,0f,1f],start_interpolation:0}
execute if entity @s[tag=aj.toji.locator_origin.mount] at @s on origin run tp @s ^0 ^1.73027 ^0.17082 ~0 ~19.79167
execute if entity @s[tag=aj.toji.bone.head] run data modify entity @s {} merge value {transformation:[-1f,-4.1466671791319984e-17f,1.152306945096207e-16f,-1.0552382565926567e-17f,0f,0.9409300264357754f,0.3386010711022206f,1.4950337525574477f,-1.2246467991473532e-16f,0.3386010711022206f,-0.9409300264357754f,0.08616674271531635f,0f,0f,0f,1f],start_interpolation:0}
execute if entity @s[tag=aj.toji.bone.upper] run data modify entity @s {} merge value {transformation:[-1f,-1.4069843421235423e-17f,1.2165376004349597e-16f,0f,0f,0.9933783367432638f,0.11488899028708846f,0.75f,-1.2246467991473532e-16f,0.11488899028708846f,-0.9933783367432638f,0f,0f,0f,0f,1f],start_interpolation:0}