execute if entity @s[tag=aj.toji.locator_origin.head] at @s on origin run tp @s ^0 ^1.45809 ^0.2472 ~0 ~19.24479
execute if entity @s[tag=aj.toji.bone.blade2] run data modify entity @s {} merge value {transformation:[0.3579998354485807f,0.17849071657699506f,1.4456753376587081f,-0.439086612190305f,1.4555521849125448f,-0.10168300390043193f,-0.34789136769126805f,0.8106848940112592f,0.05660348765849556f,1.4858672991938464f,-0.197470034109682f,0.6905655065679956f,0f,0f,0f,1f],start_interpolation:0}
execute if entity @s[tag=aj.toji.bone.chain2] run data modify entity @s {} merge value {transformation:[-1.49587239799408f,0.3704303852905457f,-0.18468831090258483f,-0.47715309107494897f,0.35997092906943745f,1.5060921913331193f,0.10521366375808575f,0.9300337861069072f,0.20432663251626784f,0.05856888653552662f,-1.5374599137491884f,0.19772158238772006f,0f,0f,0f,1f],start_interpolation:0}
execute if entity @s[tag=aj.toji.bone.bottom2] run data modify entity @s {} merge value {transformation:[-0.9637835584391388f,0.2386665569657207f,-0.11899381105132982f,-0.43240311164387635f,0.23192757846084558f,0.9703681232750299f,0.06778866926695457f,1.1119778092209753f,0.13164668940645444f,0.03773565843899701f,-0.9905781994625642f,0.204797018345032f,0f,0f,0f,1f],start_interpolation:0}
execute if entity @s[tag=aj.toji.bone.rightarm] run data modify entity @s {} merge value {transformation:[-0.9637835584391388f,0.2386665569657207f,-0.11899381105132982f,-0.3125f,0.23192757846084558f,0.9703681232750299f,0.06778866926695457f,1.34007436638593f,0.13164668940645444f,0.03773565843899701f,-0.9905781994625642f,0.20600301486687786f,0f,0f,0f,1f],start_interpolation:0}
execute if entity @s[tag=aj.toji.bone.chain] run data modify entity @s {} merge value {transformation:[-1.4958723638975162f,-0.3704300656864641f,0.18468922809490032f,0.43240305879100827f,-0.3599705430777453f,1.5060922683316817f,0.10521388215893211f,1.1119777812752327f,-0.20432756215224931f,0.058568927923963926f,-1.537459788624687f,0.2047970491134441f,0f,0f,0f,1f],start_interpolation:0}
execute if entity @s[tag=aj.toji.bone.blade] run data modify entity @s {} merge value {transformation:[0.35799952656946826f,-0.17849160299104494f,-1.4456753047063242f,0.43908620661243436f,-1.4555522593272627f,-0.10168321497239084f,-0.3478909946523172f,0.8106847817911911f,-0.056603527658059136f,1.4858671782681538f,-0.19747093254982515f,0.6905654899189919f,0f,0f,0f,1f],start_interpolation:0}
execute if entity @s[tag=aj.toji.bone.bottom] run data modify entity @s {} merge value {transformation:[-0.9637835364708829f,-0.2386663510463124f,0.11899440199402973f,0.43240305879100827f,-0.2319273297682117f,0.9703681728848419f,0.06778880998159384f,1.1119777812752327f,-0.13164728836654987f,0.03773568510537273f,-0.9905781188454359f,0.2047970491134441f,0f,0f,0f,1f],start_interpolation:0}
execute if entity @s[tag=aj.toji.bone.leftarm] run data modify entity @s {} merge value {transformation:[-0.9637835364708829f,-0.2386663510463124f,0.11899440199402973f,0.3125f,-0.2319273297682117f,0.9703681728848419f,0.06778880998159384f,1.34007436638593f,-0.13164728836654987f,0.03773568510537273f,-0.9905781188454359f,0.20600301486687791f,0f,0f,0f,1f],start_interpolation:0}
execute if entity @s[tag=aj.toji.locator_origin.mount] at @s on origin run tp @s ^0 ^1.52889 ^0.48697 ~0 ~73.54818
execute if entity @s[tag=aj.toji.bone.head] run data modify entity @s {} merge value {transformation:[-1f,-1.1745075668593124e-16f,3.468310223323098e-17f,-3.027371193257119e-17f,0f,0.2832090220411199f,0.9590582098259273f,1.4580892396631162f,-1.2246467991473532e-16f,0.9590582098259273f,-0.2832090220411199f,0.24720361784025346f,0f,0f,0f,1f],start_interpolation:0}
execute if entity @s[tag=aj.toji.bone.upper] run data modify entity @s {} merge value {transformation:[-1f,-4.0364949243428257e-17f,1.156212294485491e-16f,0f,0f,0.9441189862174881f,0.3296048237870046f,0.75f,-1.2246467991473532e-16f,0.3296048237870046f,-0.9441189862174881f,0f,0f,0f,0f,1f],start_interpolation:0}
execute if entity @s[tag=aj.toji.bone.bottom3] run data modify entity @s {} merge value {transformation:[-1f,7.903832510943289e-19f,1.2246212933366367e-16f,-0.125f,0f,0.9999791729250146f,-0.006453969027189102f,0.4375406771395322f,-1.2246467991473532e-16f,-0.006453969027189102f,-0.9999791729250146f,-0.005041979529704615f,0f,0f,0f,1f],start_interpolation:0}
execute if entity @s[tag=aj.toji.bone.rightleg] run data modify entity @s {} merge value {transformation:[-1f,-1.9758861095741486e-18f,1.224487390735428e-16f,-0.11875f,0f,0.9998698331534969f,0.016134334495054716f,0.75f,-1.2246467991473532e-16f,0.016134334495054716f,-0.9998698331534969f,-1.4542680739874818e-17f,0f,0f,0f,1f],start_interpolation:0}
execute if entity @s[tag=aj.toji.bone.bottom4] run data modify entity @s {} merge value {transformation:[-1f,7.903832510943289e-19f,1.2246212933366367e-16f,0.125f,0f,0.9999791729250146f,-0.006453969027189102f,0.4375406771395322f,-1.2246467991473532e-16f,-0.006453969027189102f,-0.9999791729250146f,-0.005041979529704583f,0f,0f,0f,1f],start_interpolation:0}
execute if entity @s[tag=aj.toji.bone.leftleg] run data modify entity @s {} merge value {transformation:[-1f,-1.9758861095741486e-18f,1.224487390735428e-16f,0.11875f,0f,0.9998698331534969f,0.016134334495054716f,0.75f,-1.2246467991473532e-16f,0.016134334495054716f,-0.9998698331534969f,1.4542680739874818e-17f,0f,0f,0f,1f],start_interpolation:0}