execute if entity @s[tag=aj.toji.locator_origin.head] at @s on origin run tp @s ^0 ^1.47523 ^0.19115 ~0 ~14.76563
execute if entity @s[tag=aj.toji.bone.blade2] run data modify entity @s {} merge value {transformation:[0.33529391673086606f,0.22857865165476243f,1.4440671000375866f,-0.4143390729281387f,1.4618604822090644f,-0.028823959036137912f,-0.33486282257211647f,0.8465391664806243f,-0.02327917435728293f,1.4822013963673f,-0.22920973070109696f,0.6719553499090637f,0f,0f,0f,1f],start_interpolation:0}
execute if entity @s[tag=aj.toji.bone.chain2] run data modify entity @s {} merge value {transformation:[-1.494208318788892f,0.3469360666173548f,-0.23651541039277468f,-0.4704635215480688f,0.3464900039114265f,1.5126195267302125f,0.02982479094711485f,0.9419369380325603f,0.23716840190599583f,-0.02408747902246642f,-1.5336667226300535f,0.17563120188624148f,0f,0f,0f,1f],start_interpolation:0}
execute if entity @s[tag=aj.toji.bone.bottom2] run data modify entity @s {} merge value {transformation:[-0.9627114000250578f,0.22352927782057758f,-0.1523857677698414f,-0.4285517819567105f,0.22324188171474454f,0.9745736548060429f,0.01921597269075856f,1.1246694983086933f,0.15280648713406442f,-0.015519449571521987f,-0.9881342642448666f,0.17272130509158112f,0f,0f,0f,1f],start_interpolation:0}
execute if entity @s[tag=aj.toji.bone.rightarm] run data modify entity @s {} merge value {transformation:[-0.9627114000250578f,0.22352927782057758f,-0.1523857677698414f,-0.3125f,0.22324188171474454f,0.9745736548060429f,0.01921597269075856f,1.3543602944030324f,0.15280648713406442f,-0.015519449571521987f,-0.9881342642448666f,0.1592910372528216f,0f,0f,0f,1f],start_interpolation:0}
execute if entity @s[tag=aj.toji.bone.chain] run data modify entity @s {} merge value {transformation:[-1.4942081524152908f,-0.3469362972254732f,0.236516123201512f,0.4285518124020342f,-0.3464902170025458f,1.5126194738774188f,0.02982499588333689f,1.1246695154027453f,-0.23716913877720971f,-0.02408747652599733f,-1.5336666087182695f,0.17272133436213166f,0f,0f,0f,1f],start_interpolation:0}
execute if entity @s[tag=aj.toji.bone.blade] run data modify entity @s {} merge value {transformation:[0.33529413960045695f,-0.22857934054374346f,-1.4440669392469923f,0.414338914264856f,-1.4618604311298542f,-0.02882415709530552f,-0.3348630285125271f,0.8465391269030015f,0.023279171944587968f,1.482201286278059f,-0.2292104428450889f,0.6719553422232454f,0f,0f,0f,1f],start_interpolation:0}
execute if entity @s[tag=aj.toji.bone.bottom] run data modify entity @s {} merge value {transformation:[-0.9627112928313282f,-0.22352942640030485f,0.15238622702916207f,0.4285518124020342f,-0.2232420190083516f,0.9745736207532362f,0.01921610473020363f,1.1246695154027453f,-0.1528069618967257f,-0.01551944796305868f,-0.9881341908520394f,0.17272133436213166f,0f,0f,0f,1f],start_interpolation:0}
execute if entity @s[tag=aj.toji.bone.leftarm] run data modify entity @s {} merge value {transformation:[-0.9627112928313282f,-0.22352942640030485f,0.15238622702916207f,0.3125f,-0.2232420190083516f,0.9745736207532362f,0.01921610473020363f,1.3543602944030324f,-0.1528069618967257f,-0.01551944796305868f,-0.9881341908520394f,0.15929103725282165f,0f,0f,0f,1f],start_interpolation:0}
execute if entity @s[tag=aj.toji.locator_origin.mount] at @s on origin run tp @s ^0 ^1.59555 ^0.41029 ~0 ~61.23047
execute if entity @s[tag=aj.toji.bone.head] run data modify entity @s {} merge value {transformation:[-1f,-1.0734797575872169e-16f,5.894073232598552e-17f,-2.3409031068543574e-17f,0f,0.48128760363414463f,0.8765627430983491f,1.475232353283639f,-1.2246467991473532e-16f,0.8765627430983491f,-0.48128760363414463f,0.19114924470338593f,0f,0f,0f,1f],start_interpolation:0}
execute if entity @s[tag=aj.toji.bone.upper] run data modify entity @s {} merge value {transformation:[-1f,-3.1212041424724767e-17f,1.1842046401158812e-16f,0f,0f,0.9669764710448521f,0.25486565960451457f,0.75f,-1.2246467991473532e-16f,0.25486565960451457f,-0.9669764710448521f,0f,0f,0f,0f,1f],start_interpolation:0}
execute if entity @s[tag=aj.toji.bone.bottom3] run data modify entity @s {} merge value {transformation:[-1f,6.679379014730672e-19f,1.2246285839216052e-16f,-0.125f,0f,0.9999851261394216f,-0.0054541268710138445f,0.4375290501308615f,-1.2246467991473532e-16f,-0.0054541268710138445f,-0.9999851261394216f,-0.004260925706737753f,0f,0f,0f,1f],start_interpolation:0}
execute if entity @s[tag=aj.toji.bone.rightleg] run data modify entity @s {} merge value {transformation:[-1f,-1.669801289011534e-18f,1.2245329554680754e-16f,-0.11875f,0f,0.9999070395812432f,0.01363496226156076f,0.75f,-1.2246467991473532e-16f,0.01363496226156076f,-0.9999070395812432f,-1.4542680739874818e-17f,0f,0f,0f,1f],start_interpolation:0}
execute if entity @s[tag=aj.toji.bone.bottom4] run data modify entity @s {} merge value {transformation:[-1f,6.679379014730672e-19f,1.2246285839216052e-16f,0.125f,0f,0.9999851261394216f,-0.0054541268710138445f,0.4375290501308615f,-1.2246467991473532e-16f,-0.0054541268710138445f,-0.9999851261394216f,-0.004260925706737722f,0f,0f,0f,1f],start_interpolation:0}
execute if entity @s[tag=aj.toji.bone.leftleg] run data modify entity @s {} merge value {transformation:[-1f,-1.669801289011534e-18f,1.2245329554680754e-16f,0.11875f,0f,0.9999070395812432f,0.01363496226156076f,0.75f,-1.2246467991473532e-16f,0.01363496226156076f,-0.9999070395812432f,1.4542680739874818e-17f,0f,0f,0f,1f],start_interpolation:0}