execute if entity @s[tag=aj.toji.locator_origin.head] at @s on origin run tp @s ^0 ^1.45526 ^-0.25517 ~0 ~-19.89067
execute if entity @s[tag=aj.toji.bone.blade2] run data modify entity @s {} merge value {transformation:[0.8234981623941633f,-0.6497072611399959f,1.0722552174531033f,-0.8630385153688922f,-0.17425674271501956f,1.211107250793846f,0.8676714900772785f,1.7666928854860249f,-1.241565690630902f,-0.6009157194620048f,0.5894191496309514f,-0.0029673448855407902f,0f,0f,0f,1f],start_interpolation:0}
execute if entity @s[tag=aj.toji.bone.chain2] run data modify entity @s {} merge value {transformation:[-1.1094863013924467f,0.8520918485884055f,0.6722665410406905f,-0.5973642647588436f,-0.8977989723716288f,-0.1803073240592909f,-1.2531595858908544f,1.352386616035178f,-0.6098850923264707f,-1.284675610444475f,0.6217808486099913f,0.12492267081958966f,0f,0f,0f,1f],start_interpolation:0}
execute if entity @s[tag=aj.toji.bone.bottom2] run data modify entity @s {} merge value {transformation:[-0.7148368116354019f,0.5489987749294424f,0.4331381740933307f,-0.4944269944595732f,-0.5784476600515192f,-0.11617116181001291f,-0.8074048338625639f,1.3306045231958006f,-0.39294609975396766f,-0.8277104604206013f,0.4006104796413366f,-0.03027304050927307f,0f,0f,0f,1f],start_interpolation:0}
execute if entity @s[tag=aj.toji.bone.rightarm] run data modify entity @s {} merge value {transformation:[-0.7148368116354019f,0.5489987749294424f,0.4331381740933307f,-0.3125f,-0.5784476600515192f,-0.11617116181001291f,-0.8074048338625639f,1.3377147114965173f,-0.39294609975396766f,-0.8277104604206013f,0.4006104796413366f,-0.2126415243798004f,0f,0f,0f,1f],start_interpolation:0}
execute if entity @s[tag=aj.toji.bone.chain] run data modify entity @s {} merge value {transformation:[-1.1094870694251942f,-0.8520913843231481f,-0.6722658619561664f,0.4944269506060853f,0.8977983923880598f,-0.18030825265643588f,-1.2531598677984028f,1.330604696123538f,0.6098845489228446f,-1.2846757880482358f,0.6217810146658825f,-0.03027299001993064f,0f,0f,0f,1f],start_interpolation:0}
execute if entity @s[tag=aj.toji.bone.blade] run data modify entity @s {} merge value {transformation:[0.8234977137082771f,0.6497066048435431f,-1.0722559597129395f,0.8630381701974457f,0.17425764015118653f,1.2111075232414097f,0.8676709295562455f,1.7666933144769263f,1.2415658622748051f,-0.6009158799455507f,0.5894186244623463f,-0.0029673162587923185f,0f,0f,0f,1f],start_interpolation:0}
execute if entity @s[tag=aj.toji.bone.bottom] run data modify entity @s {} merge value {transformation:[-0.7148373064752928f,-0.5489984758055182f,-0.43313773656236226f,0.4944269506060853f,0.5784472863708304f,-0.11617176010079089f,-0.8074050154942729f,1.330604696123538f,0.39294574964156426f,-0.82771057484987f,0.40061058663036725f,-0.03027299001993064f,0f,0f,0f,1f],start_interpolation:0}
execute if entity @s[tag=aj.toji.bone.leftarm] run data modify entity @s {} merge value {transformation:[-0.7148373064752928f,-0.5489984758055182f,-0.43313773656236226f,0.3125f,0.5784472863708304f,-0.11617176010079089f,-0.8074050154942729f,1.3377147114965173f,0.39294574964156426f,-0.82771057484987f,0.40061058663036725f,-0.21264152437980036f,0f,0f,0f,1f],start_interpolation:0}
execute if entity @s[tag=aj.toji.locator_origin.mount] at @s on origin run tp @s ^0 ^1.63882 ^-0.42489 ~0 ~-42.7551
execute if entity @s[tag=aj.toji.bone.head] run data modify entity @s {} merge value {transformation:[-1f,8.313712360439348e-17f,8.992116828314886e-17f,3.1249291463704373e-17f,0f,0.734262061075532f,-0.6788661323597692f,1.455257653795821f,-1.2246467991473532e-16f,-0.6788661323597692f,-0.734262061075532f,-0.2551698292557605f,0f,0f,0f,1f],start_interpolation:0}
execute if entity @s[tag=aj.toji.bone.upper] run data modify entity @s {} merge value {transformation:[-1f,4.166572195160583e-17f,1.1515887043936324e-16f,0f,0f,0.940343538394428f,-0.3402264390076806f,0.75f,-1.2246467991473532e-16f,-0.3402264390076806f,-0.940343538394428f,0f,0f,0f,0f,1f],start_interpolation:0}
execute if entity @s[tag=aj.toji.bone.bottom3] run data modify entity @s {} merge value {transformation:[-1f,-1.1476488728871674e-17f,1.2192574803163877e-16f,-0.125f,0f,0.9955992872110407f,0.0937126421827261f,0.44606206736467474f,-1.2246467991473532e-16f,0.0937126421827261f,-0.9955992872110407f,0.07264972887330345f,0f,0f,0f,1f],start_interpolation:0}
execute if entity @s[tag=aj.toji.bone.rightleg] run data modify entity @s {} merge value {transformation:[-1f,2.847048253555653e-17f,1.1910931722922078e-16f,-0.11875f,0f,0.9726013844330408f,-0.2324791323945711f,0.75f,-1.2246467991473532e-16f,-0.2324791323945711f,-0.9726013844330408f,-1.4542680739874818e-17f,0f,0f,0f,1f],start_interpolation:0}
execute if entity @s[tag=aj.toji.bone.bottom4] run data modify entity @s {} merge value {transformation:[-1f,-1.1476488728871674e-17f,1.2192574803163877e-16f,0.12499999999999999f,0f,0.9955992872110407f,0.0937126421827261f,0.44606206736467474f,-1.2246467991473532e-16f,0.0937126421827261f,-0.9955992872110407f,0.07264972887330348f,0f,0f,0f,1f],start_interpolation:0}
execute if entity @s[tag=aj.toji.bone.leftleg] run data modify entity @s {} merge value {transformation:[-1f,2.847048253555653e-17f,1.1910931722922078e-16f,0.11875f,0f,0.9726013844330408f,-0.2324791323945711f,0.75f,-1.2246467991473532e-16f,-0.2324791323945711f,-0.9726013844330408f,1.4542680739874818e-17f,0f,0f,0f,1f],start_interpolation:0}