execute if entity @s[tag=aj.toji.locator_origin.head] at @s on origin run tp @s ^0 ^1.47829 ^0.17915 ~0 ~13.81944
execute if entity @s[tag=aj.toji.bone.blade2] run data modify entity @s {} merge value {transformation:[0.3307822206249138f,0.2392905350316563f,1.4433721496421894f,-0.4091524041759796f,1.462520187843154f,-0.013398035211382253f,-0.33294923457443226f,0.8539260203566059f,-0.040222166397107934f,1.4807297297267785f,-0.23626604672187898f,0.6676959210028063f,0f,0f,0f,1f],start_interpolation:0}
execute if entity @s[tag=aj.toji.bone.chain2] run data modify entity @s {} merge value {transformation:[-1.4934892381714322f,0.3422677143966125f,-0.2475992341646996f,-0.46911865391735785f,0.3445099718860449f,1.5133021388099304f,0.01386324476733295f,0.9442127922711694f,0.24446972889972168f,-0.04161876939700757f,-1.532143956453403f,0.17086526960361054f,0f,0f,0f,1f],start_interpolation:0}
execute if entity @s[tag=aj.toji.bone.bottom2] run data modify entity @s {} merge value {transformation:[-0.9622480997614595f,0.2205214804166094f,-0.1595270233544373f,-0.4277708763392436f,0.22196615638295508f,0.9750134585621026f,0.008932023474254785f,1.1270278157515636f,0.15751069781458577f,-0.026814777598071993f,-0.9871531531511857f,0.16583749880397203f,0f,0f,0f,1f],start_interpolation:0}
execute if entity @s[tag=aj.toji.bone.rightarm] run data modify entity @s {} merge value {transformation:[-0.9622480997614595f,0.2205214804166094f,-0.1595270233544373f,-0.3125f,0.22196615638295508f,0.9750134585621026f,0.008932023474254785f,1.3569082956181546f,0.15751069781458577f,-0.026814777598071993f,-0.9871531531511857f,0.14928938579104242f,0f,0f,0f,1f],start_interpolation:0}
execute if entity @s[tag=aj.toji.bone.chain] run data modify entity @s {} merge value {transformation:[-1.4934890484756933f,-0.3422680606634994f,0.24759989972519678f,0.4277709244750211f,-0.34451030798368687f,1.5133020603964105f,0.01386345209809231f,1.1270278419160624f,-0.24447041413485107f,-0.04161877293647634f,-1.532143847020608f,0.16583752696744877f,0f,0f,0f,1f],start_interpolation:0}
execute if entity @s[tag=aj.toji.bone.blade] run data modify entity @s {} merge value {transformation:[0.3307825552721064f,-0.23929117825790858f,-1.4433719663120792f,0.4091522989807915f,-1.4625201120609603f,-0.01339823558473358f,-0.3329495593936299f,0.8539259936566811f,0.04022216981780258f,1.480729623966225f,-0.23626670896254096f,0.6676959147100096f,0f,0f,0f,1f],start_interpolation:0}
execute if entity @s[tag=aj.toji.bone.bottom] run data modify entity @s {} merge value {transformation:[-0.9622479775413861f,-0.22052170351473785f,0.15952745217193884f,0.4277709244750211f,-0.22196637292908683f,0.9750134080406402f,0.008932157056489004f,1.1270278419160624f,-0.15751113930836041f,-0.02681477987853509f,-0.98715308264415f,0.16583752696744877f,0f,0f,0f,1f],start_interpolation:0}
execute if entity @s[tag=aj.toji.bone.leftarm] run data modify entity @s {} merge value {transformation:[-0.9622479775413861f,-0.22052170351473785f,0.15952745217193884f,0.3125f,-0.22196637292908683f,0.9750134080406402f,0.008932157056489004f,1.3569082956181546f,-0.15751113930836041f,-0.02681477987853509f,-0.98715308264415f,0.14928938579104248f,0f,0f,0f,1f],start_interpolation:0}
execute if entity @s[tag=aj.toji.locator_origin.mount] at @s on origin run tp @s ^0 ^1.60844 ^0.3926 ~0 ~58.62847
execute if entity @s[tag=aj.toji.bone.head] run data modify entity @s {} merge value {transformation:[-1f,-1.0456151928490145e-16f,6.375332549327729e-17f,-2.193921221468094e-17f,0f,0.5205854090964419f,0.8538095992877395f,1.4782899547417854f,-1.2246467991473532e-16f,0.8538095992877395f,-0.5205854090964419f,0.17914726294925093f,0f,0f,0f,1f],start_interpolation:0}
execute if entity @s[tag=aj.toji.bone.upper] run data modify entity @s {} merge value {transformation:[-1f,-2.925228295290792e-17f,1.1891972825675978e-16f,0f,0f,0.9710532729890473f,0.23886301726566792f,0.75f,-1.2246467991473532e-16f,0.23886301726566792f,-0.9710532729890473f,0f,0f,0f,0f,1f],start_interpolation:0}
execute if entity @s[tag=aj.toji.bone.bottom3] run data modify entity @s {} merge value {transformation:[-1f,6.021985165450345e-19f,1.2246319930315904e-16f,-0.125f,0f,0.9999879098889792f,-0.0049173240559180695f,0.4375236132482844f,-1.2246467991473532e-16f,-0.0049173240559180695f,-0.9999879098889792f,-0.003841578138251577f,0f,0f,0f,1f],start_interpolation:0}
execute if entity @s[tag=aj.toji.bone.rightleg] run data modify entity @s {} merge value {transformation:[-1f,-1.5054644386189514e-18f,1.2245542619027803e-16f,-0.11875f,0f,0.9999244376054898f,0.012293050042404996f,0.75f,-1.2246467991473532e-16f,0.012293050042404996f,-0.9999244376054898f,-1.4542680739874818e-17f,0f,0f,0f,1f],start_interpolation:0}
execute if entity @s[tag=aj.toji.bone.bottom4] run data modify entity @s {} merge value {transformation:[-1f,6.021985165450345e-19f,1.2246319930315904e-16f,0.125f,0f,0.9999879098889792f,-0.0049173240559180695f,0.4375236132482844f,-1.2246467991473532e-16f,-0.0049173240559180695f,-0.9999879098889792f,-0.0038415781382515456f,0f,0f,0f,1f],start_interpolation:0}
execute if entity @s[tag=aj.toji.bone.leftleg] run data modify entity @s {} merge value {transformation:[-1f,-1.5054644386189514e-18f,1.2245542619027803e-16f,0.11875f,0f,0.9999244376054898f,0.012293050042404996f,0.75f,-1.2246467991473532e-16f,0.012293050042404996f,-0.9999244376054898f,1.4542680739874818e-17f,0f,0f,0f,1f],start_interpolation:0}