execute if entity @s[tag=aj.toji.locator_origin.head] at @s on origin run tp @s ^0 ^1.49995 ^-0.00848 ~0 ~-0.64815
execute if entity @s[tag=aj.toji.bone.blade2] run data modify entity @s {} merge value {transformation:[-0.16539283526386594f,1.3524939414136092f,0.6272203348767168f,0.17067938687504824f,0.5988089093100445f,0.638192330476285f,-1.218252206832462f,1.4293828153594494f,-1.3653106240611674f,0.11606329204675013f,-0.6102919072583023f,0.5357503917481362f,0f,0f,0f,1f],start_interpolation:0}
execute if entity @s[tag=aj.toji.bone.chain2] run data modify entity @s {} merge value {transformation:[-0.6489988187266031f,-0.17113564204386117f,-1.3994555366015817f,-0.2903946036679024f,1.2605526306808112f,0.6196008853277543f,-0.6603517863956008f,1.251067920318753f,0.6314825984825486f,-1.4127172429521806f,-0.12009326746504022f,0.4165743794303405f,0f,0f,0f,1f],start_interpolation:0}
execute if entity @s[tag=aj.toji.bone.bottom2] run data modify entity @s {} merge value {transformation:[-0.4181468899178114f,-0.11026189017591054f,-0.9016626276090727f,-0.3110687080758856f,0.8121681378883079f,0.39920593954002953f,-0.4254615536508568f,1.3259190339825084f,0.40686127150553464f,-0.9102070827074451f,-0.07737552803116685f,0.24591055142269455f,0f,0f,0f,1f],start_interpolation:0}
execute if entity @s[tag=aj.toji.bone.rightarm] run data modify entity @s {} merge value {transformation:[-0.4181468899178114f,-0.11026189017591054f,-0.9016626276090727f,-0.3125f,0.8121681378883079f,0.39920593954002953f,-0.4254615536508568f,1.3749600102494965f,0.40686127150553464f,-0.9102070827074451f,-0.07737552803116685f,-0.007070048723262641f,0f,0f,0f,1f],start_interpolation:0}
execute if entity @s[tag=aj.toji.bone.chain] run data modify entity @s {} merge value {transformation:[-0.6489977040052336f,0.17113560191471872f,1.399456058461406f,0.31106866965153124f,-1.2605527392654214f,0.6196018380707679f,-0.6603506851672679f,1.3259188848930812f,-0.6314835273682833f,-1.4127168299513264f,-0.12009324146636152f,0.2459105223038618f,0f,0f,0f,1f],start_interpolation:0}
execute if entity @s[tag=aj.toji.bone.blade] run data modify entity @s {} merge value {transformation:[-0.165392796481339f,-1.3524944457613588f,-0.6272192575621046f,-0.17067958693336827f,-0.5988098300818161f,0.6381912662019231f,-1.218252311773293f,1.4293821417710546f,1.3653102249194022f,0.1160632669205103f,-0.6102928049733748f,0.5357502812037739f,0f,0f,0f,1f],start_interpolation:0}
execute if entity @s[tag=aj.toji.bone.bottom] run data modify entity @s {} merge value {transformation:[-0.41814617170806995f,0.11026186432089258f,0.9016629638409057f,0.31106866965153124f,-0.812168207848862f,0.39920655338787725f,-0.42546084413461555f,1.3259188848930812f,-0.4068618699822496f,-0.910206816612935f,-0.0773755112803403f,0.2459105223038618f,0f,0f,0f,1f],start_interpolation:0}
execute if entity @s[tag=aj.toji.bone.leftarm] run data modify entity @s {} merge value {transformation:[-0.41814617170806995f,0.11026186432089258f,0.9016629638409057f,0.3125f,-0.812168207848862f,0.39920655338787725f,-0.42546084413461555f,1.3749600102494965f,-0.4068618699822496f,-0.910206816612935f,-0.0773755112803403f,-0.007070048723262565f,0f,0f,0f,1f],start_interpolation:0}
execute if entity @s[tag=aj.toji.locator_origin.mount] at @s on origin run tp @s ^0 ^1.74955 ^0.00565 ~0 ~3.24074
execute if entity @s[tag=aj.toji.bone.head] run data modify entity @s {} merge value {transformation:[-1f,-6.923104971298784e-18f,1.2226883676626257e-16f,1.0389975046511253e-18f,0f,0.9984008193333038f,0.05653144217678859f,1.4999520122993957f,-1.2246467991473532e-16f,0.05653144217678859f,-0.9984008193333038f,-0.008484058467915122f,0f,0f,0f,1f],start_interpolation:0}
execute if entity @s[tag=aj.toji.bone.upper] run data modify entity @s {} merge value {transformation:[-1f,1.3853300062015004e-18f,1.2245684418354286e-16f,0f,0f,0.9999360163991943f,-0.011312077957220164f,0.75f,-1.2246467991473532e-16f,-0.011312077957220164f,-0.9999360163991943f,0f,0f,0f,0f,1f],start_interpolation:0}
execute if entity @s[tag=aj.toji.bone.bottom3] run data modify entity @s {} merge value {transformation:[-1f,-3.1661832910577436e-18f,1.2242374406129723e-16f,-0.125f,0f,0.9996657333896876f,0.025853848581175926f,0.4381526735308962f,-1.2246467991473532e-16f,0.025853848581175926f,-0.9996657333896876f,0.020186504751249182f,0f,0f,0f,1f],start_interpolation:0}
execute if entity @s[tag=aj.toji.bone.rightleg] run data modify entity @s {} merge value {transformation:[-1f,7.910828297468853e-18f,1.2220890565857524e-16f,-0.11875f,0f,0.9979114447011321f,-0.06459681520399743f,0.75f,-1.2246467991473532e-16f,-0.06459681520399743f,-0.9979114447011321f,-1.4542680739874818e-17f,0f,0f,0f,1f],start_interpolation:0}
execute if entity @s[tag=aj.toji.bone.bottom4] run data modify entity @s {} merge value {transformation:[-1f,-3.1661832910577436e-18f,1.2242374406129723e-16f,0.125f,0f,0.9996657333896876f,0.025853848581175926f,0.4381526735308962f,-1.2246467991473532e-16f,0.025853848581175926f,-0.9996657333896876f,0.02018650475124921f,0f,0f,0f,1f],start_interpolation:0}
execute if entity @s[tag=aj.toji.bone.leftleg] run data modify entity @s {} merge value {transformation:[-1f,7.910828297468853e-18f,1.2220890565857524e-16f,0.11875f,0f,0.9979114447011321f,-0.06459681520399743f,0.75f,-1.2246467991473532e-16f,-0.06459681520399743f,-0.9979114447011321f,1.4542680739874818e-17f,0f,0f,0f,1f],start_interpolation:0}