execute if entity @s[tag=aj.toji.locator_origin.head] at @s on origin run tp @s ^0 ^1.44892 ^-0.27205 ~0 ~-21.26822
execute if entity @s[tag=aj.toji.bone.blade2] run data modify entity @s {} merge value {transformation:[0.8479199040357243f,-0.668147498341926f,1.041446473324229f,-0.8764589691496909f,-0.18497973125020303f,1.1798768347969018f,0.9075644074864588f,1.7530654915540367f,-1.223443638001625f,-0.6414589426994298f,0.5845648719041187f,-0.03671782321538386f,0f,0f,0f,1f],start_interpolation:0}
execute if entity @s[tag=aj.toji.bone.chain2] run data modify entity @s {} merge value {transformation:[-1.0776078092035422f,0.8773615673702984f,0.6913470642565764f,-0.6032035750655957f,-0.9390770605241834f,-0.19140263858527937f,-1.220844780449572f,1.3485700862592616f,-0.6048622632896785f,-1.2659243198766812f,0.6637318226542713f,0.10577184363771888f,0f,0f,0f,1f],start_interpolation:0}
execute if entity @s[tag=aj.toji.bone.bottom2] run data modify entity @s {} merge value {transformation:[-0.6942976488828191f,0.5652799360238163f,0.4454316655612841f,-0.4972135870611302f,-0.605042938324306f,-0.12331982083346857f,-0.7865845565312677f,1.325447619852986f,-0.38970991460274584f,-0.8156290920010831f,0.4276392951329533f,-0.047158611112484206f,0f,0f,0f,1f],start_interpolation:0}
execute if entity @s[tag=aj.toji.bone.rightarm] run data modify entity @s {} merge value {transformation:[-0.6942976488828191f,0.5652799360238163f,0.4454316655612841f,-0.31249999999999994f,-0.605042938324306f,-0.12331982083346857f,-0.7865845565312677f,1.3324328482898882f,-0.38970991460274584f,-0.8156290920010831f,0.4276392951329533f,-0.22670901445008337f,0f,0f,0f,1f],start_interpolation:0}
execute if entity @s[tag=aj.toji.bone.chain] run data modify entity @s {} merge value {transformation:[-1.077608581616679f,-0.8773611316866134f,-0.6913464131987566f,0.49721354798777717f,0.9390765155803266f,-0.19140358342766703f,-1.2208450514900209f,1.325447793986412f,0.6048617332272838f,-1.2659244789748492f,0.6637320022574272f,-0.0471585641411392f,0f,0f,0f,1f],start_interpolation:0}
execute if entity @s[tag=aj.toji.bone.blade] run data modify entity @s {} merge value {transformation:[0.8479194829722974f,0.668146869131684f,-1.0414472198174618f,0.8764586428790903f,0.1849806443864703f,1.1798770967420336f,0.9075638808293085f,1.7530659211174253f,1.2234437917609282f,-0.6414591162756342f,0.5845643596290526f,-0.03671780576877309f,0f,0f,0f,1f],start_interpolation:0}
execute if entity @s[tag=aj.toji.bone.bottom] run data modify entity @s {} merge value {transformation:[-0.6942981465449742f,-0.565279655314865f,-0.44543124608778945f,0.49721354798777717f,0.6050425872195392f,-0.12332042959098008f,-0.7865847311613556f,1.325447793986412f,0.38970957308603515f,-0.8156291945072853f,0.4276394108504229f,-0.0471585641411392f,0f,0f,0f,1f],start_interpolation:0}
execute if entity @s[tag=aj.toji.bone.leftarm] run data modify entity @s {} merge value {transformation:[-0.6942981465449742f,-0.565279655314865f,-0.44543124608778945f,0.31250000000000006f,0.6050425872195392f,-0.12332042959098008f,-0.7865847311613556f,1.3324328482898882f,0.38970957308603515f,-0.8156291945072853f,0.4276394108504229f,-0.22670901445008332f,0f,0f,0f,1f],start_interpolation:0}
execute if entity @s[tag=aj.toji.locator_origin.mount] at @s on origin run tp @s ^0 ^1.623 ^-0.45148 ~0 ~-45.86735
execute if entity @s[tag=aj.toji.bone.head] run data modify entity @s {} merge value {transformation:[-1f,8.789652304433601e-17f,8.527484425863868e-17f,3.3316616266097475e-17f,0f,0.6963219461971432f,-0.7177295780753519f,1.4489194179478657f,-1.2246467991473532e-16f,-0.7177295780753519f,-0.6963219461971432f,-0.27205081734010006f,0f,0f,0f,1f],start_interpolation:0}
execute if entity @s[tag=aj.toji.bone.upper] run data modify entity @s {} merge value {transformation:[-1f,4.44221550214633e-17f,1.14123923740238e-16f,0f,0f,0.931892557263821f,-0.3627344231201334f,0.75f,-1.2246467991473532e-16f,-0.3627344231201334f,-0.931892557263821f,0f,0f,0f,0f,1f],start_interpolation:0}
execute if entity @s[tag=aj.toji.bone.bottom3] run data modify entity @s {} merge value {transformation:[-1f,-1.119914714946992e-17f,1.2195153516763574e-16f,-0.125f,0f,0.995809855156141f,0.09144797632482446f,0.4456538903398622f,-1.2246467991473532e-16f,0.09144797632482446f,-0.995809855156141f,0.07092034640876607f,0f,0f,0f,1f],start_interpolation:0}
execute if entity @s[tag=aj.toji.bone.rightleg] run data modify entity @s {} merge value {transformation:[-1f,2.77927600716534e-17f,1.1926927648903587e-16f,-0.11875f,0f,0.973907550912441f,-0.22694510850805147f,0.75f,-1.2246467991473532e-16f,-0.22694510850805147f,-0.973907550912441f,-1.4542680739874818e-17f,0f,0f,0f,1f],start_interpolation:0}
execute if entity @s[tag=aj.toji.bone.bottom4] run data modify entity @s {} merge value {transformation:[-1f,-1.119914714946992e-17f,1.2195153516763574e-16f,0.12499999999999999f,0f,0.995809855156141f,0.09144797632482446f,0.4456538903398622f,-1.2246467991473532e-16f,0.09144797632482446f,-0.995809855156141f,0.0709203464087661f,0f,0f,0f,1f],start_interpolation:0}
execute if entity @s[tag=aj.toji.bone.leftleg] run data modify entity @s {} merge value {transformation:[-1f,2.77927600716534e-17f,1.1926927648903587e-16f,0.11875f,0f,0.973907550912441f,-0.22694510850805147f,0.75f,-1.2246467991473532e-16f,-0.22694510850805147f,-0.973907550912441f,1.4542680739874818e-17f,0f,0f,0f,1f],start_interpolation:0}