execute if entity @s[tag=aj.toji.locator_origin.head] at @s on origin run tp @s ^0 ^1.45477 ^-0.25652 ~0 ~-20
execute if entity @s[tag=aj.toji.bone.blade2] run data modify entity @s {} merge value {transformation:[0.7944166167151403f,-0.5613661337418259f,1.141827615261877f,-0.8262750492913049f,-0.2613949587793756f,1.2453932801237098f,0.794146241788901f,1.8113571368789168f,-1.2452208296569724f,-0.6195673020023424f,0.5617485591240442f,-0.007872569020845988f,0f,0f,0f,1f],start_interpolation:0}
execute if entity @s[tag=aj.toji.bone.chain2] run data modify entity @s {} merge value {transformation:[-1.1814744074584695f,0.8220005270177496f,0.5808580133856395f,-0.5917809971778275f,-0.8217207640732382f,-0.27047117262588155f,-1.2886361023502273f,1.3804586575606397f,-0.5812537174269625f,-1.2884576640200616f,0.6410800555440906f,0.12602062910790543f,0f,0f,0f,1f],start_interpolation:0}
execute if entity @s[tag=aj.toji.bone.bottom2] run data modify entity @s {} merge value {transformation:[-0.7612184101745844f,0.5296110778100936f,0.3742440891612174f,-0.49247892008843497f,-0.5294308278592675f,-0.17426330585291694f,-0.8302621867491397f,1.3477842877132178f,-0.3744990394160295f,-0.8301472197713148f,0.4130448680015617f,-0.0296319745992161f,0f,0f,0f,1f],start_interpolation:0}
execute if entity @s[tag=aj.toji.bone.rightarm] run data modify entity @s {} merge value {transformation:[-0.7612184101745844f,0.5296110778100936f,0.3742440891612174f,-0.3125f,-0.5294308278592675f,-0.17426330585291694f,-0.8302621867491397f,1.3373078879911928f,-0.3744990394160295f,-0.8301472197713148f,0.4130448680015617f,-0.21376258957854294f,0f,0f,0f,1f],start_interpolation:0}
execute if entity @s[tag=aj.toji.bone.chain] run data modify entity @s {} merge value {transformation:[-1.1814751261298204f,-0.8219999815130972f,-0.5808573235658693f,0.4924788611616997f,0.8217201059067453f,-0.2704720377067876f,-1.2886363404694352f,1.3477844535584576f,0.581253187084806f,-1.2884578304400647f,0.6410802019190343f,-0.029631926437249517f,0f,0f,0f,1f],start_interpolation:0}
execute if entity @s[tag=aj.toji.bone.blade] run data modify entity @s {} merge value {transformation:[0.7944160895160131f,0.56136546707037f,-1.1418283098167394f,0.8262746711392446f,0.26139579483072106f,1.2453935102523401f,0.794145605708532f,1.8113575334040652f,1.2452209904924116f,-0.6195674434653752f,0.5617480465786043f,-0.007872538361301445f,0f,0f,0f,1f],start_interpolation:0}
execute if entity @s[tag=aj.toji.bone.bottom] run data modify entity @s {} merge value {transformation:[-0.7612188732111593f,-0.5296107263440089f,-0.3742436447135802f,0.4924788611616997f,0.5294304038056882f,-0.1742638632204806f,-0.8302623401682266f,1.3477844535584576f,0.37449869771906963f,-0.8301473269949409f,0.41304496231025023f,-0.029631926437249517f,0f,0f,0f,1f],start_interpolation:0}
execute if entity @s[tag=aj.toji.bone.leftarm] run data modify entity @s {} merge value {transformation:[-0.7612188732111593f,-0.5296107263440089f,-0.3742436447135802f,0.3125f,0.5294304038056882f,-0.1742638632204806f,-0.8302623401682266f,1.3373078879911928f,0.37449869771906963f,-0.8301473269949409f,0.41304496231025023f,-0.21376258957854288f,0f,0f,0f,1f],start_interpolation:0}
execute if entity @s[tag=aj.toji.locator_origin.mount] at @s on origin run tp @s ^0 ^1.63909 ^-0.42541 ~0 ~-42.5
execute if entity @s[tag=aj.toji.bone.head] run data modify entity @s {} merge value {transformation:[-1f,8.27359385291814e-17f,9.029043306084034e-17f,3.1414040532577434e-17f,0f,0.7372773368101241f,-0.6755902076156601f,1.4547694655894312f,-1.2246467991473532e-16f,-0.6755902076156601f,-0.7372773368101241f,-0.2565151074942515f,0f,0f,0f,1f],start_interpolation:0}
execute if entity @s[tag=aj.toji.bone.upper] run data modify entity @s {} merge value {transformation:[-1f,4.188538737676991e-17f,1.1507915602278503e-16f,0f,0f,0.9396926207859084f,-0.34202014332566866f,0.75f,-1.2246467991473532e-16f,-0.34202014332566866f,-0.9396926207859084f,0f,0f,0f,0f,1f],start_interpolation:0}
execute if entity @s[tag=aj.toji.bone.bottom3] run data modify entity @s {} merge value {transformation:[-1f,-1.0673500138322964e-17f,1.21998664834562e-16f,-0.125f,0f,0.9961946980917455f,0.08715574274765811f,0.4449074977750208f,-1.2246467991473532e-16f,0.08715574274765811f,-0.9961946980917455f,0.06763737935565714f,0f,0f,0f,1f],start_interpolation:0}
execute if entity @s[tag=aj.toji.bone.rightleg] run data modify entity @s {} merge value {transformation:[-1f,2.6506208041798655e-17f,1.195617780139768e-16f,-0.11875f,0f,0.9762960071199334f,-0.21643961393810288f,0.75f,-1.2246467991473532e-16f,-0.21643961393810288f,-0.9762960071199334f,-1.4542680739874818e-17f,0f,0f,0f,1f],start_interpolation:0}
execute if entity @s[tag=aj.toji.bone.bottom4] run data modify entity @s {} merge value {transformation:[-1f,-1.0673500138322964e-17f,1.21998664834562e-16f,0.12499999999999999f,0f,0.9961946980917455f,0.08715574274765811f,0.4449074977750208f,-1.2246467991473532e-16f,0.08715574274765811f,-0.9961946980917455f,0.06763737935565717f,0f,0f,0f,1f],start_interpolation:0}
execute if entity @s[tag=aj.toji.bone.leftleg] run data modify entity @s {} merge value {transformation:[-1f,2.6506208041798655e-17f,1.195617780139768e-16f,0.11875f,0f,0.9762960071199334f,-0.21643961393810288f,0.75f,-1.2246467991473532e-16f,-0.21643961393810288f,-0.9762960071199334f,1.4542680739874818e-17f,0f,0f,0f,1f],start_interpolation:0}