execute if entity @s[tag=aj.toji.locator_origin.head] at @s on origin run tp @s ^0 ^1.44714 ^-0.27658 ~0 ~-21.63994
execute if entity @s[tag=aj.toji.bone.blade2] run data modify entity @s {} merge value {transformation:[0.7944166167151403f,-0.5613661337418259f,1.141827615261877f,-0.8262750492913048f,-0.2969242134553221f,1.2271521056966441f,0.809897352105951f,1.8106971121355029f,-1.2372300717937665f,-0.6549547872731729f,0.5387912175204275f,-0.03824376621364731f,0f,0f,0f,1f],start_interpolation:0}
execute if entity @s[tag=aj.toji.bone.chain2] run data modify entity @s {} merge value {transformation:[-1.1814744074584695f,0.8220005270177496f,0.5808580133856395f,-0.5917809971778274f,-0.8380187879429637f,-0.3072340819780762f,-1.2697615538111109f,1.3838069445885401f,-0.5574992459065536f,-1.2801894492866055f,0.6776962729423804f,0.10792624724901473f,0f,0f,0f,1f],start_interpolation:0}
execute if entity @s[tag=aj.toji.bone.bottom2] run data modify entity @s {} merge value {transformation:[-0.7612184101745844f,0.5296110778100936f,0.3742440891612174f,-0.49247892008843486f,-0.5399315680706342f,-0.1979494756368813f,-0.8181014037977626f,1.346691417906625f,-0.3591941450136184f,-0.8248200478625108f,0.436636524848782f,-0.04672751172520606f,0f,0f,0f,1f],start_interpolation:0}
execute if entity @s[tag=aj.toji.bone.rightarm] run data modify entity @s {} merge value {transformation:[-0.7612184101745844f,0.5296110778100936f,0.3742440891612174f,-0.31249999999999994f,-0.5399315680706342f,-0.1979494756368813f,-0.8181014037977626f,1.3309497720018193f,-0.3591941450136184f,-0.8248200478625108f,0.436636524848782f,-0.23048288962748262f,0f,0f,0f,1f],start_interpolation:0}
execute if entity @s[tag=aj.toji.bone.chain] run data modify entity @s {} merge value {transformation:[-1.1814751261298204f,-0.8219999815130972f,-0.5808573235658693f,0.4924788611616997f,0.8380181148684674f,-0.3072349514673383f,-1.2697617876437592f,1.3466915850622576f,0.557498734617342f,-1.2801895908811485f,0.6776964260719784f,-0.04672746832920399f,0f,0f,0f,1f],start_interpolation:0}
execute if entity @s[tag=aj.toji.bone.blade] run data modify entity @s {} merge value {transformation:[0.7944160895160131f,0.56136546707037f,-1.1418283098167394f,0.8262746711392446f,0.2969250537670922f,1.2271523316825592f,0.8098967016178473f,1.8106975093756668f,1.2372302086368148f,-0.6549549352641938f,0.5387907233885719f,-0.03824374691460544f,0f,0f,0f,1f],start_interpolation:0}
execute if entity @s[tag=aj.toji.bone.bottom] run data modify entity @s {} merge value {transformation:[-0.7612188732111593f,-0.5296107263440089f,-0.3742436447135802f,0.4924788611616997f,0.5399311344118984f,-0.19795003584472803f,-0.8181015544550394f,1.3466915850622576f,0.3591938155923814f,-0.8248201390912097f,0.4366366235094626f,-0.04672746832920399f,0f,0f,0f,1f],start_interpolation:0}
execute if entity @s[tag=aj.toji.bone.leftarm] run data modify entity @s {} merge value {transformation:[-0.7612188732111593f,-0.5296107263440089f,-0.3742436447135802f,0.31250000000000006f,0.5399311344118984f,-0.19795003584472803f,-0.8181015544550394f,1.3309497720018193f,0.3591938155923814f,-0.8248201390912097f,0.4366366235094626f,-0.23048288962748256f,0f,0f,0f,1f],start_interpolation:0}
execute if entity @s[tag=aj.toji.locator_origin.mount] at @s on origin run tp @s ^0 ^1.61897 ^-0.45817 ~0 ~-46.58163
execute if entity @s[tag=aj.toji.bone.head] run data modify entity @s {} merge value {transformation:[-1f,8.895275585920252e-17f,8.417247205394224e-17f,3.3871215964863513e-17f,0f,0.6873203940315395f,-0.7263543735314941f,1.447139726402183f,-1.2246467991473532e-16f,-0.7263543735314941f,-0.6873203940315395f,-0.27657946755297913f,0f,0f,0f,1f],start_interpolation:0}
execute if entity @s[tag=aj.toji.bone.upper] run data modify entity @s {} merge value {transformation:[-1f,4.516162128648468e-17f,1.13833324599586e-16f,0f,0f,0.9295196352029107f,-0.36877262340397216f,0.75f,-1.2246467991473532e-16f,-0.36877262340397216f,-0.9295196352029107f,0f,0f,0f,0f,1f],start_interpolation:0}
execute if entity @s[tag=aj.toji.bone.bottom3] run data modify entity @s {} merge value {transformation:[-1f,-1.1038554400458385e-17f,1.2196617622671745e-16f,-0.125f,0f,0.9959294084762648f,0.09013663701357699f,0.4454220739823532f,-1.2246467991473532e-16f,0.09013663701357699f,-0.9959294084762648f,0.06991807336296431f,0f,0f,0f,1f],start_interpolation:0}
execute if entity @s[tag=aj.toji.bone.rightleg] run data modify entity @s {} merge value {transformation:[-1f,2.7399982318881304e-17f,1.1936012230030416e-16f,-0.11875f,0f,0.9746493632564698f,-0.22373783476148584f,0.75f,-1.2246467991473532e-16f,-0.22373783476148584f,-0.9746493632564698f,-1.4542680739874818e-17f,0f,0f,0f,1f],start_interpolation:0}
execute if entity @s[tag=aj.toji.bone.bottom4] run data modify entity @s {} merge value {transformation:[-1f,-1.1038554400458385e-17f,1.2196617622671745e-16f,0.12499999999999999f,0f,0.9959294084762648f,0.09013663701357699f,0.4454220739823532f,-1.2246467991473532e-16f,0.09013663701357699f,-0.9959294084762648f,0.06991807336296434f,0f,0f,0f,1f],start_interpolation:0}
execute if entity @s[tag=aj.toji.bone.leftleg] run data modify entity @s {} merge value {transformation:[-1f,2.7399982318881304e-17f,1.1936012230030416e-16f,0.11875f,0f,0.9746493632564698f,-0.22373783476148584f,0.75f,-1.2246467991473532e-16f,-0.22373783476148584f,-0.9746493632564698f,1.4542680739874818e-17f,0f,0f,0f,1f],start_interpolation:0}