execute if entity @s[tag=aj.toji.locator_origin.head] at @s on origin run tp @s ^0 ^1.49991 ^0.01182 ~0 ~0.90278
execute if entity @s[tag=aj.toji.bone.blade2] run data modify entity @s {} merge value {transformation:[0.18766182805724138f,0.0684388533852949f,1.4866402260256246f,-0.4178618843059732f,1.4876791298925243f,-0.048823506219493676f,-0.18554533603046128f,0.8451038328261129f,0.039922985515065026f,1.4976422765759991f,-0.07398490818959456f,0.4989990153083744f,0f,0f,0f,1f],start_interpolation:0}
execute if entity @s[tag=aj.toji.bone.chain2] run data modify entity @s {} merge value {transformation:[-1.5382596783181812f,0.19417786375367374f,-0.07081520246117286f,-0.42917804260109654f,0.1919878824204082f,1.539334655236015f,0.05051876685211494f,0.9487470614040859f,0.07655382861284404f,0.04130920028989367f,-1.5496437445126658f,0.0012858708246059327f,0f,0f,0f,1f],start_interpolation:0}
execute if entity @s[tag=aj.toji.bone.bottom2] run data modify entity @s {} merge value {transformation:[-0.9910934840170831f,0.12510788537149448f,-0.04562590225686305f,-0.4057203140939413f,0.12369689068697441f,0.9917860865950162f,0.03254900414632909f,1.1347069526406515f,0.04932327212639616f,0.02661532367671001f,-0.9984281843839994f,0.006276244013989059f,0f,0f,0f,1f],start_interpolation:0}
execute if entity @s[tag=aj.toji.bone.rightarm] run data modify entity @s {} merge value {transformation:[-0.9910934840170831f,0.12510788537149448f,-0.04562590225686305f,-0.3125f,0.12369689068697441f,0.9917860865950162f,0.03254900414632909f,1.3749224186214697f,0.04932327212639616f,0.02661532367671001f,-0.9984281843839994f,0.009847370425266802f,0f,0f,0f,1f],start_interpolation:0}
execute if entity @s[tag=aj.toji.bone.chain] run data modify entity @s {} merge value {transformation:[-1.5382596803500663f,-0.1941778515523296f,0.07081519178075264f,0.405720312210445f,-0.1919878705900065f,1.5393346567743373f,0.050518764937986606f,1.134706951916476f,-0.07655381745372507f,0.041309200319856826f,-1.5496437450631377f,0.006276243559802359f,0f,0f,0f,1f],start_interpolation:0}
execute if entity @s[tag=aj.toji.bone.blade] run data modify entity @s {} merge value {transformation:[0.18766181626533834f,-0.06843884306327805f,-1.4866402279893256f,0.41786188370267136f,-1.4876791313792253f,-0.04882350436959783f,-0.1855453245970529f,0.8451038324424847f,-0.03992298554402272f,1.4976422771079987f,-0.07398489740494266f,0.4989990150228017f,0f,0f,0f,1f],start_interpolation:0}
execute if entity @s[tag=aj.toji.bone.bottom] run data modify entity @s {} merge value {transformation:[-0.9910934853262171f,-0.12510787751022578f,0.04562589537551848f,0.405720312210445f,-0.12369688306470215f,0.9917860875861502f,0.03254900291306519f,1.134706951916476f,-0.049323264936628225f,0.026615323696015134f,-0.9984281847386658f,0.006276243559802359f,0f,0f,0f,1f],start_interpolation:0}
execute if entity @s[tag=aj.toji.bone.leftarm] run data modify entity @s {} merge value {transformation:[-0.9910934853262171f,-0.12510787751022578f,0.04562589537551848f,0.3125f,-0.12369688306470215f,0.9917860875861502f,0.03254900291306519f,1.3749224186214697f,-0.049323264936628225f,0.026615323696015134f,-0.9984281847386658f,0.009847370425266878f,0f,0f,0f,1f],start_interpolation:0}
execute if entity @s[tag=aj.toji.locator_origin.mount] at @s on origin run tp @s ^0 ^1.74963 ^0.02363 ~0 ~2.70833
execute if entity @s[tag=aj.toji.bone.head] run data modify entity @s {} merge value {transformation:[-1f,-5.786668339391084e-18f,1.2232788846435824e-16f,-1.4471460805585616e-18f,0f,0.9988830130412105f,0.047251732854076675f,1.4999069023457638f,-1.2246467991473532e-16f,0.047251732854076675f,-0.9988830130412105f,0.01181684451032021f,0f,0f,0f,1f],start_interpolation:0}
execute if entity @s[tag=aj.toji.bone.upper] run data modify entity @s {} merge value {transformation:[-1f,-1.9295281074114155e-18f,1.2244947834883287e-16f,0f,0f,0.9998758697943517f,0.015755792680426945f,0.75f,-1.2246467991473532e-16f,0.015755792680426945f,-0.9998758697943517f,0f,0f,0f,0f,1f],start_interpolation:0}