execute if entity @s[tag=aj.yuji.locator_origin.head] at @s on origin run tp @s ^0.11582 ^1.58014 ^0.1646 ~-16.35824 ~14.6226
execute if entity @s[tag=aj.yuji.bone.torso] run data modify entity @s {} merge value {transformation:[-0.9459175910439036f,0.17599115742800794f,-0.2725197671011197f,0.11581610167489415f,0.10620787711470686f,0.9617631412110436f,0.25245107852147086f,1.5801393066428404f,0.3065286247522174f,0.20985417011586077f,-0.9284403209105567f,0.16460213398570073f,0f,0f,0f,1f],start_interpolation:0}
execute if entity @s[tag=aj.yuji.bone.bottom2] run data modify entity @s {} merge value {transformation:[-0.576503421791794f,-0.7315832466057314f,-0.3639089967947624f,-0.28326333644844504f,-0.08719267887014343f,0.4979072771615899f,-0.8628358940731317f,1.4541002516956791f,0.8124292224026666f,-0.4656976450824603f,-0.35083395210676216f,0.4755013452765115f,0f,0f,0f,1f],start_interpolation:0}
execute if entity @s[tag=aj.yuji.bone.rightarm] run data modify entity @s {} merge value {transformation:[-0.8214734361595485f,0.12055682593458611f,-0.5573575561565502f,-0.20178204020482673f,0.5655502676141196f,0.2974220624800369f,-0.7692158419791674f,1.4931088755898059f,0.07303621352330569f,-0.9471040959000754f,-0.31250526882514973f,0.23416055795628604f,0f,0f,0f,1f],start_interpolation:0}
execute if entity @s[tag=aj.yuji.bone.bottom] run data modify entity @s {} merge value {transformation:[-0.8198051462902044f,-0.5331456671910584f,-0.20898617100539826f,0.5053015062118883f,-0.3210104328573472f,0.7300828529341774f,-0.6032672126414889f,1.278089378294653f,0.47420652052964773f,-0.4274748242959968f,-0.7696710014546936f,-0.13315594642182488f,0f,0f,0f,1f],start_interpolation:0}
execute if entity @s[tag=aj.yuji.bone.leftarm] run data modify entity @s {} merge value {transformation:[-0.7751680521129678f,-0.26974819502885916f,-0.5712708659314423f,0.389416454197613f,-0.5504400112002523f,0.7321682991939079f,0.4011799792180147f,1.4267289523931141f,0.3100488430122804f,0.6254322448788301f,-0.7160336737979389f,0.042580167486150164f,0f,0f,0f,1f],start_interpolation:0}
execute if entity @s[tag=aj.yuji.bone.head] run data modify entity @s {} merge value {transformation:[-0.9001987393036845f,0.2225053433200378f,-0.37434422921969723f,0.11581610167489415f,0.0766931482675674f,0.9271814700914679f,0.36667790024466107f,1.5801393066428404f,0.4286728248499851f,0.30137334605611155f,-0.8517122257676457f,0.16460213398570073f,0f,0f,0f,1f],start_interpolation:0}
execute if entity @s[tag=aj.yuji.bone.bottom3] run data modify entity @s {} merge value {transformation:[-0.9813973396037694f,0.1286492005668975f,0.14250840330360096f,-0.1573123589850616f,0.12989238914193807f,-0.10167335447974876f,0.9863014226045884f,0.5644280039533948f,0.141376196941504f,0.9864643491694637f,0.08307140757218179f,0.13312411119201573f,0f,0f,0f,1f],start_interpolation:0}
execute if entity @s[tag=aj.yuji.bone.rightleg] run data modify entity @s {} merge value {transformation:[-0.9813973396037694f,0.09607579289085305f,-0.16621884321290864f,-0.12115494033414646f,0.12989238914193807f,0.9698173067227488f,-0.20635493409180516f,0.8666840848721167f,0.141376196941504f,-0.22410674599714264f,-0.9642556389966974f,0.06220715183702423f,0f,0f,0f,1f],start_interpolation:0}
execute if entity @s[tag=aj.yuji.bone.bottom4] run data modify entity @s {} merge value {transformation:[-0.9855599963329913f,0.06531299585882741f,-0.15622325755168173f,0.11668129312672688f,-0.12691030938592246f,0.32585082435289725f,0.936864458521139f,0.5809777329357027f,0.11209490175598424f,0.9431624742537641f,-0.31285664474297836f,-0.18143508786102328f,0f,0f,0f,1f],start_interpolation:0}
execute if entity @s[tag=aj.yuji.bone.leftleg] run data modify entity @s {} merge value {transformation:[-0.9855599963329913f,-0.06793937690896498f,-0.15509911248403677f,0.08929048786559413f,-0.12691030938592246f,0.9027615634335422f,0.41099310573122283f,0.8622975320750226f,0.11209490175598424f,0.42474204012817973f,-0.8983478904901309f,-0.04800260718499222f,0f,0f,0f,1f],start_interpolation:0}
execute if entity @s[tag=aj.yuji.locator_origin.mount] at @s on origin run tp @s ^-0.02292 ^0.70274 ^0.01022 ~-27.63779 ~0.17065
execute if entity @s[tag=aj.yuji.camera_origin.camera] at @s on origin run tp @s ^0 ^0.005 ^0 ~0 ~0