execute if entity @s[tag=aj.yuji.locator_origin.head] at @s on origin run tp @s ^0.1171 ^1.59416 ^0.15342 ~-17.52857 ~13.9755
execute if entity @s[tag=aj.yuji.bone.torso] run data modify entity @s {} merge value {transformation:[-0.9394090481592139f,0.17914014808291667f,-0.29226605615676726f,0.11709840813199798f,0.1087472560717495f,0.9642864981999014f,0.2415069019432714f,1.5941627837565355f,0.3250917940112689f,0.1950906372284489f,-0.9253404609830549f,0.1534154552704028f,0f,0f,0f,1f],start_interpolation:0}
execute if entity @s[tag=aj.yuji.bone.bottom2] run data modify entity @s {} merge value {transformation:[-0.3187618112213099f,-0.9040715982709161f,-0.2846848308336458f,-0.321858823717294f,-0.5348004093547624f,0.41952767140258784f,-0.7334746451524419f,1.4177818032564955f,0.7825467588974402f,-0.0815541423067748f,-0.6172272612350477f,0.43848615334639196f,0f,0f,0f,1f],start_interpolation:0}
execute if entity @s[tag=aj.yuji.bone.rightarm] run data modify entity @s {} merge value {transformation:[-0.8067077432696003f,0.2903206073392921f,-0.5147198868345905f,-0.19885943792812094f,0.5859713776990984f,0.5058075874146706f,-0.6330846934108981f,1.5076104890039694f,0.07655169146589502f,-0.8123254455376212f,-0.5781584636289738f,0.23062031124536822f,0f,0f,0f,1f],start_interpolation:0}
execute if entity @s[tag=aj.yuji.bone.bottom] run data modify entity @s {} merge value {transformation:[-0.6818377908048565f,-0.6797669529076337f,-0.27021124470499724f,0.42964275894879067f,-0.681452893608336f,0.7245498819657142f,-0.10319603837500427f,1.416420847146257f,0.26593078201513043f,0.11377327576430457f,-0.9572546478856506f,-0.22585113609624569f,0f,0f,0f,1f],start_interpolation:0}
execute if entity @s[tag=aj.yuji.bone.leftarm] run data modify entity @s {} merge value {transformation:[-0.6838761877037485f,0.00548287981632517f,-0.7295774790388664f,0.3882712171713877f,-0.70182200706911f,0.2683459290187542f,0.6598759980273172f,1.439643453959126f,0.1993971671947067f,0.9633070125396066f,-0.1796673852059541f,0.027437939988325114f,0f,0f,0f,1f],start_interpolation:0}
execute if entity @s[tag=aj.yuji.bone.head] run data modify entity @s {} merge value {transformation:[-0.891446809731399f,0.21879273697674217f,-0.3968026255784319f,0.11709840813199798f,0.0735055905960817f,0.933927954502699f,0.3498221032889798f,1.5941627837565355f,0.4471235998813218f,0.28268058660727047f,-0.8486295849100108f,0.1534154552704028f,0f,0f,0f,1f],start_interpolation:0}
execute if entity @s[tag=aj.yuji.bone.bottom3] run data modify entity @s {} merge value {transformation:[-0.9760761971499408f,0.1649483281564366f,0.1416591204113114f,-0.1527422918135979f,0.13260257266739184f,-0.06473637955332676f,0.9890529606064161f,0.5794981012380511f,0.1723131308963392f,0.9841754163769407f,0.041315066500937636f,0.14901339616728684f,0f,0f,0f,1f],start_interpolation:0}
execute if entity @s[tag=aj.yuji.bone.rightleg] run data modify entity @s {} merge value {transformation:[-0.9760761971499408f,0.08390772050554204f,-0.20058602094082661f,-0.12042065292342889f,0.13260257266739184f,0.9608366429950013f,-0.243330029384138f,0.8789307860948179f,0.1723131308963392f,-0.26410687215152173f,-0.9489761561825676f,0.06540304155183418f,0f,0f,0f,1f],start_interpolation:0}
execute if entity @s[tag=aj.yuji.bone.bottom4] run data modify entity @s {} merge value {transformation:[-0.9820281907216436f,0.09600836999150433f,-0.1624900782187937f,0.10873007507556369f,-0.12382604577276694f,0.3219931656521417f,0.938609349869046f,0.5922717738572698f,0.14243504841244614f,0.9418613455094581f,-0.3043180290729705f,-0.18584155602987662f,0f,0f,0f,1f],start_interpolation:0}
execute if entity @s[tag=aj.yuji.bone.leftleg] run data modify entity @s {} merge value {transformation:[-0.9820281907216436f,-0.05183003139182163f,-0.18147804405464057f,0.08639551407360915f,-0.12382604577276694f,0.9026061033328676f,0.41227337121688734f,0.8735622683627111f,0.14243504841244614f,0.4273357814086945f,-0.8928025464298165f,-0.05140890528708179f,0f,0f,0f,1f],start_interpolation:0}
execute if entity @s[tag=aj.yuji.locator_origin.mount] at @s on origin run tp @s ^-0.02445 ^0.71489 ^0.01005 ~-29.45025 ~0.35249
execute if entity @s[tag=aj.yuji.camera_origin.camera] at @s on origin run tp @s ^0 ^0.005 ^0 ~0 ~0