execute if entity @s[tag=aj.yuji.locator_origin.head] at @s on origin run tp @s ^-0.02819 ^1.48767 ^0.15986 ~10 ~12.5
execute if entity @s[tag=aj.yuji.bone.torso] run data modify entity @s {} merge value {transformation:[-0.984807753012208f,-0.03758434453528553f,0.169532022499877f,-0.028188258401464147f,3.469446951953614e-18f,0.9762960071199334f,0.21643961393810288f,1.4876664497843943f,-0.17364817766693044f,0.2131514098652129f,-0.9614638770465722f,0.15986355739890967f,0f,0f,0f,1f],start_interpolation:0}
execute if entity @s[tag=aj.yuji.bone.bottom2] run data modify entity @s {} merge value {transformation:[-0.9680573663259406f,0.10601743303017394f,-0.22721188216239116f,-0.4953095899233722f,0.19478437680155097f,-0.2526016262304338f,-0.947761291138107f,1.1734493096097587f,-0.157873310144923f,-0.9617446242737376f,0.2238823253954007f,0.1295023688767305f,0f,0f,0f,1f],start_interpolation:0}
execute if entity @s[tag=aj.yuji.bone.rightarm] run data modify entity @s {} merge value {transformation:[-0.8024130298986021f,0.4556645496153644f,0.3853610614381949f,-0.33124263815086846f,0.21321171445801612f,0.8220234857530805f,-0.5280323415172867f,1.3656294488944027f,-0.5573814620767527f,-0.341536538446741f,-0.7567553756921712f,0.07895457564484229f,0f,0f,0f,1f],start_interpolation:0}
execute if entity @s[tag=aj.yuji.bone.bottom] run data modify entity @s {} merge value {transformation:[-0.8289840255694818f,0.45206451148344906f,-0.3292767267935089f,0.40420756573070576f,0.2113091388708466f,-0.29194425114355194f,-0.9328006228845966f,1.262103363675225f,-0.517816505318513f,-0.8428559970015406f,0.14649175791921182f,0.39071290990806584f,0f,0f,0f,1f],start_interpolation:0}
execute if entity @s[tag=aj.yuji.bone.leftarm] run data modify entity @s {} merge value {transformation:[-0.9673930902875897f,-0.23793316042387957f,0.08682407520113045f,0.2842622074817615f,-0.19134170540006284f,0.4619397672267266f,-0.8660254056487678f,1.3656294488944027f,0.16594866868529776f,-0.8544000600568926f,-0.4924038756309248f,0.1874846866866738f,0f,0f,0f,1f],start_interpolation:0}
execute if entity @s[tag=aj.yuji.bone.head] run data modify entity @s {} merge value {transformation:[-0.9951424270566682f,0.04348079054651423f,0.08832310414163462f,-0.028188258401464147f,0.035733140912248024f,0.9955250388978688f,-0.08748165275040393f,1.4876664497843943f,-0.09173163310608452f,-0.08390064231486541f,-0.9922429086200837f,0.15986355739890967f,0f,0f,0f,1f],start_interpolation:0}
execute if entity @s[tag=aj.yuji.bone.bottom3] run data modify entity @s {} merge value {transformation:[-0.9762960071199334f,-0.018863955312791746f,0.21561599586216249f,-0.13659695771177632f,-3.469446951953614e-18f,0.9961946980917454f,0.08715574274765814f,0.44406239199849984f,-0.216439613938103f,0.08508980364211072f,-0.9725809060610187f,0.05162600944409837f,0f,0f,0f,1f],start_interpolation:0}
execute if entity @s[tag=aj.yuji.bone.rightleg] run data modify entity @s {} merge value {transformation:[-0.9762960071199334f,0.03758434453528552f,0.213151409865213f,-0.11875f,-3.469446951953614e-18f,0.984807753012208f,-0.17364817766693033f,0.7518148148148148f,-0.216439613938103f,-0.1695320224998769f,-0.9614638770465722f,-1.4542680739874818e-17f,0f,0f,0f,1f],start_interpolation:0}
execute if entity @s[tag=aj.yuji.bone.bottom4] run data modify entity @s {} merge value {transformation:[-0.9986262601436631f,-0.051827851632104176f,-0.007711442581102238f,0.14112845329955487f,-0.05221694049376499f,0.9720944009456159f,0.22870475897028184f,0.45551489172309195f,-0.004357026159164822f,0.228793246065929f,-0.9734652879675081f,-0.07838911906711271f,0f,0f,0f,1f],start_interpolation:0}
execute if entity @s[tag=aj.yuji.bone.leftleg] run data modify entity @s {} merge value {transformation:[-0.9986262601436631f,-0.05163852535570233f,-0.008891301961441146f,0.11875f,-0.05221694049376499f,0.9666263149256109f,0.25081259621239965f,0.7572592592592593f,-0.004357026159164822f,0.25093232153794404f,-0.967994827636298f,1.4542680739874818e-17f,0f,0f,0f,1f],start_interpolation:0}
execute if entity @s[tag=aj.yuji.locator_origin.mount] at @s on origin run tp @s ^0 ^0.59375 ^0 ~0 ~0
execute if entity @s[tag=aj.yuji.camera_origin.camera] at @s on origin run tp @s ^0 ^0.005 ^0 ~0 ~0