execute if entity @s[tag=aj.yuji.locator_origin.head] at @s on origin run tp @s ^0.07423 ^1.56084 ^0.15574 ~-6.8174 ~12.34309
execute if entity @s[tag=aj.yuji.bone.torso] run data modify entity @s {} merge value {transformation:[-0.9867189975511597f,0.1137476595169796f,-0.11596158771784706f,0.07423110359931981f,0.08704388965603455f,0.972999397557189f,0.2137651366029906f,1.5608350189197733f,0.13714583896415797f,0.20083237365463874f,-0.96997802889914f,0.15574038708964086f,0f,0f,0f,1f],start_interpolation:0}
execute if entity @s[tag=aj.yuji.bone.bottom2] run data modify entity @s {} merge value {transformation:[-0.9362249129433097f,-0.15497218839627958f,-0.315383153018611f,-0.3517814439898531f,0.2983537059722404f,0.12361905149341032f,-0.9464160798721141f,1.4669183848810627f,0.18565553726437134f,-0.9801540444907307f,-0.06949870899189431f,0.40951400805290694f,0f,0f,0f,1f],start_interpolation:0}
execute if entity @s[tag=aj.yuji.bone.rightarm] run data modify entity @s {} merge value {transformation:[-0.8178638910871857f,0.2093116408874559f,-0.5359918774055524f,-0.24833704057504002f,0.5675370478019178f,0.13985596139677056f,-0.811382776150732f,1.4664113097426354f,-0.0948702009485155f,-0.9677959222123151f,-0.23317525151954388f,0.17349441505911037f,0f,0f,0f,1f],start_interpolation:0}
execute if entity @s[tag=aj.yuji.bone.bottom] run data modify entity @s {} merge value {transformation:[-0.9575330906864985f,-0.010536409512659883f,-0.28813081111700545f,0.5278976342736862f,0.2869529535708826f,0.06249368643229575f,-0.9559040441346864f,1.2292745562104546f,0.02807815302523986f,-0.9979897410448084f,-0.056816318888218864f,0.17474322988942598f,0f,0f,0f,1f],start_interpolation:0}
execute if entity @s[tag=aj.yuji.bone.leftarm] run data modify entity @s {} merge value {transformation:[-0.8895935806597874f,-0.4157428103520589f,-0.18915913112897925f,0.36836233289443476f,-0.25395094565965176f,0.7944250264035503f,-0.5517225703397377f,1.412008878707614f,0.379647439669316f,-0.4427717166489864f,-0.8122936836441872f,0.08777826570651164f,0f,0f,0f,1f],start_interpolation:0}
execute if entity @s[tag=aj.yuji.bone.head] run data modify entity @s {} merge value {transformation:[-0.9672547435903562f,0.12200038118258222f,-0.22256272822118914f,0.07423110359931981f,0.048464569533389595f,0.9495410585230525f,0.3098757229581951f,1.5608350189197733f,0.24913740486305447f,0.28894235613738856f,-0.9243607890471539f,0.15574038708964086f,0f,0f,0f,1f],start_interpolation:0}
execute if entity @s[tag=aj.yuji.bone.bottom3] run data modify entity @s {} merge value {transformation:[-0.9929181470336254f,-0.03060330404202581f,0.1147910757551447f,-0.16746573322589173f,0.11435798341010593f,0.01555098354036688f,0.9933178839330847f,0.5421410291706006f,-0.03218392334203507f,0.9994106286670352f,-0.011941121625519135f,0.13452485425077235f,0f,0f,0f,1f],start_interpolation:0}
execute if entity @s[tag=aj.yuji.bone.rightleg] run data modify entity @s {} merge value {transformation:[-0.9929181470336254f,0.11873780208710927f,-0.0038584513518398755f,-0.12415443165470992f,0.11435798341010593f,0.9464855138749276f,-0.3018069310921938f,0.8372030148602023f,-0.03218392334203507f,-0.3001108234976486f,-0.9533612582320918f,0.04094137142864488f,0f,0f,0f,1f],start_interpolation:0}
execute if entity @s[tag=aj.yuji.bone.bottom4] run data modify entity @s {} merge value {transformation:[-0.9889525934326429f,-0.0822677435238343f,-0.12330768961563787f,0.1540527029204643f,-0.13959600074514983f,0.23709440381991226f,0.9614048056116844f,0.5703871547750154f,-0.04985704081481335f,0.9679970361797484f,-0.24595937353232356f,-0.18663851143365756f,0f,0f,0f,1f],start_interpolation:0}
execute if entity @s[tag=aj.yuji.bone.leftleg] run data modify entity @s {} merge value {transformation:[-0.9889525934326429f,-0.14572508534181336f,-0.0271471443244235f,0.10233266004219359f,-0.13959600074514983f,0.8539856918867232f,0.501219906456951f,0.8363852084849592f,-0.04985704081481335f,0.4994723591500093f,-0.8648940038677077f,-0.030865005704372225f,0f,0f,0f,1f],start_interpolation:0}
execute if entity @s[tag=aj.yuji.locator_origin.mount] at @s on origin run tp @s ^-0.0157 ^0.67492 ^0.00725 ~-17.59171 ~-0.23362
execute if entity @s[tag=aj.yuji.camera_origin.camera] at @s on origin run tp @s ^0 ^0.005 ^0 ~0 ~0