execute if entity @s[tag=aj.yuji.locator_origin.head] at @s on origin run tp @s ^-0.00986 ^1.49626 ^0.09559 ~5.88921 ~7.36152
execute if entity @s[tag=aj.yuji.bone.torso] run data modify entity @s {} merge value {transformation:[-0.9947221524102506f,-0.013146759704991929f,0.10175953131563308f,-0.009860069778743947f,-8.673617379884035e-19f,0.9917574470666743f,0.1281294899224714f,1.4962625297444503f,-0.10260526060742746f,0.12745324200290828f,-0.9865231024150575f,0.0955899315021812f,0f,0f,0f,1f],start_interpolation:0}
execute if entity @s[tag=aj.yuji.bone.bottom2] run data modify entity @s {} merge value {transformation:[-0.9926041029287911f,0.11970506022526667f,0.020193895250671556f,-0.4290813905698363f,0.03864948234063613f,0.46930731556153193f,-0.8821886765739115f,1.1428899944609596f,-0.11507959143015165f,-0.8748836163267055f,-0.4704629055721349f,0.08855144801420403f,0f,0f,0f,1f],start_interpolation:0}
execute if entity @s[tag=aj.yuji.bone.rightarm] run data modify entity @s {} merge value {transformation:[-0.9287362808720965f,0.20787190228602787f,0.3069823982443526f,-0.3190673974438233f,0.10971793962422302f,0.9450409025066807f,-0.30799296471506266f,1.372292848861116f,-0.35413400615654167f,-0.2523627643479651f,-0.900501049890655f,0.0475941323119966f,0f,0f,0f,1f],start_interpolation:0}
execute if entity @s[tag=aj.yuji.bone.bottom] run data modify entity @s {} merge value {transformation:[-0.9403833309578371f,0.28986703151089077f,-0.17792215966457653f,0.39994504092920813f,0.29251152749077003f,0.4223571944022741f,-0.8579343836341192f,1.1761706601516586f,-0.173540188837224f,-0.858831476123054f,-0.48196711348248333f,0.24763742397069022f,0f,0f,0f,1f],start_interpolation:0}
execute if entity @s[tag=aj.yuji.bone.leftarm] run data modify entity @s {} merge value {transformation:[-0.9894318117423756f,-0.1418864195309053f,-0.02988199901110919f,0.30263394781258335f,-0.0985335005778172f,0.8091221299822837f,-0.5793207471140781f,1.372292848861116f,0.10637593325598277f,-0.5702539984302015f,-0.8145517405900539f,0.11172242019163875f,0f,0f,0f,1f],start_interpolation:0}
execute if entity @s[tag=aj.yuji.bone.head] run data modify entity @s {} merge value {transformation:[-0.9980978802737854f,0.028235961308693675f,0.05480284556435209f,-0.009860069778743947f,0.02536890930331591f,0.9983078548357781f,-0.052324424640383005f,1.4962625297444503f,-0.05618754162389027f,-0.05083460890142602f,-0.9971252693137922f,0.0955899315021812f,0f,0f,0f,1f],start_interpolation:0}
execute if entity @s[tag=aj.yuji.bone.bottom3] run data modify entity @s {} merge value {transformation:[-0.9917574470666743f,-0.0065820703807676125f,0.12796031625975043f,-0.12905684645197668f,8.673617379884035e-19f,0.9986796664622372f,0.0513704564402019f,0.4399641421866115f,-0.1281294899224715f,0.05094703273378444f,-0.9904479964479861f,0.030999044224119837f,0f,0f,0f,1f],start_interpolation:0}
execute if entity @s[tag=aj.yuji.bone.rightleg] run data modify entity @s {} merge value {transformation:[-0.9917574470666743f,0.013146759704991925f,0.1274532420029084f,-0.11875f,8.673617379884035e-19f,0.9947221524102506f,-0.10260526060742733f,0.7508148148148148f,-0.1281294899224715f,-0.10175953131563295f,-0.9865231024150575f,-1.4542680739874818e-17f,0f,0f,0f,1f],start_interpolation:0}
execute if entity @s[tag=aj.yuji.bone.bottom4] run data modify entity @s {} merge value {transformation:[-0.9995234749395414f,-0.030819522289853934f,-0.0017262938941994676f,0.13462209391639604f,-0.030760997083901606f,0.9898562916833353f,0.13870213723414632f,0.44458144689911444f,-0.0025659507376702825f,0.13868914471126054f,-0.9903326395893811f,-0.046490830184718425f,0f,0f,0f,1f],start_interpolation:0}
execute if entity @s[tag=aj.yuji.bone.leftleg] run data modify entity @s {} merge value {transformation:[-0.9995234749395414f,-0.0308002310336765f,-0.0020417671405194436f,0.11875f,-0.030760997083901606f,0.9883842194941415f,0.14883009008047055f,0.7532592592592593f,-0.0025659507376702825f,0.14882197560585242f,-0.9888606754612012f,1.4542680739874818e-17f,0f,0f,0f,1f],start_interpolation:0}
execute if entity @s[tag=aj.yuji.locator_origin.mount] at @s on origin run tp @s ^0 ^0.59375 ^0 ~0 ~0
execute if entity @s[tag=aj.yuji.camera_origin.camera] at @s on origin run tp @s ^0 ^0.005 ^0 ~0 ~0