execute if entity @s[tag=aj.yuji.locator_origin.head] at @s on origin run tp @s ^0.10335 ^1.56684 ^0.15567 ~-14.65176 ~13.47199
execute if entity @s[tag=aj.yuji.bone.torso] run data modify entity @s {} merge value {transformation:[-0.9563805775925684f,0.15757001826295272f,-0.24598349568277528f,0.10335282444601333f,0.09946245471585909f,0.9673841944524981f,0.23297004190536355f,1.5668374444434603f,0.27466963957744017f,0.19834190093901968f,-0.9408597554504577f,0.15566931536149758f,0f,0f,0f,1f],start_interpolation:0}
execute if entity @s[tag=aj.yuji.bone.bottom2] run data modify entity @s {} merge value {transformation:[-0.8300038463527012f,-0.4505839408798603f,-0.32873656209934476f,-0.27571497287539387f,0.24228762300582563f,0.23960607904176606f,-0.9401519210342644f,1.482708822166611f,0.502384636287684f,-0.8599785108404775f,-0.08970305521377636f,0.46713658218368725f,0f,0f,0f,1f],start_interpolation:0}
execute if entity @s[tag=aj.yuji.bone.rightarm] run data modify entity @s {} merge value {transformation:[-0.8289320842816248f,0.034777437093035435f,-0.5582670772289563f,-0.21521235833453345f,0.5581522597827417f,0.11668852522165762f,-0.8214924485234257f,1.476996437235604f,0.036573959970725156f,-0.9925594782937869f,-0.11613796752666741f,0.21671084011207017f,0f,0f,0f,1f],start_interpolation:0}
execute if entity @s[tag=aj.yuji.bone.bottom] run data modify entity @s {} merge value {transformation:[-0.9265189639017234f,-0.26371514053585354f,-0.26835971043104045f,0.538788465864442f,0.16987431704942318f,0.34321274243618227f,-0.9237682230064133f,1.2101209216191873f,0.33571613892910923f,-0.9014761993982924f,-0.27319468512572f,0.036023129932882765f,0f,0f,0f,1f],start_interpolation:0}
execute if entity @s[tag=aj.yuji.bone.leftarm] run data modify entity @s {} merge value {transformation:[-0.8301538790849904f,-0.41751338304323277f,-0.36949575372382526f,0.38252550266082186f,-0.34758187930142626f,0.9057413955013768f,-0.24252703283656243f,1.4148324030381922f,0.43592588156868106f,-0.07290472861902103f,-0.8970248192349837f,0.045042315376170074f,0f,0f,0f,1f],start_interpolation:0}
execute if entity @s[tag=aj.yuji.bone.head] run data modify entity @s {} merge value {transformation:[-0.9210791963142668f,0.18886290483747095f,-0.3405053851166183f,0.10335282444601333f,0.06733632227624839f,0.9385761547283812f,0.33843850472071746f,1.5668374444434603f,0.3835087141374671f,0.28880028558094994f,-0.8772203037031167f,0.15566931536149758f,0f,0f,0f,1f],start_interpolation:0}
execute if entity @s[tag=aj.yuji.bone.bottom3] run data modify entity @s {} merge value {transformation:[-0.9873708467440616f,0.08473445677579826f,0.13386143146860924f,-0.160497705706738f,0.1259197525308405f,-0.0930137542024784f,0.9876703181992119f,0.5462374933399616f,0.09614066217000322f,0.992052676708284f,0.08116932741770144f,0.1255273818666752f,0f,0f,0f,1f],start_interpolation:0}
execute if entity @s[tag=aj.yuji.bone.rightleg] run data modify entity @s {} merge value {transformation:[-0.9873708467440616f,0.1026296574782761f,-0.12068953726734777f,-0.12225486995262633f,0.1259197525308405f,0.9706860328151046f,-0.20472626021164303f,0.848789880141364f,0.09614066217000322f,-0.21733793756168115f,-0.9713501912152733f,0.057008397240087307f,0f,0f,0f,1f],start_interpolation:0}
execute if entity @s[tag=aj.yuji.bone.bottom4] run data modify entity @s {} merge value {transformation:[-0.9890327221715978f,0.024786131334920032f,-0.14560193050673115f,0.12658096066664365f,-0.13052463908821296f,0.314670359685284f,0.9401839624916104f,0.5665687066379785f,0.06912013501672731f,0.9488773431950952f,-0.3079840815793688f,-0.18067571601690546f,0f,0f,0f,1f],start_interpolation:0}
execute if entity @s[tag=aj.yuji.bone.leftleg] run data modify entity @s {} merge value {transformation:[-0.9890327221715978f,-0.08747783518651742f,-0.11900379332155492f,0.09306268265728446f,-0.13052463908821296f,0.8947511241726442f,0.427064098681546f,0.8453626539476284f,0.06912013501672731f,0.43791329523419364f,-0.8963561528725061f,-0.043395810412365406f,0f,0f,0f,1f],start_interpolation:0}
execute if entity @s[tag=aj.yuji.locator_origin.mount] at @s on origin run tp @s ^-0.021 ^0.6852 ^0.00979 ~-25 ~0
execute if entity @s[tag=aj.yuji.camera_origin.camera] at @s on origin run tp @s ^0 ^0.005 ^0 ~0 ~0