execute if entity @s[tag=aj.yuji.locator_origin.head] at @s on origin run tp @s ^-0.04096 ^1.61104 ^-0.08905 ~-33.42055 ~-7.1796
execute if entity @s[tag=aj.yuji.bone.torso] run data modify entity @s {} merge value {transformation:[-0.8368335135159867f,-0.03300606450002432f,-0.546461590930881f,-0.04096413523621731f,0.042516887913215146f,0.991247862008818f,-0.12497995961402152f,1.6110358555302842f,0.5458039802884038f,-0.12782126493337326f,-0.8281061159852452f,-0.08905247388199629f,0f,0f,0f,1f],start_interpolation:0}
execute if entity @s[tag=aj.yuji.bone.bottom2] run data modify entity @s {} merge value {transformation:[0.1229983506064449f,-0.9696263859292581f,-0.21141446842129732f,-0.35540686400845123f,-0.42023174202210023f,0.142102451438568f,-0.8962210532520536f,1.443575832507009f,0.8990420950907501f,0.19907678168213114f,-0.3899894181255692f,0.3422741051437145f,0f,0f,0f,1f],start_interpolation:0}
execute if entity @s[tag=aj.yuji.bone.rightarm] run data modify entity @s {} merge value {transformation:[-0.8887150322427919f,0.006053297383266654f,-0.45842005743257286f,-0.2983488501474601f,0.43361976463353974f,0.3357672121385957f,-0.8362022954834727f,1.5004164002520617f,0.1488606435054181f,-0.941925547399297f,-0.30102619814841336f,0.09748892807480156f,0f,0f,0f,1f],start_interpolation:0}
execute if entity @s[tag=aj.yuji.bone.bottom] run data modify entity @s {} merge value {transformation:[-0.3842480832353433f,-0.41260603533754686f,-0.8258993099240344f,0.07594580767715475f,-0.756072068162047f,0.6540096391694229f,0.025028376268669217f,1.4848242007490087f,0.5298192505705411f,0.6340565049556011f,-0.5632618487420908f,-0.4537960292203503f,0f,0f,0f,1f],start_interpolation:0}
execute if entity @s[tag=aj.yuji.bone.leftarm] run data modify entity @s {} merge value {transformation:[-0.3842480832353433f,0.6909671733003433f,-0.6123052963606458f,0.2246720958000316f,-0.756072068162047f,0.14509459526968616f,0.6382026215620638f,1.4738433453063022f,0.5298192505705411f,0.7081750658169627f,0.4666686596290892f,-0.2436385596054508f,0f,0f,0f,1f],start_interpolation:0}
execute if entity @s[tag=aj.yuji.bone.head] run data modify entity @s {} merge value {transformation:[-0.9007176285666163f,-0.20062659658889676f,-0.38530082056814724f,-0.04096413523621731f,-0.16004849731131904f,0.9778322669701413f,-0.1350130963292937f,1.6110358555302842f,0.403846792853082f,-0.05994185860640744f,-0.9128607459460011f,-0.08905247388199629f,0f,0f,0f,1f],start_interpolation:0}
execute if entity @s[tag=aj.yuji.bone.bottom3] run data modify entity @s {} merge value {transformation:[-0.9824358141694783f,0.14837300387609637f,0.11316060603380633f,-0.1485807159600453f,0.12844252574229859f,0.09779563197541508f,0.9868832412942617f,0.5881220690565774f,0.13536021800401105f,0.984084074704653f,-0.11513533469180326f,0.18295465515108705f,0f,0f,0f,1f],start_interpolation:0}
execute if entity @s[tag=aj.yuji.bone.rightleg] run data modify entity @s {} merge value {transformation:[-0.9824358141694783f,0.0669651866470384f,-0.17417099303409206f,-0.12151387129428654f,0.12844252574229859f,0.9197601156819704f,-0.370869043169725f,0.8747443394213037f,0.13536021800401105f,-0.3867259926330473f,-0.9122064558003802f,0.061256781090734694f,0f,0f,0f,1f],start_interpolation:0}
execute if entity @s[tag=aj.yuji.bone.bottom4] run data modify entity @s {} merge value {transformation:[-0.986052411967712f,0.06395137138580057f,-0.15365826678227607f,0.11638517835208198f,-0.12650604224240908f,0.3119443437657392f,0.9416405618221446f,0.5894747694050415f,0.10815203247659988f,0.9479456463798109f,-0.2995032376799001f,-0.1861815263663263f,0f,0f,0f,1f],start_interpolation:0}
execute if entity @s[tag=aj.yuji.bone.leftleg] run data modify entity @s {} merge value {transformation:[-0.986052411967712f,-0.0665050347789492f,-0.15257038114165042f,0.08943952740886216f,-0.12650604224240908f,0.8951684764928162f,0.42739866631716594f,0.8684242555450314f,0.10815203247659988f,0.4407385608754709f,-0.891096324102282f,-0.04777477588976285f,0f,0f,0f,1f],start_interpolation:0}
execute if entity @s[tag=aj.yuji.locator_origin.mount] at @s on origin run tp @s ^-0.02296 ^0.71152 ^0.00965 ~-27.32659 ~0.21232
execute if entity @s[tag=aj.yuji.camera_origin.camera] at @s on origin run tp @s ^0 ^0.005 ^0 ~0 ~0