execute if entity @s[tag=aj.yuji.locator_origin.head] at @s on origin run tp @s ^0.04894 ^1.54717 ^-0.00179 ~27.52145 ~-1.79108
execute if entity @s[tag=aj.yuji.bone.torso] run data modify entity @s {} merge value {transformation:[-0.8846447833949734f,0.06398165841676161f,0.46185490643523686f,0.04894270335481532f,0.05585870704543637f,0.9979493578756107f,-0.03125514298269073f,1.5471695063098978f,-0.46290756319083043f,-0.0018510812778380395f,-0.8864046262508054f,-0.0017884295124550413f,0f,0f,0f,1f],start_interpolation:0}
execute if entity @s[tag=aj.yuji.bone.bottom2] run data modify entity @s {} merge value {transformation:[-0.13072966659778193f,0.9639297860457398f,0.2318385685019791f,-0.21655327055308524f,0.7985416165115956f,0.24096768353467427f,-0.5516029932759436f,1.3369841760740735f,-0.5875721580965868f,0.11302186985600195f,-0.8012396744819692f,-0.38171327632262586f,0f,0f,0f,1f],start_interpolation:0}
execute if entity @s[tag=aj.yuji.bone.rightarm] run data modify entity @s {} merge value {transformation:[-0.12444364513918163f,-0.10692382410529055f,0.986448718901887f,-0.23550649875820903f,0.7782756571434901f,0.6061589400981605f,0.1638851452601583f,1.4398816825271454f,-0.6154679363560231f,0.7881234898020585f,0.007783581430321984f,-0.1462156578498598f,0f,0f,0f,1f],start_interpolation:0}
execute if entity @s[tag=aj.yuji.bone.bottom] run data modify entity @s {} merge value {transformation:[-0.5918754772907976f,0.6143172529817726f,-0.5218215519415803f,0.35731527058562695f,0.14597846050746333f,-0.5549940211080755f,-0.8189456182202575f,1.350585990138144f,-0.7927002639394423f,-0.5608885354713694f,0.23881026428342816f,0.39180846795642466f,0f,0f,0f,1f],start_interpolation:0}
execute if entity @s[tag=aj.yuji.bone.leftarm] run data modify entity @s {} merge value {transformation:[-0.9943883294276405f,0.08892196346899961f,0.05731260516609089f,0.3173964908636493f,-0.03584588964316624f,0.22649747435320577f,-0.9733519231538552f,1.4049699906237476f,-0.09953352447188973f,-0.9699442141300892f,-0.2220389582523007f,0.14310156914440925f,0f,0f,0f,1f],start_interpolation:0}
execute if entity @s[tag=aj.yuji.bone.head] run data modify entity @s {} merge value {transformation:[-0.9522618833773293f,-0.03853548967651259f,0.30284042250342547f,0.04894270335481532f,-0.03969562428179654f,0.9992091110029976f,0.0023259194908267465f,1.5471695063098978f,-0.30269053979194704f,-0.009806555154117783f,-0.9530384402512151f,-0.0017884295124550413f,0f,0f,0f,1f],start_interpolation:0}
execute if entity @s[tag=aj.yuji.bone.bottom3] run data modify entity @s {} merge value {transformation:[-0.9329682439149506f,-0.30342025678425605f,0.19366570067833244f,-0.2059951664436554f,0.08307253816571734f,0.34200362872303924f,0.9360194823522526f,0.5446106269802385f,-0.35024164408156655f,0.8893647540313532f,-0.293872634040313f,0.15339787602911925f,0f,0f,0f,1f],start_interpolation:0}
execute if entity @s[tag=aj.yuji.bone.rightleg] run data modify entity @s {} merge value {transformation:[-0.9329682439149506f,0.2636704103835241f,0.2450472822425038f,-0.11776711167433565f,0.08307253816571734f,0.8201055432258653f,-0.5661500254993493f,0.8003744058747857f,-0.35024164408156655f,-0.5078432953760368f,-0.7870361987181076f,-0.0031141435003824392f,0f,0f,0f,1f],start_interpolation:0}
execute if entity @s[tag=aj.yuji.bone.bottom4] run data modify entity @s {} merge value {transformation:[-0.9224638418612708f,-0.3576020481806559f,-0.14553774629127764f,0.2367491083396478f,-0.1637648957951194f,0.02104848243748153f,0.9862748198612254f,0.5859933981173654f,-0.34963054695457907f,0.9336368333158663f,-0.0779791261310549f,-0.1852808633701769f,0f,0f,0f,1f],start_interpolation:0}
execute if entity @s[tag=aj.yuji.bone.leftleg] run data modify entity @s {} merge value {transformation:[-0.9224638418612708f,-0.3562520355567409f,0.14881178589151833f,0.11965494821653333f,-0.1637648957951194f,0.7100953631240982f,0.6847960529784535f,0.8068746684949266f,-0.34963054695457907f,0.6073294513123285f,-0.7133788742350784f,0.0023243992464596287f,0f,0f,0f,1f],start_interpolation:0}
execute if entity @s[tag=aj.yuji.locator_origin.mount] at @s on origin run tp @s ^0.00135 ^0.64246 ^-0.00057 ~1.31046 ~0.06446
execute if entity @s[tag=aj.yuji.camera_origin.camera] at @s on origin run tp @s ^0 ^0.005 ^0 ~0 ~0