execute if entity @s[tag=aj.yuji.locator_origin.head] at @s on origin run tp @s ^-0.01574 ^1.50982 ^0.10004 ~11.78458 ~7.68161
execute if entity @s[tag=aj.yuji.bone.torso] run data modify entity @s {} merge value {transformation:[-0.9788611640809286f,-0.029412772700796688f,0.20239987711503363f,-0.01573749237449456f,-0.0021395654748199737f,0.9910238354763159f,0.13366817039740903f,1.5098208609859185f,-0.20451465403170604f,0.13040953308659262f,-0.9701376757792827f,0.10003745022846693f,0f,0f,0f,1f],start_interpolation:0}
execute if entity @s[tag=aj.yuji.bone.bottom2] run data modify entity @s {} merge value {transformation:[-0.8834355663588367f,-0.3629270874004985f,0.2963537233159601f,-0.4405960484504735f,-0.4494446624967638f,0.8351586982494037f,-0.31703224456123014f,1.1598060415219558f,-0.1324428006552714f,-0.4132721596833646f,-0.9009245398951211f,0.04283639891003864f,0f,0f,0f,1f],start_interpolation:0}
execute if entity @s[tag=aj.yuji.bone.rightarm] run data modify entity @s {} merge value {transformation:[-0.934180271133074f,0.2570190877698848f,0.24748416019550157f,-0.3179550095621852f,0.20083852117099063f,0.9520825335669153f,-0.23065718651421455f,1.3852742673404976f,-0.2949086459220651f,-0.16577104028973194f,-0.9410360528490257f,0.019825429207734724f,0f,0f,0f,1f],start_interpolation:0}
execute if entity @s[tag=aj.yuji.bone.bottom] run data modify entity @s {} merge value {transformation:[-0.986995299772947f,0.08960170676066605f,0.13346090203383967f,0.36953266238956944f,-0.019914337978627468f,0.7556924239587336f,-0.6546238458185332f,1.2132981191151562f,-0.1595108064332431f,-0.648768444452217f,-0.7440805118494015f,0.3226851341061927f,0f,0f,0f,1f],start_interpolation:0}
execute if entity @s[tag=aj.yuji.bone.leftarm] run data modify entity @s {} merge value {transformation:[-0.9984151497701038f,-0.053193990162171106f,0.018373571241541875f,0.2938332179883952f,-0.050611013741341124f,0.7059062600237525f,-0.7064947822506209f,1.3866114957622604f,0.0246112575382679f,-0.7063049988991338f,-0.707479706092323f,0.147647087977551f,0f,0f,0f,1f],start_interpolation:0}
execute if entity @s[tag=aj.yuji.bone.head] run data modify entity @s {} merge value {transformation:[-0.9801856662057109f,-0.026623770617784072f,0.1962835566290734f,-0.01573749237449456f,0.007986932144318087f,0.9848079611777937f,0.17346321948977889f,1.5098208609859185f,-0.19791985418292204f,0.17159386480561822f,-0.9650820052623933f,0.10003745022846693f,0f,0f,0f,1f],start_interpolation:0}
execute if entity @s[tag=aj.yuji.bone.bottom3] run data modify entity @s {} merge value {transformation:[-0.9373506828069679f,-0.2522808869202576f,0.24026662593052622f,-0.17274234599691773f,0.03102258691976049f,0.6264720372351378f,0.7788262872189549f,0.4846752756336238f,-0.3470033091227188f,0.7374870443995503f,-0.5793975861191507f,0.10721678402474111f,0f,0f,0f,1f],start_interpolation:0}
execute if entity @s[tag=aj.yuji.bone.rightleg] run data modify entity @s {} merge value {transformation:[-0.9373506828069679f,0.17924159774686826f,0.2987409363955015f,-0.11087090493347784f,0.03102258691976049f,0.8970334588863622f,-0.44087251302295416f,0.7648043403673634f,-0.3470033091227188f,-0.4039844344470698f,-0.8463954632335667f,-0.016859581057951198f,0f,0f,0f,1f],start_interpolation:0}
execute if entity @s[tag=aj.yuji.bone.bottom4] run data modify entity @s {} merge value {transformation:[-0.9294778674220179f,-0.33682970719230254f,0.15038830514825824f,0.19050604538644111f,-0.11746352359838239f,0.6567322417459389f,0.7449195146290679f,0.4706067840060807f,-0.349675870766729f,0.6747210616277673f,-0.6499832877847155f,-0.038387673595794855f,0f,0f,0f,1f],start_interpolation:0}
execute if entity @s[tag=aj.yuji.bone.leftleg] run data modify entity @s {} merge value {transformation:[-0.9294778674220179f,-0.1958734940231111f,0.3125771397780013f,0.12348634183283126f,-0.11746352359838239f,0.9604265683060644f,0.25255321719528545f,0.7700059395792359f,-0.349675870766729f,0.19802621349461544f,-0.9157032293120488f,0.02131004392898041f,0f,0f,0f,1f],start_interpolation:0}
execute if entity @s[tag=aj.yuji.locator_origin.mount] at @s on origin run tp @s ^0.00896 ^0.61033 ^0.00316 ~9.25447 ~-0.18101
execute if entity @s[tag=aj.yuji.camera_origin.camera] at @s on origin run tp @s ^0 ^0.005 ^0 ~0 ~0