execute if entity @s[tag=aj.yuji.locator_origin.head] at @s on origin run tp @s ^-0.07373 ^1.53912 ^0.13832 ~28.53337 ~12.21236
execute if entity @s[tag=aj.yuji.bone.torso] run data modify entity @s {} merge value {transformation:[-0.8763559814476131f,-0.11849495686642039f,0.4668609417998213f,-0.07372983812576937f,-0.019435968643130668f,0.9771770169670946f,0.21153562497648887f,1.539119084495681f,-0.48127168720369806f,0.17630661561188135f,-0.8586579880182739f,0.1383165422703713f,0f,0f,0f,1f],start_interpolation:0}
execute if entity @s[tag=aj.yuji.bone.bottom2] run data modify entity @s {} merge value {transformation:[-0.7389038225632756f,-0.42557562180292996f,0.5224045665271592f,-0.5094666744279106f,-0.6718617594766417f,0.524266182747989f,-0.5232081285490542f,1.223450409454159f,-0.05121442330370061f,-0.7375841374066432f,-0.6733102725280282f,-0.026970043189435022f,0f,0f,0f,1f],start_interpolation:0}
execute if entity @s[tag=aj.yuji.bone.rightarm] run data modify entity @s {} merge value {transformation:[-0.742930579596636f,0.5210172019331001f,0.4202323514319308f,-0.3327792127198459f,0.34497925083981396f,0.8360360435885807f,-0.4266533139573082f,1.4108982171738158f,-0.5736231083125987f,-0.1720023520494876f,-0.8008568664244797f,-0.03411918693226951f,0f,0f,0f,1f],start_interpolation:0}
execute if entity @s[tag=aj.yuji.bone.bottom] run data modify entity @s {} merge value {transformation:[-0.8823692743097947f,0.29452918618122037f,0.36698368116502733f,0.25634605882780354f,-0.25741440808478f,0.3507267306675108f,-0.9004046773010688f,1.373656468845351f,-0.39390644354258636f,-0.8889563087591582f,-0.23365443469560754f,0.5161806548607483f,0f,0f,0f,1f],start_interpolation:0}
execute if entity @s[tag=aj.yuji.bone.leftarm] run data modify entity @s {} merge value {transformation:[-0.9821585286133162f,0.07992849958176373f,0.17022355779014217f,0.21494327568491223f,-0.14745937014928545f,0.2344217574590074f,-0.9608861398651801f,1.4230456975757724f,-0.11670629300642665f,-0.9688435759112193f,-0.2184531221755821f,0.26667561757004177f,0f,0f,0f,1f],start_interpolation:0}
execute if entity @s[tag=aj.yuji.bone.head] run data modify entity @s {} merge value {transformation:[-0.87088913615085f,-0.14595565203885658f,0.46930699991832475f,-0.07372983812576937f,-0.02063648993589704f,0.9649035426950139f,0.2617924532482496f,1.539119084495681f,-0.49104607504546033f,0.21830735427951942f,-0.8433360251109426f,0.1383165422703713f,0f,0f,0f,1f],start_interpolation:0}
execute if entity @s[tag=aj.yuji.bone.bottom3] run data modify entity @s {} merge value {transformation:[-0.7322922591672631f,-0.5740188381643194f,0.36640199316623656f,-0.2426171306389891f,0.036585727151926255f,0.5041037492959721f,0.8628678314287236f,0.5659865444384651f,-0.6800070085906988f,0.6452765169895991f,-0.3481503768334897f,0.09591748548781012f,0f,0f,0f,1f],start_interpolation:0}
execute if entity @s[tag=aj.yuji.bone.rightleg] run data modify entity @s {} merge value {transformation:[-0.7322922591672631f,0.4656860680572842f,0.49687476609408576f,-0.09251340775129242f,0.036585727151926255f,0.7554850700938832f,-0.6541435572059124f,0.8018469680481041f,-0.6800070085906988f,-0.46084573870503226f,-0.5702733321705851f,-0.0438467640538206f,0f,0f,0f,1f],start_interpolation:0}
execute if entity @s[tag=aj.yuji.bone.bottom4] run data modify entity @s {} merge value {transformation:[-0.7081465922465188f,-0.6985088437194831f,0.10302329413930478f,0.2617290578444049f,-0.19668595542300965f,0.3352906766936063f,0.9213548703196188f,0.5403371585669611f,-0.6781172751294431f,0.6321910766279563f,-0.37482182941099473f,-0.0005591190784540873f,0f,0f,0f,1f],start_interpolation:0}
execute if entity @s[tag=aj.yuji.bone.leftleg] run data modify entity @s {} merge value {transformation:[-0.7081465922465188f,-0.4309210855841814f,0.5593169243716782f,0.12264030239780746f,-0.19668595542300965f,0.8811979952525526f,0.4298892044494954f,0.81448224486199f,-0.6781172751294431f,0.19441479152017443f,-0.7087734828626042f,0.055957270302041395f,0f,0f,0f,1f],start_interpolation:0}
execute if entity @s[tag=aj.yuji.locator_origin.mount] at @s on origin run tp @s ^0.02145 ^0.65013 ^0.00862 ~24.87841 ~0.12971
execute if entity @s[tag=aj.yuji.camera_origin.camera] at @s on origin run tp @s ^0 ^0.005 ^0 ~0 ~0