execute if entity @s[tag=aj.yuji.locator_origin.head] at @s on origin run tp @s ^0.03705 ^1.58345 ^0.14506 ~-4.89283 ~10.79638
execute if entity @s[tag=aj.yuji.bone.torso] run data modify entity @s {} merge value {transformation:[-0.99487412723857f,0.05662136058338626f,-0.08378241150133803f,0.037053120674072605f,0.040084193236634896f,0.9814809021638089f,0.18731923590566862f,1.5834532189826869f,0.09283710682621202f,0.183000710964197f,-0.9787195775004895f,0.14505605321998602f,0f,0f,0f,1f],start_interpolation:0}
execute if entity @s[tag=aj.yuji.bone.bottom2] run data modify entity @s {} merge value {transformation:[-0.4021103975813255f,-0.9155678966533548f,-0.0065310622979506405f,-0.44854704031046255f,-0.6567556840100066f,0.29339750068030035f,-0.6946868921428567f,1.3523670935888596f,0.6379492140268975f,-0.275051510107297f,-0.7192826058721001f,0.30509161101786675f,0f,0f,0f,1f],start_interpolation:0}
execute if entity @s[tag=aj.yuji.bone.rightarm] run data modify entity @s {} merge value {transformation:[-0.8546672057176359f,0.456830503168826f,-0.2466776415594354f,-0.2809227141609038f,0.5026926571923593f,0.6093824563372884f,-0.6131501564162056f,1.4732944165986592f,-0.1297846673366817f,-0.648042369975027f,-0.7504645406955994f,0.15119256023265265f,0f,0f,0f,1f],start_interpolation:0}
execute if entity @s[tag=aj.yuji.bone.bottom] run data modify entity @s {} merge value {transformation:[-0.9114413593737071f,-0.2540158414829852f,0.3236519746559561f,0.5260416849552058f,-0.3594132167395804f,0.10871611227681259f,-0.9268241184627872f,1.4446208711871622f,0.20024182394274176f,-0.961070631747275f,-0.19038501184961382f,0.2723506311818023f,0f,0f,0f,1f],start_interpolation:0}
execute if entity @s[tag=aj.yuji.bone.leftarm] run data modify entity @s {} merge value {transformation:[-0.8390771033961905f,-0.5309030025189658f,0.11870811460302691f,0.34087361536320243f,-0.1760278166122466f,0.058490652707463286f,-0.9826459440330377f,1.4482417958257625f,0.51474636699542f,-0.8454116426109838f,-0.14253186381583058f,0.09316936846627012f,0f,0f,0f,1f],start_interpolation:0}
execute if entity @s[tag=aj.yuji.bone.head] run data modify entity @s {} merge value {transformation:[-0.9959941470992572f,-0.07122960807258404f,0.054055544376587605f,0.037053120674072605f,-0.06000059778343492f,0.9805995374706691f,0.1866131704300098f,1.5834532189826869f,-0.06629922480431892f,0.1826222605438217f,-0.9809452190332602f,0.14505605321998602f,0f,0f,0f,1f],start_interpolation:0}
execute if entity @s[tag=aj.yuji.bone.bottom3] run data modify entity @s {} merge value {transformation:[-0.9770307940253999f,-0.1507532385791464f,0.15061304254278762f,-0.1860667385153234f,0.09571617271022577f,0.3210133252587857f,0.9422254821899072f,0.591428480118416f,-0.19039233652592957f,0.9349994150074084f,-0.29921038104985787f,0.18947934669190247f,0f,0f,0f,1f],start_interpolation:0}
execute if entity @s[tag=aj.yuji.bone.rightleg] run data modify entity @s {} merge value {transformation:[-0.9770307940253999f,0.18361111257274348f,0.10815630756408015f,-0.12258182337368231f,0.09571617271022577f,0.8315860687863991f,-0.5470859388451584f,0.8507009005347268f,-0.19039233652592957f,-0.5241675014155127f,-0.8300597500493657f,0.0268669546028418f,0f,0f,0f,1f],start_interpolation:0}
execute if entity @s[tag=aj.yuji.bone.bottom4] run data modify entity @s {} merge value {transformation:[-0.9640704893090525f,-0.2503533133656559f,-0.08883304638613833f,0.1924836679719124f,-0.1655926116299655f,0.304880440771251f,0.9378843232556429f,0.5754425088132022f,-0.20771898954349724f,0.9188966945864836f,-0.3353828947055337f,-0.13641146649251237f,0f,0f,0f,1f],start_interpolation:0}
execute if entity @s[tag=aj.yuji.bone.leftleg] run data modify entity @s {} merge value {transformation:[-0.9640704893090525f,-0.23875391551362318f,0.1164674180632411f,0.1118476288157236f,-0.1655926116299655f,0.8829468442338391f,0.4392993936156435f,0.8503284438135896f,-0.20771898954349724f,0.40422943742931233f,-0.8907588805611819f,-0.01138801098049912f,0f,0f,0f,1f],start_interpolation:0}
execute if entity @s[tag=aj.yuji.locator_origin.mount] at @s on origin run tp @s ^-0.00767 ^0.69114 ^0.01106 ~-9.26966 ~-1.04402
execute if entity @s[tag=aj.yuji.camera_origin.camera] at @s on origin run tp @s ^0 ^0.005 ^0 ~0 ~0