execute if entity @s[tag=aj.yuji.locator_origin.head] at @s on origin run tp @s ^-0.00167 ^1.49968 ^0.03954 ~2.41983 ~3.02478
execute if entity @s[tag=aj.yuji.bone.torso] run data modify entity @s {} merge value {transformation:[-0.9991082807771857f,-0.00222793145551446f,0.04216253792036059f,-0.0016709485916358451f,0f,0.9986068052102153f,0.05276787458148375f,1.4996773261298837f,-0.04222136049982657f,0.05272082045337239f,-0.9977163283259761f,0.03954061534002929f,0f,0f,0f,1f],start_interpolation:0}
execute if entity @s[tag=aj.yuji.bone.bottom2] run data modify entity @s {} merge value {transformation:[-0.9982967877961089f,0.015459782172542368f,0.05625405417521637f,-0.3893287183767987f,-0.010023461800568997f,0.9044590489655022f,-0.42644267956895643f,1.1292969361462015f,-0.05747219927498137f,-0.42628021755600704f,-0.902763602739333f,0.039159135789838116f,0f,0f,0f,1f],start_interpolation:0}
execute if entity @s[tag=aj.yuji.bone.rightarm] run data modify entity @s {} merge value {transformation:[-0.9877063744736366f,0.0559331002785175f,0.14597125099613806f,-0.3136137949025671f,0.03804555376526703f,0.9917295457709372f,-0.12257668572638383f,1.3748514754786068f,-0.1516200965005576f,-0.11551621677584412f,-0.9816655998857033f,0.01975633762716194f,0f,0f,0f,1f],start_interpolation:0}
execute if entity @s[tag=aj.yuji.bone.bottom] run data modify entity @s {} merge value {transformation:[-0.9872659863327952f,0.14515958078302996f,-0.06507356096932251f,0.38447319736537705f,0.1590393323576773f,0.8916230449619119f,-0.42392786704352503f,1.1349680582148562f,-0.003516104884300212f,-0.4288788194813815f,-0.9033551877344256f,0.10478520914757036f,0f,0f,0f,1f],start_interpolation:0}
execute if entity @s[tag=aj.yuji.bone.leftarm] run data modify entity @s {} merge value {transformation:[-0.9983208388254473f,-0.04499705742245043f,-0.03647968736401017f,0.310828880583174f,-0.03458150332140557f,0.9681790448853536f,-0.24785773474498657f,1.3748514754786068f,0.04647173759272231f,-0.24618001923024788f,-0.9681093821138747f,0.04614468793955354f,0f,0f,0f,1f],start_interpolation:0}
execute if entity @s[tag=aj.yuji.bone.head] run data modify entity @s {} merge value {transformation:[-0.9996428867484322f,0.012366867932193987f,0.02368880644543229f,-0.0016709485916358451f,0.011850652818875549f,0.9996919100852497f,-0.021809331440269697f,1.4996773261298837f,-0.023951221284685235f,-0.02152081521812617f,-0.9994814623149942f,0.03954061534002929f,0f,0f,0f,1f],start_interpolation:0}
execute if entity @s[tag=aj.yuji.bone.bottom3] run data modify entity @s {} merge value {transformation:[-0.9986068052102153f,-0.0011142141469936443f,0.05275610973794269f,-0.1256875211124121f,0f,0.9997770453399063f,0.02111538802407286f,0.43801940299787023f,-0.052767874581483874f,0.021085970175493435f,-0.9983841611693922f,0.012845993883978358f,0f,0f,0f,1f],start_interpolation:0}
execute if entity @s[tag=aj.yuji.bone.rightleg] run data modify entity @s {} merge value {transformation:[-0.9986068052102153f,0.002227931455514459f,0.052720820453372515f,-0.11875f,0f,0.9991082807771857f,-0.042221360499826444f,0.7502407407407408f,-0.052767874581483874f,-0.04216253792036047f,-0.9977163283259761f,-1.4542680739874818e-17f,0f,0f,0f,1f],start_interpolation:0}
execute if entity @s[tag=aj.yuji.bone.bottom4] run data modify entity @s {} merge value {transformation:[-0.999919542108153f,-0.012681086046867357f,0.0003152251472331489f,0.1289626164029619f,-0.012641111670308484f,0.998217427063966f,0.058328128733352455f,0.4391555939645373f,-0.0010543272548373327f,0.05831945097879174f,-0.9982974156189989f,-0.019161931126208943f,0f,0f,0f,1f],start_interpolation:0}
execute if entity @s[tag=aj.yuji.bone.leftleg] run data modify entity @s {} merge value {transformation:[-0.999919542108153f,-0.012681981647314966f,0.0002768604678687806f,0.11875f,-0.012641111670308484f,0.9980364030283683f,0.061347701879819735f,0.7509629629629629f,-0.0010543272548373327f,0.06133926614896541f,-0.9981164174695987f,1.4542680739874818e-17f,0f,0f,0f,1f],start_interpolation:0}
execute if entity @s[tag=aj.yuji.locator_origin.mount] at @s on origin run tp @s ^0 ^0.59375 ^0 ~0 ~0
execute if entity @s[tag=aj.yuji.camera_origin.camera] at @s on origin run tp @s ^0 ^0.005 ^0 ~0 ~0