execute if entity @s[tag=aj.yuji.locator_origin.head] at @s on origin run tp @s ^-0.02819 ^1.48222 ^0.15986 ~10 ~12.5
execute if entity @s[tag=aj.yuji.bone.torso] run data modify entity @s {} merge value {transformation:[-0.984807753012208f,-0.03758434453528553f,0.169532022499877f,-0.028188258401464147f,3.469446951953614e-18f,0.9762960071199334f,0.21643961393810288f,1.48222200533995f,-0.17364817766693044f,0.2131514098652129f,-0.9614638770465722f,0.15986355739890967f,0f,0f,0f,1f],start_interpolation:0}
execute if entity @s[tag=aj.yuji.bone.bottom2] run data modify entity @s {} merge value {transformation:[-0.9680573663259406f,0.10601743303017394f,-0.22721188216239116f,-0.4953095899233722f,0.19478437680155097f,-0.2526016262304338f,-0.947761291138107f,1.1680048651653143f,-0.157873310144923f,-0.9617446242737376f,0.2238823253954007f,0.1295023688767305f,0f,0f,0f,1f],start_interpolation:0}
execute if entity @s[tag=aj.yuji.bone.rightarm] run data modify entity @s {} merge value {transformation:[-0.8024130298986021f,0.4556645496153644f,0.3853610614381949f,-0.33124263815086846f,0.21321171445801612f,0.8220234857530805f,-0.5280323415172867f,1.3601850044499584f,-0.5573814620767527f,-0.341536538446741f,-0.7567553756921712f,0.07895457564484229f,0f,0f,0f,1f],start_interpolation:0}
execute if entity @s[tag=aj.yuji.bone.bottom] run data modify entity @s {} merge value {transformation:[-0.7771145574995513f,0.5020687436590209f,-0.3794995930998194f,0.40450564382284926f,0.12879563180764309f,-0.4633639386213017f,-0.8767585446476269f,1.3010198540484703f,-0.6160394871674594f,-0.730219718321826f,0.29542260107250906f,0.407592049114322f,0f,0f,0f,1f],start_interpolation:0}
execute if entity @s[tag=aj.yuji.bone.leftarm] run data modify entity @s {} merge value {transformation:[-0.9677575714939644f,-0.23903435249085986f,0.07942204445479603f,0.2842622074817615f,-0.14548004840891193f,0.27303061370818027f,-0.9509415541940921f,1.3601850044499584f,0.2056230491239854f,-0.9318352119915891f,-0.2990021728374984f,0.1874846866866738f,0f,0f,0f,1f],start_interpolation:0}
execute if entity @s[tag=aj.yuji.bone.head] run data modify entity @s {} merge value {transformation:[-0.9951424270566682f,0.04348079054651423f,0.08832310414163462f,-0.028188258401464147f,0.035733140912248024f,0.9955250388978688f,-0.08748165275040393f,1.48222200533995f,-0.09173163310608452f,-0.08390064231486541f,-0.9922429086200837f,0.15986355739890967f,0f,0f,0f,1f],start_interpolation:0}
execute if entity @s[tag=aj.yuji.bone.bottom3] run data modify entity @s {} merge value {transformation:[-0.9453486960958102f,-0.2518215729540071f,0.20712734774751818f,-0.19859164638321175f,0.07835173310617093f,0.4411850437534285f,0.8939892410356762f,0.4902414810511809f,-0.31650726486008346f,0.861360350006462f,-0.39734304917480806f,0.15442194091622527f,0f,0f,0f,1f],start_interpolation:0}
execute if entity @s[tag=aj.yuji.bone.rightleg] run data modify entity @s {} merge value {transformation:[-0.9453486960958102f,0.23658629450436142f,0.2243719412998141f,-0.11875f,0.07835173310617093f,0.8327942952983445f,-0.5480097331597252f,0.75f,-0.31650726486008346f,-0.5004803562291226f,-0.8058179473799026f,-1.4542680739874818e-17f,0f,0f,0f,1f],start_interpolation:0}
execute if entity @s[tag=aj.yuji.bone.bottom4] run data modify entity @s {} merge value {transformation:[-0.9311152918576077f,-0.3426375727434284f,-0.12499522796256671f,0.2299021171783467f,-0.16147159183825566f,0.07996593202628949f,0.9836322355150764f,0.5249187675711864f,-0.3270340017462129f,0.9360581944834727f,-0.12978373643180152f,-0.18622287226626463f,0f,0f,0f,1f],start_interpolation:0}
execute if entity @s[tag=aj.yuji.bone.leftleg] run data modify entity @s {} merge value {transformation:[-0.9311152918576077f,-0.33706446913355725f,0.13932644012044307f,0.11875f,-0.16147159183825566f,0.7234893756089684f,0.6711855543813237f,0.75f,-0.3270340017462129f,0.6024538712869711f,-0.728078357509135f,1.4542680739874818e-17f,0f,0f,0f,1f],start_interpolation:0}
execute if entity @s[tag=aj.yuji.locator_origin.mount] at @s on origin run tp @s ^0 ^0.59375 ^0 ~0 ~0
execute if entity @s[tag=aj.yuji.camera_origin.camera] at @s on origin run tp @s ^0 ^0.005 ^0 ~0 ~0