execute if entity @s[tag=aj.yuji.locator_origin.head] at @s on origin run tp @s ^-0.03345 ^1.48412 ^0.17669 ~10.16753 ~13.87276
execute if entity @s[tag=aj.yuji.bone.torso] run data modify entity @s {} merge value {transformation:[-0.9841951741295181f,-0.044603903728039185f,0.17137780192424995f,-0.03345292779602939f,-0.0022475773214158633f,0.9708279736190882f,0.23976654069081282f,1.4841209802143163f,-0.17707288786359104f,0.23559188740462766f,-0.9555844572683114f,0.17669391555347075f,0f,0f,0f,1f],start_interpolation:0}
execute if entity @s[tag=aj.yuji.bone.bottom2] run data modify entity @s {} merge value {transformation:[-0.9634051967781885f,0.03907247852118945f,-0.26518628969649055f,-0.5086788789576612f,0.22675970758284497f,-0.4087465624415686f,-0.8840284399888632f,1.1811505916696876f,-0.14293516655366f,-0.9118111586915416f,0.38492849861742556f,0.15244007824835948f,0f,0f,0f,1f],start_interpolation:0}
execute if entity @s[tag=aj.yuji.bone.rightarm] run data modify entity @s {} merge value {transformation:[-0.7828142049952173f,0.49725823759984494f,0.3740804266421889f,-0.33543843174549887f,0.207912541971626f,0.7756362312101059f,-0.5959536993131931f,1.3620651155989876f,-0.5864932185018022f,-0.38874500893680813f,-0.7105652838959402f,0.09190965217052009f,0f,0f,0f,1f],start_interpolation:0}
execute if entity @s[tag=aj.yuji.bone.bottom] run data modify entity @s {} merge value {transformation:[-0.7931267203083564f,0.48703330985550264f,-0.3657165030786888f,0.4024930002106154f,0.15818745620297647f,-0.41513305861022254f,-0.8959024904245738f,1.2860986568946444f,-0.5881553657265588f,-0.7684159672599966f,0.2522105608949446f,0.4155069261887107f,0f,0f,0f,1f],start_interpolation:0}
execute if entity @s[tag=aj.yuji.bone.leftarm] run data modify entity @s {} merge value {transformation:[-0.9615815109429677f,-0.2508424147649202f,0.11153062703824049f,0.27968355208544987f,-0.19947996366882198f,0.35935476903811847f,-0.9116314463993915f,1.3634698514248726f,0.18859677067045677f,-0.8988560690813991f,-0.39558693756014096f,0.20258020708526447f,0f,0f,0f,1f],start_interpolation:0}
execute if entity @s[tag=aj.yuji.bone.head] run data modify entity @s {} merge value {transformation:[-0.995006799713148f,0.05008680203725101f,0.08632948966767086f,-0.03345292779602939f,0.041705906928312705f,0.9944792351108191f,-0.09628950233897329f,1.4841209802143163f,-0.09067571809413023f,-0.09220825990702486f,-0.9916025166128979f,0.17669391555347075f,0f,0f,0f,1f],start_interpolation:0}
execute if entity @s[tag=aj.yuji.bone.bottom3] run data modify entity @s {} merge value {transformation:[-0.9741760809267767f,-0.025565848840147724f,0.22433758205710672f,-0.13562282865875028f,0f,0.9935689611592855f,0.11322861573320686f,0.4431715449820982f,-0.22578964402767984f,0.11030460912373946f,-0.9679111167126414f,0.04511768527205571f,0f,0f,0f,1f],start_interpolation:0}
execute if entity @s[tag=aj.yuji.bone.rightleg] run data modify entity @s {} merge value {transformation:[-0.9741760809267767f,0.03450953008946539f,0.2231368541571532f,-0.11875f,0f,0.9882510560572857f,-0.1528392953453384f,0.752f,-0.22578964402767984f,-0.1488923857511319f,-0.9627305407616348f,-1.4542680739874818e-17f,0f,0f,0f,1f],start_interpolation:0}
execute if entity @s[tag=aj.yuji.bone.bottom4] run data modify entity @s {} merge value {transformation:[-0.9985028999780994f,-0.05418360833018567f,-0.007489681144531178f,0.14185885567611414f,-0.05450935627765968f,0.9742865395737856f,0.21861946135587537f,0.4556891455036705f,-0.004548495742646599f,0.21870042385340488f,-0.9757814487849317f,-0.07595683341898612f,0f,0f,0f,1f],start_interpolation:0}
execute if entity @s[tag=aj.yuji.bone.leftleg] run data modify entity @s {} merge value {transformation:[-0.9985028999780994f,-0.05397828016400329f,-0.00884895507176305f,0.11875f,-0.05450935627765968f,0.9684849215138076f,0.24303433271574823f,0.758f,-0.004548495742646599f,0.2431528368556086f,-0.9699773240213139f,1.4542680739874818e-17f,0f,0f,0f,1f],start_interpolation:0}
execute if entity @s[tag=aj.yuji.locator_origin.mount] at @s on origin run tp @s ^0 ^0.59375 ^0 ~0 ~0
execute if entity @s[tag=aj.yuji.camera_origin.camera] at @s on origin run tp @s ^0 ^0.005 ^0 ~0 ~0