execute if entity @s[tag=aj.yuji.locator_origin.head] at @s on origin run tp @s ^0.07747 ^1.6178 ^0.05616 ~-24.36407 ~6.46081
execute if entity @s[tag=aj.yuji.bone.torso] run data modify entity @s {} merge value {transformation:[-0.9032966177344713f,0.12659523074732676f,-0.40991324440849114f,0.07746830954247791f,0.08765217831477742f,0.9897754899941651f,0.1125236643710336f,1.617802270271144f,0.4199670415950979f,0.0657124566489615f,-0.9051572001674736f,0.05616065075907538f,0f,0f,0f,1f],start_interpolation:0}
execute if entity @s[tag=aj.yuji.bone.bottom2] run data modify entity @s {} merge value {transformation:[-0.09072487806960637f,-0.9602350450299924f,-0.2640410096850554f,-0.32572438126636094f,-0.58305919071875f,0.26615824900715396f,-0.7675947932365372f,1.4337823253249826f,0.8073481136521293f,0.08431159340028f,-0.5840210429433639f,0.39752851788052396f,0f,0f,0f,1f],start_interpolation:0}
execute if entity @s[tag=aj.yuji.bone.rightarm] run data modify entity @s {} merge value {transformation:[-0.83244230809607f,0.21224179866958554f,-0.5118527352561348f,-0.2206362873429602f,0.5442328924027666f,0.4868154807817258f,-0.683243182547895f,1.5214716397452412f,0.10416507341045927f,-0.8473276264637879f,-0.5207547704175521f,0.1791862941764233f,0f,0f,0f,1f],start_interpolation:0}
execute if entity @s[tag=aj.yuji.bone.bottom] run data modify entity @s {} merge value {transformation:[-0.5544290557746556f,-0.5707797047319352f,-0.6056558022333713f,0.2423859869529313f,-0.8115790533701056f,0.5319333315193802f,0.2416327191205212f,1.5392967015184993f,0.18424945656285419f,0.6255057629509246f,-0.7581521471785692f,-0.3087357550574318f,0f,0f,0f,1f],start_interpolation:0}
execute if entity @s[tag=aj.yuji.bone.leftarm] run data modify entity @s {} merge value {transformation:[-0.5221873702158886f,0.5366992897065845f,-0.6627776571486567f,0.34392409874108437f,-0.8154262660066951f,-0.08657412637830174f,0.5723503519245995f,1.4666890282985054f,0.24980063069054356f,0.8393204352750396f,0.48284661315610916f,-0.08329310682051289f,0f,0f,0f,1f],start_interpolation:0}
execute if entity @s[tag=aj.yuji.bone.head] run data modify entity @s {} merge value {transformation:[-0.8995007883289681f,0.08440013586140657f,-0.42868980494308595f,0.07746830954247791f,0.014945235844900996f,0.9865344617226762f,0.16286925971186145f,1.617802270271144f,0.4366634536128542f,0.1400941572661958f,-0.8886499059690319f,0.05616065075907538f,0f,0f,0f,1f],start_interpolation:0}
execute if entity @s[tag=aj.yuji.bone.bottom3] run data modify entity @s {} merge value {transformation:[-0.9755888858077978f,0.17736420736307074f,0.12949233118130737f,-0.14857371988820117f,0.13263719225502507f,0.0059394914404710675f,0.9911468597902794f,0.5891242772314792f,0.17502485857444144f,0.9841273598411429f,-0.029319592307849918f,0.16747371598018773f,0f,0f,0f,1f],start_interpolation:0}
execute if entity @s[tag=aj.yuji.bone.rightleg] run data modify entity @s {} merge value {transformation:[-0.9755888858077978f,0.07040360736370951f,-0.2080136004170794f,-0.12047516205074321f,0.13263719225502507f,0.9438358124447692f,-0.30262408096089394f,0.8832439861688757f,0.17502485857444144f,-0.3228270298734275f,-0.9301338654538378f,0.06549636377865137f,0f,0f,0f,1f],start_interpolation:0}
execute if entity @s[tag=aj.yuji.bone.bottom4] run data modify entity @s {} merge value {transformation:[-0.9816130225844182f,0.10099386365873166f,-0.16197565680053308f,0.10704831451484927f,-0.12305821566775749f,0.3138616918310168f,0.941460309284273f,0.5970557408680381f,0.14591966779481863f,0.9440821351472832f,-0.29566259933646727f,-0.18907030123573534f,0f,0f,0f,1f],start_interpolation:0}
execute if entity @s[tag=aj.yuji.bone.leftleg] run data modify entity @s {} merge value {transformation:[-0.9816130225844182f,-0.04785369539271228f,-0.18478608640788968f,0.08595895331347406f,-0.12305821566775749f,0.8986867654339851f,0.4209736015363301f,0.877126241218235f,0.14591966779481863f,0.4359726155059085f,-0.8880514225424037f,-0.05191686096642131f,0f,0f,0f,1f],start_interpolation:0}
execute if entity @s[tag=aj.yuji.locator_origin.mount] at @s on origin run tp @s ^-0.02476 ^0.71942 ^0.00974 ~-29.61937 ~0.40701
execute if entity @s[tag=aj.yuji.camera_origin.camera] at @s on origin run tp @s ^0 ^0.005 ^0 ~0 ~0