execute if entity @s[tag=aj.yuji.locator_origin.head] at @s on origin run tp @s ^-0.03126 ^1.48688 ^0.16863 ~10.38184 ~13.21896
execute if entity @s[tag=aj.yuji.bone.torso] run data modify entity @s {} merge value {transformation:[-0.9836087585657762f,-0.041680632747492674f,0.17543242267739773f,-0.031260474560619506f,-0.0004672167563890203f,0.9735031649030684f,0.2286730627603777f,1.4868773736773013f,-0.18031525665121917f,0.22484286241168017f,-0.9575657133801979f,0.16863214680876012f,0f,0f,0f,1f],start_interpolation:0}
execute if entity @s[tag=aj.yuji.bone.bottom2] run data modify entity @s {} merge value {transformation:[-0.9630142486296169f,0.0751138869675293f,-0.25876912667658697f,-0.5041171512534848f,0.2188808495778039f,-0.3420151072056395f,-0.9138472739638793f,1.179287496683745f,-0.15714557144391017f,-0.9366875521900268f,0.31292443009107296f,0.13677319701086565f,0f,0f,0f,1f],start_interpolation:0}
execute if entity @s[tag=aj.yuji.bone.rightarm] run data modify entity @s {} merge value {transformation:[-0.7852625818600242f,0.4864404294729815f,0.3830644672958718f,-0.33342813251898795f,0.22138550721504766f,0.7983702813809667f,-0.5599940633639005f,1.3650434728280463f,-0.578231039227111f,-0.3549374626350639f,-0.7346211696463136f,0.0841782713037941f,0f,0f,0f,1f],start_interpolation:0}
execute if entity @s[tag=aj.yuji.bone.bottom] run data modify entity @s {} merge value {transformation:[-0.8110304378027224f,0.4706424379507493f,-0.3474555001108765f,0.402148468761533f,0.18898106251197377f,-0.35131301545493027f,-0.9169870899766308f,1.2729376412259255f,-0.5536386790763176f,-0.8093669506297743f,0.1959830407430485f,0.40489247909714843f,0f,0f,0f,1f],start_interpolation:0}
execute if entity @s[tag=aj.yuji.bone.leftarm] run data modify entity @s {} merge value {transformation:[-0.9647706050534655f,-0.24209185744427705f,0.10300103001402434f,0.28132734158462214f,-0.19981187897795552f,0.41954433804394414f,-0.8854703616917778f,1.3653354833007894f,0.17115166561874012f,-0.8748566059500545f,-0.453136873782616f,0.19687530671080608f,0f,0f,0f,1f],start_interpolation:0}
execute if entity @s[tag=aj.yuji.bone.head] run data modify entity @s {} merge value {transformation:[-0.9948239782739484f,0.045945300835804934f,0.0906326739222783f,-0.031260474560619506f,0.0375517853977561f,0.9950289456742463f,-0.09223481275439771f,1.4868773736773013f,-0.0944198901960573f,-0.08835398463852853f,-0.9916039823104077f,0.16863214680876012f,0f,0f,0f,1f],start_interpolation:0}
execute if entity @s[tag=aj.yuji.bone.bottom3] run data modify entity @s {} merge value {transformation:[-0.9728611315228138f,-0.02322957876027547f,0.23022077543690658f,-0.1376051724134349f,0f,0.9949480058983184f,0.10039156119395512f,0.4446655083692682f,-0.23138975511493676f,0.09766704781849303f,-0.9679462428246053f,0.05226447628670895f,0f,0f,0f,1f],start_interpolation:0}
execute if entity @s[tag=aj.yuji.bone.rightleg] run data modify entity @s {} merge value {transformation:[-0.9728611315228138f,0.04087932909253536f,0.22775008062587948f,-0.11875f,0f,0.9842703732183415f,-0.1766687080516146f,0.75225f,-0.23138975511493676f,-0.17187411921976742f,-0.957558389013578f,-1.4542680739874818e-17f,0f,0f,0f,1f],start_interpolation:0}
execute if entity @s[tag=aj.yuji.bone.bottom4] run data modify entity @s {} merge value {transformation:[-0.9984263403195034f,-0.0554156867432561f,-0.008599105707955908f,0.14222467585359927f,-0.0558846657617801f,0.97044998823888f,0.23474182511826075f,0.4582787096728891f,-0.004663377413143044f,0.23485297952108525f,-0.9720197173520562f,-0.08192043479844273f,0f,0f,0f,1f],start_interpolation:0}
execute if entity @s[tag=aj.yuji.bone.leftleg] run data modify entity @s {} merge value {transformation:[-0.9984263403195034f,-0.05515043592512763f,-0.010162301583385571f,0.11875f,-0.0558846657617801f,0.9634258223619906f,0.2620831717963143f,0.759f,-0.004663377413143044f,0.26223865890327963f,-0.9649917816684823f,1.4542680739874818e-17f,0f,0f,0f,1f],start_interpolation:0}
execute if entity @s[tag=aj.yuji.locator_origin.mount] at @s on origin run tp @s ^0 ^0.59375 ^0 ~0 ~0
execute if entity @s[tag=aj.yuji.camera_origin.camera] at @s on origin run tp @s ^0 ^0.005 ^0 ~0 ~0