execute if entity @s[tag=aj.yuji.locator_origin.head] at @s on origin run tp @s ^-0.08352 ^1.54922 ^0.1554 ~29.30278 ~13.70154
execute if entity @s[tag=aj.yuji.bone.torso] run data modify entity @s {} merge value {transformation:[-0.8698889549079932f,-0.13113265891782652f,0.47549703668290133f,-0.08352480493716867f,-0.016960045283286092f,0.9713947269047019f,0.2368641834590629f,1.5492154609701132f,-0.4929559442719688f,0.19798108573012907f,-0.8472295596236306f,0.15539870395482963f,0f,0f,0f,1f],start_interpolation:0}
execute if entity @s[tag=aj.yuji.bone.bottom2] run data modify entity @s {} merge value {transformation:[-0.7080100978039201f,-0.48811700730736407f,0.5103562369413995f,-0.5309790500485414f,-0.7037446281846098f,0.42742424878591667f,-0.5674962641736947f,1.2509692695053554f,0.0588659469386879f,-0.7609535457089988f,-0.6461304060047894f,-0.012425589421210928f,0f,0f,0f,1f],start_interpolation:0}
execute if entity @s[tag=aj.yuji.bone.rightarm] run data modify entity @s {} merge value {transformation:[-0.7118038796540883f,0.5900711463558905f,0.3809872427623178f,-0.33897352098118827f,0.39528495104604333f,0.7849085835640841f,-0.47714601845132293f,1.4224911059559986f,-0.580590255159278f,-0.1890358634906828f,-0.7919472191556811f,-0.023397664346426754f,0f,0f,0f,1f],start_interpolation:0}
execute if entity @s[tag=aj.yuji.bone.bottom] run data modify entity @s {} merge value {transformation:[-0.8620688855310504f,0.31187160521477403f,0.3994663170531565f,0.24778233587446266f,-0.3308133108053426f,0.2508400960666948f,-0.9097482067029641f,1.4114633711232067f,-0.38392680291073805f,-0.9164143975658672f,-0.11307016379544096f,0.5378460270139285f,0f,0f,0f,1f],start_interpolation:0}
execute if entity @s[tag=aj.yuji.bone.leftarm] run data modify entity @s {} merge value {transformation:[-0.9785795498331372f,0.07234384730566384f,0.19273928609753982f,0.20470707583630754f,-0.18214710594506917f,0.13204782902564957f,-0.9743643069434802f,1.4330911342580523f,-0.09594006693874191f,-0.9885998880268132f,-0.11604208266470453f,0.28469980082355373f,0f,0f,0f,1f],start_interpolation:0}
execute if entity @s[tag=aj.yuji.bone.head] run data modify entity @s {} merge value {transformation:[-0.8443565182421161f,-0.18053949560802443f,0.5044477778994089f,-0.08352480493716867f,-0.04007838621329296f,0.9601624287752198f,0.2765534908964429f,1.5492154609701132f,-0.5342806313732413f,0.2132922898139333f,-0.8179551369392699f,0.15539870395482963f,0f,0f,0f,1f],start_interpolation:0}
execute if entity @s[tag=aj.yuji.bone.bottom3] run data modify entity @s {} merge value {transformation:[-0.7136197349517428f,-0.5828549525395771f,0.38862189617607973f,-0.25406494604353624f,0.041469245733508374f,0.518631045814461f,0.8539918851931161f,0.5896342892639801f,-0.6993047801536167f,0.6255413196723985f,-0.3459347941980047f,0.09900487844318559f,0f,0f,0f,1f],start_interpolation:0}
execute if entity @s[tag=aj.yuji.bone.rightleg] run data modify entity @s {} merge value {transformation:[-0.7136197349517428f,0.5019870223826403f,0.48862654783261117f,-0.09273387820551274f,0.041469245733508374f,0.7265544380416059f,-0.6858563626739496f,0.8164233683661475f,-0.6993047801536167f,-0.46917766136236383f,-0.5393006086894812f,-0.04324248585659299f,0f,0f,0f,1f],start_interpolation:0}
execute if entity @s[tag=aj.yuji.bone.bottom4] run data modify entity @s {} merge value {transformation:[-0.6864967078028608f,-0.7235454097606577f,0.07214090511017807f,0.2716501063402364f,-0.20792033861382028f,0.2904023772449263f,0.9340426072086914f,0.5613129132208303f,-0.6967721313073221f,0.6262176133779516f,-0.34980008251667755f,-0.0012420388735182863f,0f,0f,0f,1f],start_interpolation:0}
execute if entity @s[tag=aj.yuji.bone.leftleg] run data modify entity @s {} merge value {transformation:[-0.6864967078028608f,-0.46451516088939837f,0.5594174965799068f,0.12219851413853151f,-0.20792033861382028f,0.862626514530892f,0.4611340685950226f,0.8295841968953976f,-0.6967721313073221f,0.20025274463083173f,-0.6887724118322909f,0.05698211800294586f,0f,0f,0f,1f],start_interpolation:0}
execute if entity @s[tag=aj.yuji.locator_origin.mount] at @s on origin run tp @s ^0.021 ^0.66457 ^0.00979 ~25 ~0
execute if entity @s[tag=aj.yuji.camera_origin.camera] at @s on origin run tp @s ^0 ^0.005 ^0 ~0 ~0