execute if entity @s[tag=aj.yuji.locator_origin.head] at @s on origin run tp @s ^-0.03155 ^1.38495 ^0.17466 ~9.15173 ~13.68664
execute if entity @s[tag=aj.yuji.bone.torso] run data modify entity @s {} merge value {transformation:[-0.9870916274529788f,-0.042067053567850066f,0.15453310977376114f,-0.03155029017588755f,-0.00436413630100916f,0.971594531831453f,0.23661153824267764f,1.3849458988735897f,-0.16009707469712212f,0.23288286480404588f,-0.9592364140054759f,0.17466214860303442f,0f,0f,0f,1f],start_interpolation:0}
execute if entity @s[tag=aj.yuji.bone.bottom2] run data modify entity @s {} merge value {transformation:[-0.973611807736421f,0.04100315083791567f,-0.2244967470979965f,-0.5001815923342254f,0.19373749962712528f,-0.3713792839147826f,-0.9080436160874504f,1.0775745843873301f,-0.12060609053629207f,-0.927575425019608f,0.35363540804795734f,0.16608750760982852f,0f,0f,0f,1f],start_interpolation:0}
execute if entity @s[tag=aj.yuji.bone.rightarm] run data modify entity @s {} merge value {transformation:[-0.8081455552384194f,0.45965781229144786f,0.3682600401181576f,-0.3347580420589622f,0.17011095542624433f,0.7807605605096116f,-0.601228084836934f,1.2621327898005927f,-0.563882101500267f,-0.42323473717566873f,-0.709161006299335f,0.09552145465967801f,0f,0f,0f,1f],start_interpolation:0}
execute if entity @s[tag=aj.yuji.bone.bottom] run data modify entity @s {} merge value {transformation:[-0.7821493065578478f,0.49719747200195935f,-0.3755491127481712f,0.4075734714789979f,0.12115455874080276f,-0.4698617411015691f,-0.8743863660564037f,1.2062506512464284f,-0.6111988507412291f,-0.7294001769151573f,0.30726429465321536f,0.41294398889310857f,0f,0f,0f,1f],start_interpolation:0}
execute if entity @s[tag=aj.yuji.bone.leftarm] run data modify entity @s {} merge value {transformation:[-0.9604084738326201f,-0.2614948670612383f,0.09610409924203414f,0.2821742250991496f,-0.17004042997948954f,0.27694900246405285f,-0.9457195684802954f,1.2648603749887235f,0.22068487841917891f,-0.9246186697957116f,-0.3104488684184899f,0.19558212634537933f,0f,0f,0f,1f],start_interpolation:0}
execute if entity @s[tag=aj.yuji.bone.head] run data modify entity @s {} merge value {transformation:[-0.9957564522704249f,0.052731915585797255f,0.07542170006350575f,-0.03155029017588755f,0.045484248833494514f,0.9944586083107841f,-0.09478005837005649f,1.3849458988735897f,-0.0800016929187741f,-0.09094735529541753f,-0.9926370473113018f,0.17466214860303442f,0f,0f,0f,1f],start_interpolation:0}
execute if entity @s[tag=aj.yuji.bone.bottom3] run data modify entity @s {} merge value {transformation:[-0.9762960071199334f,0.04684610648167506f,0.21130913087034986f,-0.16119338748189974f,6.938893903907228e-18f,0.9762960071199334f,-0.2164396139381029f,0.4551901731834732f,-0.21643961393810301f,-0.21130913087034986f,-0.953153893518325f,0.16257333436792062f,0f,0f,0f,1f],start_interpolation:0}
execute if entity @s[tag=aj.yuji.bone.rightleg] run data modify entity @s {} merge value {transformation:[-0.9762960071199334f,0.1162929197996805f,0.1825433189304395f,-0.11875f,6.938893903907228e-18f,0.8433914458128857f,-0.5372996083468238f,0.71875f,-0.21643961393810301f,-0.5245634622561082f,-0.823399700986228f,-1.4542680739874818e-17f,0f,0f,0f,1f],start_interpolation:0}
execute if entity @s[tag=aj.yuji.bone.bottom4] run data modify entity @s {} merge value {transformation:[-0.9986262601436631f,-0.03555491489086514f,-0.038489486598087756f,0.13985946006001584f,-0.05221694049376499f,0.6141911812759931f,0.7874278277837725f,0.3538344042199922f,-0.004357026159164823f,0.7883559100240851f,-0.6152040112459808f,-0.1540094895168735f,0f,0f,0f,1f],start_interpolation:0}
execute if entity @s[tag=aj.yuji.bone.leftleg] run data modify entity @s {} merge value {transformation:[-0.9986262601436631f,-0.04757774698917742f,-0.021953372016955842f,0.11875f,-0.05221694049376499f,0.8687742453059004f,0.49244766404018375f,0.625f,-0.004357026159164823f,0.49291750697717857f,-0.8700651398823259f,1.4542680739874818e-17f,0f,0f,0f,1f],start_interpolation:0}
execute if entity @s[tag=aj.yuji.locator_origin.mount] at @s on origin run tp @s ^0 ^0.59375 ^0 ~0 ~0
execute if entity @s[tag=aj.yuji.camera_origin.camera] at @s on origin run tp @s ^0 ^0.005 ^0 ~0 ~0