execute if entity @s[tag=aj.yuji.locator_origin.head] at @s on origin run tp @s ^0.00489 ^1.49802 ^0.05428 ~1.37995 ~4.14028
execute if entity @s[tag=aj.yuji.bone.torso] run data modify entity @s {} merge value {transformation:[-0.9996902407346152f,0.0065182482885209276f,0.02401947166813563f,0.004888686216390696f,0.008237740071383042f,0.9973562549231982f,0.07219861774361522f,1.4980171911923987f,-0.02348536179162472f,0.07237411971707519f,-0.9971010102174679f,0.054280589787806394f,0f,0f,0f,1f],start_interpolation:0}
execute if entity @s[tag=aj.yuji.bone.bottom2] run data modify entity @s {} merge value {transformation:[-0.9704716257297248f,-0.22591801591068084f,0.08453327002125523f,-0.3997215047646506f,-0.23718470070205577f,0.9575356555996679f,-0.16391731454666483f,1.1358995814220365f,-0.0439117456539969f,-0.17912710108271002f,-0.9828454813709647f,0.058941622864103274f,0f,0f,0f,1f],start_interpolation:0}
execute if entity @s[tag=aj.yuji.bone.rightarm] run data modify entity @s {} merge value {transformation:[-0.9907471978132505f,0.11788203940832306f,0.0672593102114983f,-0.30832929504924167f,0.10986212492048619f,0.9875550179392f,-0.11254065954605874f,1.375921953099306f,-0.0796887917661416f,-0.10411009234479143f,-0.9913681380490356f,0.03789464926328927f,0f,0f,0f,1f],start_interpolation:0}
execute if entity @s[tag=aj.yuji.bone.bottom] run data modify entity @s {} merge value {transformation:[-0.9991166183543279f,0.03196168044857098f,-0.027284316211258153f,0.3903193120719898f,0.03950467762484128f,0.9357499990443455f,-0.3504444602704747f,1.1402989572086604f,0.014330505014473624f,-0.35121274218258436f,-0.936186010552721f,0.14108924529221795f,0f,0f,0f,1f],start_interpolation:0}
execute if entity @s[tag=aj.yuji.bone.leftarm] run data modify entity @s {} merge value {transformation:[-0.9953924655645295f,-0.04652071025725557f,-0.0838430856691682f,0.3164771054098928f,-0.011161037376440315f,0.9246878927282353f,-0.38056238947969767f,1.3707733655546916f,0.09523271886304993f,-0.3778731593524154f,-0.920946580806387f,0.05257300038305472f,0f,0f,0f,1f],start_interpolation:0}
execute if entity @s[tag=aj.yuji.bone.head] run data modify entity @s {} merge value {transformation:[-0.9997055694668245f,0.01279827821995953f,0.020615005496404982f,0.004888686216390696f,0.01468042383893833f,0.9954733583703083f,0.09390036171841323f,1.4980171911923987f,-0.01931992580010154f,0.09417535160297635f,-0.9953681447673189f,0.054280589787806394f,0f,0f,0f,1f],start_interpolation:0}
execute if entity @s[tag=aj.yuji.bone.bottom3] run data modify entity @s {} merge value {transformation:[-0.9946326944638755f,0.014701202424500088f,0.10241912785610302f,-0.14009041670166889f,0.02580019239947519f,0.9938266577748914f,0.10790238351463188f,0.4465581357393188f,-0.1002005647473155f,0.10996567165830667f,-0.9888717803037239f,0.07129308773048458f,0f,0f,0f,1f],start_interpolation:0}
execute if entity @s[tag=aj.yuji.bone.rightleg] run data modify entity @s {} merge value {transformation:[-0.9946326944638755f,0.04839667955606297f,0.09145252599834879f,-0.11875f,0.02580019239947519f,0.9719529160096441f,-0.2337560248047092f,0.7501321707898359f,-0.1002005647473155f,-0.23014189203249702f,-0.9679847913867353f,-1.4542680739874818e-17f,0f,0f,0f,1f],start_interpolation:0}
execute if entity @s[tag=aj.yuji.bone.bottom4] run data modify entity @s {} merge value {transformation:[-0.9933374068279144f,-0.07868606725052438f,0.08419797513622616f,0.14531971878954378f,-0.0526980743397796f,0.959899218749162f,0.2753477851838062f,0.4413723420318776f,-0.10248760489578078f,0.2690761837573039f,-0.9576504049899065f,-0.03757285302079884f,0f,0f,0f,1f],start_interpolation:0}
execute if entity @s[tag=aj.yuji.bone.leftleg] run data modify entity @s {} merge value {transformation:[-0.9933374068279144f,-0.0651563519899818f,0.09505496300431766f,0.11875f,-0.0526980743397796f,0.9903542530946862f,0.12814587913056472f,0.7505286831593434f,-0.10248760489578078f,0.12228288176447195f,-0.9871895398909485f,1.4542680739874818e-17f,0f,0f,0f,1f],start_interpolation:0}
execute if entity @s[tag=aj.yuji.locator_origin.mount] at @s on origin run tp @s ^0 ^0.59375 ^0 ~0 ~0
execute if entity @s[tag=aj.yuji.camera_origin.camera] at @s on origin run tp @s ^0 ^0.005 ^0 ~0 ~0