execute if entity @s[tag=aj.yuji.locator_origin.head] at @s on origin run tp @s ^-0.00497 ^1.50651 ^0.0847 ~18.22266 ~6.30914
execute if entity @s[tag=aj.yuji.bone.torso] run data modify entity @s {} merge value {transformation:[-0.9504416045322372f,-0.007333742671551896f,0.3108166221304996f,-0.004971200097903024f,0.028271210050547075f,0.9935412976253423f,0.10989280502029561f,1.5065089514604357f,-0.3096150756285361f,0.11323385594149096f,-0.9440956513045473f,0.08470306362656965f,0f,0f,0f,1f],start_interpolation:0}
execute if entity @s[tag=aj.yuji.bone.bottom2] run data modify entity @s {} merge value {transformation:[-0.7461299772891767f,0.618651938343413f,-0.24608908178623096f,-0.45290243334557445f,0.44684711421383777f,0.19129350609997176f,-0.8739190185839563f,1.216425350030729f,-0.49357645153432705f,-0.7620213735243373f,-0.4191726527134903f,-0.1394460247087625f,0f,0f,0f,1f],start_interpolation:0}
execute if entity @s[tag=aj.yuji.bone.rightarm] run data modify entity @s {} merge value {transformation:[-0.5834291869386796f,0.46148250192649515f,0.6683145099754557f,-0.3010674836802832f,0.5415552196962928f,0.8342915743934134f,-0.10332237374286093f,1.391151042398064f,-0.6052506322572254f,0.3016479227706066f,-0.736668312634938f,-0.026205879500034248f,0f,0f,0f,1f],start_interpolation:0}
execute if entity @s[tag=aj.yuji.bone.bottom] run data modify entity @s {} merge value {transformation:[-0.6865888758611643f,0.5656878460244029f,-0.45671980075750385f,0.37743124551245233f,0.12212218358545904f,-0.5295290091903191f,-0.8394553000024706f,1.3236064793862177f,-0.7167160440648874f,-0.632136290119615f,0.29448569217160236f,0.4055955636527807f,0f,0f,0f,1f],start_interpolation:0}
execute if entity @s[tag=aj.yuji.bone.leftarm] run data modify entity @s {} merge value {transformation:[-0.9940226009980884f,-0.08938525519082674f,0.06268448659330354f,0.2929585191523651f,-0.08106903354095307f,0.21976748530625545f,-0.9721780002668751f,1.373481536116472f,0.0731223666584383f,-0.9714486752045294f,-0.22570022361006503f,0.1673035427678008f,0f,0f,0f,1f],start_interpolation:0}
execute if entity @s[tag=aj.yuji.bone.head] run data modify entity @s {} merge value {transformation:[-0.9822327817816603f,-0.020970462488449776f,0.1864912922805829f,-0.004971200097903024f,-0.033946970009006344f,0.997197877478379f,-0.06666330609730671f,1.5065089514604357f,-0.18457076047052756f,-0.07180969889670966f,-0.980192328843526f,0.08470306362656965f,0f,0f,0f,1f],start_interpolation:0}
execute if entity @s[tag=aj.yuji.bone.bottom3] run data modify entity @s {} merge value {transformation:[-0.9371254117223173f,-0.2777842669000509f,0.21126254700509164f,-0.20412824645349226f,0.08433753780896097f,0.40714987992428125f,0.9094592651647271f,0.5047264599240247f,-0.33864899589486364f,0.8700947513578302f,-0.3581228577443166f,0.15347497153752826f,0f,0f,0f,1f],start_interpolation:0}
execute if entity @s[tag=aj.yuji.bone.rightleg] run data modify entity @s {} merge value {transformation:[-0.9371254117223173f,0.2561880974692519f,0.23698865251180776f,-0.11821243217108655f,0.08433753780896097f,0.8251813508025544f,-0.5585364070532857f,0.7620685224385169f,-0.33864899589486364f,-0.5034316209802049f,-0.7949046864729405f,-0.0017308537944428716f,0f,0f,0f,1f],start_interpolation:0}
execute if entity @s[tag=aj.yuji.bone.bottom4] run data modify entity @s {} merge value {transformation:[-0.917313998031744f,-0.37149469687731185f,-0.14327148776728782f,0.2401901508760301f,-0.16893087875605356f,0.03728548781443247f,0.9849224084165957f,0.5465291067708751f,-0.3605515042510923f,0.9276860905448967f,-0.096959425492319f,-0.1866516402741627f,0f,0f,0f,1f],start_interpolation:0}
execute if entity @s[tag=aj.yuji.bone.leftleg] run data modify entity @s {} merge value {transformation:[-0.917313998031744f,-0.3686160512839052f,0.15052320668547853f,0.11926442236211132f,-0.16893087875605356f,0.7026402494943675f,0.691201155954763f,0.7650483667456396f,-0.3605515042510923f,0.6086204782344696f,-0.7068123699086769f,0.0012888122725397079f,0f,0f,0f,1f],start_interpolation:0}
execute if entity @s[tag=aj.yuji.locator_origin.mount] at @s on origin run tp @s ^0.00075 ^0.6051 ^-0.00031 ~0.72807 ~0.03499
execute if entity @s[tag=aj.yuji.camera_origin.camera] at @s on origin run tp @s ^0 ^0.005 ^0 ~0 ~0