execute if entity @s[tag=aj.yuji.locator_origin.head] at @s on origin run tp @s ^-0.01629 ^1.49324 ^0.12239 ~7.58017 ~9.47522
execute if entity @s[tag=aj.yuji.bone.torso] run data modify entity @s {} merge value {transformation:[-0.9912612433174839f,-0.021715718126763046f,0.13011370059649768f,-0.016286788595072287f,0f,0.9863568950122769f,0.1646210061375533f,1.4932398934814297f,-0.13191340908594573f,0.16318242322008622f,-0.9777373621046425f,0.12238681741506466f,0f,0f,0f,1f],start_interpolation:0}
execute if entity @s[tag=aj.yuji.bone.bottom2] run data modify entity @s {} merge value {transformation:[-0.986658791574844f,0.1496758000777019f,-0.06404360919848562f,-0.4546497139353907f,0.0903159258160823f,0.1759281063575776f,-0.9802511591104704f,1.1533043225679653f,-0.13545280562635995f,-0.9729575819451415f,-0.18709912127909878f,0.10800046775809516f,0f,0f,0f,1f],start_interpolation:0}
execute if entity @s[tag=aj.yuji.bone.rightarm] run data modify entity @s {} merge value {transformation:[-0.8836194309871191f,0.3043281485310206f,0.35581045402528705f,-0.32334146236594064f,0.1504018245235146f,0.9041642922785991f,-0.3998327447175106f,1.3699452816048954f,-0.44339146627105686f,-0.2997854409073615f,-0.8447086462550156f,0.06076607417319585f,0f,0f,0f,1f],start_interpolation:0}
execute if entity @s[tag=aj.yuji.bone.bottom] run data modify entity @s {} merge value {transformation:[-0.905445914607866f,0.3537625904114467f,-0.23456283879870649f,0.4048026108888191f,0.29358920423287f,0.12285833408565983f,-0.9480038021567246f,1.2071345542247842f,-0.30655028115765137f,-0.9272312868810453f,-0.21510245407964435f,0.3108535310965238f,0f,0f,0f,1f],start_interpolation:0}
execute if entity @s[tag=aj.yuji.bone.leftarm] run data modify entity @s {} merge value {transformation:[-0.9819821081981709f,-0.18892765767578618f,0.004180830517565584f,0.2961968147074868f,-0.13482885353399068f,0.6849501229039427f,-0.7160059422858048f,1.3699452816048954f,0.1324096651811541f,-0.7036687212737359f,-0.6980816651850985f,0.14321195485191193f,0f,0f,0f,1f],start_interpolation:0}
execute if entity @s[tag=aj.yuji.bone.head] run data modify entity @s {} merge value {transformation:[-0.9970048246228832f,0.035013485097901934f,0.0689596660374236f,-0.016286788595072287f,0.03039619310595952f,0.9972963168417988f,-0.06690387028003539f,1.4932398934814297f,-0.07111575861480499f,-0.06460737012974282f,-0.9953735161242534f,0.12238681741506466f,0f,0f,0f,1f],start_interpolation:0}
execute if entity @s[tag=aj.yuji.bone.bottom3] run data modify entity @s {} merge value {transformation:[-0.9863568950122769f,-0.010881658129295518f,0.16426096669049994f,-0.1317008925084402f,0f,0.9978129191680885f,0.06610127337092728f,0.4413882688706937f,-0.1646210061375534f,0.06519944675850556f,-0.9841996527537716f,0.039631650148045774f,0f,0f,0f,1f],start_interpolation:0}
execute if entity @s[tag=aj.yuji.bone.rightleg] run data modify entity @s {} merge value {transformation:[-0.9863568950122769f,0.021715718126763043f,0.16318242322008633f,-0.11875f,0f,0.9912612433174839f,-0.13191340908594562f,0.7511574074074074f,-0.1646210061375534f,-0.13011370059649757f,-0.9777373621046425f,-1.4542680739874818e-17f,0f,0f,0f,1f],start_interpolation:0}
execute if entity @s[tag=aj.yuji.bone.bottom4] run data modify entity @s {} merge value {transformation:[-0.9992105830859871f,-0.039549232473538906f,-0.0037508478662291777f,0.13733584660677578f,-0.03958917502046502f,0.9834539709420873f,0.1767794791808117f,0.44838365876766495f,-0.0033027064902303145f,0.1767884194425473f,-0.9842433372295925f,-0.059693250344758704f,0f,0f,0f,1f],start_interpolation:0}
execute if entity @s[tag=aj.yuji.bone.leftleg] run data modify entity @s {} merge value {transformation:[-0.9992105830859871f,-0.039490497479962715f,-0.004325651135572453f,0.11875f,-0.03958917502046502f,0.9807788902586965f,0.19106403545439607f,0.7546296296296297f,-0.0033027064902303145f,0.1910844552330325f,-0.981568043030199f,1.4542680739874818e-17f,0f,0f,0f,1f],start_interpolation:0}
execute if entity @s[tag=aj.yuji.locator_origin.mount] at @s on origin run tp @s ^0 ^0.59375 ^0 ~0 ~0
execute if entity @s[tag=aj.yuji.camera_origin.camera] at @s on origin run tp @s ^0 ^0.005 ^0 ~0 ~0