execute if entity @s[tag=aj.yuji.locator_origin.head] at @s on origin run tp @s ^0.11794 ^1.58703 ^0.1622 ~-16.83676 ~14.5629
execute if entity @s[tag=aj.yuji.bone.torso] run data modify entity @s {} merge value {transformation:[-0.9429429808313962f,0.17963259561884554f,-0.2803402673395987f,0.11793838045781008f,0.10846539665893191f,0.9617753476350135f,0.25144271397113394f,1.5870259603245582f,0.3147916654367168f,0.20668892392381663f,-0.9263832339257836f,0.16220292808102235f,0f,0f,0f,1f],start_interpolation:0}
execute if entity @s[tag=aj.yuji.bone.bottom2] run data modify entity @s {} merge value {transformation:[-0.4453097212273726f,-0.8294162319934534f,-0.33729507302387557f,-0.3032180743830059f,-0.3304349473055679f,0.5023493090589763f,-0.7990356170328927f,1.432772167349184f,0.832173057590527f,-0.24436424819058725f,-0.4977691396889555f,0.4605030846616884f,0f,0f,0f,1f],start_interpolation:0}
execute if entity @s[tag=aj.yuji.bone.rightarm] run data modify entity @s {} merge value {transformation:[-0.8128440658820483f,0.21291977904408396f,-0.5421712757534826f,-0.19918537550435692f,0.5774976288636071f,0.41608365112355705f,-0.702403647431163f,1.5006994783260978f,0.07603297453902391f,-0.8840472628539204f,-0.4611717942624415f,0.23473920803951928f,0f,0f,0f,1f],start_interpolation:0}
execute if entity @s[tag=aj.yuji.bone.bottom] run data modify entity @s {} merge value {transformation:[-0.7462808950982537f,-0.628200679187876f,-0.2200652909462117f,0.47230712620691206f,-0.5425556390691435f,0.7656171736701249f,-0.3456352440010183f,1.3479468959809164f,0.38561406110983915f,-0.1385433147043243f,-0.9121992906295839f,-0.19100038571053346f,0f,0f,0f,1f],start_interpolation:0}
execute if entity @s[tag=aj.yuji.bone.leftarm] run data modify entity @s {} merge value {transformation:[-0.7322439360458737f,-0.14555157075511693f,-0.66530711583055f,0.39015398751526575f,-0.6351100188723852f,0.4986243424514921f,0.5899229009309062f,1.4329086054142655f,0.245874118304398f,0.8545106818323195f,-0.4575559119741539f,0.03799441714157127f,0f,0f,0f,1f],start_interpolation:0}
execute if entity @s[tag=aj.yuji.bone.head] run data modify entity @s {} merge value {transformation:[-0.8942694851053262f,0.22583365305972955f,-0.38636931704672495f,0.11793838045781008f,0.07665029495918654f,0.9278731334624976f,0.3649331178190819f,1.5870259603245582f,0.44091588800146975f,0.29673322925514084f,-0.8470788454233121f,0.16220292808102235f,0f,0f,0f,1f],start_interpolation:0}
execute if entity @s[tag=aj.yuji.bone.bottom3] run data modify entity @s {} merge value {transformation:[-0.9784002057114196f,0.14872351293067446f,0.14357699734083904f,-0.15514201598508726f,0.13149495559660399f,-0.08816111850817382f,0.9873888260639955f,0.5725045358526778f,0.15950584351834546f,0.9849410814281976f,0.06670046475515606f,0.1403978491303433f,0f,0f,0f,1f],start_interpolation:0}
execute if entity @s[tag=aj.yuji.bone.rightleg] run data modify entity @s {} merge value {transformation:[-0.9784002057114196f,0.09059984048089975f,-0.18580825161624903f,-0.1207145645491097f,0.13149495559660399f,0.9663154995300295f,-0.22123162527242088f,0.8736562859833332f,0.15950584351834546f,-0.2408859154721696f,-0.9573567055234093f,0.06412408902330065f,0f,0f,0f,1f],start_interpolation:0}
execute if entity @s[tag=aj.yuji.bone.bottom4] run data modify entity @s {} merge value {transformation:[-0.9836138951067288f,0.08287072345790476f,-0.16011292435819374f,0.1122116518046235f,-0.1251889200529928f,0.3251296304079799f,0.9373464982207678f,0.5872294910015563f,0.1297360383584089f,0.9420314042665106f,-0.309427525806499f,-0.1834886812693806f,0f,0f,0f,1f],start_interpolation:0}
execute if entity @s[tag=aj.yuji.bone.leftleg] run data modify entity @s {} merge value {transformation:[-0.9836138951067288f,-0.058967026905184405f,-0.17037193164055064f,0.08763686905233631f,-0.1251889200529928f,0.9034180881387771f,0.41007742234807576f,0.868765212794593f,0.1297360383584089f,0.42468652882054075f,-0.8959966030010524f,-0.04996329077322153f,0f,0f,0f,1f],start_interpolation:0}
execute if entity @s[tag=aj.yuji.locator_origin.mount] at @s on origin run tp @s ^-0.02378 ^0.70963 ^0.01018 ~-28.69834 ~0.26879
execute if entity @s[tag=aj.yuji.camera_origin.camera] at @s on origin run tp @s ^0 ^0.005 ^0 ~0 ~0