execute if entity @s[tag=aj.yuji.locator_origin.head] at @s on origin run tp @s ^-0.03 ^1.38644 ^0.1686 ~9.30413 ~13.19781
execute if entity @s[tag=aj.yuji.bone.torso] run data modify entity @s {} merge value {transformation:[-0.9867237213215728f,-0.04000043202563391f,0.1574047750834443f,-0.03000032401922543f,-0.0030465358689883704f,0.9735828832883248f,0.22831357381283998f,1.3864371624662435f,-0.16237923635892004f,0.22480287988759132f,-0.9607791883641835f,0.1686021599156935f,0f,0f,0f,1f],start_interpolation:0}
execute if entity @s[tag=aj.yuji.bone.bottom2] run data modify entity @s {} merge value {transformation:[-0.9736328455999483f,0.06502101669555194f,-0.2186580649251796f,-0.49683377667707995f,0.18729184136480675f,-0.31937277593140956f,-0.9289363789582394f,1.075430478691269f,-0.13023382098029412f,-0.945395841635525f,0.2987739186929311f,0.15457723926713912f,0f,0f,0f,1f],start_interpolation:0}
execute if entity @s[tag=aj.yuji.bone.rightarm] run data modify entity @s {} merge value {transformation:[-0.8106351836268685f,0.45127057908555196f,0.3731292852591764f,-0.3333514329290127f,0.1800195442951355f,0.7984320096932846f,-0.574542678631374f,1.2637872595961441f,-0.5571925724002474f,-0.39857394589829015f,-0.7284746027920684f,0.08975828856758206f,0f,0f,0f,1f],start_interpolation:0}
execute if entity @s[tag=aj.yuji.bone.bottom] run data modify entity @s {} merge value {transformation:[-0.7806118300908684f,0.49876794875368374f,-0.3766639138784438f,0.40729252240115854f,0.12104787763614883f,-0.4705917018253616f,-0.8740085019568711f,1.2083885265644572f,-0.6131823399625671f,-0.7278557435846423f,0.3069746479579031f,0.4097884638518949f,0f,0f,0f,1f],start_interpolation:0}
execute if entity @s[tag=aj.yuji.bone.leftarm] run data modify entity @s {} merge value {transformation:[-0.9629935239968421f,-0.25501813701754217f,0.08723085768376636f,0.28335089289697035f,-0.15719308902533227f,0.26850954405555205f,-0.9503646444990226f,1.265691344514262f,0.21893790330323668f,-0.9289070860657603f,-0.2986600407721143f,0.19124531129190708f,0f,0f,0f,1f],start_interpolation:0}
execute if entity @s[tag=aj.yuji.bone.head] run data modify entity @s {} merge value {transformation:[-0.9956693715971505f,0.04963380015043376f,0.07860654136878355f,-0.03000032401922543f,0.04235662049163852f,0.9948870568655563f,-0.09168239079517071f,1.3864371624662435f,-0.08275517605481118f,-0.08795584098863407f,-0.992680890755997f,0.1686021599156935f,0f,0f,0f,1f],start_interpolation:0}
execute if entity @s[tag=aj.yuji.bone.bottom4] run data modify entity @s {} merge value {transformation:[-0.9986262601436631f,-0.02724084614678294f,-0.04476079593448202f,0.13985946006001584f,-0.05221694049376499f,0.44633557481295105f,0.8933408900200769f,0.3538344042199922f,-0.004357026159164823f,0.8944509438519253f,-0.4471448594867758f,-0.1540094895168735f,0f,0f,0f,1f],start_interpolation:0}
execute if entity @s[tag=aj.yuji.locator_origin.mount] at @s on origin run tp @s ^0 ^0.59375 ^0 ~0 ~0
execute if entity @s[tag=aj.yuji.camera_origin.camera] at @s on origin run tp @s ^0 ^0.005 ^0 ~0 ~0