execute if entity @s[tag=aj.yuji.locator_origin.head] at @s on origin run tp @s ^-0.03964 ^1.56547 ^0.16909 ~16.84113 ~12.91891
execute if entity @s[tag=aj.yuji.bone.torso] run data modify entity @s {} merge value {transformation:[-0.957284832895382f,-0.0621628082725688f,0.28238543513454845f,-0.03963947491366301f,0.002657884773940053f,0.974683825516692f,0.22357185852578818f,1.5654733734436284f,-0.28913437076381787f,0.2147724971773957f,-0.9328848214539652f,0.16909039853068916f,0f,0f,0f,1f],start_interpolation:0}
execute if entity @s[tag=aj.yuji.bone.bottom2] run data modify entity @s {} merge value {transformation:[-0.637075753158874f,-0.7013723195412027f,0.31970510493022486f,-0.5306626965451485f,-0.6957442151308457f,0.34471561313778254f,-0.6301675437302413f,1.2956488070530647f,0.33177473057636014f,-0.6238974398412255f,-0.7075856928390709f,0.11823691975268447f,0f,0f,0f,1f],start_interpolation:0}
execute if entity @s[tag=aj.yuji.bone.rightarm] run data modify entity @s {} merge value {transformation:[-0.7876672481063921f,0.6016514375164008f,0.13264936484940867f,-0.3310206341593988f,0.44824723033842667f,0.7073405163559404f,-0.5465746192563652f,1.4444684842458981f,-0.42267567561244007f,-0.3710592158345614f,-0.8268375484880979f,0.05188934551982162f,0f,0f,0f,1f],start_interpolation:0}
execute if entity @s[tag=aj.yuji.bone.bottom] run data modify entity @s {} merge value {transformation:[-0.9152051976138968f,0.11343819888859814f,0.38669267033836935f,0.36827116346243405f,-0.3670934821879299f,0.16120438448688948f,-0.9161089027824929f,1.4389719290255765f,-0.1662582978249443f,-0.980379988297963f,-0.1058926671174078f,0.4696485472195384f,0f,0f,0f,1f],start_interpolation:0}
execute if entity @s[tag=aj.yuji.bone.leftarm] run data modify entity @s {} merge value {transformation:[-0.9707827309819085f,-0.16125942550339895f,0.17769717756233855f,0.267282386400215f,-0.18978050618935327f,0.06278663549377506f,-0.979816920589701f,1.4428073062621856f,0.14684770579692552f,-0.9849128063385538f,-0.09155607687365186f,0.2325983272472078f,0f,0f,0f,1f],start_interpolation:0}
execute if entity @s[tag=aj.yuji.bone.head] run data modify entity @s {} merge value {transformation:[-0.9204047511658981f,-0.14416975593748876f,0.3634146055184987f,-0.03963947491366301f,-0.05515766326387439f,0.9681136409918949f,0.24436368451282842f,1.5654733734436284f,-0.38705648969434703f,0.20486839580164876f,-0.8990084616882917f,0.16909039853068916f,0f,0f,0f,1f],start_interpolation:0}
execute if entity @s[tag=aj.yuji.bone.bottom3] run data modify entity @s {} merge value {transformation:[-0.8372749061903526f,-0.45211547219084397f,0.30750988808424745f,-0.24058478284275397f,0.06077986365406373f,0.48195679972950395f,0.8740843502595662f,0.6023973039662347f,-0.5433935402984926f,0.7505393014360706f,-0.3760508175256709f,0.14848359501679012f,0f,0f,0f,1f],start_interpolation:0}
execute if entity @s[tag=aj.yuji.bone.rightleg] run data modify entity @s {} merge value {transformation:[-0.8372749061903526f,0.403842553297558f,0.36862165374547f,-0.1091510167735774f,0.06077986365406373f,0.7387276730247413f,-0.6712579483936442f,0.8328698276386285f,-0.5433935402984926f,-0.5396226619162319f,-0.6430636384591423f,-0.01675227720516675f,0f,0f,0f,1f],start_interpolation:0}
execute if entity @s[tag=aj.yuji.bone.bottom4] run data modify entity @s {} merge value {transformation:[-0.8110263531440479f,-0.5849283487610575f,-0.009750965158832114f,0.25923613405247625f,-0.20600293048754775f,0.26995144263044324f,0.9405790829336388f,0.5750570965772521f,-0.5475390827478972f,0.7648431508730433f,-0.33943468801256327f,-0.05743804323493961f,0f,0f,0f,1f],start_interpolation:0}
execute if entity @s[tag=aj.yuji.bone.leftleg] run data modify entity @s {} merge value {transformation:[-0.8110263531440479f,-0.41969115015282665f,0.4075482707474829f,0.1230137349225676f,-0.20600293048754775f,0.8569168229527501f,0.472500107059361f,0.8415560854344393f,-0.5475390827478972f,0.2992539005994117f,-0.7814397326983243f,0.03265668143520218f,0f,0f,0f,1f],start_interpolation:0}
execute if entity @s[tag=aj.yuji.locator_origin.mount] at @s on origin run tp @s ^0.00989 ^0.67827 ^0.01135 ~12.05003 ~-0.9746
execute if entity @s[tag=aj.yuji.camera_origin.camera] at @s on origin run tp @s ^0 ^0.005 ^0 ~0 ~0