execute if entity @s[tag=aj.yuji.locator_origin.head] at @s on origin run tp @s ^-0.00482 ^1.49849 ^0.067 ~4.11079 ~5.13848
execute if entity @s[tag=aj.yuji.bone.torso] run data modify entity @s {} merge value {transformation:[-0.9974273043101264f,-0.006420365271677716f,0.07139713948340572f,-0.004815273953758287f,0f,0.9959811329355586f,0.08956328955772697f,1.498485849701669f,-0.07168523290493416f,0.08933287046871088f,-0.9934187765676598f,0.06699965285153317f,0f,0f,0f,1f],start_interpolation:0}
execute if entity @s[tag=aj.yuji.bone.bottom2] run data modify entity @s {} merge value {transformation:[-0.9960548632196973f,0.063593176372774f,0.06189198150981812f,-0.40620390752444724f,0.004118869220079278f,0.7298359953215552f,-0.6836098703568746f,1.1347279910070007f,-0.08864391898341531f,-0.6806580109363409f,-0.7272186244695921f,0.06459913180564657f,0f,0f,0f,1f],start_interpolation:0}
execute if entity @s[tag=aj.yuji.bone.rightarm] run data modify entity @s {} merge value {transformation:[-0.9648451746747005f,0.12076929286226165f,0.2334278621083954f,-0.31570876089171307f,0.07073726513928906f,0.9747251845957157f,-0.2119128449043659f,1.373988208084724f,-0.25312058041091934f,-0.1879510372847066f,-0.9490017804809652f,0.033431408760152374f,0f,0f,0f,1f],start_interpolation:0}
execute if entity @s[tag=aj.yuji.bone.bottom] run data modify entity @s {} merge value {transformation:[-0.9678199344418972f,0.221295129230197f,-0.11980417470135171f,0.3923376661623529f,0.24311138783042874f,0.6993196680795108f,-0.6721970358044771f,1.1511486579932502f,-0.06497251421981813f,-0.6796914503038516f,-0.7306148813019088f,0.1761245354552941f,0f,0f,0f,1f],start_interpolation:0}
execute if entity @s[tag=aj.yuji.bone.leftarm] run data modify entity @s {} merge value {transformation:[-0.9950077913639402f,-0.08986549959996293f,-0.04340146433822883f,0.3076833043021159f,-0.06381768427628581f,0.907312621434967f,-0.4155852622006949f,1.373988208084724f,0.0767254735968817f,-0.4107407929174519f,-0.9085181356114346f,0.07823467932573622f,0f,0f,0f,1f],start_interpolation:0}
execute if entity @s[tag=aj.yuji.bone.head] run data modify entity @s {} merge value {transformation:[-0.9990215821628252f,0.020408149393847823f,0.039235007470422315f,-0.004815273953758287f,0.018965806373190813f,0.9991430718317202f,-0.03678885971715502f,1.498485849701669f,-0.03995217843247523f,-0.036008741285863705f,-0.9985525494381893f,0.06699965285153317f,0f,0f,0f,1f],start_interpolation:0}
execute if entity @s[tag=aj.yuji.bone.bottom3] run data modify entity @s {} merge value {transformation:[-0.9959811329355586f,-0.003212249335681625f,0.08950566624860505f,-0.12698124622824652f,0f,0.9993566191080456f,0.03586569175321776f,0.43880396740308547f,-0.08956328955772709f,0.03572155230588732f,-0.9953403377058806f,0.02175183552882844f,0f,0f,0f,1f],start_interpolation:0}
execute if entity @s[tag=aj.yuji.bone.rightleg] run data modify entity @s {} merge value {transformation:[-0.9959811329355586f,0.006420365271677713f,0.08933287046871101f,-0.11875f,0f,0.9974273043101264f,-0.07168523290493403f,0.7505f,-0.08956328955772709f,-0.07139713948340559f,-0.9934187765676598f,-1.4542680739874818e-17f,0f,0f,0f,1f],start_interpolation:0}
execute if entity @s[tag=aj.yuji.bone.bottom4] run data modify entity @s {} merge value {transformation:[-0.9997678121955073f,-0.02154576902621549f,-0.0003186453795716647f,0.13173084308759292f,-0.02147355840978429f,0.9949700514436973f,0.09784417723783045f,0.44140432144789377f,-0.0017910854336216707f,0.09782830146330544f,-0.9952016958615846f,-0.03251360757424478f,0f,0f,0f,1f],start_interpolation:0}
execute if entity @s[tag=aj.yuji.bone.leftleg] run data modify entity @s {} merge value {transformation:[-0.9997678121955073f,-0.02154334163638724f,-0.0004540142584250689f,0.11875f,-0.02147355840978429f,0.9943356425349357f,0.10409378595218016f,0.752f,-0.0017910854336216707f,0.10407936594625575f,-0.9945673821301374f,1.4542680739874818e-17f,0f,0f,0f,1f],start_interpolation:0}
execute if entity @s[tag=aj.yuji.locator_origin.mount] at @s on origin run tp @s ^0 ^0.59375 ^0 ~0 ~0
execute if entity @s[tag=aj.yuji.camera_origin.camera] at @s on origin run tp @s ^0 ^0.005 ^0 ~0 ~0