execute if entity @s[tag=aj.yuji.locator_origin.head] at @s on origin run tp @s ^-0.00028 ^1.50002 ^0.01622 ~0.99125 ~1.23907
execute if entity @s[tag=aj.yuji.bone.torso] run data modify entity @s {} merge value {transformation:[-0.9998503476637699f,-0.0003740923481593504f,0.017295731599259102f,-0.0002805692611195128f,2.710505431213761e-20f,0.9997661715053582f,0.021624114167263356f,1.500019073073463f,-0.017299776780021217f,0.021620878068059318f,-0.9996165541621085f,0.01621565855104449f,0f,0f,0f,1f],start_interpolation:0}
execute if entity @s[tag=aj.yuji.bone.bottom2] run data modify entity @s {} merge value {transformation:[-0.9996394863861573f,-0.003574438489374646f,0.026610536392660512f,-0.3793833676804775f,-0.008265674301210613f,0.9839344925125755f,-0.17833842287170484f,1.1262691946763996f,-0.025545564898152857f,-0.17849408346919057f,-0.9836093158772581f,0.016280362075110695f,0f,0f,0f,1f],start_interpolation:0}
execute if entity @s[tag=aj.yuji.bone.rightarm] run data modify entity @s {} merge value {transformation:[-0.9979252818088108f,0.01730398481959628f,0.0620137407045305f,-0.31268704136252773f,0.014248654659042525f,0.998678591500335f,-0.0493765806766186f,1.3750483016352932f,-0.06278620682293928f,-0.04839052581105582f,-0.9968531733633176f,0.008106868548780444f,0f,0f,0f,1f],start_interpolation:0}
execute if entity @s[tag=aj.yuji.bone.bottom] run data modify entity @s {} merge value {transformation:[-0.9975812654381442f,0.06552538843052973f,-0.02319573921778312f,0.3784479099349919f,0.06862404775004124f,0.9815184762724689f,-0.17863991940820753f,1.1271846098517384f,0.011061596504630712f,-0.1797996223766864f,-0.9836410609953051f,0.04307762719249655f,0f,0f,0f,1f],start_interpolation:0}
execute if entity @s[tag=aj.yuji.bone.leftarm] run data modify entity @s {} merge value {transformation:[-0.9997251948679479f,-0.014982637313666603f,-0.018029290761729613f,0.3122194259273285f,-0.013072468849189006f,0.9947228843465165f,-0.10176194728646784f,1.3750483016352932f,0.019458810457755285f,-0.10149829523925019f,-0.9946453894524898f,0.018919229036293703f,0f,0f,0f,1f],start_interpolation:0}
execute if entity @s[tag=aj.yuji.bone.head] run data modify entity @s {} merge value {transformation:[-0.9999373823369506f,0.0051753522683459265f,0.009922052913858986f,-0.0002805692611195128f,0.005086214860396175f,0.9999466712728878f,-0.008988049213553742f,1.500019073073463f,-0.009968040104292123f,-0.008937020709940506f,-0.9999103799027738f,0.01621565855104449f,0f,0f,0f,1f],start_interpolation:0}
execute if entity @s[tag=aj.yuji.bone.bottom3] run data modify entity @s {} merge value {transformation:[-0.9997661715053582f,-0.00018705317244665669f,0.02162330512732785f,-0.1251154424307083f,-2.710505431213761e-20f,0.999962586216047f,0.008650212027174479f,0.4376115811698867f,-0.021624114167263477f,0.008648189361117834f,-0.9997287664698139f,0.00526976541122302f,0f,0f,0f,1f],start_interpolation:0}
execute if entity @s[tag=aj.yuji.bone.rightleg] run data modify entity @s {} merge value {transformation:[-0.9997661715053582f,0.00037409234815934984f,0.02162087806805944f,-0.11875f,-2.710505431213761e-20f,0.9998503476637699f,-0.017299776780021096f,0.7500648148148148f,-0.021624114167263477f,-0.01729573159925898f,-0.9996165541621085f,-1.4542680739874818e-17f,0f,0f,0f,1f],start_interpolation:0}
execute if entity @s[tag=aj.yuji.bone.bottom4] run data modify entity @s {} merge value {transformation:[-0.9999864987096222f,-0.005187378010116273f,0.00030579053446995696f,0.12662104853939582f,-0.005178403882479333f,0.9996906245320433f,0.024327748682593f,0.4378945998123721f,-0.00043189315893197655f,0.024325836719702867f,-0.999703989757061f,-0.007853573932976494f,0f,0f,0f,1f],start_interpolation:0}
execute if entity @s[tag=aj.yuji.bone.leftleg] run data modify entity @s {} merge value {transformation:[-0.9999864987096222f,-0.005187625351874188f,0.00030156538163636195f,0.11875f,-0.005178403882479333f,0.9996704783076883f,0.02514197552515879f,0.7502592592592592f,-0.00043189315893197655f,0.02514007444870346f,-0.9996838450855415f,1.4542680739874818e-17f,0f,0f,0f,1f],start_interpolation:0}
execute if entity @s[tag=aj.yuji.locator_origin.mount] at @s on origin run tp @s ^0 ^0.59375 ^0 ~0 ~0
execute if entity @s[tag=aj.yuji.camera_origin.camera] at @s on origin run tp @s ^0 ^0.005 ^0 ~0 ~0