execute if entity @s[tag=aj.yuji.locator_origin.head] at @s on origin run tp @s ^-0.03303 ^1.48535 ^0.17468 ~10.31377 ~13.71109
execute if entity @s[tag=aj.yuji.bone.torso] run data modify entity @s {} merge value {transformation:[-0.9837716353342485f,-0.044038519245003294f,0.1739367078407715f,-0.03302888943375247f,-0.0015816121225215689f,0.9715019624960495f,0.23702623350468696f,1.4853486940942595f,-0.17941813736317833f,0.23290458494635088f,-0.9558057262310661f,0.17467843870976316f,0f,0f,0f,1f],start_interpolation:0}
execute if entity @s[tag=aj.yuji.bone.bottom2] run data modify entity @s {} merge value {transformation:[-0.9624391065141866f,0.048641987019213406f,-0.26710470484623905f,-0.5081404164434793f,0.22721920929276243f,-0.39417331618847967f,-0.8905048162325393f,1.1814808686573286f,-0.14860147099051751f,-0.9177479795149642f,0.3683154204152397f,0.1470439059076856f,0f,0f,0f,1f],start_interpolation:0}
execute if entity @s[tag=aj.yuji.bone.rightarm] run data modify entity @s {} merge value {transformation:[-0.7812332333067922f,0.49744251516690063f,0.3771280674803228f,-0.3349527105700797f,0.21474374421796963f,0.781429241401039f,-0.5858783704854138f,1.3634166949939652f,-0.5861397098783381f,-0.37672176043842265f,-0.7173011611003518f,0.08949719766547606f,0f,0f,0f,1f],start_interpolation:0}
execute if entity @s[tag=aj.yuji.bone.bottom] run data modify entity @s {} merge value {transformation:[-0.7978992191496904f,0.4828137599446597f,-0.36089847504307193f,0.4019895995770459f,0.1679257667211522f,-0.3969736934283174f,-0.9023374222523377f,1.2823177226258895f,-0.578928124166919f,-0.7805784777547873f,0.2356681291871937f,0.41320654483374186f,0f,0f,0f,1f],start_interpolation:0}
execute if entity @s[tag=aj.yuji.bone.leftarm] run data modify entity @s {} merge value {transformation:[-0.9625213457808909f,-0.24770981580765852f,0.1104196815277001f,0.2799045615138256f,-0.20108239543420459f,0.3786205186371578f,-0.9034447260974918f,1.364405202570541f,0.18198496960624252f,-0.8917882876666781f,-0.41424041427406555f,0.20163353351746252f,0f,0f,0f,1f],start_interpolation:0}
execute if entity @s[tag=aj.yuji.bone.head] run data modify entity @s {} merge value {transformation:[-0.9948866598410611f,0.04873927501081356f,0.08845912695543307f,-0.03302888943375247f,0.04025117124239677f,0.9946321614523015f,-0.09532421842500505f,1.4853486940942595f,-0.09263032594087311f,-0.09127620980377685f,-0.9915080817824657f,0.17467843870976316f,0f,0f,0f,1f],start_interpolation:0}
execute if entity @s[tag=aj.yuji.bone.bottom3] run data modify entity @s {} merge value {transformation:[-0.9732541042663281f,-0.025632800913017152f,0.22829675434859142f,-0.13633406186232597f,3.469446951953614e-18f,0.9937557538738854f,0.11157733480660739f,0.443777024734375f,-0.22973125283414852f,0.10859309904362888f,-0.967176866096038f,0.047288996351857744f,0f,0f,0f,1f],start_interpolation:0}
execute if entity @s[tag=aj.yuji.bone.rightleg] run data modify entity @s {} merge value {transformation:[-0.9732541042663281f,0.03680391587411654f,0.22676401898246207f,-0.11875f,3.469446951953614e-18f,0.9870838912203704f,-0.16020421871240412f,0.7522407407407408f,-0.22973125283414852f,-0.1559194133826278f,-0.9606834483854033f,-1.4542680739874818e-17f,0f,0f,0f,1f],start_interpolation:0}
execute if entity @s[tag=aj.yuji.bone.bottom4] run data modify entity @s {} merge value {transformation:[-0.998449223529682f,-0.05511082168155592f,-0.00787053788243113f,0.14213636579250655f,-0.05547717782023227f,0.9732404215481689f,0.2229918487430534f,0.4572545548179321f,-0.0046293384060108f,0.22308267346059443f,-0.9747885360567164f,-0.07823315697075343f,0f,0f,0f,1f],start_interpolation:0}
execute if entity @s[tag=aj.yuji.bone.leftleg] run data modify entity @s {} merge value {transformation:[-0.998449223529682f,-0.054867386065427286f,-0.009419022206279874f,0.11875f,-0.05547717782023227f,0.9665764496205034f,0.25030431434580735f,0.758962962962963f,-0.0046293384060108f,0.25043868907453126f,-0.9681213933389515f,1.4542680739874818e-17f,0f,0f,0f,1f],start_interpolation:0}
execute if entity @s[tag=aj.yuji.locator_origin.mount] at @s on origin run tp @s ^0 ^0.59375 ^0 ~0 ~0
execute if entity @s[tag=aj.yuji.camera_origin.camera] at @s on origin run tp @s ^0 ^0.005 ^0 ~0 ~0