execute if entity @s[tag=aj.yuji.locator_origin.head] at @s on origin run tp @s ^0.03269 ^1.56475 ^0.08564 ~10.17574 ~5.7855
execute if entity @s[tag=aj.yuji.bone.torso] run data modify entity @s {} merge value {transformation:[-0.9831444150414466f,0.05032529347018562f,0.1757680972473428f,0.03268667036115035f,0.06882733543648671f,0.9925226697329383f,0.1008045036836842f,1.5647453015196644f,-0.16938080490281365f,0.11120303459591493f,-0.9792568754045767f,0.08564313955699503f,0f,0f,0f,1f],start_interpolation:0}
execute if entity @s[tag=aj.yuji.bone.bottom2] run data modify entity @s {} merge value {transformation:[-0.6208866386216317f,0.699261307401188f,-0.35430693748882836f,-0.5168573094956863f,0.5909136244072406f,0.12050646183445152f,-0.7976836974302787f,1.3588025623551483f,-0.5150930697175315f,-0.7046359461649138f,-0.4880238855847601f,0.022250795913571587f,0f,0f,0f,1f],start_interpolation:0}
execute if entity @s[tag=aj.yuji.bone.rightarm] run data modify entity @s {} merge value {transformation:[-0.5772759851037181f,0.7997637576145158f,0.16471298986067168f,-0.28083662102307494f,0.6993126216353572f,0.588371946496044f,-0.40593141021352375f,1.4621885101269494f,-0.4215617324236338f,-0.11914858195868916f,-0.8989378850472475f,0.01881125870037641f,0f,0f,0f,1f],start_interpolation:0}
execute if entity @s[tag=aj.yuji.bone.bottom] run data modify entity @s {} merge value {transformation:[-0.8581986647789985f,0.3698295101855804f,-0.3559791920427899f,0.44940349134645863f,0.2671447405687546f,-0.2703892651534992f,-0.9249450431653783f,1.2920026220883245f,-0.438324924408819f,-0.8888845699446271f,0.13324969777211115f,0.3165870775540944f,0f,0f,0f,1f],start_interpolation:0}
execute if entity @s[tag=aj.yuji.bone.leftarm] run data modify entity @s {} merge value {transformation:[-0.9751166043480708f,-0.2193202607875002f,0.03234549632932907f,0.3336286383778292f,-0.15018972962008964f,0.5462226459683056f,-0.8240654501603786f,1.4191714254791452f,0.16306640684497867f,-0.8084178648690825f,-0.565570422422515f,0.12467426176463493f,0f,0f,0f,1f],start_interpolation:0}
execute if entity @s[tag=aj.yuji.bone.head] run data modify entity @s {} merge value {transformation:[-0.9988546800591827f,0.013026615708889624f,0.04603949833610965f,0.03268667036115035f,0.0212502879604451f,0.9828956860581676f,0.18293303580775716f,1.5647453015196644f,-0.042869025944916234f,0.18370187155120904f,-0.9820467753641459f,0.08564313955699503f,0f,0f,0f,1f],start_interpolation:0}
execute if entity @s[tag=aj.yuji.bone.bottom3] run data modify entity @s {} merge value {transformation:[-0.9734265011204914f,-0.18663508585368155f,0.132695861445286f,-0.18492395174285967f,0.0975181662138417f,0.18645132684695612f,0.9776124538769432f,0.5476519379523574f,-0.20719810369452513f,0.9645741275015611f,-0.1632963513982918f,0.14914727883058107f,0f,0f,0f,1f],start_interpolation:0}
execute if entity @s[tag=aj.yuji.bone.rightleg] run data modify entity @s {} merge value {transformation:[-0.9734265011204914f,0.1794037244702789f,0.14232059078892936f,-0.12277637221389444f,0.0975181662138417f,0.8870713360882083f,-0.45121464066336575f,0.824252241941086f,-0.20719810369452513f,-0.42534544588707307f,-0.8809938691548993f,0.01752181513896154f,0f,0f,0f,1f],start_interpolation:0}
execute if entity @s[tag=aj.yuji.bone.bottom4] run data modify entity @s {} merge value {transformation:[-0.9652478902292296f,-0.2314100549617145f,-0.1214326845237198f,0.19661487041412937f,-0.15253823222709556f,0.1215907464444893f,0.9807893647914951f,0.5833964613632255f,-0.21219943005826766f,0.9652279921560958f,-0.15266409218037558f,-0.18934690465970294f,0f,0f,0f,1f],start_interpolation:0}
execute if entity @s[tag=aj.yuji.bone.leftleg] run data modify entity @s {} merge value {transformation:[-0.9652478902292296f,-0.24886600716874843f,0.07976353103960127f,0.11281144385996279f,-0.15253823222709556f,0.784346246654296f,0.6012761870125498f,0.8275512994912737f,-0.21219943005826766f,0.5682135829379675f,-0.7950501405872108f,-0.01310640642945228f,0f,0f,0f,1f],start_interpolation:0}
execute if entity @s[tag=aj.yuji.locator_origin.mount] at @s on origin run tp @s ^-0.00716 ^0.66412 ^0.00317 ~-7.40401 ~-0.23997
execute if entity @s[tag=aj.yuji.camera_origin.camera] at @s on origin run tp @s ^0 ^0.005 ^0 ~0 ~0