execute if entity @s[tag=aj.yuji.locator_origin.head] at @s on origin run tp @s ^-0.02114 ^1.49332 ^0.12911 ~13.30858 ~10.02992
execute if entity @s[tag=aj.yuji.bone.torso] run data modify entity @s {} merge value {transformation:[-0.9735559699412146f,-0.028392900425363323f,0.22667734028185618f,-0.02113653652847801f,0.011834694687271928f,0.9846458094331139f,0.17416248151501187f,1.4933214324839448f,-0.2281418711974636f,0.17223958073347484f,-0.9582717847433874f,0.1291129821463014f,0f,0f,0f,1f],start_interpolation:0}
execute if entity @s[tag=aj.yuji.bone.bottom2] run data modify entity @s {} merge value {transformation:[-0.9171631984155243f,0.29309969503444916f,-0.2700078447803298f,-0.4897139296296016f,0.27018278624805814f,-0.04070904686254673f,-0.9619480420057929f,1.178921497178892f,-0.2929384397573011f,-0.9552148147271672f,-0.04185365262796262f,0.022604269964812615f,0f,0f,0f,1f],start_interpolation:0}
execute if entity @s[tag=aj.yuji.bone.rightarm] run data modify entity @s {} merge value {transformation:[-0.7362681169596424f,0.48749403095074695f,0.4693174083028401f,-0.3218236645819372f,0.3538425380239928f,0.8685308393687428f,-0.34705855320128065f,1.3739390483945781f,-0.5768056156396553f,-0.08946368454752557f,-0.8119676908065612f,0.03628869980540968f,0f,0f,0f,1f],start_interpolation:0}
execute if entity @s[tag=aj.yuji.bone.bottom] run data modify entity @s {} merge value {transformation:[-0.7429752394848242f,0.5294406123856495f,-0.4094880113863856f,0.39284079731659094f,0.12737016237145055f,-0.48877931922129303f,-0.8630594526676822f,1.3106724979071716f,-0.65708799658032f,-0.6933883580348591f,0.2957159949880694f,0.4069301510822565f,0f,0f,0f,1f],start_interpolation:0}
execute if entity @s[tag=aj.yuji.bone.leftarm] run data modify entity @s {} merge value {transformation:[-0.980978721044135f,-0.17952324248004203f,0.07383870440402718f,0.28664881663132197f,-0.1185933499326752f,0.25312780271461505f,-0.9601364136645463f,1.3665423642150332f,0.153676173203133f,-0.9506301704145115f,-0.2696032508841793f,0.17887736930382445f,0f,0f,0f,1f],start_interpolation:0}
execute if entity @s[tag=aj.yuji.bone.head] run data modify entity @s {} merge value {transformation:[-0.9913403354287326f,0.016716999391155618f,0.130249304349023f,-0.02113653652847801f,0.006679774201162239f,0.996999392562163f,-0.07712063178747547f,1.4933214324839448f,-0.131147702872257f,-0.07558275704176182f,-0.9884773780260712f,0.1291129821463014f,0f,0f,0f,1f],start_interpolation:0}
execute if entity @s[tag=aj.yuji.bone.bottom3] run data modify entity @s {} merge value {transformation:[-0.9415720284736917f,-0.2637956826978427f,0.20941335436384323f,-0.20147807018523556f,0.08263100545309209f,0.4218291915306167f,0.9029021265399908f,0.49642873733604836f,-0.32651834884696535f,0.8674514228258581f,-0.3753848650433926f,0.15385653178605382f,0f,0f,0f,1f],start_interpolation:0}
execute if entity @s[tag=aj.yuji.bone.rightleg] run data modify entity @s {} merge value {transformation:[-0.9415720284736917f,0.24640658642285182f,0.22962123021048186f,-0.11859118675013379f,0.08263100545309209f,0.8299098366438326f,-0.5517443067034026f,0.7552591175031642f,-0.32651834884696535f,-0.5005331729358654f,-0.801780712325388f,-0.00051934507611059f,0f,0f,0f,1f],start_interpolation:0}
execute if entity @s[tag=aj.yuji.bone.bottom4] run data modify entity @s {} merge value {transformation:[-0.92311433977324f,-0.3598194543170154f,-0.1356092769688736f,0.23589218309269383f,-0.16652855365118416f,0.05621333222657826f,0.9844329850725386f,0.5355291511601081f,-0.3465950901612141f,0.9313270218215455f,-0.11181154636776242f,-0.18685634453636407f,0f,0f,0f,1f],start_interpolation:0}
execute if entity @s[tag=aj.yuji.bone.leftleg] run data modify entity @s {} merge value {transformation:[-0.92311433977324f,-0.35589199820563877f,0.14560494949764932f,0.11890646902984894f,-0.16652855365118416f,0.7113180097398649f,0.6828579133601383f,0.756775225743496f,-0.3465950901612141f,0.6061085502060791f,-0.7158940346470452f,0.00038635808952807013f,0f,0f,0f,1f],start_interpolation:0}
execute if entity @s[tag=aj.yuji.locator_origin.mount] at @s on origin run tp @s ^0.00022 ^0.59859 ^-0.00009 ~0.21843 ~0.01028
execute if entity @s[tag=aj.yuji.camera_origin.camera] at @s on origin run tp @s ^0 ^0.005 ^0 ~0 ~0