execute if entity @s[tag=aj.yuji.locator_origin.head] at @s on origin run tp @s ^-0.02913 ^1.43427 ^0.16457 ~9.57315 ~12.87519
execute if entity @s[tag=aj.yuji.bone.torso] run data modify entity @s {} merge value {transformation:[-0.9860053433171735f,-0.038843390061506f,0.16212542674889904f,-0.0291325425461295f,-0.0017653403598960268f,0.9748561782542057f,0.22282799485930427f,1.4342671336906543f,-0.1667043686392071f,0.21942338701272046f,-0.9612819725285965f,0.16456754025954035f,0f,0f,0f,1f],start_interpolation:0}
execute if entity @s[tag=aj.yuji.bone.bottom2] run data modify entity @s {} merge value {transformation:[-0.9718006313349948f,0.082933265626713f,-0.22073877409597759f,-0.49579666596552724f,0.18875089987786411f,-0.2875110503260948f,-0.9389944055933892f,1.1214990261307458f,-0.1413387092491032f,-0.954179998424236f,0.2637496917058344f,0.1439708132931271f,0f,0f,0f,1f],start_interpolation:0}
execute if entity @s[tag=aj.yuji.bone.rightarm] run data modify entity @s {} merge value {transformation:[-0.8082779672740825f,0.4515020177433564f,0.37793207801529f,-0.332403788575058f,0.1932853547266214f,0.8097590043443161f,-0.5540136519360385f,1.311858442546411f,-0.5561721849099266f,-0.3747482926671978f,-0.7417790896726187f,0.08504450168319808f,0f,0f,0f,1f],start_interpolation:0}
execute if entity @s[tag=aj.yuji.bone.bottom] run data modify entity @s {} merge value {transformation:[-0.7792234714618397f,0.5000787909793276f,-0.37779886756793424f,0.40626456511676257f,0.12390897261608703f,-0.46797697015853823f,-0.875010926735467f,1.2551471438527233f,-0.614375575709342f,-0.7286417214337159f,0.30269439003378634f,0.4085023360148124f,0f,0f,0f,1f],start_interpolation:0}
execute if entity @s[tag=aj.yuji.bone.leftarm] run data modify entity @s {} merge value {transformation:[-0.9650946818893678f,-0.24838638600200624f,0.08304491698907583f,0.2838495509981755f,-0.1510904031373946f,0.2690311464588396f,-0.9512065665852094f,1.312961780271346f,0.21392509219032665f,-0.9305516887760212f,-0.29716932790490935f,0.1892347320827025f,0f,0f,0f,1f],start_interpolation:0}
execute if entity @s[tag=aj.yuji.bone.head] run data modify entity @s {} merge value {transformation:[-0.9954796075379471f,0.046977283843495636f,0.08254384155576146f,-0.0291325425461295f,0.039525278804354066f,0.9951839646053766f,-0.08970300400634737f,1.4342671336906543f,-0.08636031097404116f,-0.08603494287213961f,-0.9925421327548039f,0.16456754025954035f,0f,0f,0f,1f],start_interpolation:0}
execute if entity @s[tag=aj.yuji.bone.bottom3] run data modify entity @s {} merge value {transformation:[-0.9631636957013037f,-0.08143821853191889f,0.25628794713242764f,-0.17980476233779694f,0.03939108818195579f,0.9000355203458882f,0.4340327225999759f,0.4721326420108052f,-0.2660151075688145f,0.4281400222801574f,-0.8636735979912192f,0.15873428795361796f,0f,0f,0f,1f],start_interpolation:0}
execute if entity @s[tag=aj.yuji.bone.rightleg] run data modify entity @s {} merge value {transformation:[-0.9631636957013037f,0.17611196556692416f,0.20322468075300576f,-0.11875f,0.03939108818195579f,0.8399633673290625f,-0.5412114962905572f,0.734375f,-0.2660151075688145f,-0.5132700236029539f,-0.8159594630959157f,-1.4542680739874818e-17f,0f,0f,0f,1f],start_interpolation:0}
execute if entity @s[tag=aj.yuji.bone.bottom4] run data modify entity @s {} merge value {transformation:[-0.9796200360257703f,-0.19173544829838624f,-0.05985067153078137f,0.18322173155281454f,-0.11015415704666684f,0.26366583221991224f,0.9583039134873235f,0.435803549808276f,-0.16796025334050577f,0.9453665145252386f,-0.27941278874130865f,-0.17374580654354463f,0f,0f,0f,1f],start_interpolation:0}
execute if entity @s[tag=aj.yuji.bone.leftleg] run data modify entity @s {} merge value {transformation:[-0.9796200360257703f,-0.18671714024849115f,0.07403576537251376f,0.11875f,-0.11015415704666684f,0.80763172375445f,0.5793073972173617f,0.6875f,-0.16796025334050577f,0.559345786006153f,-0.811739887510126f,1.4542680739874818e-17f,0f,0f,0f,1f],start_interpolation:0}
execute if entity @s[tag=aj.yuji.locator_origin.mount] at @s on origin run tp @s ^0 ^0.59375 ^0 ~0 ~0
execute if entity @s[tag=aj.yuji.camera_origin.camera] at @s on origin run tp @s ^0 ^0.005 ^0 ~0 ~0