execute if entity @s[tag=aj.yuji.locator_origin.head] at @s on origin run tp @s ^0.01856 ^1.51787 ^0.042 ~23.08596 ~2.45556
execute if entity @s[tag=aj.yuji.bone.torso] run data modify entity @s {} merge value {transformation:[-0.9197715695162064f,0.02347256131469664f,0.39175157788453396f,0.0185608805282666f,0.043720553573334556f,0.9981246748742739f,0.04284444657556003f,1.5178667899573328f,-0.3900112474082452f,0.05653469972019522f,-0.9190729321564267f,0.042000906236069904f,0f,0f,0f,1f],start_interpolation:0}
execute if entity @s[tag=aj.yuji.bone.bottom2] run data modify entity @s {} merge value {transformation:[-0.4508342677882972f,0.8897055262316244f,-0.07192036972025387f,-0.3674933491496013f,0.6494528547120728f,0.2716819731038949f,-0.7102111622586011f,1.2701294866348416f,-0.6123393279009022f,-0.3668964187386987f,-0.7003053372798098f,-0.2833634403760887f,0f,0f,0f,1f],start_interpolation:0}
execute if entity @s[tag=aj.yuji.bone.rightarm] run data modify entity @s {} merge value {transformation:[-0.37271833749223676f,0.2895865917858061f,0.8816011835035749f,-0.271801805109885f,0.6921360086764308f,0.719571569988604f,0.0562538990434885f,1.4067638785897156f,-0.6180847728188121f,0.6311547841235271f,-0.46863082707767f,-0.08694444604403115f,0f,0f,0f,1f],start_interpolation:0}
execute if entity @s[tag=aj.yuji.bone.bottom] run data modify entity @s {} merge value {transformation:[-0.6264370452300868f,0.5942066440874633f,-0.5044750662676135f,0.3649268290430819f,0.11757287745103687f,-0.5677649217994081f,-0.8147512577848502f,1.3352531183622778f,-0.7705538572035583f,-0.5697029556676241f,0.28580639505142535f,0.4030357113249262f,0f,0f,0f,1f],start_interpolation:0}
execute if entity @s[tag=aj.yuji.bone.leftarm] run data modify entity @s {} merge value {transformation:[-0.9988955123531981f,0.0022382652669479808f,0.04693341633885836f,0.303055425837744f,-0.04567452893212641f,0.18816028920944655f,-0.9810757070539692f,1.3794385326063816f,-0.011026912871252292f,-0.9821357827374033f,-0.18785023678270302f,0.15681258358612213f,0f,0f,0f,1f],start_interpolation:0}
execute if entity @s[tag=aj.yuji.bone.head] run data modify entity @s {} merge value {transformation:[-0.9703190603865601f,-0.05145459178077445f,0.23629080819028253f,0.0185608805282666f,-0.06669911766883434f,0.9961449818483825f,-0.05697721334432385f,1.5178667899573328f,-0.23244816358221038f,-0.07104646453525651f,-0.9700104386676972f,0.042000906236069904f,0f,0f,0f,1f],start_interpolation:0}
execute if entity @s[tag=aj.yuji.bone.bottom3] run data modify entity @s {} merge value {transformation:[-0.9329561957721356f,-0.2912403972308828f,0.2115934020502114f,-0.20623967333375215f,0.08436868844722596f,0.39451155585700515f,0.9150095937775623f,0.5144216166111402f,-0.34996379981375175f,0.8715157275207845f,-0.3434904300032793f,0.15322265664228069f,0f,0f,0f,1f],start_interpolation:0}
execute if entity @s[tag=aj.yuji.bone.rightleg] run data modify entity @s {} merge value {transformation:[-0.9329561957721356f,0.26445905788862023f,0.24424197729106323f,-0.11776524151998248f,0.08436868844722596f,0.8202005090431876f,-0.5658206865916008f,0.7702069713843411f,-0.34996379981375175f,-0.5072795399638735f,-0.7875232105493533f,-0.0031149258475938395f,0f,0f,0f,1f],start_interpolation:0}
execute if entity @s[tag=aj.yuji.bone.bottom4] run data modify entity @s {} merge value {transformation:[-0.9141201642890935f,-0.3774783181304774f,-0.14796771465920153f,0.2426058609543768f,-0.16931273694499718f,0.023798176070044808f,0.9852750092862059f,0.5574729399952137f,-0.3683985916752057f,0.9257125721070905f,-0.08566627979899549f,-0.18603001409711337f,0f,0f,0f,1f],start_interpolation:0}
execute if entity @s[tag=aj.yuji.bone.leftleg] run data modify entity @s {} merge value {transformation:[-0.9141201642890935f,-0.37513657949959645f,0.15380790604329705f,0.11966242883394607f,-0.16931273694499718f,0.6978969838352905f,0.695897260421248f,0.7745075428378358f,-0.3683985916752057f,0.6100920804886317f,-0.7014771065236397f,0.0023212698576140067f,0f,0f,0f,1f],start_interpolation:0}
execute if entity @s[tag=aj.yuji.locator_origin.mount] at @s on origin run tp @s ^0.00135 ^0.61302 ^-0.00057 ~1.31046 ~0.06446
execute if entity @s[tag=aj.yuji.camera_origin.camera] at @s on origin run tp @s ^0 ^0.005 ^0 ~0 ~0