execute if entity @s[tag=aj.yuji.locator_origin.head] at @s on origin run tp @s ^0.11088 ^1.57347 ^0.16199 ~-15.74631 ~14.23162
execute if entity @s[tag=aj.yuji.bone.torso] run data modify entity @s {} merge value {transformation:[-0.9499518324776373f,0.16851195012992654f,-0.26304987860819873f,0.11088267021048473f,0.10289840934149234f,0.963832696426353f,0.24584232885021337f,1.573467433735694f,0.2949634440525972f,0.2064709567055738f,-0.9329342477954785f,0.16198706485999298f,0f,0f,0f,1f],start_interpolation:0}
execute if entity @s[tag=aj.yuji.bone.bottom2] run data modify entity @s {} merge value {transformation:[-0.710338638808268f,-0.6087479878528685f,-0.3533339857713955f,-0.2712848331372834f,0.11827842154954493f,0.39161903802832665f,-0.912493695347818f,1.474136703263249f,0.6938510165819207f,-0.6899713155913453f,-0.20618038327974608f,0.47766903639604313f,0f,0f,0f,1f],start_interpolation:0}
execute if entity @s[tag=aj.yuji.bone.rightarm] run data modify entity @s {} merge value {transformation:[-0.8283073470864012f,0.0498974109574625f,-0.5580476566946859f,-0.20704127120501772f,0.556851438438444f,0.18324244496307965f,-0.8101473210922744f,1.4851440996016163f,0.06183376320202305f,-0.9818006186307352f,-0.17956650852701161f,0.2283542715382329f,0f,0f,0f,1f],start_interpolation:0}
execute if entity @s[tag=aj.yuji.bone.bottom] run data modify entity @s {} merge value {transformation:[-0.8837176498718163f,-0.4066693662554546f,-0.2316530635550081f,0.5267654043255988f,-0.05712977132334718f,0.5849941805735895f,-0.8090228661314691f,1.227595643544797f,0.4645205103475796f,-0.7017134994030125f,-0.5402026103435661f,-0.05316487680341298f,0f,0f,0f,1f],start_interpolation:0}
execute if entity @s[tag=aj.yuji.bone.leftarm] run data modify entity @s {} merge value {transformation:[-0.8077825477083921f,-0.358401484001275f,-0.4680125338956459f,0.38667862409350556f,-0.4522719373986601f,0.886015785223211f,0.10210838837705502f,1.4208325937631834f,0.37807069479054023f,0.29415030953745536f,-0.8778030218332683f,0.04400211900535963f,0f,0f,0f,1f],start_interpolation:0}
execute if entity @s[tag=aj.yuji.bone.head] run data modify entity @s {} merge value {transformation:[-0.9092256557316218f,0.2098163061706823f,-0.3595633805385259f,0.11088267021048473f,0.07362766710828851f,0.9311351588158213f,0.35716422364680706f,1.573467433735694f,0.4097409835439864f,0.2982690625625223f,-0.8620602604937087f,0.16198706485999298f,0f,0f,0f,1f],start_interpolation:0}
execute if entity @s[tag=aj.yuji.bone.bottom3] run data modify entity @s {} merge value {transformation:[-0.9845320280444845f,0.10669993860079591f,0.13896693440239943f,-0.15910339377907845f,0.1279713772649631f,-0.10380020879413107f,0.9863310008588411f,0.5555566605401373f,0.11966625403814929f,0.9888582505884659f,0.08854009197869592f,0.12791956191323123f,0f,0f,0f,1f],start_interpolation:0}
execute if entity @s[tag=aj.yuji.bone.rightleg] run data modify entity @s {} merge value {transformation:[-0.9845320280444845f,0.10004752876447504f,-0.14383037837235896f,-0.12168521586490195f,0.1279713772649631f,0.9713368744224012f,-0.2003197518674298f,0.8582996126892317f,0.11966625403814929f,-0.21562738317626012f,-0.9691154829374233f,0.05978809058291151f,0f,0f,0f,1f],start_interpolation:0}
execute if entity @s[tag=aj.yuji.bone.bottom4] run data modify entity @s {} merge value {transformation:[-0.9874640103535848f,0.04530477315014728f,-0.15120286302259323f,0.12162365995073536f,-0.1287666517658829f,0.32281142474208135f,0.937663016999706f,0.5739424357137463f,0.0912906219138595f,0.9453783695356061f,-0.3129309201162128f,-0.1802892591449646f,0f,0f,0f,1f],start_interpolation:0}
execute if entity @s[tag=aj.yuji.bone.leftleg] run data modify entity @s {} merge value {transformation:[-0.9874640103535848f,-0.07773569689227167f,-0.137375360545799f,0.09115960460719055f,-0.1287666517658829f,0.9000810667854384f,0.4162610029865766f,0.854412977510659f,0.0912906219138595f,0.4287321245755439f,-0.8988074252627872f,-0.04573990382814553f,0f,0f,0f,1f],start_interpolation:0}
execute if entity @s[tag=aj.yuji.locator_origin.mount] at @s on origin run tp @s ^-0.02196 ^0.6945 ^0.01011 ~-26.37088 ~0.07554
execute if entity @s[tag=aj.yuji.camera_origin.camera] at @s on origin run tp @s ^0 ^0.005 ^0 ~0 ~0