execute if entity @s[tag=aj.yuji.locator_origin.head] at @s on origin run tp @s ^-0.03352 ^1.48035 ^0.17871 ~9.76429 ~14.02888
execute if entity @s[tag=aj.yuji.bone.torso] run data modify entity @s {} merge value {transformation:[-0.9853577594330667f,-0.044695642397389795f,0.16453688180991946f,-0.03352173179804235f,-0.0035283731664249585f,0.9701672492588934f,0.24241093013358656f,1.4803476591663922f,-0.17046300627363467f,0.23828094345985118f,-0.9561195299103759f,0.17871070759488838f,0f,0f,0f,1f],start_interpolation:0}
execute if entity @s[tag=aj.yuji.bone.bottom2] run data modify entity @s {} merge value {transformation:[-0.9668017622152882f,0.028502834542378064f,-0.2539329458744237f,-0.5074675629154257f,0.21917185064557054f,-0.41840553476734166f,-0.8814195983529356f,1.1775409547948408f,-0.13136990698789786f,-0.9078129746258887f,0.39826818933839836f,0.1619932524753801f,0f,0f,0f,1f],start_interpolation:0}
execute if entity @s[tag=aj.yuji.bone.rightarm] run data modify entity @s {} merge value {transformation:[-0.7903242577120977f,0.4888528819488706f,0.3693378229779687f,-0.33585907632120193f,0.1912828212756788f,0.7695534317176476f,-0.6092605337755012f,1.3579741363945228f,-0.5820639569296818f,-0.4108653983263562f,-0.7017059031399736f,0.09565590020189615f,0f,0f,0f,1f],start_interpolation:0}
execute if entity @s[tag=aj.yuji.bone.bottom] run data modify entity @s {} merge value {transformation:[-0.7867441820670262f,0.49266372296438243f,-0.37190865553057534f,0.4042340635261549f,0.14106654706858254f,-0.44305510181780866f,-0.8853261580069567f,1.291096991259454f,-0.600944108284484f,-0.7489890739043429f,0.2790726534257366f,0.41713054665626637f,0f,0f,0f,1f],start_interpolation:0}
execute if entity @s[tag=aj.yuji.bone.leftarm] run data modify entity @s {} merge value {transformation:[-0.96017398574987f,-0.2569346643692932f,0.10977474816480866f,0.2799895233244647f,-0.19270811732590803f,0.3245065427878148f,-0.9260448613348083f,1.3601793696235385f,0.2023104016256024f,-0.9103186705397946f,-0.3610961360368574f,0.20219527912291782f,0f,0f,0f,1f],start_interpolation:0}
execute if entity @s[tag=aj.yuji.bone.head] run data modify entity @s {} merge value {transformation:[-0.9953162887315264f,0.05231589163484539f,0.08129288325648042f,-0.03352173179804235f,0.044327694619634f,0.9942831648011499f,-0.09713930040265861f,1.4803476591663922f,-0.08591007435341395f,-0.09308080186300824f,-0.9919452724062605f,0.17871070759488838f,0f,0f,0f,1f],start_interpolation:0}
execute if entity @s[tag=aj.yuji.bone.bottom3] run data modify entity @s {} merge value {transformation:[-0.9759721299156869f,-0.02229051646989129f,0.2167522422106473f,-0.1354920662777472f,0f,0.9947536785394604f,0.10229916437690065f,0.44224772183754574f,-0.21789539147911685f,0.0998411333455187f,-0.9708518663856215f,0.04630566078424628f,0f,0f,0f,1f],start_interpolation:0}
execute if entity @s[tag=aj.yuji.bone.rightleg] run data modify entity @s {} merge value {transformation:[-0.9759721299156869f,0.03405516949047732f,0.21521767366741157f,-0.11875f,0f,0.9877109938235572f,-0.15629137109924224f,0.7509074074074074f,-0.21789539147911685f,-0.15253602233917046f,-0.9639784023831169f,-1.4542680739874818e-17f,0f,0f,0f,1f],start_interpolation:0}
execute if entity @s[tag=aj.yuji.bone.bottom4] run data modify entity @s {} merge value {transformation:[-0.9986074188444773f,-0.052177065620180436f,-0.00779595100279056f,0.14126779000298267f,-0.05257355726906004f,0.9719359622059323f,0.22929567472350063f,0.45106502213431215f,-0.004386810327264099f,0.22938622276434986f,-0.9733255964481036f,-0.07511937116740279f,0f,0f,0f,1f],start_interpolation:0}
execute if entity @s[tag=aj.yuji.bone.leftleg] run data modify entity @s {} merge value {transformation:[-0.9986074188444773f,-0.052084779632654975f,-0.008390396855232516f,0.11875f,-0.05257355726906004f,0.9692582151303972f,0.24036333638538435f,0.7536296296296296f,-0.004386810327264099f,0.24046972394223423f,-0.9706467265500349f,1.4542680739874818e-17f,0f,0f,0f,1f],start_interpolation:0}
execute if entity @s[tag=aj.yuji.locator_origin.mount] at @s on origin run tp @s ^0 ^0.59375 ^0 ~0 ~0
execute if entity @s[tag=aj.yuji.camera_origin.camera] at @s on origin run tp @s ^0 ^0.005 ^0 ~0 ~0