execute if entity @s[tag=aj.yuji.locator_origin.head] at @s on origin run tp @s ^0.02421 ^1.60772 ^0.00114 ~-26.85659 ~0.95499
execute if entity @s[tag=aj.yuji.bone.torso] run data modify entity @s {} merge value {transformation:[-0.8906522758632459f,0.05204968025064472f,-0.45169608619671037f,0.024212570936782325f,0.04990636647541383f,0.9986148255302995f,0.01666687782132869f,1.6077164724393114f,0.4519379139714238f,-0.007698117750142092f,-0.8920161774868564f,0.0011393013446262517f,0f,0f,0f,1f],start_interpolation:0}
execute if entity @s[tag=aj.yuji.bone.bottom2] run data modify entity @s {} merge value {transformation:[-0.014404934017799674f,-0.9740231106737597f,-0.22598999479922852f,-0.35018575624513804f,-0.5289812246138003f,0.19921839125319377f,-0.8249187212038368f,1.419045166928465f,0.8485112620832012f,0.10766156445037299f,-0.5181096656674831f,0.3715292820985874f,0f,0f,0f,1f],start_interpolation:0}
execute if entity @s[tag=aj.yuji.bone.rightarm] run data modify entity @s {} merge value {transformation:[-0.8674646570181684f,0.14138695951875951f,-0.4769851114053686f,-0.2606224753018126f,0.4867474778226739f,0.439447636828172f,-0.7549587189505136f,1.4984853587715907f,0.10286866217472063f,-0.8870713061328135f,-0.4500250395013676f,0.14333216417946396f,0f,0f,0f,1f],start_interpolation:0}
execute if entity @s[tag=aj.yuji.bone.bottom] run data modify entity @s {} merge value {transformation:[-0.7343985965481913f,-0.6280983397527831f,-0.2571987110928909f,0.44510690927010416f,-0.32481049527184447f,0.6579805779694462f,-0.6793818522570738f,1.2786978746035764f,0.5959503700387356f,-0.4153962380845439f,-0.6872329458312538f,-0.23194832685127698f,0f,0f,0f,1f],start_interpolation:0}
execute if entity @s[tag=aj.yuji.bone.leftarm] run data modify entity @s {} merge value {transformation:[-0.5889955763978096f,-0.4490379545300998f,-0.6718996401064937f,0.2960351971127161f,-0.46087578748347063f,0.86960296735439f,-0.17715582880597053f,1.467293879724457f,0.6638356118010713f,0.2053182762441364f,-0.7191430218981714f,-0.13912903205267593f,0f,0f,0f,1f],start_interpolation:0}
execute if entity @s[tag=aj.yuji.bone.head] run data modify entity @s {} merge value {transformation:[-0.9511660594320323f,-0.10684863929190921f,-0.2895971264809219f,0.024212570936782325f,-0.11320616637777443f,0.9935576999772967f,0.0052402967350628615f,1.6077164724393114f,0.2871715363307918f,0.037768572878668916f,-0.9571342871426773f,0.0011393013446262517f,0f,0f,0f,1f],start_interpolation:0}
execute if entity @s[tag=aj.yuji.bone.bottom3] run data modify entity @s {} merge value {transformation:[-0.9877089277836184f,0.11299818710063875f,0.10799297981120609f,-0.1515495232077521f,0.12413248965358338f,0.14721422540077272f,0.9812844118052897f,0.5829311967604973f,0.09498525669248642f,0.9826288116840557f,-0.15943155101623685f,0.18766982892963757f,0f,0f,0f,1f],start_interpolation:0}
execute if entity @s[tag=aj.yuji.bone.rightleg] run data modify entity @s {} merge value {transformation:[-0.9877089277836184f,0.07387764238871275f,-0.13774312299211167f,-0.12228957916263175f,0.12413248965358338f,0.9062829123336965f,-0.4040326816290438f,0.8653687788044426f,0.09498525669248642f,-0.41616508355103354f,-0.9043143392891786f,0.057024582465611526f,0f,0f,0f,1f],start_interpolation:0}
execute if entity @s[tag=aj.yuji.bone.bottom4] run data modify entity @s {} merge value {transformation:[-0.9890327221715978f,0.024540918142281667f,-0.14564346126954242f,0.12644212382662198f,-0.13052463908821296f,0.3162530826295021f,0.9396527583731287f,0.5805161372277929f,0.06912013501672731f,0.9483573857275915f,-0.309581452724801f,-0.1806109751148086f,0f,0f,0f,1f],start_interpolation:0}
execute if entity @s[tag=aj.yuji.bone.leftleg] run data modify entity @s {} merge value {transformation:[-0.9890327221715978f,-0.08747783518651742f,-0.11900379332155492f,0.0929238458172628f,-0.13052463908821296f,0.8947511241726442f,0.427064098681546f,0.859310084537443f,0.06912013501672731f,0.43791329523419364f,-0.8963561528725061f,-0.04333106951026853f,0f,0f,0f,1f],start_interpolation:0}
execute if entity @s[tag=aj.yuji.locator_origin.mount] at @s on origin run tp @s ^-0.021 ^0.70265 ^0.00979 ~-25 ~0
execute if entity @s[tag=aj.yuji.camera_origin.camera] at @s on origin run tp @s ^0 ^0.005 ^0 ~0 ~0