execute if entity @s[tag=aj.yuji.locator_origin.head] at @s on origin run tp @s ^0.04994 ^1.53665 ^-0.00072 ~28.01677 ~-1.75845
execute if entity @s[tag=aj.yuji.bone.torso] run data modify entity @s {} merge value {transformation:[-0.8805465302257183f,0.0648026368477165f,0.46950870744325f,0.04993533454202637f,0.05707720413276298f,0.9978980754189808f,-0.030685889973751716f,1.536649605196603f,-0.47051036213439046f,-0.00022210960642715096f,-0.8823944411608039f,-0.0007221672338810278f,0f,0f,0f,1f],start_interpolation:0}
execute if entity @s[tag=aj.yuji.bone.bottom2] run data modify entity @s {} merge value {transformation:[-0.09624927748528639f,0.9647145123699279f,0.24507547042985015f,-0.22059556594610824f,0.8072795499854608f,0.2196931670240304f,-0.5477541789326883f,1.3283720745515861f,-0.5822678118862764f,0.145123471519267f,-0.7999396060049558f,-0.3843016319947459f,0f,0f,0f,1f],start_interpolation:0}
execute if entity @s[tag=aj.yuji.bone.rightarm] run data modify entity @s {} merge value {transformation:[-0.11259814018160352f,-0.0791104142988685f,0.9904863457802462f,-0.23333578575947514f,0.7864724831416936f,0.6021257108219534f,0.13749786044915693f,1.4297489720607186f,-0.6072748077177106f,0.794472259249257f,-0.0055800712180787415f,-0.14772889170007467f,0f,0f,0f,1f],start_interpolation:0}
execute if entity @s[tag=aj.yuji.bone.bottom] run data modify entity @s {} merge value {transformation:[-0.5719582723041788f,0.6175358771670589f,-0.5399196006391417f,0.35470701355913137f,0.12873182417019605f,-0.5824806726913698f,-0.8025860598009557f,1.3483769175545333f,-0.8101184186207795f,-0.5285505712346933f,0.25365811924487414f,0.3971318063265702f,0f,0f,0f,1f],start_interpolation:0}
execute if entity @s[tag=aj.yuji.bone.leftarm] run data modify entity @s {} merge value {transformation:[-0.9943548195406955f,0.09778383317504352f,0.0411924122355852f,0.31700579563159875f,-0.02215405405711103f,0.1883337212071122f,-0.981855186544898f,1.3940757194777418f,-0.1037674840449827f,-0.9772250157593577f,-0.18510423503825427f,0.14634008463391937f,0f,0f,0f,1f],start_interpolation:0}
execute if entity @s[tag=aj.yuji.bone.head] run data modify entity @s {} merge value {transformation:[-0.9531892962599413f,-0.05123290381674169f,0.29800227358525727f,0.04993533454202637f,-0.0630773686795366f,0.9975498126301194f,-0.030259161952698805f,1.536649605196603f,-0.2957218474444251f,-0.04763990856538596f,-0.9540854406477115f,-0.0007221672338810278f,0f,0f,0f,1f],start_interpolation:0}
execute if entity @s[tag=aj.yuji.bone.bottom3] run data modify entity @s {} merge value {transformation:[-0.9297901929842574f,-0.30662077400681576f,0.20365141290390965f,-0.2075153398628321f,0.08287451126060097f,0.3646789273204498f,0.9274379199448998f,0.5350948002366549f,-0.3586391116618683f,0.8792001938784288f,-0.31366384342241105f,0.15316722315984505f,0f,0f,0f,1f],start_interpolation:0}
execute if entity @s[tag=aj.yuji.bone.rightleg] run data modify entity @s {} merge value {transformation:[-0.9297901929842574f,0.26989395369862584f,0.25029472784543727f,-0.11736229062585993f,0.08287451126060097f,0.8160177259198848f,-0.5720549679601221f,0.7895823738912402f,-0.3586391116618683f,-0.5111480458159494f,-0.7810926083665892f,-0.004325046709752478f,0f,0f,0f,1f],start_interpolation:0}
execute if entity @s[tag=aj.yuji.bone.bottom4] run data modify entity @s {} merge value {transformation:[-0.9166217829271881f,-0.37103067807977025f,-0.14879765786815624f,0.2410510077259202f,-0.16619651567683716f,0.015169723114334066f,0.9859759620180977f,0.5775797860704268f,-0.3635701104880072f,0.9284966965069399f,-0.07556890455364473f,-0.1850555401910289f,0f,0f,0f,1f],start_interpolation:0}
execute if entity @s[tag=aj.yuji.bone.leftleg] run data modify entity @s {} merge value {transformation:[-0.9166217829271881f,-0.36903882738637656f,0.15367124306346702f,0.11999748802438258f,-0.16619651567683716f,0.7014157903445346f,0.6931050477613265f,0.7957334923301137f,-0.3635701104880072f,0.6097755594779444f,-0.7042659595799716f,0.003227008955278678f,0f,0f,0f,1f],start_interpolation:0}
execute if entity @s[tag=aj.yuji.locator_origin.mount] at @s on origin run tp @s ^0.00189 ^0.63198 ^-0.00079 ~1.81999 ~0.09132
execute if entity @s[tag=aj.yuji.camera_origin.camera] at @s on origin run tp @s ^0 ^0.005 ^0 ~0 ~0