execute if entity @s[tag=aj.yuji.locator_origin.head] at @s on origin run tp @s ^-0.05811 ^1.52783 ^0.13087 ~24.67333 ~11.09001
execute if entity @s[tag=aj.yuji.bone.torso] run data modify entity @s {} merge value {transformation:[-0.9072427042713549f,-0.09538564334867647f,0.40964894066671054f,-0.05811351826585685f,-0.01630783441709954f,0.981190698093344f,0.19235089943049616f,1.5278334682404604f,-0.420291244356843f,0.16782846307481783f,-0.8917336356216027f,0.13087222177344157f,0f,0f,0f,1f],start_interpolation:0}
execute if entity @s[tag=aj.yuji.bone.bottom2] run data modify entity @s {} merge value {transformation:[-0.7740268911201179f,-0.40197956623730263f,0.48917767748599844f,-0.4886536408995632f,-0.6204850797116602f,0.6353608753694973f,-0.459689921474162f,1.1974994390060372f,-0.1260184021408783f,-0.6593398110059611f,-0.7412087263008199f,-0.011504888546782423f,0f,0f,0f,1f],start_interpolation:0}
execute if entity @s[tag=aj.yuji.bone.rightarm] run data modify entity @s {} merge value {transformation:[-0.8036001895485033f,0.4348998844828439f,0.40631124256463635f,-0.32970365793207074f,0.2966713086511211f,0.8845238020324273f,-0.3600052475469361f,1.4000884327234489f,-0.515958205653172f,-0.1687593971158598f,-0.8398258128351681f,-0.021447349972424125f,0f,0f,0f,1f],start_interpolation:0}
execute if entity @s[tag=aj.yuji.bone.bottom] run data modify entity @s {} merge value {transformation:[-0.9185517280903772f,0.23470618760352197f,0.3180813234422958f,0.288312322845743f,-0.17210418721520446f,0.4869455411077454f,-0.8563084658803035f,1.3208531424025587f,-0.3558691775992631f,-0.8413067487521455f,-0.40689075061853985f,0.4774740289841011f,0f,0f,0f,1f],start_interpolation:0}
execute if entity @s[tag=aj.yuji.bone.leftarm] run data modify entity @s {} merge value {transformation:[-0.9888885921788426f,0.043264985611843054f,0.14222339216371566f,0.2373230322375261f,-0.1147166206499074f,0.38638990248878546f,-0.9151737213236469f,1.4102808292341358f,-0.09454866051516686f,-0.9213202398052016f,-0.3771333537623978f,0.24123467775060278f,0f,0f,0f,1f],start_interpolation:0}
execute if entity @s[tag=aj.yuji.bone.head] run data modify entity @s {} merge value {transformation:[-0.9070264227745728f,-0.1115022119078175f,0.4060422701252006f,-0.05811351826585685f,-0.010659755138229787f,0.9700734996538264f,0.2425773585678821f,1.5278334682404604f,-0.4209387580268123f,0.2156957626126254f,-0.8810708824957291f,0.13087222177344157f,0f,0f,0f,1f],start_interpolation:0}
execute if entity @s[tag=aj.yuji.bone.bottom3] run data modify entity @s {} merge value {transformation:[-0.7947984298691614f,-0.5225276915833668f,0.3086426208514854f,-0.22275344208989223f,0.03292037142014306f,0.4707070651178004f,0.8816751714740222f,0.5388711126852221f,-0.6059799543079587f,0.7109146716566936f,-0.35691543059971453f,0.10278277210578693f,0f,0f,0f,1f],start_interpolation:0}
execute if entity @s[tag=aj.yuji.bone.rightleg] run data modify entity @s {} merge value {transformation:[-0.7947984298691614f,0.3860005905641346f,0.4682937112130112f,-0.09716076735191788f,0.03292037142014306f,0.7979363455584008f,-0.6018420370682528f,0.7880204683508465f,-0.6059799543079587f,-0.46292670318425544f,-0.6469058373951193f,-0.03809444792486814f,0f,0f,0f,1f],start_interpolation:0}
execute if entity @s[tag=aj.yuji.bone.bottom4] run data modify entity @s {} merge value {transformation:[-0.7755974640065756f,-0.6192245696527909f,0.12251328974802916f,0.2433256390857057f,-0.17729834770601818f,0.39998009312611177f,0.899211443990535f,0.5163684458090902f,-0.6058166964745068f,0.6757047117203954f,-0.42001103894013614f,-0.011822758251668508f,0f,0f,0f,1f],start_interpolation:0}
execute if entity @s[tag=aj.yuji.bone.leftleg] run data modify entity @s {} merge value {transformation:[-0.7755974640065756f,-0.3666443892250127f,0.5138292183949703f,0.12390178330284814f,-0.17729834770601818f,0.9077818349148108f,0.3801281837741252f,0.798942154546806f,-0.6058166964745068f,0.20372538390813397f,-0.76907873343644f,0.04805506986665769f,0f,0f,0f,1f],start_interpolation:0}
execute if entity @s[tag=aj.yuji.locator_origin.mount] at @s on origin run tp @s ^0.01902 ^0.6358 ^0.00708 ~21.28967 ~0.03288
execute if entity @s[tag=aj.yuji.camera_origin.camera] at @s on origin run tp @s ^0 ^0.005 ^0 ~0 ~0