execute if entity @s[tag=aj.yuji.locator_origin.head] at @s on origin run tp @s ^0.04044 ^1.5583 ^0.01261 ~24.63678 ~-0.41255
execute if entity @s[tag=aj.yuji.bone.torso] run data modify entity @s {} merge value {transformation:[-0.9073731289587753f,0.05391738296351147f,0.41685359619167006f,0.0404380372226336f,0.05601872157324889f,0.9984037558801754f,-0.007200213723070015f,1.558296835464819f,-0.4165764127706473f,0.016818325086794737f,-0.9089451228013792f,0.012613743815096053f,0f,0f,0f,1f],start_interpolation:0}
execute if entity @s[tag=aj.yuji.bone.bottom2] run data modify entity @s {} merge value {transformation:[-0.21873458812569652f,0.970529148609046f,0.10113531360352082f,-0.2913573880529482f,0.7656476422223724f,0.23495928111390005f,-0.5988136806868739f,1.3399867187206227f,-0.6049288122719929f,-0.05354724940311975f,-0.7944770759213611f,-0.34849048932410176f,0f,0f,0f,1f],start_interpolation:0}
execute if entity @s[tag=aj.yuji.bone.rightarm] run data modify entity @s {} merge value {transformation:[-0.21873458812569652f,0.11132295139067816f,0.9694134208123751f,-0.24985573844742262f,0.7656476422223724f,0.6354739015588525f,0.09978280611854905f,1.4510022164714376f,-0.6049288122719929f,0.7640550509820865f,-0.2242342773796135f,-0.11966867581158055f,0f,0f,0f,1f],start_interpolation:0}
execute if entity @s[tag=aj.yuji.bone.bottom] run data modify entity @s {} merge value {transformation:[-0.6474910510684571f,0.5886006748003938f,-0.4840501879049172f,0.3707828767240285f,0.1747490133870454f,-0.5035737872052353f,-0.8460946892399397f,1.3466559130932998f,-0.741766891352343f,-0.6324260324056066f,0.22320213356772337f,0.3830414494318033f,0f,0f,0f,1f],start_interpolation:0}
execute if entity @s[tag=aj.yuji.bone.leftarm] run data modify entity @s {} merge value {transformation:[-0.9966477687466666f,0.03504030389780072f,0.07392835826014679f,0.317252467151812f,-0.06050900273469477f,0.2924656602631021f,-0.9543597320480994f,1.415990515488157f,-0.05506256114950997f,-0.9556338287595397f,-0.2893649938918648f,0.14069158217007396f,0f,0f,0f,1f],start_interpolation:0}
execute if entity @s[tag=aj.yuji.bone.head] run data modify entity @s {} merge value {transformation:[-0.9613335414376982f,-0.024391257198004f,0.2743043723296339f,0.0404380372226336f,-0.009979184777639677f,0.9985011197350884f,0.05381384356230791f,1.558296835464819f,-0.27520581021851154f,0.04899571879333585f,-0.9601360224269774f,0.012613743815096053f,0f,0f,0f,1f],start_interpolation:0}
execute if entity @s[tag=aj.yuji.bone.bottom3] run data modify entity @s {} merge value {transformation:[-0.9403627575438538f,-0.2891210468190726f,0.17923979611337185f,-0.2026395104661221f,0.08508328787530159f,0.3102569808663411f,0.9468375995639544f,0.5526670205343053f,-0.3293610759468216f,0.9056211272435877f,-0.26715474081738755f,0.1536458351460284f,0f,0f,0f,1f],start_interpolation:0}
execute if entity @s[tag=aj.yuji.bone.rightleg] run data modify entity @s {} merge value {transformation:[-0.9403627575438538f,0.24963917834071367f,0.23108042942207985f,-0.11875f,0.08508328787530159f,0.8303152038623252f,-0.5507608340826297f,0.8116087511920612f,-0.3293610759468216f,-0.4982538939862274f,-0.8020376168102799f,-1.4542680739874818e-17f,0f,0f,0f,1f],start_interpolation:0}
execute if entity @s[tag=aj.yuji.bone.bottom4] run data modify entity @s {} merge value {transformation:[-0.9311152918576077f,-0.336489481547106f,-0.1407094242653348f,0.2299021171783467f,-0.16147159183825566f,0.034384536592267034f,0.9862781700273786f,0.5928717166753688f,-0.3270340017462129f,0.9410592608605979f,-0.08634946004673771f,-0.18622287226626463f,0f,0f,0f,1f],start_interpolation:0}
execute if entity @s[tag=aj.yuji.bone.leftleg] run data modify entity @s {} merge value {transformation:[-0.9311152918576077f,-0.33706446913355725f,0.13932644012044307f,0.11875f,-0.16147159183825566f,0.7234893756089684f,0.6711855543813237f,0.8179529491041824f,-0.3270340017462129f,0.6024538712869711f,-0.728078357509135f,1.4542680739874818e-17f,0f,0f,0f,1f],start_interpolation:0}
execute if entity @s[tag=aj.yuji.locator_origin.mount] at @s on origin run tp @s ^0 ^0.65324 ^0 ~0 ~0
execute if entity @s[tag=aj.yuji.camera_origin.camera] at @s on origin run tp @s ^0 ^0.005 ^0 ~0 ~0