execute if entity @s[tag=aj.yuji.locator_origin.head] at @s on origin run tp @s ^0.03876 ^1.52724 ^0.01437 ~26.38494 ~-0.25267
execute if entity @s[tag=aj.yuji.bone.torso] run data modify entity @s {} merge value {transformation:[-0.8944357873012573f,0.049973073726621374f,0.44439544810573123f,0.038759150433602466f,0.053599128519917f,0.9985527955615319f,-0.004409977114978955f,1.5272374708080925f,-0.4439726971522972f,0.01987476738386846f,-0.8958198690611588f,0.01437269278414642f,0f,0f,0f,1f],start_interpolation:0}
execute if entity @s[tag=aj.yuji.bone.bottom2] run data modify entity @s {} merge value {transformation:[-0.20279955960347343f,0.9709033375569345f,0.12735402524240297f,-0.28112531909339256f,0.7658289656609037f,0.2383067864765206f,-0.5972569554839725f,1.3083627569473268f,-0.6102280999588492f,-0.02359204611811891f,-0.7918744101059041f,-0.3569917700896159f,0f,0f,0f,1f],start_interpolation:0}
execute if entity @s[tag=aj.yuji.bone.rightarm] run data modify entity @s {} merge value {transformation:[-0.20279955960347343f,0.08580671721722949f,0.9754535078131812f,-0.24699866731386808f,0.7658289656609037f,0.6346786097274183f,0.10338789923981173f,1.419168099025375f,-0.6102280999588492f,0.7679975713730312f,-0.1944258120356938f,-0.12685312099893f,0f,0f,0f,1f],start_interpolation:0}
execute if entity @s[tag=aj.yuji.bone.bottom] run data modify entity @s {} merge value {transformation:[-0.5863585609491454f,0.6098188303220297f,-0.5332022432307639f,0.35789842821929085f,0.12006837873154158f,-0.5855329915712493f,-0.8017073656954903f,1.3429474434414532f,-0.8011037526003897f,-0.5341087061322769f,0.27011232404923463f,0.4005831270342717f,0f,0f,0f,1f],start_interpolation:0}
execute if entity @s[tag=aj.yuji.bone.leftarm] run data modify entity @s {} merge value {transformation:[-0.9971200505223153f,0.06578109875108623f,0.03774191162984664f,0.3120236997494177f,-0.025544141054070334f,0.17727083629941334f,-0.9838305481410488f,1.385668643700427f,-0.07140799467976305f,-0.9819612505821229f,-0.17507998358181473f,0.15062981472125572f,0f,0f,0f,1f],start_interpolation:0}
execute if entity @s[tag=aj.yuji.bone.head] run data modify entity @s {} merge value {transformation:[-0.9606696320201414f,-0.06339662582677483f,0.2703603631231214f,0.038759150433602466f,-0.07761730247661834f,0.9960886589632355f,-0.042224848621112615f,1.5272374708080925f,-0.2666259786114985f,-0.06154877186916614f,-0.9618328005484416f,0.01437269278414642f,0f,0f,0f,1f],start_interpolation:0}
execute if entity @s[tag=aj.yuji.bone.bottom3] run data modify entity @s {} merge value {transformation:[-0.9301334432483624f,-0.3016823229822713f,0.20937897160642904f,-0.20748402249313694f,0.08359495692119322f,0.38125300048114785f,0.9206834596111009f,0.5247898096314288f,-0.35758028598943925f,0.873861502541531f,-0.3293970452927111f,0.15310752545211928f,0f,0f,0f,1f],start_interpolation:0}
execute if entity @s[tag=aj.yuji.bone.rightleg] run data modify entity @s {} merge value {transformation:[-0.9301334432483624f,0.26960229326219654f,0.2493318696410667f,-0.11741997182839825f,0.08359495692119322f,0.816592448365429f,-0.5711292817304137f,0.779452481264868f,-0.35758028598943925f,-0.5103835584541481f,-0.7820773378198552f,-0.004152459777367984f,0f,0f,0f,1f],start_interpolation:0}
execute if entity @s[tag=aj.yuji.bone.bottom4] run data modify entity @s {} merge value {transformation:[-0.913834966109433f,-0.37746741447391907f,-0.14974647149814937f,0.2429508789141735f,-0.16822479869527102f,0.01625942085338211f,0.9856145536351661f,0.5679519808332362f,-0.36960258632713466f,0.9258801122412593f,-0.078357807118409f,-0.18538741460200658f,0f,0f,0f,1f],start_interpolation:0}
execute if entity @s[tag=aj.yuji.bone.leftleg] run data modify entity @s {} merge value {transformation:[-0.913834966109433f,-0.37531787762938085f,0.1550552980312139f,0.119952573616808f,-0.16822479869527102f,0.6974069222388382f,0.696651994841963f,0.7848402390410276f,-0.36960258632713466f,0.6105408057985379f,-0.7004526055595517f,0.003096571045491922f,0f,0f,0f,1f],start_interpolation:0}
execute if entity @s[tag=aj.yuji.locator_origin.mount] at @s on origin run tp @s ^0.00181 ^0.62207 ^-0.00076 ~1.74721 ~0.08742
execute if entity @s[tag=aj.yuji.camera_origin.camera] at @s on origin run tp @s ^0 ^0.005 ^0 ~0 ~0