execute if entity @s[tag=aj.yuji.locator_origin.head] at @s on origin run tp @s ^-0.03324 ^1.47764 ^0.17871 ~9.55283 ~14.02423
execute if entity @s[tag=aj.yuji.bone.torso] run data modify entity @s {} merge value {transformation:[-0.9859572116614729f,-0.04431754617896609f,0.1610103471004546f,-0.033238159634224565f,-0.004034884921975717f,0.9701849427325173f,0.24233220297510705f,1.477638707049388f,-0.16694938297699718f,0.23827952491932092f,-0.956739657131355f,0.1787096436894907f,0f,0f,0f,1f],start_interpolation:0}
execute if entity @s[tag=aj.yuji.bone.bottom2] run data modify entity @s {} merge value {transformation:[-0.9688081820031957f,0.027500851488835687f,-0.24628115975659148f,-0.5060083541801835f,0.21314896880537448f,-0.41445917828327267f,-0.8847548285451512f,1.1742151712576439f,-0.12640499824321866f,-0.9096522921996862f,0.3956696648910408f,0.16543915796943776f,0f,0f,0f,1f],start_interpolation:0}
execute if entity @s[tag=aj.yuji.bone.rightarm] run data modify entity @s {} merge value {transformation:[-0.7951689362873686f,0.48200080262463557f,0.3679423718910636f,-0.33581009500606407f,0.18315757965010954f,0.769347460560776f,-0.6120112629236483f,1.355104687669706f,-0.5780654493916138f,-0.4192609106485988f,-0.700043302247639f,0.09675302089426394f,0f,0f,0f,1f],start_interpolation:0}
execute if entity @s[tag=aj.yuji.bone.bottom] run data modify entity @s {} merge value {transformation:[-0.7848543381234228f,0.4944025967188669f,-0.3735903375175616f,0.4052609564169103f,0.13403008627209967f,-0.453168665098022f,-0.8812911533353609f,1.29200813856016f,-0.6050120692207203f,-0.741757530012954f,0.2894065700124031f,0.41676629543282306f,0f,0f,0f,1f],start_interpolation:0}
execute if entity @s[tag=aj.yuji.bone.leftarm] run data modify entity @s {} merge value {transformation:[-0.9597734533487637f,-0.2594478132010243f,0.107339417141118f,0.28041316228235647f,-0.1879027456851309f,0.3094490951644057f,-0.9321661953031336f,1.3576264907459408f,0.2086323954015232f,-0.9148377395621242f,-0.34575198316406724f,0.20109638525488718f,0f,0f,0f,1f],start_interpolation:0}
execute if entity @s[tag=aj.yuji.bone.head] run data modify entity @s {} merge value {transformation:[-0.9954693489063825f,0.053044216231458316f,0.07891189081686842f,-0.033238159634224565f,0.04528621628138123f,0.9942490337648995f,-0.09704647068533573f,1.477638707049388f,-0.08360582517276555f,-0.09303316603208808f,-0.9921466101414785f,0.1787096436894907f,0f,0f,0f,1f],start_interpolation:0}
execute if entity @s[tag=aj.yuji.bone.bottom3] run data modify entity @s {} merge value {transformation:[-0.9762960071199334f,-0.018863955312791746f,0.21561599586216249f,-0.13659695771177632f,-3.469446951953614e-18f,0.9961946980917454f,0.08715574274765814f,0.442247577183685f,-0.216439613938103f,0.08508980364211072f,-0.9725809060610187f,0.05162600944409837f,0f,0f,0f,1f],start_interpolation:0}
execute if entity @s[tag=aj.yuji.bone.rightleg] run data modify entity @s {} merge value {transformation:[-0.9762960071199334f,0.03758434453528552f,0.213151409865213f,-0.11875f,-3.469446951953614e-18f,0.984807753012208f,-0.17364817766693033f,0.75f,-0.216439613938103f,-0.1695320224998769f,-0.9614638770465722f,-1.4542680739874818e-17f,0f,0f,0f,1f],start_interpolation:0}
execute if entity @s[tag=aj.yuji.bone.bottom4] run data modify entity @s {} merge value {transformation:[-0.9986262601436631f,-0.05163852535570233f,-0.008891301961441146f,0.14112845329955487f,-0.05221694049376499f,0.9666263149256109f,0.25081259621239965f,0.44825563246383265f,-0.004357026159164822f,0.25093232153794404f,-0.967994827636298f,-0.07838911906711271f,0f,0f,0f,1f],start_interpolation:0}
execute if entity @s[tag=aj.yuji.bone.leftleg] run data modify entity @s {} merge value {transformation:[-0.9986262601436631f,-0.05163852535570233f,-0.008891301961441146f,0.11875f,-0.05221694049376499f,0.9666263149256109f,0.25081259621239965f,0.75f,-0.004357026159164822f,0.25093232153794404f,-0.967994827636298f,1.4542680739874818e-17f,0f,0f,0f,1f],start_interpolation:0}
execute if entity @s[tag=aj.yuji.locator_origin.mount] at @s on origin run tp @s ^0 ^0.59375 ^0 ~0 ~0
execute if entity @s[tag=aj.yuji.camera_origin.camera] at @s on origin run tp @s ^0 ^0.005 ^0 ~0 ~0