execute if entity @s[tag=aj.yuji.locator_origin.head] at @s on origin run tp @s ^0.1128 ^1.60138 ^0.13687 ~-18.77213 ~12.77969
execute if entity @s[tag=aj.yuji.bone.torso] run data modify entity @s {} merge value {transformation:[-0.9334443844662326f,0.17375328038375382f,-0.31383336129917855f,0.11280126763658874f,0.10608315775509343f,0.9694409182702418f,0.22120277942209127f,1.6013800438182235f,0.34267761051630435f,0.17318805830436182f,-0.92335147788456f,0.13687366726379432f,0f,0f,0f,1f],start_interpolation:0}
execute if entity @s[tag=aj.yuji.bone.bottom2] run data modify entity @s {} merge value {transformation:[-0.20007466078386887f,-0.9478400321995375f,-0.2481318268022039f,-0.3309434699182492f,-0.6478604124571327f,0.3179682919092677f,-0.6922232669530667f,1.412833757730915f,0.735014976774687f,0.022258452333480838f,-0.6776854323479475f,0.42059996611143013f,0f,0f,0f,1f],start_interpolation:0}
execute if entity @s[tag=aj.yuji.bone.rightarm] run data modify entity @s {} merge value {transformation:[-0.8075028661213518f,0.3194211129143461f,-0.4958924014646348f,-0.20061926255707818f,0.5843205602041709f,0.5481487724590225f,-0.5984165824693954f,1.51335091583291f,0.08067592037582222f,-0.7729832313033882f,-0.629276028460712f,0.22231191326209418f,0f,0f,0f,1f],start_interpolation:0}
execute if entity @s[tag=aj.yuji.bone.bottom] run data modify entity @s {} merge value {transformation:[-0.6377186310507533f,-0.6882031753603182f,-0.3459643580410102f,0.3836269372439768f,-0.7482341145736235f,0.6601378589007876f,0.06605843650972529f,1.467051399294902f,0.18292254480784703f,0.3009890308131824f,-0.9359193052454696f,-0.24877683281121699f,0f,0f,0f,1f],start_interpolation:0}
execute if entity @s[tag=aj.yuji.bone.leftarm] run data modify entity @s {} merge value {transformation:[-0.6377186310507533f,0.1560558197240497f,-0.7542953856023566f,0.38278347773431715f,-0.7482341145736235f,0.10704870040770406f,0.6547413882818522f,1.4470489422359765f,0.18292254480784703f,0.981930321800522f,0.048499337415521926f,0.008138406689403969f,0f,0f,0f,1f],start_interpolation:0}
execute if entity @s[tag=aj.yuji.bone.head] run data modify entity @s {} merge value {transformation:[-0.8915608222664887f,0.1999483552784965f,-0.4063741569304407f,0.11280126763658874f,0.06652625735089587f,0.9453535752920357f,0.31918783618027796f,1.6013800438182235f,0.44798834502962753f,0.2575408179376421f,-0.856142026660078f,0.13687366726379432f,0f,0f,0f,1f],start_interpolation:0}
execute if entity @s[tag=aj.yuji.bone.bottom3] run data modify entity @s {} merge value {transformation:[-0.9749829114189058f,0.17522539768164574f,0.13676396619147618f,-0.15040900636156274f,0.1330431275030245f,-0.032865373865509306f,0.9905651888820316f,0.5851360614589656f,0.1780669780316611f,0.9839796375982532f,0.008730642970737723f,0.15826699104967157f,0f,0f,0f,1f],start_interpolation:0}
execute if entity @s[tag=aj.yuji.bone.rightleg] run data modify entity @s {} merge value {transformation:[-0.9749829114189058f,0.07676210297402318f,-0.2086046547613921f,-0.12032720598581231f,0.1330431275030245f,0.9533369506692373f,-0.27101325560365924f,0.8822223389962084f,0.1780669780316611f,-0.29198670866271603f,-0.939699905980088f,0.06590822597987492f,0f,0f,0f,1f],start_interpolation:0}
execute if entity @s[tag=aj.yuji.bone.bottom4] run data modify entity @s {} merge value {transformation:[-0.9812399032974258f,0.10272578116823843f,-0.1631430846227741f,0.10680702170670328f,-0.12304088055733217f,0.3177907591417053f,0.9401435928175095f,0.5956858682216808f,0.14842234969348367f,0.942579676890773f,-0.29918950319814247f,-0.1879000205719608f,0f,0f,0f,1f],start_interpolation:0}
execute if entity @s[tag=aj.yuji.bone.leftleg] run data modify entity @s {} merge value {transformation:[-0.9812399032974258f,-0.047693258696479474f,-0.18679830098737282f,0.08577012896844452f,-0.12304088055733217f,0.9008541685982127f,0.4163204398427967f,0.8764337904051389f,0.14842234969348367f,0.43149405557218756f,-0.8898222778270566f,-0.05213048852006794f,0f,0f,0f,1f],start_interpolation:0}
execute if entity @s[tag=aj.yuji.locator_origin.mount] at @s on origin run tp @s ^-0.02481 ^0.71825 ^0.00989 ~-29.79133 ~0.40413
execute if entity @s[tag=aj.yuji.camera_origin.camera] at @s on origin run tp @s ^0 ^0.005 ^0 ~0 ~0