execute if entity @s[tag=aj.dream.bone.torso] run data modify entity @s {} merge value {transformation:[-0.98440592406709f,0.17034348388504572f,-0.04390984126051659f,0f,0.0947946227884243f,0.7239508609057471f,0.6833074933616842f,0.557875f,0.14818554636677272f,0.6684895275856854f,-0.7288091625084363f,0f,0f,0f,0f,1f],start_interpolation:0}
execute if entity @s[tag=aj.dream.bone.bone9] run data modify entity @s {} merge value {transformation:[-0.9855619288488127f,0.1136484870516524f,-0.12550579984478227f,0.3525661584449261f,0.08371772518944033f,0.9713975907472341f,0.22221175301854496f,0.9866456323689858f,0.14717006112967912f,0.20849638385674651f,-0.9668868760231193f,0.3807595681493602f,0f,0f,0f,1f],start_interpolation:0}
execute if entity @s[tag=aj.dream.bone.bone8] run data modify entity @s {} merge value {transformation:[-0.9664789178258713f,0.22369948737655507f,-0.1260041298751726f,0.4402462473473863f,0.244538278002407f,0.9515744384019162f,-0.18629846690645435f,0.6726191696117951f,0.07822743757627745f,-0.21086637362923538f,-0.974379720890529f,0.29720819055291703f,0f,0f,0f,1f],start_interpolation:0}
execute if entity @s[tag=aj.dream.bone.mask] run data modify entity @s {} merge value {transformation:[-0.978442845171351f,0.06532145088897841f,-0.19591504992406872f,-0.266718252185332f,-0.18082995516254402f,0.18722681030946392f,0.9655292066101658f,0.8824526501344314f,0.09975031854036297f,0.9801424537051249f,-0.17137865793614243f,-0.004523240476475898f,0f,0f,0f,1f],start_interpolation:0}
execute if entity @s[tag=aj.dream.bone.head] run data modify entity @s {} merge value {transformation:[-0.978442845171351f,0.06532145088897841f,-0.19591504992406872f,0.1277576129137843f,-0.18082995516254402f,0.18722681030946392f,0.9655292066101658f,1.1008381456793104f,0.09975031854036297f,0.9801424537051249f,-0.17137865793614243f,0.501367145689264f,0f,0f,0f,1f],start_interpolation:0}
execute if entity @s[tag=aj.dream.bone.bone14] run data modify entity @s {} merge value {transformation:[-0.981413749571159f,0.06169455426585775f,-0.1817163562440524f,-0.13963680358861894f,0.10691066255411068f,0.9621301769812328f,-0.2507501401281816f,1.034042943763198f,0.15936487186616535f,-0.2655170512716627f,-0.950843590239258f,0.45485234133274655f,0f,0f,0f,1f],start_interpolation:0}
execute if entity @s[tag=aj.dream.bone.bone15] run data modify entity @s {} merge value {transformation:[-0.981413749571159f,0.05300167476895693f,-0.18443935215773216f,-0.28159307049309434f,0.10691066255411068f,0.9491468335422921f,-0.2961256466584435f,0.7467410962758265f,0.15936487186616535f,-0.31034031457148126f,-0.9371721969663604f,0.5577470288384118f,0f,0f,0f,1f],start_interpolation:0}
execute if entity @s[tag=aj.dream.bone.bone13] run data modify entity @s {} merge value {transformation:[-0.9997986694791209f,0.017415373690615125f,-0.009966206248911369f,0.12375796800539236f,-0.001066072615546471f,0.44988074278560747f,0.8930880028081492f,0.1526734023073385f,0.02003706557752386f,0.8929188216349158f,-0.449771602008348f,-0.07937636045018213f,0f,0f,0f,1f],start_interpolation:0}
execute if entity @s[tag=aj.dream.bone.bone12] run data modify entity @s {} merge value {transformation:[-0.9997986694791209f,0.010751289586270921f,-0.01694196800881621f,0.12288225399889798f,-0.001066072615546471f,0.8146827343326247f,0.5799059457097302f,0.5522382432137163f,0.02003706557752386f,0.5798072543117672f,-0.8145072521779606f,-0.10181340652224506f,0f,0f,0f,1f],start_interpolation:0}
execute if entity @s[tag=aj.dream.bone.bone10] run data modify entity @s {} merge value {transformation:[-0.9998869291582242f,-0.005221440896458787f,-0.01410196629910735f,-0.125f,0.005584480165025213f,0.7417825037298316f,-0.6706172759045125f,0.60175f,0.013962180339145163f,-0.6706202007957017f,-0.741669470724601f,-1.5308084989341915e-17f,0f,0f,0f,1f],start_interpolation:0}
execute if entity @s[tag=aj.dream.bone.bone11] run data modify entity @s {} merge value {transformation:[-0.9998869291582242f,0.0034855045085073226f,-0.014628060597958533f,-0.12343563649146494f,0.005584480165025213f,0.9892682953303673f,-0.14600360761103143f,0.4353290861648184f,0.013962180339145163f,-0.1460687889744786f,-0.9891759026622648f,0.17859394853991056f,0f,0f,0f,1f],start_interpolation:0}
execute if entity @s[tag=aj.dream.camera_origin.camera] at @s on origin run tp @s ^1.7149 ^-0.13988 ^1.78927 ~132.03466 ~14.68554