execute if entity @s[tag=aj.dream.bone.torso] run data modify entity @s {} merge value {transformation:[-0.999183217331833f,0.039877639701108115f,0.006532385037292273f,0f,0.039695325393715154f,0.9383726423283476f,0.3433381209123189f,0.6541250000000001f,0.007561702473246836f,0.3433169934354891f,-0.9391891517016806f,0f,0f,0f,0f,1f],start_interpolation:0}
execute if entity @s[tag=aj.dream.bone.bone9] run data modify entity @s {} merge value {transformation:[-0.9971328291969467f,-0.07222451053766897f,-0.02257744483520587f,0.2747193291461508f,-0.06431781782559481f,0.9661144333969666f,-0.24997223824299386f,1.2306840701067885f,0.03986651787962199f,-0.24780339315605138f,-0.967989741212427f,0.212682695278869f,0f,0f,0f,1f],start_interpolation:0}
execute if entity @s[tag=aj.dream.bone.bone8] run data modify entity @s {} merge value {transformation:[-0.9870064877517741f,0.1570682498929265f,0.03387857747131599f,0.4219310923387907f,0.08667074104931666f,0.6979630707677491f,-0.7108697028924615f,0.9368130368984358f,-0.13530105610034635f,-0.6986967272858999f,-0.7025073006724584f,0.2851379409051823f,0f,0f,0f,1f],start_interpolation:0}
execute if entity @s[tag=aj.dream.bone.mask] run data modify entity @s {} merge value {transformation:[-0.9985908563276839f,-0.05260193722480238f,0.007024091324928822f,-0.3153040059389551f,-0.0372476602607563f,0.7889977352430675f,0.6132659990464249f,0.8713785393689504f,-0.03780097173145508f,0.6121401881771106f,-0.789845223163785f,-0.06399248033650112f,0f,0f,0f,1f],start_interpolation:0}
execute if entity @s[tag=aj.dream.bone.head] run data modify entity @s {} merge value {transformation:[-0.9985908563276839f,-0.05260193722480238f,0.007024091324928822f,0.02990822977583109f,-0.0372476602607563f,0.7889977352430675f,0.6132659990464249f,1.3579044817462607f,-0.03780097173145508f,0.6121401881771106f,-0.789845223163785f,0.2574877450766168f,0f,0f,0f,1f],start_interpolation:0}
execute if entity @s[tag=aj.dream.bone.bone14] run data modify entity @s {} merge value {transformation:[-0.9793944499540639f,0.19316673442574306f,-0.05893321737756134f,-0.22487227951976568f,0.1917810860614513f,0.9810273199111927f,0.02837979240503019f,1.2505317328036463f,0.06329712812021293f,0.01649273473857077f,-0.997858438493445f,0.2164635465154924f,0f,0f,0f,1f],start_interpolation:0}
execute if entity @s[tag=aj.dream.bone.bone15] run data modify entity @s {} merge value {transformation:[-0.9793944499540639f,0.14652717011944588f,-0.13898309183481067f,-0.4076611902720684f,0.1917810860614513f,0.8904740735240229f,-0.4126450525701517f,0.96793333108908f,0.06329712812021293f,-0.43079660258446795f,-0.9002265052604335f,0.21922170792471565f,0f,0f,0f,1f],start_interpolation:0}
execute if entity @s[tag=aj.dream.bone.bone13] run data modify entity @s {} merge value {transformation:[-0.980922029263985f,0.07641124127125967f,-0.17875484528261334f,0.15699697744055183f,-0.010198324325793415f,0.8980206951042305f,0.43983499786335845f,0.2743519949767637f,0.1941338885552227f,0.4332668385324452f,-0.8801090159420755f,0.14582840772692546f,0f,0f,0f,1f],start_interpolation:0}
execute if entity @s[tag=aj.dream.bone.bone12] run data modify entity @s {} merge value {transformation:[-0.980922029263985f,-0.02529053661705551f,-0.1927494779817758f,0.10090631525227803f,-0.010198324325793415f,0.9968309052054846f,-0.07889322282782071f,0.5661383471465224f,0.1941338885552227f,-0.07542237854135611f,-0.9780713154620131f,-0.12225891443275162f,0f,0f,0f,1f],start_interpolation:0}
execute if entity @s[tag=aj.dream.bone.bone10] run data modify entity @s {} merge value {transformation:[-0.9892792870729274f,0.01263172260853557f,-0.14548859664049746f,-0.125f,0.053923794073761855f,0.9574437279776508f,-0.2835378849271272f,0.6717500000000001f,0.13571557243430427f,-0.28834345378419696f,-0.9478603990349157f,-1.5308084989341915e-17f,0f,0f,0f,1f],start_interpolation:0}
execute if entity @s[tag=aj.dream.bone.bone11] run data modify entity @s {} merge value {transformation:[-0.9892792870729274f,0.06739149335476204f,-0.12955646950999947f,-0.12659567318653922f,0.053923794073761855f,0.9930313968330402f,0.10478964326932044f,0.42053180130588586f,0.13571557243430427f,0.09668004720331885f,-0.9860193973100088f,0.08818495745855014f,0f,0f,0f,1f],start_interpolation:0}
execute if entity @s[tag=aj.dream.camera_origin.camera] at @s on origin run tp @s ^0.87385 ^-0.09525 ^2.04155 ~149.83797 ~11.934