execute if entity @s[tag=aj.dream.bone.torso] run data modify entity @s {} merge value {transformation:[-0.9974393849526957f,-0.0010898541892022237f,0.07150863977894188f,0f,0.008322270330296635f,0.9913220548724088f,0.13119193321273398f,0.70775f,-0.07103107180479297f,0.13145111540565668f,-0.9887745906407946f,0f,0f,0f,0f,1f],start_interpolation:0}
execute if entity @s[tag=aj.dream.bone.bone9] run data modify entity @s {} merge value {transformation:[-0.9910918776913449f,-0.12064749814623671f,0.056400985499351894f,0.24867868736992252f,-0.13274105619573012f,0.8605184691268616f,-0.49182087825915277f,1.3252457167126814f,0.010802868798903048f,-0.4949264041073341f,-0.8688677416863267f,0.09991471507973367f,0f,0f,0f,1f],start_interpolation:0}
execute if entity @s[tag=aj.dream.bone.bone8] run data modify entity @s {} merge value {transformation:[-0.9756388261855038f,0.18499471900933884f,0.11792300359992539f,0.41026751525203964f,-0.02129364412368112f,0.45513003974316524f,-0.8901703363083486f,1.0729263271350034f,-0.21834711255087907f,-0.8709957524936849f,-0.4401033260254383f,0.2532288577634127f,0f,0f,0f,1f],start_interpolation:0}
execute if entity @s[tag=aj.dream.bone.mask] run data modify entity @s {} merge value {transformation:[-0.9833666706153233f,-0.029214727604759384f,0.17926653567778253f,-0.3615497267048668f,0.017441599551035414f,0.9672296195945913f,0.2533034811920349f,0.9018418792831108f,-0.18079209531402438f,0.2522168960832759f,-0.9506318191613843f,-0.06651983671216943f,0f,0f,0f,1f],start_interpolation:0}
execute if entity @s[tag=aj.dream.bone.head] run data modify entity @s {} merge value {transformation:[-0.9833666706153233f,-0.029214727604759384f,0.17926653567778253f,-0.0008173906419016678f,0.017441599551035414f,0.9672296195945913f,0.2533034811920349f,1.4512415411543067f,-0.18079209531402438f,0.2522168960832759f,-0.9506318191613843f,0.09858833655424251f,0f,0f,0f,1f],start_interpolation:0}
execute if entity @s[tag=aj.dream.bone.bone14] run data modify entity @s {} merge value {transformation:[-0.9679068735173227f,0.23681874173604775f,0.08410212696761293f,-0.2500410051064253f,0.24856762377317027f,0.9514443170624132f,0.18157050405117553f,1.3294068518778297f,-0.03701919245041749f,0.19664840475374668f,-0.9797749661519861f,0.06439917917733719f,0f,0f,0f,1f],start_interpolation:0}
execute if entity @s[tag=aj.dream.bone.bone15] run data modify entity @s {} merge value {transformation:[-0.9679068735173227f,0.235808870453168f,-0.08689338762830237f,-0.44503522108860555f,0.24856762377317027f,0.84736787885726f,-0.4692353506426255f,1.063151455767472f,-0.03701919245041749f,-0.47577500406867645f,-0.8787876449369153f,-0.001680846364510838f,0f,0f,0f,1f],start_interpolation:0}
execute if entity @s[tag=aj.dream.bone.bone13] run data modify entity @s {} merge value {transformation:[-0.9572474800112978f,0.012494301805546629f,-0.28900026718744043f,0.20120134501978004f,-0.014928954072634795f,0.9956015570585052f,0.09249143697108964f,0.40739583268258417f,0.2888847319300852f,0.09285166667901984f,-0.9528505547317538f,0.2410161866153069f,0f,0f,0f,1f],start_interpolation:0}
execute if entity @s[tag=aj.dream.bone.bone12] run data modify entity @s {} merge value {transformation:[-0.9572474800112978f,-0.14334109649948018f,-0.25125801890953997f,0.09359274763630751f,-0.014928954072634795f,0.8919155428432837f,-0.4519555185688828f,0.5731305601788896f,0.2888847319300852f,-0.42888226180258054f,-0.8559238384160038f,-0.10699047980200047f,0f,0f,0f,1f],start_interpolation:0}
execute if entity @s[tag=aj.dream.bone.bone10] run data modify entity @s {} merge value {transformation:[-0.9759580113004332f,0.07133262025166118f,-0.2059553773673694f,-0.125f,0.07989538798011997f,0.9962384150660194f,-0.03355215829498446f,0.71075f,0.2027872953565123f,-0.04920038246576837f,-0.977986009719573f,-1.5308084989341915e-17f,0f,0f,0f,1f],start_interpolation:0}
execute if entity @s[tag=aj.dream.bone.bone11] run data modify entity @s {} merge value {transformation:[-0.9759580113004332f,0.12620822289503195f,-0.17770043514910472f,-0.14338365814721196f,0.07989538798011997f,0.9656981793458058f,0.24707034097135566f,0.4333914187894923f,0.2027872953565123f,0.2269328334152504f,-0.9525643295652618f,0.020800085144553258f,0f,0f,0f,1f],start_interpolation:0}
execute if entity @s[tag=aj.dream.camera_origin.camera] at @s on origin run tp @s ^0.4864 ^0.08962 ^2.07277 ~159.75695 ~10.401