execute if entity @s[tag=aj.dream.bone.torso] run data modify entity @s {} merge value {transformation:[-0.9961965089938606f,-0.005700710977494818f,0.08694836032264251f,0f,0.0019026509541305088f,0.9961965089938608f,0.08711426627017696f,0.71875f,-0.08711426627017961f,0.08694836032263986f,-0.9923966380683746f,0f,0f,0f,0f,1f],start_interpolation:0}
execute if entity @s[tag=aj.dream.bone.bone9] run data modify entity @s {} merge value {transformation:[-0.9894680291368265f,-0.12531500666791937f,0.0724511450558492f,0.24548618288753088f,-0.14457550720074552f,0.8308853757039784f,-0.5373336162561446f,1.3408971553826303f,0.007137368824123302f,-0.5421490953096556f,-0.8402519957853063f,0.07612129176919481f,0f,0f,0f,1f],start_interpolation:0}
execute if entity @s[tag=aj.dream.bone.bone8] run data modify entity @s {} merge value {transformation:[-0.9715654735950991f,0.19707918418579198f,0.13122623852947035f,0.408330626113359f,-0.04325994308264812f,0.39714855949918204f,-0.9167342030339058f,1.0993174138752302f,-0.23278554044960958f,-0.8963441397411975f,-0.37733019400678186f,0.24465071295044677f,0f,0f,0f,1f],start_interpolation:0}
execute if entity @s[tag=aj.dream.bone.mask] run data modify entity @s {} merge value {transformation:[-0.9764329097846262f,-0.013257066975746721f,0.21541360881970434f,-0.37307828714192204f,0.02454663636363622f,0.9848131719364942f,0.1718734389706926f,0.9130883937157301f,-0.2144206970718066f,0.17311056165231958f,-0.9612785746658764f,-0.0675112489019144f,0f,0f,0f,1f],start_interpolation:0}
execute if entity @s[tag=aj.dream.bone.head] run data modify entity @s {} merge value {transformation:[-0.9764329097846262f,-0.013257066975746721f,0.21541360881970434f,-0.004275533233121113f,0.02454663636363622f,0.9848131719364942f,0.1718734389706926f,1.4658973817453957f,-0.2144206970718066f,0.17311056165231958f,-0.9612785746658764f,0.0652112702419799f,0f,0f,0f,1f],start_interpolation:0}
execute if entity @s[tag=aj.dream.bone.bone14] run data modify entity @s {} merge value {transformation:[-0.9637273886677807f,0.23882042440535003f,0.1191399396442217f,-0.2526120716093994f,0.2596724488872639f,0.9421608145343253f,0.2119037962022104f,1.3418484808596958f,-0.061642028036653605f,0.2351548520504417f,-0.9700012659459074f,0.032564158634105014f,0f,0f,0f,1f],start_interpolation:0}
execute if entity @s[tag=aj.dream.bone.bone15] run data modify entity @s {} merge value {transformation:[-0.9637273886677807f,0.256566663040997f,-0.07350556269825978f,-0.4477093778195439f,0.2596724488872639f,0.8377939458575225f,-0.48028275377466334f,1.0798822824286272f,-0.061642028036653605f,-0.4819490135901204f,-0.8740282653776354f,-0.048626986136239725f,0f,0f,0f,1f],start_interpolation:0}
execute if entity @s[tag=aj.dream.bone.bone13] run data modify entity @s {} merge value {transformation:[-0.9512512425642002f,-0.009502701146800435f,-0.3082706151922036f,0.21112593080143757f,-0.01585000918149361f,0.9997106772950795f,0.018092509808214197f,0.4393392196855186f,0.3080094977902656f,0.022096614517349844f,-0.9511266418820683f,0.25563178340491294f,0f,0f,0f,1f],start_interpolation:0}
execute if entity @s[tag=aj.dream.bone.bone12] run data modify entity @s {} merge value {transformation:[-0.9512512425642002f,-0.17364817766693325f,-0.25488700224416755f,0.09313912471947905f,-0.01585000918149361f,0.8528685319524407f,-0.5218850873652505f,0.5753893640793437f,0.3080094977902656f,-0.49240387650610734f,-0.814044575974035f,-0.10175557199675436f,0f,0f,0f,1f],start_interpolation:0}
execute if entity @s[tag=aj.dream.bone.bone10] run data modify entity @s {} merge value {transformation:[-0.9725809060610187f,0.0871557427476582f,-0.21561599586216226f,-0.125f,0.08508980364211077f,0.9961946980917455f,0.018863955312791746f,0.71875f,0.21643961393810277f,1.0673500138322975e-17f,-0.9762960071199334f,-1.5308084989341915e-17f,0f,0f,0f,1f],start_interpolation:0}
execute if entity @s[tag=aj.dream.bone.bone11] run data modify entity @s {} merge value {transformation:[-0.9725809060610187f,0.1399915089872431f,-0.18571149285114957f,-0.14816495267364035f,0.08508980364211077f,0.9573678359981449f,0.27605534211888794f,0.4384523414409916f,0.21643961393810277f,0.25268400030018495f,-0.9430295273800398f,0.006101850044499565f,0f,0f,0f,1f],start_interpolation:0}
execute if entity @s[tag=aj.dream.camera_origin.camera] at @s on origin run tp @s ^0.40625 ^0.13 ^2.07813 ~161.79161 ~10.08653