execute if entity @s[tag=aj.dream.bone.torso] run data modify entity @s {} merge value {transformation:[-0.9944053739789377f,-0.00926152965315548f,0.10522440909928116f,0f,-0.005422224241836856f,0.9993110856183967f,0.03671448820905497f,0.7313385009765625f,-0.10549195081180554f,0.03593853403611953f,-0.9937705319062617f,0f,0f,0f,0f,1f],start_interpolation:0}
execute if entity @s[tag=aj.dream.bone.bone9] run data modify entity @s {} merge value {transformation:[-0.9875841759039773f,-0.12851907171940113f,0.09033462076328136f,0.24281288746151225f,-0.1570457155736613f,0.7939665002564305f,-0.5873277106441618f,1.3572634855485197f,0.0037601494676543085f,-0.594222218260929f,-0.8042921214341477f,0.04883457147552609f,0f,0f,0f,1f],start_interpolation:0}
execute if entity @s[tag=aj.dream.bone.bone8] run data modify entity @s {} merge value {transformation:[-0.9636610964592538f,0.22894656795142893f,0.1376254344015329f,0.4064231193618223f,-0.06427659828124403f,0.3013328250756901f,-0.9513501182242502f,1.1287796686650928f,-0.25927940543811123f,-0.9256251928049308f,-0.2756668140355204f,0.23405899599860963f,0f,0f,0f,1f],start_interpolation:0}
execute if entity @s[tag=aj.dream.bone.mask] run data modify entity @s {} merge value {transformation:[-0.9666581535232502f,0.009914799642580007f,0.2558783128267573f,-0.3870143255237909f,0.030668076151332904f,0.996540437723672f,0.07724393236163257f,0.9281475381980929f,-0.25422722775540085f,0.08251577261081616f,-0.9636180072716801f,-0.06962683788390976f,0f,0f,0f,1f],start_interpolation:0}
execute if entity @s[tag=aj.dream.bone.head] run data modify entity @s {} merge value {transformation:[-0.9666581535232502f,0.009914799642580007f,0.2558783128267573f,-0.006946147239866611f,0.030668076151332904f,0.996540437723672f,0.07724393236163257f,1.48082181519036f,-0.25422722775540085f,0.08251577261081616f,-0.9636180072716801f,0.02695390052708965f,0f,0f,0f,1f],start_interpolation:0}
execute if entity @s[tag=aj.dream.bone.bone14] run data modify entity @s {} merge value {transformation:[-0.9579786796230524f,0.23738590676879345f,0.161011740737224f,-0.2543897995279566f,0.2718911010266084f,0.9303436510203026f,0.24604048485717145f,1.3545523734276013f,-0.09138970713495012f,0.2794791982845433f,-0.9557924979596863f,-0.003911403930376679f,0f,0f,0f,1f],start_interpolation:0}
execute if entity @s[tag=aj.dream.bone.bone15] run data modify entity @s {} merge value {transformation:[-0.9579786796230524f,0.2811159832198301f,-0.05701450136606945f,-0.4483202303460861f,0.2718911010266084f,0.8266065521780618f,-0.4927441903044985f,1.0978063701120828f,-0.09138970713495012f,-0.48754016437073733f,-0.8683043876171205f,-0.10267236678616523f,0f,0f,0f,1f],start_interpolation:0}
execute if entity @s[tag=aj.dream.bone.bone13] run data modify entity @s {} merge value {transformation:[-0.9439195182145652f,-0.03806266850726098f,-0.3279743532651438f,0.22246387840545306f,-0.016880025019874054f,0.9975971459782347f,-0.0671937429483514f,0.47748488613228374f,0.32974385193496997f,-0.057889270181848584f,-0.9422939162007264f,0.2700027709692591f,0f,0f,0f,1f],start_interpolation:0}
execute if entity @s[tag=aj.dream.bone.bone12] run data modify entity @s {} merge value {transformation:[-0.9439195182145652f,-0.20995522117415705f,-0.2548229743082318f,0.09314712821147103f,-0.016880025019874054f,0.8014571445964505f,-0.5978139427368959f,0.5784867581344505f,0.32974385193496997f,-0.5599868306281989f,-0.7600550911835756f,-0.09500688639794694f,0f,0f,0f,1f],start_interpolation:0}
execute if entity @s[tag=aj.dream.bone.bone10] run data modify entity @s {} merge value {transformation:[-0.9684499189020144f,0.10664696921750641f,-0.22523582871160147f,-0.125f,0.09096927485538642f,0.9927230010177542f,0.07890268869049423f,0.7279052734375f,0.23201152042725548f,0.055923762454113624f,-0.9711041072830497f,-1.5308084989341915e-17f,0f,0f,0f,1f],start_interpolation:0}
execute if entity @s[tag=aj.dream.bone.bone11] run data modify entity @s {} merge value {transformation:[-0.9684499189020144f,0.1563996438012721f,-0.19402037521228754f,-0.1541618223164f,0.09096927485538642f,0.9466850660505496f,0.30905012012479716f,0.4453452731385262f,0.23201152042725548f,0.28164967093128584f,-0.9310446376266454f,-0.010936897109006761f,0f,0f,0f,1f],start_interpolation:0}
execute if entity @s[tag=aj.dream.camera_origin.camera] at @s on origin run tp @s ^0.40625 ^0.13 ^2.07813 ~161.79161 ~10.08653