execute if entity @s[tag=aj.dream.bone.torso] run data modify entity @s {} merge value {transformation:[-0.9778404910946045f,0.20545186241468794f,-0.04021823226098979f,0f,0.10687745373667781f,0.65509417662116f,0.7479497507452014f,0.535875f,0.1800143990313749f,0.7270771293249297f,-0.6625357833007907f,0f,0f,0f,0f,1f],start_interpolation:0}
execute if entity @s[tag=aj.dream.bone.bone9] run data modify entity @s {} merge value {transformation:[-0.976224474814158f,0.16972232273564225f,-0.13483363059355688f,0.3728675367828311f,0.11776741760068468f,0.9375076526765567f,0.32742974288320126f,0.9185894969540556f,0.18197969701449443f,0.30376592030396f,-0.9352056755261919f,0.40941960607023736f,0f,0f,0f,1f],start_interpolation:0}
execute if entity @s[tag=aj.dream.bone.bone8] run data modify entity @s {} merge value {transformation:[-0.9608464951003669f,0.23950142067974725f,-0.13933083774140942f,0.4418573702797126f,0.23581928867041538f,0.970862358032958f,0.04260921080781038f,0.610897428292546f,0.14547603219884553f,0.008084011817644954f,-0.989328748601097f,0.29174529384843806f,0f,0f,0f,1f],start_interpolation:0}
execute if entity @s[tag=aj.dream.bone.mask] run data modify entity @s {} merge value {transformation:[-0.971056012403315f,0.10380424697360037f,-0.21511601308507247f,-0.2583634336495146f,-0.21348419272521946f,0.026715103208607538f,0.9765811808124377f,0.886334571788488f,0.10712012057421647f,0.9942388956235806f,-0.003781295726085099f,0.026395761657924677f,0f,0f,0f,1f],start_interpolation:0}
execute if entity @s[tag=aj.dream.bone.head] run data modify entity @s {} merge value {transformation:[-0.971056012403315f,0.10380424697360037f,-0.21511601308507247f,0.15408889681101595f,-0.21348419272521946f,0.026715103208607538f,0.9765811808124377f,1.02719563246587f,0.10712012057421647f,0.9942388956235806f,-0.003781295726085099f,0.5453078469936973f,0f,0f,0f,1f],start_interpolation:0}
execute if entity @s[tag=aj.dream.bone.bone14] run data modify entity @s {} merge value {transformation:[-0.981145455009401f,0.03690892664126342f,-0.1897138035267474f,-0.11605270876447116f,0.09588675722474294f,0.9452297702104991f,-0.31200386423365073f,0.9720282238223945f,0.16780740717655665f,-0.32431221475916844f,-0.9309469702698882f,0.49942680558592484f,0f,0f,0f,1f],start_interpolation:0}
execute if entity @s[tag=aj.dream.bone.bone15] run data modify entity @s {} merge value {transformation:[-0.981145455009401f,0.045870236452484905f,-0.1877485486553454f,-0.2502299302160411f,0.09588675722474294f,0.958971029545646f,-0.26679635357531994f,0.6886297652847064f,0.16780740717655665f,-0.2797686292277193f,-0.9452884153509572f,0.6217502985952346f,0f,0f,0f,1f],start_interpolation:0}
execute if entity @s[tag=aj.dream.bone.bone13] run data modify entity @s {} merge value {transformation:[-0.9997986694791209f,-0.01869331967652186f,0.007292482927712562f,0.12727736734279269f,0.0010660726155464683f,0.3134354366178272f,0.9496089145334359f,0.14736739116115627f,-0.02003706557752408f,0.94942550359239f,-0.31335240406191023f,-0.13014875999555f,0f,0f,0f,1f],start_interpolation:0}
execute if entity @s[tag=aj.dream.bone.bone12] run data modify entity @s {} merge value {transformation:[-0.9997986694791209f,-0.013298011667185864f,0.015026090425623266f,0.1268782613032029f,0.0010660726155464683f,0.7125940229080379f,0.7015758134406553f,0.5454469766800819f,-0.02003706557752408f,0.7014505837202205f,-0.7124363793361509f,-0.08905454741701885f,0f,0f,0f,1f],start_interpolation:0}
execute if entity @s[tag=aj.dream.bone.bone10] run data modify entity @s {} merge value {transformation:[-0.9998869291582242f,0.0066103754505920575f,0.01350673294837016f,-0.125f,-0.005584480165025205f,0.6707329566463038f,-0.7416779047873773f,0.58575f,-0.0139621803391454f,-0.7416694707246009f,-0.6706202007957018f,-1.5308084989341915e-17f,0f,0f,0f,1f],start_interpolation:0}
execute if entity @s[tag=aj.dream.bone.bone11] run data modify entity @s {} merge value {transformation:[-0.9998869291582242f,-0.0026635094273244897f,0.014799818109251607f,-0.12688240113282115f,-0.005584480165025205f,0.9795756516593782f,-0.20099839864384683f,0.4430646700662748f,-0.0139621803391454f,-0.2010583208763937f,-0.9794797645314282f,0.19187631286242476f,0f,0f,0f,1f],start_interpolation:0}
execute if entity @s[tag=aj.dream.camera_origin.camera] at @s on origin run tp @s ^1.82812 ^-0.13563 ^1.75 ~130 ~15