execute if entity @s[tag=aj.dream.bone.torso] run data modify entity @s {} merge value {transformation:[-0.9946926743997027f,-0.008855753638251286f,0.10250882461069236f,0f,-0.0043496494702824195f,0.9990177168693831f,0.04409854794175001f,0.7294921875f,-0.10279865779791467f,0.04341862513465565f,-0.9937541239896132f,0f,0f,0f,0f,1f],start_interpolation:0}
execute if entity @s[tag=aj.dream.bone.bone9] run data modify entity @s {} merge value {transformation:[-0.987859829718827f,-0.1281896150801574f,0.08775180575629789f,0.2431383225760186f,-0.15529096513318566f,0.7995753142880327f,-0.5801413904637365f,1.354965672910935f,0.004203923868679377f,-0.5867254378044254f,-0.8097750228658028f,0.05283630515863845f,0f,0f,0f,1f],start_interpolation:0}
execute if entity @s[tag=aj.dream.bone.bone8] run data modify entity @s {} merge value {transformation:[-0.9648842208660134f,0.22413869299449807f,0.13696819567514268f,0.40668005600342116f,-0.06111404527515578f,0.3155706438037773f,-0.9469320156375408f,1.124509757837573f,-0.25546724602949056f,-0.9220504406332592f,-0.290791112543214f,0.2356625139889365f,0f,0f,0f,1f],start_interpolation:0}
execute if entity @s[tag=aj.dream.bone.mask] run data modify entity @s {} merge value {transformation:[-0.968218606222432f,0.006188157938290533f,0.2500288728647588f,-0.3849247348179245f,0.02990907770425956f,0.9953847045372355f,0.09118517995925025f,0.9257931776783499f,-0.24831064744704667f,0.09576532083510741f,-0.9639350733787921f,-0.06923606034676781f,0f,0f,0f,1f],start_interpolation:0}
execute if entity @s[tag=aj.dream.bone.head] run data modify entity @s {} merge value {transformation:[-0.968218606222432f,0.006188157938290533f,0.2500288728647588f,-0.0066418152286884646f,0.02990907770425956f,0.9953847045372355f,0.09118517995925025f,1.4787554751520373f,-0.24831064744704667f,0.09576532083510741f,-0.9639350733787921f,0.032563968850991734f,0f,0f,0f,1f],start_interpolation:0}
execute if entity @s[tag=aj.dream.bone.bone14] run data modify entity @s {} merge value {transformation:[-0.9588901652923648f,0.23785887143009132f,0.1547669479817461f,-0.25420801462383275f,0.2701364376534943f,0.93215329961212f,0.24107370465091654f,1.3527908481757938f,-0.08692500191234379f,0.27297139649465263f,-0.9580869797352942f,0.0014369762596811164f,0f,0f,0f,1f],start_interpolation:0}
execute if entity @s[tag=aj.dream.bone.bone15] run data modify entity @s {} merge value {transformation:[-0.9588901652923648f,0.27746711818858766f,-0.05951175707120014f,-0.44840018260728187f,0.2701364376534943f,0.8282610547047027f,-0.4909276222737253f,1.0952599967536931f,-0.08692500191234379f,-0.48682196292235413f,-0.8691653585244667f,-0.09473221038394081f,0f,0f,0f,1f],start_interpolation:0}
execute if entity @s[tag=aj.dream.bone.bone13] run data modify entity @s {} merge value {transformation:[-0.945026063213333f,-0.03365693476109605f,-0.32525828289222203f,0.220809812408437f,-0.016730625833166243f,0.9983627713155983f,-0.054697925100216316f,0.471791567423079f,0.32656672519829705f,-0.046249190193187406f,-0.9440419410173122f,0.26805657335765787f,0f,0f,0f,1f],start_interpolation:0}
execute if entity @s[tag=aj.dream.bone.bone12] run data modify entity @s {} merge value {transformation:[-0.945026063213333f,-0.20454164201719893f,-0.2551243942244988f,0.09310945072193766f,-0.016730625833166243f,0.809432049777691f,-0.5869751638288592f,0.5779952920213927f,0.32656672519829705f,-0.5504384374965048f,-0.7683564931200011f,-0.09604456164000012f,0f,0f,0f,1f],start_interpolation:0}
execute if entity @s[tag=aj.dream.bone.bone10] run data modify entity @s {} merge value {transformation:[-0.9690735130158361f,0.10370025064233575f,-0.22392584573439245f,-0.125f,0.09011147453237474f,0.9934614677305222f,0.07010159978429642f,0.7265625f,0.2297312528341483f,0.04775531542596313f,-0.9720817770742436f,-1.5308084989341915e-17f,0f,0f,0f,1f],start_interpolation:0}
execute if entity @s[tag=aj.dream.bone.bone11] run data modify entity @s {} merge value {transformation:[-0.9690735130158361f,0.15395243055735244f,-0.19286050787195846f,-0.15324813795868852f,0.09011147453237474f,0.9483287570468634f,0.30422440848089816f,0.4442593250377686f,0.2297312528341483f,0.27743687152834384f,-0.9328731606107112f,-0.008426223697835925f,0f,0f,0f,1f],start_interpolation:0}
execute if entity @s[tag=aj.dream.camera_origin.camera] at @s on origin run tp @s ^0.40625 ^0.13 ^2.07813 ~161.79161 ~10.08653