execute if entity @s[tag=aj.dream.bone.torso] run data modify entity @s {} merge value {transformation:[-0.9786114369434995f,0.2016069331962712f,-0.04091821074501345f,0f,0.10557561642874605f,0.6629081859101262f,0.74121962080684f,0.5382685185185185f,0.1765600314314352f,0.7210460328859314f,-0.6700143086236225f,0f,0f,0f,0f,1f],start_interpolation:0}
execute if entity @s[tag=aj.dream.bone.bone9] run data modify entity @s {} merge value {transformation:[-0.9773878856593605f,0.1634559326291511f,-0.13414573811589792f,0.3706571924835444f,0.11411595851521769f,0.9418200865054278f,0.3161526097742375f,0.9261922306051609f,0.17801817036043754f,0.2936955613271037f,-0.9391764734480308f,0.4065137626958483f,0f,0f,0f,1f],start_interpolation:0}
execute if entity @s[tag=aj.dream.bone.bone8] run data modify entity @s {} merge value {transformation:[-0.9601750012436334f,0.24162462371619353f,-0.14029079870325162f,0.4417506992443547f,0.24401973530258358f,0.9697702567981099f,0.0001334637947988937f,0.6176089587578124f,0.1360820920240623f,-0.03410557496561856f,-0.9901103342489761f,0.29248162848607373f,0f,0f,0f,1f],start_interpolation:0}
execute if entity @s[tag=aj.dream.bone.mask] run data modify entity @s {} merge value {transformation:[-0.9718483389806378f,0.09962751148693896f,-0.21350682653136693f,-0.25927026993828106f,-0.21003940049927888f,0.044206490463510384f,0.976693010335798f,0.8860362470186685f,0.10674388159739595f,0.9940423256359958f,-0.02203630154317432f,0.022697623728060723f,0f,0f,0f,1f],start_interpolation:0}
execute if entity @s[tag=aj.dream.bone.head] run data modify entity @s {} merge value {transformation:[-0.9718483389806378f,0.09962751148693896f,-0.21350682653136693f,0.1512051998972034f,-0.21003940049927888f,0.044206490463510384f,0.976693010335798f,1.0354496579511132f,0.10674388159739595f,0.9940423256359958f,-0.02203630154317432f,0.5407845246644485f,0f,0f,0f,1f],start_interpolation:0}
execute if entity @s[tag=aj.dream.bone.bone14] run data modify entity @s {} merge value {transformation:[-0.9811702108887269f,0.03937826021106621f,-0.18908825951740296f,-0.11864852598820536f,0.09687649026051409f,0.947278983201317f,-0.3054136107312234f,0.978980038819534f,0.16709267757557691f,-0.31798094378095726f,-0.9332567473599084f,0.49479377841156597f,0f,0f,0f,1f],start_interpolation:0}
execute if entity @s[tag=aj.dream.bone.bone15] run data modify entity @s {} merge value {transformation:[-0.9811702108887269f,0.04637282662975712f,-0.18749554185350023f,-0.2536005086652544f,0.09687649026051409f,0.9579670455656447f,-0.27002608252728927f,0.6950649178516867f,0.16709267757557691f,-0.2831054583730176f,-0.9444211648094445f,0.6150494080400623f,0f,0f,0f,1f],start_interpolation:0}
execute if entity @s[tag=aj.dream.bone.bone13] run data modify entity @s {} merge value {transformation:[-0.9998767516142412f,-0.014532529336082994f,0.005940300703572634f,0.1266955701158368f,0.0008341681302929272f,0.3286586952552341f,0.9444483925533771f,0.1475567865101708f,-0.01567755544985831f,0.9443369460230935f,-0.32860606602875364f,-0.12477143108229415f,0f,0f,0f,1f],start_interpolation:0}
execute if entity @s[tag=aj.dream.bone.bone12] run data modify entity @s {} merge value {transformation:[-0.9998767516142412f,-0.010199836099225059f,0.01193502932136841f,0.12649187866517106f,0.0008341681302929272f,0.7246170421203142f,0.6891512507659965f,0.5462874248642681f,-0.01567755544985831f,0.6890762698078898f,-0.7245192258613713f,-0.0905649032326714f,0f,0f,0f,1f],start_interpolation:0}
execute if entity @s[tag=aj.dream.bone.bone10] run data modify entity @s {} merge value {transformation:[-0.9999307816541722f,0.005056259442839865f,0.01062384774566113f,-0.125f,-0.00436951265499463f,0.6787865986590991f,-0.7343225863610413f,0.5874907407407408f,-0.010924250987328063f,-0.7343181788034788f,-0.6787175207839473f,-1.5308084989341915e-17f,0f,0f,0f,1f],start_interpolation:0}
execute if entity @s[tag=aj.dream.bone.bone11] run data modify entity @s {} merge value {transformation:[-0.9999307816541722f,-0.002154240290935504f,0.011566812406415456f,-0.12644708553245224f,-0.00436951265499463f,0.9807789248439371f,-0.19507333990355707f,0.4421763893694217f,-0.010924250987328063f,-0.1951103785828417f,-0.9807204499293497f,0.19057949760306112f,0f,0f,0f,1f],start_interpolation:0}
execute if entity @s[tag=aj.dream.camera_origin.camera] at @s on origin run tp @s ^1.82812 ^-0.13563 ^1.75 ~130 ~15