execute if entity @s[tag=aj.dream.bone.torso] run data modify entity @s {} merge value {transformation:[-0.9811629348425792f,0.18838786699848906f,-0.04277039699203472f,0f,0.10106397887217405f,0.6892460650607046f,0.7174440284599626f,0.5465185185185185f,0.16463707804021976f,0.6996069420511022f,-0.6953019194337695f,0f,0f,0f,0f,1f],start_interpolation:0}
execute if entity @s[tag=aj.dream.bone.bone9] run data modify entity @s {} merge value {transformation:[-0.9811179587094724f,0.14214978162142866f,-0.1311525473741851f,0.3630331505847005f,0.10142025645555003f,0.9555193113908214f,0.2769418298843653f,0.9520313144634154f,0.16468601239403485f,0.25841107782792583f,-0.9518940236063891f,0.3960950692718839f,0f,0f,0f,1f],start_interpolation:0}
execute if entity @s[tag=aj.dream.bone.bone8] run data modify entity @s {} merge value {transformation:[-0.9808515806120239f,0.14517139484233185f,-0.1298285135493183f,0.44125108866668805f,0.1069515289512491f,0.9586081959013887f,0.26387818630132104f,0.6407539975968399f,0.16276224152389854f,0.24493997809711723f,-0.9557786667758907f,0.29475585590140274f,0f,0f,0f,1f],start_interpolation:0}
execute if entity @s[tag=aj.dream.bone.mask] run data modify entity @s {} merge value {transformation:[-0.9746099823096314f,0.08517565030611873f,-0.2070760511921885f,-0.2623924565148029f,-0.1979453048004778f,0.10451438265942786f,0.9746252613824273f,0.8847486786406383f,0.1046567660969229f,0.9908692408245643f,-0.08500064057338352f,0.010571950887732662f,0f,0f,0f,1f],start_interpolation:0}
execute if entity @s[tag=aj.dream.bone.head] run data modify entity @s {} merge value {transformation:[-0.9746099823096314f,0.08517565030611873f,-0.2070760511921885f,0.14129090024886679f,-0.1979453048004778f,0.10451438265942786f,0.9746252613824273f,1.063453067314047f,0.1046567660969229f,0.9908692408245643f,-0.08500064057338352f,0.5247052065383266f,0f,0f,0f,1f],start_interpolation:0}
execute if entity @s[tag=aj.dream.bone.bone14] run data modify entity @s {} merge value {transformation:[-0.9812650831718329f,0.04833158334202786f,-0.18650172814059499f,-0.12754831683658913f,0.10068970935910347f,0.9539514087094505f,-0.28255670625634405f,1.0025633038995023f,0.16425717328919023f,-0.2960418346668377f,-0.9409457014887402f,0.4784136082919938f,0f,0f,0f,1f],start_interpolation:0}
execute if entity @s[tag=aj.dream.bone.bone15] run data modify entity @s {} merge value {transformation:[-0.9812650831718329f,0.04861845435422583f,-0.18642715050115916f,-0.26531007202745194f,0.10068970935910347f,0.9543849861270847f,-0.2810887416535629f,0.717039702347687f,0.16425717328919023f,-0.2945938630579568f,-0.9414000408283583f,0.5914588282865294f,0f,0f,0f,1f],start_interpolation:0}
execute if entity @s[tag=aj.dream.bone.bone13] run data modify entity @s {} merge value {transformation:[-0.9999997885474549f,-0.0005874068689503712f,0.0002790308510580159f,0.1250577566722458f,0.00003455558628686801f,0.38046940275003094f,0.924793507966479f,0.14892804476245397f,-0.0006493927601910958f,0.9247933220586128f,-0.38046930200061874f,-0.10593893402323813f,0f,0f,0f,1f],start_interpolation:0}
execute if entity @s[tag=aj.dream.bone.bone12] run data modify entity @s {} merge value {transformation:[-0.9999997885474549f,-0.0003922880313141788f,0.0005186667003190827f,0.1250648333375399f,0.00003455558628686801f,0.7643859147709966f,0.644759003121025f,0.5489883939086466f,-0.0006493927601910958f,0.6447588847079248f,-0.7643857395839067f,-0.09554821744798832f,0f,0f,0f,1f],start_interpolation:0}
execute if entity @s[tag=aj.dream.bone.bone10] run data modify entity @s {} merge value {transformation:[-0.9999998812451739f,0.00019270584345695412f,0.0004476316519777955f,-0.125f,-0.00018099708809643207f,0.7059540314255749f,-0.7082576316242787f,0.5934907407407407f,-0.00045249275359439596f,-0.7082576285352925f,-0.7059539127109302f,-1.5308084989341915e-17f,0f,0f,0f,1f],start_interpolation:0}
execute if entity @s[tag=aj.dream.bone.bone11] run data modify entity @s {} merge value {transformation:[-0.9999998812451739f,-0.00009924105063292073f,0.00047713818944211586f,-0.12505616005529854f,-0.00018099708809643207f,0.9846501988321936f,-0.17453925970902856f,0.4391961235781193f,-0.00045249275359439596f,-0.17453932534227207f,-0.9846500998625718f,0.1858304345797713f,0f,0f,0f,1f],start_interpolation:0}
execute if entity @s[tag=aj.dream.camera_origin.camera] at @s on origin run tp @s ^1.82812 ^-0.13563 ^1.75 ~130 ~15