execute if entity @s[tag=aj.dream.bone.torso] run data modify entity @s {} merge value {transformation:[-0.9950708266013166f,-0.008237538360110104f,0.09882405076062259f,0f,-0.0028860238960690824f,0.99852738640906f,0.05417314331994273f,0.7269744873046875f,-0.09912477446654652f,0.05362090593096551f,-0.9936292455106678f,0f,0f,0f,0f,1f],start_interpolation:0}
execute if entity @s[tag=aj.dream.bone.bone9] run data modify entity @s {} merge value {transformation:[-0.9882365575895165f,-0.12766307639037694f,0.08420596873243193f,0.24361924517526035f,-0.15285650125500064f,0.8071176497199791f,-0.5702595808354097f,1.3517756097843674f,0.004836968854820725f,-0.5764227948624533f,-0.8171372989254961f,0.058294259823490076f,0f,0f,0f,1f],start_interpolation:0}
execute if entity @s[tag=aj.dream.bone.bone8] run data modify entity @s {} merge value {transformation:[-0.9665170277153927f,0.21765204530914645f,0.13591328967009886f,0.4070435262459427f,-0.05684526938370836f,0.33489226316390136f,-0.9405401572615886f,1.118658406903749f,-0.25022679809504134f,-0.9167741048075613f,-0.31130658565054165f,0.23782176211115413f,0f,0f,0f,1f],start_interpolation:0}
execute if entity @s[tag=aj.dream.bone.mask] run data modify entity @s {} merge value {transformation:[-0.9702754585823806f,0.001287911122412594f,0.24199974330087964f,-0.3820996387120611f,0.028796271255182884f,0.9934956702576588f,0.11016863410736807f,0.92266315958846f,-0.2402838097636809f,0.11386261223169783f,-0.9640015540968933f,-0.06875089574519438f,0f,0f,0f,1f],start_interpolation:0}
execute if entity @s[tag=aj.dream.bone.head] run data modify entity @s {} merge value {transformation:[-0.9702754585823806f,0.001287911122412594f,0.24199974330087964f,-0.006178153770082578f,0.028796271255182884f,0.9934956702576588f,0.11016863410736807f,1.4758700271114824f,-0.2402838097636809f,0.11386261223169783f,-0.9640015540968933f,0.04021567944822413f,0f,0f,0f,1f],start_interpolation:0}
execute if entity @s[tag=aj.dream.bone.bone14] run data modify entity @s {} merge value {transformation:[-0.9600944393779551f,0.23835560702096448f,0.14630540686248644f,-0.25391616812539797f,0.26772202611026713f,0.9345793272724024f,0.23427846202858088f,1.3503325978363327f,-0.08089242369309733f,0.2640986286157717f,-0.9610974613182188f,0.008731872590216815f,0f,0f,0f,1f],start_interpolation:0}
execute if entity @s[tag=aj.dream.bone.bone15] run data modify entity @s {} merge value {transformation:[-0.9600944393779551f,0.2725171347110863f,-0.06287351401337278f,-0.44841410024169376f,0.26772202611026713f,0.8305099949385512f,-0.4884445363012892f,1.0917418113274904f,-0.08089242369309733f,-0.48578550780774393f,-0.8703268674429332f,-0.08391050181384901f,0f,0f,0f,1f],start_interpolation:0}
execute if entity @s[tag=aj.dream.bone.bone13] run data modify entity @s {} merge value {transformation:[-0.9465177198033338f,-0.027767197554471323f,-0.3214548006147498f,0.21854778947086007f,-0.01652596137864709f,0.999154464510414f,-0.03764636303043106f,0.4640809641078787f,0.3222283331720056f,-0.030320600074511983f,-0.9461762851140966f,0.2653123704631692f,0f,0f,0f,1f],start_interpolation:0}
execute if entity @s[tag=aj.dream.bone.bone12] run data modify entity @s {} merge value {transformation:[-0.9465177198033338f,-0.1972042619722384f,-0.2553716608362846f,0.09307854239546443f,-0.01652596137864709f,0.8200694247631f,-0.5720253763332792f,0.5773463152630276f,0.3222283331720056f,-0.5372118926724379f,-0.7794692320242589f,-0.09743365400303235f,0f,0f,0f,1f],start_interpolation:0}
execute if entity @s[tag=aj.dream.bone.bone10] run data modify entity @s {} merge value {transformation:[-0.9699140680911772f,0.09972980023335018f,-0.22208256902386397f,-0.125f,0.08893920484067219f,0.994341334503601f,0.058095854756658856f,0.7247314453125f,0.22661976604244433f,0.036596139728309f,-0.9732955379512709f,-1.5308084989341915e-17f,0f,0f,0f,1f],start_interpolation:0}
execute if entity @s[tag=aj.dream.bone.bone11] run data modify entity @s {} merge value {transformation:[-0.9699140680911772f,0.1506375015996198f,-0.19124602905850824f,-0.15202090881440483f,0.08893920484067219f,0.950527544340283f,0.2976360282169153f,0.4428203135862521f,0.22661976604244433f,0.2716721011849689f,-0.9353276169752563f,-0.005008423228276839f,0f,0f,0f,1f],start_interpolation:0}
execute if entity @s[tag=aj.dream.camera_origin.camera] at @s on origin run tp @s ^0.40625 ^0.13 ^2.07813 ~161.79161 ~10.08653