execute if entity @s[tag=aj.dream.bone.torso] run data modify entity @s {} merge value {transformation:[-0.9799077112140862f,0.19498935434619083f,-0.04195270187755225f,0f,0.10332446588998462f,0.6761934654675719f,0.7294425625143524f,0.5423935185185185f,0.17060167716561453f,0.7104516513814372f,-0.6827543619763027f,0f,0f,0f,0f,1f],start_interpolation:0}
execute if entity @s[tag=aj.dream.bone.bone9] run data modify entity @s {} merge value {transformation:[-0.9793067586276607f,0.15274414246229423f,-0.13276859361175364f,0.3668452742698908f,0.1077882090804359f,0.9488960704511569f,0.29661077098713934f,0.9391833179632547f,0.17128915461703018f,0.27616204378192777f,-0.9457243525915844f,0.4013818628219946f,0f,0f,0f,1f],start_interpolation:0}
execute if entity @s[tag=aj.dream.bone.bone8] run data modify entity @s {} merge value {transformation:[-0.977355878651687f,0.1685842288771152f,-0.12788605959562982f,0.44152607457888143f,0.13622042265493087f,0.9637519778037326f,0.22940383983513793f,0.6291797698122137f,0.16192431230887025f,0.2067884983583519f,-0.9648932759792646f,0.2936700798130134f,0f,0f,0f,1f],start_interpolation:0}
execute if entity @s[tag=aj.dream.bone.mask] run data modify entity @s {} merge value {transformation:[-0.9732242352624905f,0.09240834408706264f,-0.21046445267747135f,-0.26083124479350706f,-0.2040330279089123f,0.0743647616505913f,0.9761354443656739f,0.8854397047702567f,0.10585419887780335f,0.9929403709023709f,-0.053519234039742014f,0.01651381857828349f,0f,0f,0f,1f],start_interpolation:0}
execute if entity @s[tag=aj.dream.bone.head] run data modify entity @s {} merge value {transformation:[-0.9732242352624905f,0.09240834408706264f,-0.21046445267747135f,0.14624201575964313f,-0.2040330279089123f,0.0743647616505913f,0.9761354443656739f,1.0495386176191974f,0.10585419887780335f,0.9929403709023709f,-0.053519234039742014f,0.5328387385360779f,0f,0f,0f,1f],start_interpolation:0}
execute if entity @s[tag=aj.dream.bone.bone14] run data modify entity @s {} merge value {transformation:[-0.9812159025129147f,0.04377100429549212f,-0.18788148349087117f,-0.12310858133715227f,0.09870627842593821f,0.9506912554717302f,-0.2940122571745718f,0.990845550908247f,0.165748071648112f,-0.3070345842939349f,-0.9371538511858033f,0.48668270140480185f,0f,0f,0f,1f],start_interpolation:0}
execute if entity @s[tag=aj.dream.bone.bone15] run data modify entity @s {} merge value {transformation:[-0.9812159025129147f,0.04739637588864779f,-0.18699982943411605f,-0.25943900799360786f,0.09870627842593821f,0.9561995371809837f,-0.2755712533886174f,0.7060928183765736f,0.165748071648112f,-0.2888529533300542f,-0.9429165117323155f,0.6033495179526704f,0f,0f,0f,1f],start_interpolation:0}
execute if entity @s[tag=aj.dream.bone.bone13] run data modify entity @s {} merge value {transformation:[-0.999966582054188f,-0.00747883544842015f,0.0033017866679040703f,0.12580486028658572f,0.00043439868656389245f,0.35469743556167205f,0.9349810375102559f,0.14810231927378076f,-0.008163704590809645f,0.934951226656401f,-0.35468233350569495f,-0.11541029700618517f,0f,0f,0f,1f],start_interpolation:0}
execute if entity @s[tag=aj.dream.bone.bone12] run data modify entity @s {} merge value {transformation:[-0.999966582054188f,-0.005123721103594882f,0.006370420466301367f,0.12579630255828766f,0.00043439868656389245f,0.7448303307465867f,0.6672537670914354f,0.547675239404948f,-0.008163704590809645f,0.6672342361434873f,-0.7448032143092369f,-0.0931004017886546f,0f,0f,0f,1f],start_interpolation:0}
execute if entity @s[tag=aj.dream.bone.bone10] run data modify entity @s {} merge value {transformation:[-0.9999812319764328f,0.0025281933129543553f,0.005580675001102737f,-0.125f,-0.0022753534322064732f,0.6924865666260591f,-0.7214271812242806f,0.5904907407407407f,-0.0056884498463242485f,-0.7214263394699593f,-0.6924678174885248f,-1.5308084989341915e-17f,0f,0f,0f,1f],start_interpolation:0}
execute if entity @s[tag=aj.dream.bone.bone11] run data modify entity @s {} merge value {transformation:[-0.9999812319764328f,-0.0011847268012490095f,0.006010999692397467f,-0.1257300193777366f,-0.0022753534322064732f,0.9827683217290639f,-0.18482761853304708f,0.4406698178207735f,-0.0056884498463242485f,-0.18483782683272765f,-0.9827525727822342f,0.1882588854307994f,0f,0f,0f,1f],start_interpolation:0}
execute if entity @s[tag=aj.dream.camera_origin.camera] at @s on origin run tp @s ^1.82812 ^-0.13563 ^1.75 ~130 ~15