execute if entity @s[tag=aj.dream.bone.torso] run data modify entity @s {} merge value {transformation:[-0.999366367438962f,0.020978582631412102f,0.028753481574071715f,0f,0.027834625738201377f,0.9641188415022653f,0.26400775191335557f,0.6744062500000001f,-0.022183264905503076f,0.2646408104036614f,-0.9640918754076426f,0f,0f,0f,0f,1f],start_interpolation:0}
execute if entity @s[tag=aj.dream.bone.bone9] run data modify entity @s {} merge value {transformation:[-0.9953991180291064f,-0.09556819919381919f,0.006878599401591329f,0.26295320600437305f,-0.09207011676190391f,0.934146625043698f,-0.34480889854949803f,1.2700218695043657f,0.026527145084355677f,-0.3438557869548209f,-0.9386477019368632f,0.17094632272866414f,0f,0f,0f,1f],start_interpolation:0}
execute if entity @s[tag=aj.dream.bone.bone8] run data modify entity @s {} merge value {transformation:[-0.9843934629609672f,0.16215530010789117f,0.06837520549610586f,0.41724315800607986f,0.04622729169175931f,0.6131587419699005f,-0.7886059818748107f,0.989609813773448f,-0.1698014946417138f,-0.7731377728405262f,-0.6110854577099926f,0.2750853630165012f,0f,0f,0f,1f],start_interpolation:0}
execute if entity @s[tag=aj.dream.bone.mask] run data modify entity @s {} merge value {transformation:[-0.9961018853339404f,-0.05382889803010457f,0.0698819273563211f,-0.3308012302295623f,-0.013076246681907393f,0.8735762283459833f,0.4865116494407099f,0.8783999266088351f,-0.08723557649768493f,0.48370137792409773f,-0.8708748079876037f,-0.06549250184177183f,0f,0f,0f,1f],start_interpolation:0}
execute if entity @s[tag=aj.dream.bone.head] run data modify entity @s {} merge value {transformation:[-0.9961018853339404f,-0.05382889803010457f,0.0698819273563211f,0.015733936973559078f,-0.013076246681907393f,0.8735762283459833f,0.4865116494407099f,1.3974953811266992f,-0.08723557649768493f,0.48370137792409773f,-0.8708748079876037f,0.19848060780274604f,0f,0f,0f,1f],start_interpolation:0}
execute if entity @s[tag=aj.dream.bone.bone14] run data modify entity @s {} merge value {transformation:[-0.976520393890648f,0.21515105840177778f,-0.010860128187467014f,-0.23672997771510795f,0.21342050208095617f,0.9730651043706672f,0.08715498808223698f,1.2839391823734663f,0.029319099699104043f,0.08279084928116806f,-0.9961355659086452f,0.15985469027591262f,0f,0f,0f,1f],start_interpolation:0}
execute if entity @s[tag=aj.dream.bone.bone15] run data modify entity @s {} merge value {transformation:[-0.976520393890648f,0.17769767166424838f,-0.12178447274081534f,-0.4260297327019945f,0.21342050208095617f,0.8749473987091596f,-0.43464783305980864f,1.0065339000177522f,0.029319099699104043f,-0.45043377646129035f,-0.8923283047262673f,0.1376474373379356f,0f,0f,0f,1f],start_interpolation:0}
execute if entity @s[tag=aj.dream.bone.bone13] run data modify entity @s {} merge value {transformation:[-0.9730604446948744f,0.06094797853963949f,-0.22234818389666441f,0.17243390574234085f,-0.012029842547926668f,0.949688257290023f,0.3129656480409809f,0.3198309211198221f,0.23023608287687086f,0.3072093063000707f,-0.9233708833746839f,0.18602819745422508f,0f,0f,0f,1f],start_interpolation:0}
execute if entity @s[tag=aj.dream.bone.bone12] run data modify entity @s {} merge value {transformation:[-0.9730604446948744f,-0.06308834587509646f,-0.22175038125098556f,0.0972812023436268f,-0.012029842547926668f,0.974414895883814f,-0.22443460866811088f,0.5682269239164862f,0.23023608287687086f,-0.21572081794412f,-0.9489235347735003f,-0.11861544184668753f,0f,0f,0f,1f],start_interpolation:0}
execute if entity @s[tag=aj.dream.bone.bone10] run data modify entity @s {} merge value {transformation:[-0.9848578738667337f,0.031014636888880256f,-0.17056688008329088f,-0.125f,0.06386051269200359f,0.979586171589033f,-0.1906115614286186f,0.6865f,0.16117320869614551f,-0.19861778553340206f,-0.9667337648331087f,-1.5308084989341915e-17f,0f,0f,0f,1f],start_interpolation:0}
execute if entity @s[tag=aj.dream.bone.bone11] run data modify entity @s {} merge value {transformation:[-0.9848578738667337f,0.08789915787909539f,-0.1494279302099935f,-0.13164415372624966f,0.06386051269200359f,0.985263631481781f,0.15867391530446281f,0.42321840191749f,0.16117320869614551f,0.14672871063114834f,-0.9759579305867183f,0.06371872103633776f,0f,0f,0f,1f],start_interpolation:0}
execute if entity @s[tag=aj.dream.camera_origin.camera] at @s on origin run tp @s ^0.73017 ^-0.03575 ^2.05781 ~153.58938 ~11.35421