execute if entity @s[tag=aj.dream.bone.torso] run data modify entity @s {} merge value {transformation:[-0.9954622538216444f,0.09088707745875181f,-0.028185818550093472f,0f,0.06443326848420837f,0.8617697845844492f,0.5031910097465117f,0.6114999999999999f,0.07002324705962916f,0.49909155225096613f,-0.8637154435014736f,0f,0f,0f,0f,1f],start_interpolation:0}
execute if entity @s[tag=aj.dream.bone.bone9] run data modify entity @s {} merge value {transformation:[-0.9969368144438563f,-0.0040239937660714355f,-0.07810758913643771f,0.305669986867131f,-0.0007175775271548931f,0.9991041230243916f,-0.04231354910846086f,1.1339977982442286f,0.0782078838035429f,-0.042127886605338116f,-0.9960465692331555f,0.29442640839194656f,0f,0f,0f,1f],start_interpolation:0}
execute if entity @s[tag=aj.dream.bone.bone8] run data modify entity @s {} merge value {transformation:[-0.9847753531487226f,0.1686092794659442f,-0.04228965250251997f,0.43154458672451035f,0.16638336563145448f,0.8438097574568514f,-0.5101976762606427f,0.8218674569900006f,-0.0503396411584201f,-0.509466391529986f,-0.8590168312841469f,0.2978153874806719f,0f,0f,0f,1f],start_interpolation:0}
execute if entity @s[tag=aj.dream.bone.mask] run data modify entity @s {} merge value {transformation:[-0.9942501468976946f,-0.01764604951144523f,-0.10561847532772049f,-0.2898017281113968f,-0.09762582426421579f,0.5546373899717602f,0.8263453055969073f,0.8704991862802857f,0.04399822531245026f,0.8319050321893439f,-0.5531710165829383f,-0.05119869052378728f,0f,0f,0f,1f],start_interpolation:0}
execute if entity @s[tag=aj.dream.bone.head] run data modify entity @s {} merge value {transformation:[-0.9942501468976946f,-0.01764604951144523f,-0.10561847532772049f,0.06816530809406386f,-0.09762582426421579f,0.5546373899717602f,0.8263453055969073f,1.2578273384383367f,0.04399822531245026f,0.8319050321893439f,-0.5531710165829383f,0.37431866418822457f,0f,0f,0f,1f],start_interpolation:0}
execute if entity @s[tag=aj.dream.bone.bone14] run data modify entity @s {} merge value {transformation:[-0.981711081921968f,0.1353335719960712f,-0.13389613856412438f,-0.19206114004369124f,0.14881408051112938f,0.9841587400079201f,-0.0963636026082994f,1.1662144324863328f,0.11873382446980343f,-0.11452684731890311f,-0.9862990825150181f,0.32943803192176113f,0f,0f,0f,1f],start_interpolation:0}
execute if entity @s[tag=aj.dream.bone.bone15] run data modify entity @s {} merge value {transformation:[-0.981711081921968f,0.09324214486389372f,-0.16597967963814017f,-0.3570667665327095f,0.14881408051112938f,0.9195996604575359f,-0.3635805741895624f,0.8772665862977489f,0.11873382446980343f,-0.3816311922623273f,-0.9166569216556477f,0.38006939976764376f,0f,0f,0f,1f],start_interpolation:0}
execute if entity @s[tag=aj.dream.bone.bone13] run data modify entity @s {} merge value {transformation:[-0.9930588509782375f,0.07492124771268331f,-0.09066931749471496f,0.13296961358459494f,-0.006221034462495365f,0.7363397916370865f,0.6765833355781595f,0.20059571573949847f,0.1174538940350601f,0.672451126769096f,-0.7307626597486863f,0.04975623806499621f,0f,0f,0f,1f],start_interpolation:0}
execute if entity @s[tag=aj.dream.bone.bone12] run data modify entity @s {} merge value {transformation:[-0.9930588509782375f,0.020802928063318366f,-0.11576422883505544f,0.11052947139561807f,-0.006221034462495365f,0.9735670569959105f,0.22831663159423574f,0.5619145789492794f,0.1174538940350601f,0.22745202508730036f,-0.9666799672382205f,-0.12083499590477755f,0f,0f,0f,1f],start_interpolation:0}
execute if entity @s[tag=aj.dream.bone.bone10] run data modify entity @s {} merge value {transformation:[-0.9961009252093137f,-0.009603304918498404f,-0.08769676922094369f,-0.125f,0.03269598753109995f,0.883081613120321f,-0.4680788790024368f,0.6407499999999999f,0.08193850863004078f,-0.4691211369182314f,-0.8793244223266125f,-1.5308084989341915e-17f,0f,0f,0f,1f],start_interpolation:0}
execute if entity @s[tag=aj.dream.bone.bone11] run data modify entity @s {} merge value {transformation:[-0.9961009252093137f,0.03194692313241231f,-0.08223345365191014f,-0.12113936596382116f,0.03269598753109995f,0.9994350764689564f,-0.007778195347090511f,0.42225867726654875f,0.08193850863004078f,-0.010436571556937724f,-0.996582740557763f,0.13411728969460118f,0f,0f,0f,1f],start_interpolation:0}
execute if entity @s[tag=aj.dream.camera_origin.camera] at @s on origin run tp @s ^1.18098 ^-0.15263 ^1.97068 ~141.95365 ~13.15254