execute if entity @s[tag=aj.dream.bone.torso] run data modify entity @s {} merge value {transformation:[-0.980439599206709f,0.1922160679192689f,-0.04232228185061483f,0f,0.10237674106376232f,0.6817008730444223f,0.7244328282039927f,0.544125f,0.168098766195803f,0.7059298144462574f,-0.6880449853602026f,0f,0f,0f,0f,1f],start_interpolation:0}
execute if entity @s[tag=aj.dream.bone.bone9] run data modify entity @s {} merge value {transformation:[-0.9800800340577466f,0.1482824020503206f,-0.13211909810301228f,0.3652449422512203f,0.10511987898828967f,0.9517314634347637f,0.2883696110026338f,0.9445938603868234f,0.1685020411830481f,0.2687369545680498f,-0.9483604332565949f,0.3991814424799601f,0f,0f,0f,1f],start_interpolation:0}
execute if entity @s[tag=aj.dream.bone.bone8] run data modify entity @s {} merge value {transformation:[-0.9788783522791785f,0.15926665390516498f,-0.1281846495999157f,0.4414166958677134f,0.12495120186172787f,0.9623267214084661f,0.24148390922904595f,0.6340377931899235f,0.1618158477792287f,0.22036654514032916f,-0.9619013552284895f,0.2941383890295636f,0f,0f,0f,1f],start_interpolation:0}
execute if entity @s[tag=aj.dream.bone.mask] run data modify entity @s {} merge value {transformation:[-0.9738049332950517f,0.08937316288494959f,-0.20908464708380728f,-0.2614863603369234f,-0.2014871402692339f,0.08702294547355943f,0.9756177218907166f,0.8851604896398493f,0.10538920341451502f,0.9921892182023779f,-0.06673583060551347f,0.013990118935931939f,0f,0f,0f,1f],start_interpolation:0}
execute if entity @s[tag=aj.dream.bone.head] run data modify entity @s {} merge value {transformation:[-0.9738049332950517f,0.08937316288494959f,-0.20908464708380728f,0.14416205093945167f,-0.2014871402692339f,0.08702294547355943f,0.9756177218907166f,1.0554006547833166f,0.10538920341451502f,0.9921892182023779f,-0.06673583060551347f,0.529447360834693f,0f,0f,0f,1f],start_interpolation:0}
execute if entity @s[tag=aj.dream.bone.bone14] run data modify entity @s {} merge value {transformation:[-0.9812361482686084f,0.045665277567892806f,-0.18732406080275138f,-0.12497485735213418f,0.09952034932661268f,0.9520783134095981f,-0.2892102785259265f,0.9957822309187045f,0.16514030822574652f,-0.30242613570884114f,-0.9387582814757605f,0.48323082557786157f,0f,0f,0f,1f],start_interpolation:0}
execute if entity @s[tag=aj.dream.bone.bone15] run data modify entity @s {} merge value {transformation:[-0.9812361482686084f,0.04788521602870778f,-0.1867689144822274f,-0.26189977512567675f,0.09952034932661268f,0.9554435977595285f,-0.2778906827697491f,0.7106978016440317f,0.16514030822574652f,-0.291263690813346f,-0.9422813491802186f,0.5983815315150928f,0f,0f,0f,1f],start_interpolation:0}
execute if entity @s[tag=aj.dream.bone.bone13] run data modify entity @s {} merge value {transformation:[-0.9999874164421261f,-0.004565435804697262f,0.002079363680357274f,0.1254736530469241f,0.000266568373796188f,0.3655489423186338f,0.9307920818910258f,0.14841461366518416f,-0.005009580691444379f,0.9307809235075895f,-0.3655431254115643f,-0.11144751248617825f,0f,0f,0f,1f],start_interpolation:0}
execute if entity @s[tag=aj.dream.bone.bone12] run data modify entity @s {} merge value {transformation:[-0.9999874164421261f,-0.0030949634413738893f,0.003948184228042022f,0.12549352302850525f,0.000266568373796188f,0.7531199811905395f,0.6578831377021784f,0.5482353922127723f,-0.005009580691444379f,0.6578759116526899f,-0.7531096792422987f,-0.09413870990528732f,0f,0f,0f,1f],start_interpolation:0}
execute if entity @s[tag=aj.dream.bone.bone10] run data modify entity @s {} merge value {transformation:[-0.9999929328881441f,0.0015242597555681638f,0.0034366853165944677f,-0.125f,-0.0013962544414025827f,0.6981682278182351f,-0.7159323823788669f,0.59175f,-0.003490651415223854f,-0.7159321212917763f,-0.6981611655308213f,-1.5308084989341915e-17f,0f,0f,0f,1f],start_interpolation:0}
execute if entity @s[tag=aj.dream.bone.bone11] run data modify entity @s {} merge value {transformation:[-0.9999929328881441f,-0.0007431956057131746f,0.003685353993769033f,-0.12544182089747213f,-0.0013962544414025827f,0.9835713918782774f,-0.1805141754881397f,0.4400470834894515f,-0.003490651415223854f,-0.18051804546615186f,-0.9835654785593981f,0.1872526265943634f,0f,0f,0f,1f],start_interpolation:0}
execute if entity @s[tag=aj.dream.camera_origin.camera] at @s on origin run tp @s ^1.82812 ^-0.13563 ^1.75 ~130 ~15