execute if entity @s[tag=aj.dream.bone.torso] run data modify entity @s {} merge value {transformation:[-0.9774080913486013f,0.2075799220652916f,-0.03979948393700322f,0f,0.10759621090688737f,0.6507386572163179f,0.751639711166716f,0.5345509259259259f,0.18192437540023307f,0.7303764618056027f,-0.6583720419911252f,0f,0f,0f,0f,1f],start_interpolation:0}
execute if entity @s[tag=aj.dream.bone.bone9] run data modify entity @s {} merge value {transformation:[-0.9755649739072533f,0.17320420653707716f,-0.13517871327691322f,0.37408947412795757f,0.11978059121401488f,0.9350571028086346f,0.3336477550584503f,0.9143635339594027f,0.18418901067588553f,0.30930327726195206f,-0.9329554603630628f,0.4110041947784434f,0f,0f,0f,1f],start_interpolation:0}
execute if entity @s[tag=aj.dream.bone.bone8] run data modify entity @s {} merge value {transformation:[-0.962201615797658f,0.2350313610651062f,-0.13758019433137947f,0.4419087813235276f,0.2257761268056213f,0.9709198794384964f,0.07962241063788372f,0.6071856154299525f,0.15229310923685443f,0.04555048876817275f,-0.9872851471849214f,0.2913232942995977f,0f,0f,0f,1f],start_interpolation:0}
execute if entity @s[tag=aj.dream.bone.mask] run data modify entity @s {} merge value {transformation:[-0.970619949811754f,0.10610958475938137f,-0.21595756307575711f,-0.25786117028841504f,-0.21537636774854393f,0.017044228555501473f,0.97638236080359f,0.8864834792073224f,0.1072843569346057f,0.994208353563346f,0.00631002868366104f,0.02847599873075035f,0f,0f,0f,1f],start_interpolation:0}
execute if entity @s[tag=aj.dream.bone.head] run data modify entity @s {} merge value {transformation:[-0.970619949811754f,0.10610958475938137f,-0.21595756307575711f,0.1556849415489687f,-0.21537636774854393f,0.017044228555501473f,0.97638236080359f,1.0226049188381643f,0.1072843569346057f,0.994208353563346f,0.00631002868366104f,0.547782346354202f,0f,0f,0f,1f],start_interpolation:0}
execute if entity @s[tag=aj.dream.bone.bone14] run data modify entity @s {} merge value {transformation:[-0.9811323417161619f,0.03556857437997608f,-0.19003737673188595f,-0.11461457154634308f,0.09536231432563737f,0.9440744231274748f,-0.31564143042855486f,0.9681616394128464f,0.1681825111152137f,-0.32780841983253267f,-0.929653851087532f,0.50196638247856f,0f,0f,0f,1f],start_interpolation:0}
execute if entity @s[tag=aj.dream.bone.bone15] run data modify entity @s {} merge value {transformation:[-0.9811323417161619f,0.04562108524142965f,-0.18787773848956893f,-0.24837129375460584f,0.09536231432563737f,0.9595195964801068f,-0.2650059866816441f,0.6850586714762152f,0.1681825111152137f,-0.27792240023439563f,-0.9457662408877436f,0.6254293275656282f,0f,0f,0f,1f],start_interpolation:0}
execute if entity @s[tag=aj.dream.bone.bone13] run data modify entity @s {} merge value {transformation:[-0.9997472861260077f,-0.021014932531478025f,0.007983513911797673f,0.12761948787899965f,0.001194334902210016f,0.3049798386122405f,0.9523580585075095f,0.147302412668796f,-0.022448551129723347f,0.9521269194024236f,-0.3048776671083453f,-0.13310537868478792f,0f,0f,0f,1f],start_interpolation:0}
execute if entity @s[tag=aj.dream.bone.bone12] run data modify entity @s {} merge value {transformation:[-0.9997472861260077f,-0.01505883265068873f,0.016691178594724562f,0.12708639732434057f,0.001194334902210016f,0.7058518491876944f,0.7083584830878032f,0.5449707363119013f,-0.022448551129723347f,0.7081994059285216f,-0.7056554853430003f,-0.08820693566787502f,0f,0f,0f,1f],start_interpolation:0}
execute if entity @s[tag=aj.dream.bone.bone10] run data modify entity @s {} merge value {transformation:[-0.9998580711210232f,0.007497354088269413f,0.015087322354284297f,-0.125f,-0.006256522138394711f,0.6662453939848416f,-0.745706330216336f,0.584787037037037f,-0.015642683429602275f,-0.7456948871191611f,-0.6661039271611171f,-1.5308084989341915e-17f,0f,0f,0f,1f],start_interpolation:0}
execute if entity @s[tag=aj.dream.bone.bone11] run data modify entity @s {} merge value {transformation:[-0.9998580711210232f,-0.002928395510316364f,0.01659102510040099f,-0.12712914987814442f,-0.006256522138394711f,0.978894658600364f,-0.20426968275886875f,0.4435602805172114f,-0.015642683429602275f,-0.2043444931076252f,-0.9787740467501725f,0.19257795713542722f,0f,0f,0f,1f],start_interpolation:0}
execute if entity @s[tag=aj.dream.camera_origin.camera] at @s on origin run tp @s ^1.82812 ^-0.13563 ^1.75 ~130 ~15