execute if entity @s[tag=aj.dream.bone.torso] run data modify entity @s {} merge value {transformation:[-0.9781702378765956f,0.203815370534115f,-0.04052505973451227f,0f,0.10632387897065998f,0.6584286692417014f,0.7450952424228963f,0.5368935185185185f,0.17854472406956423f,0.724521208975033f,-0.6657257688059548f,0f,0f,0f,0f,1f],start_interpolation:0}
execute if entity @s[tag=aj.dream.bone.bone9] run data modify entity @s {} merge value {transformation:[-0.9767240586540571f,0.16705134175178735f,-0.13455096605106084f,0.37192716605297077f,0.11621550006799193f,0.9393612301291623f,0.3226366948661818f,0.9218304670519168f,0.18028885376054934f,0.29949011427617217f,-0.9369106684527359f,0.40818957459200456f,0f,0f,0f,1f],start_interpolation:0}
execute if entity @s[tag=aj.dream.bone.bone8] run data modify entity @s {} merge value {transformation:[-0.9710839517370426f,0.20038018471471836f,-0.1297834359710993f,0.44181412908729434f,0.17509723982568726f,0.967324210881406f,0.18337073825474726f,0.6137531451280547f,0.16228652218898162f,0.15534365972372552f,-0.9744390345729406f,0.2920628071606321f,0f,0f,0f,1f],start_interpolation:0}
execute if entity @s[tag=aj.dream.bone.mask] run data modify entity @s {} merge value {transformation:[-0.9713925624080261f,0.10202827683730888f,-0.21444514548942048f,-0.25874947252859315f,-0.21202209132683747f,0.03415699552475676f,0.9766677697385717f,0.8862121245130593f,0.10697253146375202f,0.9941949156892381f,-0.011547602777433164f,0.02481225983517754f,0f,0f,0f,1f],start_interpolation:0}
execute if entity @s[tag=aj.dream.bone.head] run data modify entity @s {} merge value {transformation:[-0.9713925624080261f,0.10202827683730888f,-0.21444514548942048f,0.15286152790058624f,-0.21202209132683747f,0.03415699552475676f,0.9766677697385717f,1.0307150204497946f,0.10697253146375202f,0.9941949156892381f,-0.011547602777433164f,0.5433909067312748f,0f,0f,0f,1f],start_interpolation:0}
execute if entity @s[tag=aj.dream.bone.bone14] run data modify entity @s {} merge value {transformation:[-0.9811558259551973f,0.037952452524470014f,-0.1894541014112714f,-0.11715795288532704f,0.09630138674578803f,0.946107969990706f,-0.3092017982336195f,0.9749924065372468f,0.16750906872468904f,-0.32161983842332176f,-0.9319342205475363f,0.4974619366267867f,0f,0f,0f,1f],start_interpolation:0}
execute if entity @s[tag=aj.dream.bone.bone15] run data modify entity @s {} merge value {transformation:[-0.9811558259551973f,0.04607589418804941f,-0.18764396384895018f,-0.25166257254362356f,0.09630138674578803f,0.9585457440122301f,-0.26817177246473684f,0.6913713392583747f,0.16750906872468904f,-0.28118867084363847f,-0.9449199136880202f,0.6189067697246609f,0f,0f,0f,1f],start_interpolation:0}
execute if entity @s[tag=aj.dream.bone.bone13] run data modify entity @s {} merge value {transformation:[-0.9998342258306849f,-0.01691697890416786f,0.006733251986283921f,0.12702400607511716f,0.0009673965262257181f,0.319923313592629f,0.9474429468648091f,0.14743663540657553f,-0.01818199663172071f,0.9472923990219009f,-0.3198539131444475f,-0.1278656011497203f,0f,0f,0f,1f],start_interpolation:0}
execute if entity @s[tag=aj.dream.bone.bone12] run data modify entity @s {} merge value {transformation:[-0.9998342258306849f,-0.01196617619449101f,0.013723391885290365f,0.1267154239856613f,0.0009673965262257181f,0.7177362791418608f,0.6963143670408919f,0.54580781439863f,-0.01818199663172071f,0.6962122120667514f,-0.717605720969116f,-0.08970071512113949f,0f,0f,0f,1f],start_interpolation:0}
execute if entity @s[tag=aj.dream.bone.bone10] run data modify entity @s {} merge value {transformation:[-0.9999068983455152f,0.005941272704350249f,0.012283970030252476f,-0.125f,-0.005067490565771051f,0.6741692903232914f,-0.7385594685090398f,0.5864907407407407f,-0.01266945856844008f,-0.7385529563028246f,-0.6740764167035815f,-1.5308084989341915e-17f,0f,0f,0f,1f],start_interpolation:0}
execute if entity @s[tag=aj.dream.bone.bone11] run data modify entity @s {} merge value {transformation:[-0.9999068983455152f,-0.0024515874663674306f,0.013423276796160783f,-0.12669546015165434f,-0.005067490565771051f,0.980092058016403f,-0.19847891160659226f,0.4426854581033734f,-0.01266945856844008f,-0.19852845522006757f,-0.9800132332206112f,0.19132895075882272f,0f,0f,0f,1f],start_interpolation:0}
execute if entity @s[tag=aj.dream.camera_origin.camera] at @s on origin run tp @s ^1.82812 ^-0.13563 ^1.75 ~130 ~15