execute if entity @s[tag=aj.dream.bone.torso] run data modify entity @s {} merge value {transformation:[-0.9882381596917901f,0.14677232607739193f,-0.04293278498788246f,0f,0.08634781238631745f,0.7672766890882909f,0.635476622447913f,0.573f,0.12621170716332672f,0.6242950958317243f,-0.7709255724746565f,0f,0f,0f,0f,1f],start_interpolation:0}
execute if entity @s[tag=aj.dream.bone.bone9] run data modify entity @s {} merge value {transformation:[-0.9902986119103734f,0.077407321815734f,-0.11539829191848033f,0.33879224372131744f,0.05988159210324289f,0.9871317136391672f,0.14827398576615541f,1.0309609775836024f,0.1253908057856247f,0.1399252888405686f,-0.9821904394603499f,0.358631508103996f,0f,0f,0f,1f],start_interpolation:0}
execute if entity @s[tag=aj.dream.bone.bone8] run data modify entity @s {} merge value {transformation:[-0.9731865495939899f,0.20432525173397226f,-0.1056367890140236f,0.43838978214269725f,0.22657376667207446f,0.9307131002346175f,-0.28711923186664984f,0.7149971180584573f,0.03965183407325404f,-0.3033550997684325f,-0.9520522125908387f,0.29923100461811525f,0f,0f,0f,1f],start_interpolation:0}
execute if entity @s[tag=aj.dream.bone.mask] run data modify entity @s {} merge value {transformation:[-0.9834617501086744f,0.03948624429088705f,-0.17675922206488517f,-0.2726443356120414f,-0.15746032851879604f,0.29583446899777865f,0.9421720712776169f,0.8788386889692807f,0.08949430717054473f,0.9544227592972638f,-0.28472436762500924f,-0.021734660309541243f,0f,0f,0f,1f],start_interpolation:0}
execute if entity @s[tag=aj.dream.bone.head] run data modify entity @s {} merge value {transformation:[-0.9834617501086744f,0.03948624429088705f,-0.17675922206488517f,0.11007924455804395f,-0.15746032851879604f,0.29583446899777865f,0.9421720712776169f,1.148457516816218f,0.08949430717054473f,0.9544227592972638f,-0.28472436762500924f,0.4682213218737932f,0f,0f,0f,1f],start_interpolation:0}
execute if entity @s[tag=aj.dream.bone.bone14] run data modify entity @s {} merge value {transformation:[-0.9816167696657347f,0.08108624460018737f,-0.17278176537947088f,-0.15532683612457757f,0.11680402723196577f,0.9711669531314875f,-0.2078258125635446f,1.074134883776761f,0.15094812596849996f,-0.22418690881035397f,-0.9627849672614628f,0.42173736168565934f,0f,0f,0f,1f],start_interpolation:0}
execute if entity @s[tag=aj.dream.bone.bone15] run data modify entity @s {} merge value {transformation:[-0.9816167696657347f,0.06113180186226667f,-0.1808076887526648f,-0.30336838377035297f,0.11680402723196577f,0.9416182816623675f,-0.3157718018785163f,0.7852457143271669f,0.15094812596849996f,-0.3310859623123326f,-0.9314487365530723f,0.5106642864349574f,0f,0f,0f,1f],start_interpolation:0}
execute if entity @s[tag=aj.dream.bone.bone13] run data modify entity @s {} merge value {transformation:[-0.998864548854496f,0.038734156212265f,-0.027735864584105423f,0.12378833189877343f,-0.0025295613135264787f,0.5382486344234286f,0.8427823021758793f,0.16108687442507896f,0.047573252582360726f,0.8418955236155126f,-0.5375394989718401f,-0.04318876110278218f,0f,0f,0f,1f],start_interpolation:0}
execute if entity @s[tag=aj.dream.bone.bone12] run data modify entity @s {} merge value {transformation:[-0.998864548854496f,0.02098516488750302f,-0.04276956740894502f,0.11965380407388188f,-0.0025295613135264787f,0.8731287708360407f,0.48748307750926684f,0.5558103846886584f,0.047573252582360726f,0.4870377525336091f,-0.8720842925117651f,-0.10901053656397063f,0f,0f,0f,1f],start_interpolation:0}
execute if entity @s[tag=aj.dream.bone.bone10] run data modify entity @s {} merge value {transformation:[-0.9993622920865296f,-0.01005402467386815f,-0.03426259977606979f,-0.125f,0.013256820945569733f,0.7864909792176533f,-0.6174594693643249f,0.61275f,0.03315517838852614f,-0.6175199237248252f,-0.7858561432914494f,-1.5308084989341915e-17f,0f,0f,0f,1f],start_interpolation:0}
execute if entity @s[tag=aj.dream.bone.bone11] run data modify entity @s {} merge value {transformation:[-0.9993622920865296f,0.009606108167997599f,-0.03439086857615866f,-0.12185054601485598f,0.013256820945569733f,0.9941110016174691f,-0.10755265297299416f,0.4306844859816875f,0.03315517838852614f,-0.10793997938195526f,-0.9936043956208367f,0.1677281119694701f,0f,0f,0f,1f],start_interpolation:0}
execute if entity @s[tag=aj.dream.camera_origin.camera] at @s on origin run tp @s ^1.5532 ^-0.14838 ^1.84661 ~134.83233 ~14.25315