execute if entity @s[tag=aj.dream.bone.torso] run data modify entity @s {} merge value {transformation:[-0.9772741976305033f,0.20823482393419376f,-0.0396661158515841f,0f,0.10781716331869573f,0.6493938116046427f,0.752770308091056f,0.5341435185185185f,0.18251192273264139f,0.7313863107487649f,-0.6570871042028943f,0f,0f,0f,0f,1f],start_interpolation:0}
execute if entity @s[tag=aj.dream.bone.bone9] run data modify entity @s {} merge value {transformation:[-0.9753597599430955f,0.1742777055436993f,-0.13527978427751286f,0.3744653143664969f,0.12039902637048869f,0.9342937985728682f,0.3355580015397029f,0.9130603599417463f,0.1848713421079242f,0.31100221751412715f,-0.9322554411578997f,0.4114884635348177f,0f,0f,0f,1f],start_interpolation:0}
execute if entity @s[tag=aj.dream.bone.bone8] run data modify entity @s {} merge value {transformation:[-0.9640720333797249f,0.2285050197746732f,-0.13546427718353815f,0.4419235013769778f,0.21430349343131944f,0.9703616936251528f,0.11167898749566885f,0.6060436695914139f,0.1569685546796385f,0.07863612072515755f,-0.9844679950912999f,0.29119135279816244f,0f,0f,0f,1f],start_interpolation:0}
execute if entity @s[tag=aj.dream.bone.mask] run data modify entity @s {} merge value {transformation:[-0.9704861238056696f,0.10681807373969326f,-0.21620958032239898f,-0.25770652087744583f,-0.21595659382689358f,0.014069526888188189f,0.9763015917204214f,0.8865269085504148f,0.10732862192040188f,0.9941790319332247f,0.009413786750476605f,0.029120989565356914f,0f,0f,0f,1f],start_interpolation:0}
execute if entity @s[tag=aj.dream.bone.head] run data modify entity @s {} merge value {transformation:[-0.9704861238056696f,0.10681807373969326f,-0.21620958032239898f,0.15617611795064532f,-0.21595659382689358f,0.014069526888188189f,0.9763015917204214f,1.0211888772220006f,0.10732862192040188f,0.9941790319332247f,0.009413786750476605f,0.5485397330615737f,0f,0f,0f,1f],start_interpolation:0}
execute if entity @s[tag=aj.dream.bone.bone14] run data modify entity @s {} merge value {transformation:[-0.9811283917587871f,0.035159876724825255f,-0.19013380013430314f,-0.11417178444875473f,0.09520427965443784f,0.9437158241166387f,-0.3167595120076636f,0.9669689416010941f,0.1682950504925669f,-0.32888330207012445f,-0.9292537595292018f,0.5027444249011385f,0f,0f,0f,1f],start_interpolation:0}
execute if entity @s[tag=aj.dream.bone.bone15] run data modify entity @s {} merge value {transformation:[-0.9811283917587871f,0.04554856651092169f,-0.18791595720857818f,-0.247800294895111f,0.09520427965443784f,0.9596874067337529f,-0.2644545830423898f,0.6839582815214493f,0.1682950504925669f,-0.2773543030952374f,-0.9459129804238122f,0.6265573381096232f,0f,0f,0f,1f],start_interpolation:0}
execute if entity @s[tag=aj.dream.bone.bone13] run data modify entity @s {} merge value {transformation:[-0.9997303023716267f,-0.02173201089614065f,0.00818793150592493f,0.1277276437880519f,0.0012337961270423884f,0.30237335266446147f,0.9531887710970846f,0.1472880970072154f,-0.02319052106039425f,0.9529418005843082f,-0.30226499041748806f,-0.1340124501410917f,0f,0f,0f,1f],start_interpolation:0}
execute if entity @s[tag=aj.dream.bone.bone12] run data modify entity @s {} merge value {transformation:[-0.9997303023716267f,-0.015607252804558953f,0.01719698170698221f,0.12714962271337277f,0.0012337961270423884f,0.7037644038581292f,0.7104323624451021f,0.5448225638241563f,-0.02319052106039425f,0.710261978091258f,-0.7035553440994111f,-0.08794441801242638f,0f,0f,0f,1f],start_interpolation:0}
execute if entity @s[tag=aj.dream.bone.bone10] run data modify entity @s {} merge value {transformation:[-0.9998485326459028f,0.007774156335117598f,0.015571584990363931f,-0.125f,-0.006463293326751339f,0.664860009585517f,-0.7469400200105215f,0.5844907407407407f,-0.016159752634472717f,-0.7469275267033765f,-0.6647090583462583f,-1.5308084989341915e-17f,0f,0f,0f,1f],start_interpolation:0}
execute if entity @s[tag=aj.dream.bone.bone11] run data modify entity @s {} merge value {transformation:[-0.9998485326459028f,-0.0030074842033147135f,0.01714254370278194f,-0.12720591300568043f,-0.006463293326751339f,0.9786829285627923f,-0.20527530581910858f,0.44371336392396143f,-0.016159752634472717f,-0.20535501059999245f,-0.9785541283016845f,0.19279158737649735f,0f,0f,0f,1f],start_interpolation:0}
execute if entity @s[tag=aj.dream.camera_origin.camera] at @s on origin run tp @s ^1.82812 ^-0.13563 ^1.75 ~130 ~15