execute if entity @s[tag=aj.dream.bone.torso] run data modify entity @s {} merge value {transformation:[-0.9808721893345953f,0.18993461515539137f,-0.04259800647602121f,0f,0.10159504059057384f,0.6862054179143201f,0.7202781213895317f,0.5455509259259259f,0.166036730627164f,0.7021730316601504f,-0.6923762255391471f,0f,0f,0f,0f,1f],start_interpolation:0}
execute if entity @s[tag=aj.dream.bone.bone9] run data modify entity @s {} merge value {transformation:[-0.980702689055559f,0.14462394847638702f,-0.13155283807768858f,0.36392718180576844f,0.10291734612790739f,0.9540064756099653f,0.2815664475043876f,0.9490305519747325f,0.166223510807538f,0.26259390324482373f,-0.9504810289708386f,0.397348962130803f,0f,0f,0f,1f],start_interpolation:0}
execute if entity @s[tag=aj.dream.bone.bone8] run data modify entity @s {} merge value {transformation:[-0.9800496627726546f,0.15132055250591053f,-0.12885941521096425f,0.44132003403884235f,0.1150861559005046f,0.9606491309610532f,0.2528011548704196f,0.6380388600806299f,0.16204269566768648f,0.23292775183107542f,-0.9588987575378696f,0.29451042851585335f,0f,0f,0f,1f],start_interpolation:0}
execute if entity @s[tag=aj.dream.bone.mask] run data modify entity @s {} merge value {transformation:[-0.9742842541059353f,0.08687261132811207f,-0.20790224049364137f,-0.26202606027210584f,-0.19938017583612933f,0.09744461617374583f,0.975065173340893f,0.8849186468250312f,0.10496541184978632f,0.9914422303794538f,-0.0776180786635346f,0.01194389603769308f,0f,0f,0f,1f],start_interpolation:0}
execute if entity @s[tag=aj.dream.bone.head] run data modify entity @s {} merge value {transformation:[-0.9742842541059353f,0.08687261132811207f,-0.20790224049364137f,0.14245096136654353f,-0.19938017583612933f,0.09744461617374583f,0.975065173340893f,1.060204989361666f,0.10496541184978632f,0.9914422303794538f,-0.0776180786635346f,0.5266297737451129f,0f,0f,0f,1f],start_interpolation:0}
execute if entity @s[tag=aj.dream.bone.bone14] run data modify entity @s {} merge value {transformation:[-0.9812532590499561f,0.04724711551811559f,-0.1868415148703775f,-0.1265089128615292f,0.10021087872318296f,0.9532004052091112f,-0.2852486061222975f,0.9998280722700195f,0.16462023383948637f,-0.298624676784093f,-0.9400656791023853f,0.480367327444385f,0f,0f,0f,1f],start_interpolation:0}
execute if entity @s[tag=aj.dream.bone.bone15] run data modify entity @s {} merge value {transformation:[-0.9812532590499561f,0.048314013743392066f,-0.18656847986689223f,-0.2639302938421848f,0.10021087872318296f,0.9548148403810087f,-0.2797970699877256f,0.71447930548257f,0.16462023383948637f,-0.2932479781075942f,-0.9417567636849977f,0.5942650681693499f,0f,0f,0f,1f],start_interpolation:0}
execute if entity @s[tag=aj.dream.bone.bone13] run data modify entity @s {} merge value {transformation:[-0.9999970828192792f,-0.002188486897509088f,0.0010221927562682792f,0.125220002685885f,0.0001283489738693361f,0.37444913456957135f,0.9272474476355488f,0.14870903435688282f,-0.0024120280828470843f,0.9272448738845627f,-0.37444776134372754f,-0.10816998025046058f,0f,0f,0f,1f],start_interpolation:0}
execute if entity @s[tag=aj.dream.bone.bone12] run data modify entity @s {} merge value {transformation:[-0.9999970828192792f,-0.0014705040702051246f,0.0019162386884327475f,0.1252395298360541f,0.0001283489738693361f,0.7598587956644098f,0.65008814339132f,0.548686943849841f,-0.0024120280828470843f,0.6500864929139908f,-0.7598563902812923f,-0.09498204878516152f,0f,0f,0f,1f],start_interpolation:0}
execute if entity @s[tag=aj.dream.bone.bone10] run data modify entity @s {} merge value {transformation:[-0.9999983616687267f,0.0007231081293483013f,0.0016594500582498483f,-0.125f,-0.0006722739710083385f,0.7028161775900826f,-0.7113711890183445f,0.5927870370370371f,-0.0016806866366041303f,-0.711371139161759f,-0.7028145400175858f,-1.5308084989341915e-17f,0f,0f,0f,1f],start_interpolation:0}
execute if entity @s[tag=aj.dream.bone.bone11] run data modify entity @s {} merge value {transformation:[-0.9999983616687267f,-0.0003642553740747388f,0.0017731265845992768f,-0.12521027180620406f,-0.0006722739710083385f,0.9842184714362104f,-0.1769563464006793f,0.43953872251104953f,-0.0016806866366041303f,-0.17695724851441325f,-0.9842171038397156f,0.18640971365068812f,0f,0f,0f,1f],start_interpolation:0}
execute if entity @s[tag=aj.dream.camera_origin.camera] at @s on origin run tp @s ^1.82812 ^-0.13563 ^1.75 ~130 ~15