execute if entity @s[tag=aj.dream.bone.torso] run data modify entity @s {} merge value {transformation:[-0.9986567389658794f,0.007456368281977399f,0.05127494797734169f,0f,0.01716814429725474f,0.981308435913856f,0.19167422472959247f,0.6926249999999999f,-0.048887345391463166f,0.19229705191797716f,-0.9801182945360374f,0f,0f,0f,0f,1f],start_interpolation:0}
execute if entity @s[tag=aj.dream.bone.bone9] run data modify entity @s {} merge value {transformation:[-0.9932036136076972f,-0.11132333847798298f,0.0339661040852285f,0.25432441491770574f,-0.11513671106538445f,0.8970343851112437f,-0.4266999527690847f,1.3016507363718461f,0.01703289997793471f,-0.4277106805285663f,-0.9037551958800194f,0.13240749379660152f,0f,0f,0f,1f],start_interpolation:0}
execute if entity @s[tag=aj.dream.bone.bone8] run data modify entity @s {} merge value {transformation:[-0.9802580423677583f,0.17237729316735456f,0.09685163485262417f,0.41326340989303756f,0.00933344063630237f,0.5296315677093156f,-0.8481764494323462f,1.0357195799077554f,-0.19750204368365093f,-0.8305278269185616f,-0.5207844769717247f,0.26393796896453664f,0f,0f,0f,1f],start_interpolation:0}
execute if entity @s[tag=aj.dream.bone.mask] run data modify entity @s {} merge value {transformation:[-0.9906061409587921f,-0.04471056591254366f,0.1292301775535028f,-0.3467929978950786f,0.0051768570603885206f,0.9320988815619969f,0.36216691613377766f,0.8892654532606434f,-0.13664799173682018f,0.3594337773313111f,-0.9231114158473177f,-0.06593086009384422f,0f,0f,0f,1f],start_interpolation:0}
execute if entity @s[tag=aj.dream.bone.head] run data modify entity @s {} merge value {transformation:[-0.9906061409587921f,-0.04471056591254366f,0.1292301775535028f,0.005592276211483049f,0.0051768570603885206f,0.9320988815619969f,0.36216691613377766f,1.428606326935392f,-0.13664799173682018f,0.3594337773313111f,-0.9231114158473177f,0.14422278893848287f,0f,0f,0f,1f],start_interpolation:0}
execute if entity @s[tag=aj.dream.bone.bone14] run data modify entity @s {} merge value {transformation:[-0.972505656083746f,0.22963190465894895f,0.03875483515416092f,-0.24500395456523397f,0.23281788192022676f,0.9625124130823568f,0.13916065722954163f,1.3102348085204736f,-0.005346283129629599f,0.14435734489482f,-0.9895111794374107f,0.10796382110086994f,0f,0f,0f,1f],start_interpolation:0}
execute if entity @s[tag=aj.dream.bone.bone15] run data modify entity @s {} merge value {transformation:[-0.972505656083746f,0.20848324200671675f,-0.10376650079621841f,-0.43832713178162375f,0.23281788192022676f,0.8601689013965345f,-0.4537678866209667f,1.0385519146722655f,-0.005346283129629599f,-0.46545053321770713f,-0.8850577486153375f,0.06218386543003499f,0f,0f,0f,1f],start_interpolation:0}
execute if entity @s[tag=aj.dream.bone.bone13] run data modify entity @s {} merge value {transformation:[-0.9648627880457405f,0.0379591994888812f,-0.2599978834890077f,0.1877896290969952f,-0.013632779231632058f,0.9809447748149455f,0.19380788449822567f,0.36584158875761763f,0.2624003574216733f,0.1905425095285021f,-0.945959620960408f,0.21796262752195858f,0f,0f,0f,1f],start_interpolation:0}
execute if entity @s[tag=aj.dream.bone.bone12] run data modify entity @s {} merge value {transformation:[-0.9648627880457405f,-0.10449374139402458f,-0.24108267929090016f,0.09486466508863747f,-0.013632779231632058f,0.9361942926388898f,-0.3512184416581659f,0.5705976947927291f,0.2624003574216733f,-0.335590977888035f,-0.904723575455581f,-0.11309044693194761f,0f,0f,0f,1f],start_interpolation:0}
execute if entity @s[tag=aj.dream.bone.bone10] run data modify entity @s {} merge value {transformation:[-0.980245157601403f,0.05156009214433008f,-0.19094760510954023f,-0.125f,0.07267277073813047f,0.9917849502165349f,-0.10526766320778896f,0.69975f,0.18395135061272f,-0.1170648086405712f,-0.9759394095873486f,-1.5308084989341915e-17f,0f,0f,0f,1f],start_interpolation:0}
execute if entity @s[tag=aj.dream.bone.bone11] run data modify entity @s {} merge value {transformation:[-0.980245157601403f,0.10815824908425122f,-0.16559355106413354f,-0.1375359692525318f,0.07267277073813047f,0.9756287302905078f,0.20704407507816955f,0.42784268841435386f,0.18395135061272f,0.19091980983324036f,-0.9642154981232128f,0.040619079644496f,0f,0f,0f,1f],start_interpolation:0}
execute if entity @s[tag=aj.dream.camera_origin.camera] at @s on origin run tp @s ^0.5977 ^0.03012 ^2.06711 ~156.95929 ~10.83338