execute if entity @s[tag=aj.dream.bone.torso] run data modify entity @s {} merge value {transformation:[-0.9956661350998455f,-0.007041747511463799f,0.09273274075169526f,0f,-0.00044418218056263515f,0.9974779768859223f,0.07097526561949528f,0.7227783203125f,-0.09299865653613927f,0.07062647817605118f,-0.9931581699119838f,0f,0f,0f,0f,1f],start_interpolation:0}
execute if entity @s[tag=aj.dream.bone.bone9] run data modify entity @s {} merge value {transformation:[-0.9888653104322328f,-0.12658588756921677f,0.07823944588299134f,0.2445154415802965f,-0.1486936865882855f,0.8194124065399143f,-0.5535824198592751f,1.346313101411342f,0.00596534932326985f,-0.5590521631089355f,-0.8291110260578323f,0.06739121299406681f,0f,0f,0f,1f],start_interpolation:0}
execute if entity @s[tag=aj.dream.bone.bone8] run data modify entity @s {} merge value {transformation:[-0.9691476766422671f,0.2070318749490361f,0.13375568628653628f,0.4076816952497059f,-0.04984451677255647f,0.36683143498068665f,-0.9289511410497974f,1.1088334351911546f,-0.24138828680490265f,-0.9069578276111281f,-0.3451944291675302f,0.2413493453002004f,0f,0f,0f,1f],start_interpolation:0}
execute if entity @s[tag=aj.dream.bone.mask] run data modify entity @s {} merge value {transformation:[-0.973523456886641f,-0.006412944375064339f,0.22849716198659198f,-0.377456130223236f,0.026744482706842293f,0.9895456483739227f,0.1417185324118783f,0.9176535005748693f,-0.2270172053748965f,0.14407735397582616f,-0.9631743894721748f,-0.06805630548844184f,0f,0f,0f,1f],start_interpolation:0}
execute if entity @s[tag=aj.dream.bone.head] run data modify entity @s {} merge value {transformation:[-0.973523456886641f,-0.006412944375064339f,0.22849716198659198f,-0.0052813106335978495f,0.026744482706842293f,0.9895456483739227f,0.1417185324118783f,1.4708868029769417f,-0.2270172053748965f,0.14407735397582616f,-0.9631743894721748f,0.05296985863203839f,0f,0f,0f,1f],start_interpolation:0}
execute if entity @s[tag=aj.dream.bone.bone14] run data modify entity @s {} merge value {transformation:[-0.9620045676661402f,0.2388107491895696f,0.13235043581718636f,-0.25331762596962626f,0.2636449659155747f,0.9385140165920535f,0.22289632703933537f,1.3460910103210608f,-0.07098270026462934f,0.24932081086777996f,-0.965816022610608f,0.020891884725997168f,0f,0f,0f,1f],start_interpolation:0}
execute if entity @s[tag=aj.dream.bone.bone15] run data modify entity @s {} merge value {transformation:[-0.9620045676661402f,0.2643358865927507f,-0.06836483634667112f,-0.44819655604963426f,0.2636449659155747f,0.8342387404535189f,-0.48429025994118646f,1.085761000875491f,-0.07098270026462934f,-0.48391348708808557f,-0.8722323046513417f,-0.06589370620326275f,0f,0f,0f,1f],start_interpolation:0}
execute if entity @s[tag=aj.dream.bone.bone13] run data modify entity @s {} merge value {transformation:[-0.9489594562752113f,-0.01825942818660517f,-0.3148690896676799f,0.21476537573606697f,-0.016182483424916655f,0.9998266424531982f,-0.009209357793417083f,0.45137023737207743f,0.314982662342005f,-0.003643943339719069f,-0.9490904298858351f,0.2605092650329513f,0f,0f,0f,1f],start_interpolation:0}
execute if entity @s[tag=aj.dream.bone.bone12] run data modify entity @s {} merge value {transformation:[-0.9489594562752113f,-0.18510157920370268f,-0.2553690578792791f,0.09307886776509011f,-0.016182483424916655f,0.8371806619441187f,-0.5466869913369165f,0.5763174463953854f,0.314982662342005f,-0.5146512845054433f,-0.7974459090000021f,-0.09968073862500025f,0f,0f,0f,1f],start_interpolation:0}
execute if entity @s[tag=aj.dream.bone.bone10] run data modify entity @s {} merge value {transformation:[-0.9712898268131234f,0.09323750879666938f,-0.21886717269322004f,-0.125f,0.08697900234488427f,0.9954820798161967f,0.03807994112269473f,0.7216796875f,0.22142882712154127f,0.017949811091214313f,-0.9750113223964982f,-1.5308084989341915e-17f,0f,0f,0f,1f],start_interpolation:0}
execute if entity @s[tag=aj.dream.bone.bone11] run data modify entity @s {} merge value {transformation:[-0.9712898268131234f,0.1451704547189249f,-0.18847177880529853f,-0.15002405702054775f,0.08697900234488427f,0.9540829769075125f,0.28663622647248804f,0.44052845150376f,0.22142882712154127f,0.26201376347817956f,-0.9393178707272523f,0.0006712857005422172f,0f,0f,0f,1f],start_interpolation:0}
execute if entity @s[tag=aj.dream.camera_origin.camera] at @s on origin run tp @s ^0.40625 ^0.13 ^2.07813 ~161.79161 ~10.08653