execute if entity @s[tag=aj.dream.bone.torso] run data modify entity @s {} merge value {transformation:[-0.9951690119441927f,-0.008060078025976289f,0.0978451470857624f,0f,-0.0024955313715747953f,0.9983790064410878f,0.05686063507278008f,0.7263031005859375f,-0.09814484188785873f,0.056341766389788994f,-0.9935759635633733f,0f,0f,0f,0f,1f],start_interpolation:0}
execute if entity @s[tag=aj.dream.bone.bone9] run data modify entity @s {} merge value {transformation:[-0.9883371247908257f,-0.12750753940263765f,0.08325596168256387f,0.243754704219813f,-0.152199259730121f,0.8091080991306713f,-0.5676085528414413f,1.3509138624545112f,0.005011297018428965f,-0.5736601008581971f,-0.8190781254468686f,0.05974981446558281f,0f,0f,0f,1f],start_interpolation:0}
execute if entity @s[tag=aj.dream.bone.bone8] run data modify entity @s {} merge value {transformation:[-0.9669455717441311f,0.2159363911835055f,0.13560138733456722f,0.4071429508819905f,-0.055715535033585895f,0.34002540262872244f,-0.9387643499425704f,1.1170924889424416f,-0.24882130222377766f,-0.9152891349348683f,-0.31675504578434777f,0.23839218385646577f,0f,0f,0f,1f],start_interpolation:0}
execute if entity @s[tag=aj.dream.bone.mask] run data modify entity @s {} merge value {transformation:[-0.9708102003127744f,0.000016594072836792137f,0.23984902479123751f,-0.38135114083983257f,0.028484466231728636f,0.9929309654182159f,0.11522470697356171f,0.9218442040665195f,-0.238151611693401f,0.11869329230536321f,-0.9639479821077221f,-0.06863044485315095f,0f,0f,0f,1f],start_interpolation:0}
execute if entity @s[tag=aj.dream.bone.head] run data modify entity @s {} merge value {transformation:[-0.9708102003127744f,0.000016594072836792137f,0.23984902479123751f,-0.006045058519482217f,0.028484466231728636f,0.9929309654182159f,0.11522470697356171f,1.4750873554167534f,-0.238151611693401f,0.11869329230536321f,-0.9639479821077221f,0.042256324792341746f,0f,0f,0f,1f],start_interpolation:0}
execute if entity @s[tag=aj.dream.bone.bone14] run data modify entity @s {} merge value {transformation:[-0.9604081405562791f,0.23845950973903188f,0.14405993810997964f,-0.25382980175228337f,0.2670740710898118f,0.935218064715797f,0.23246206568116348f,1.3496660967687237f,-0.07929466630703975f,0.2617331344026964f,-0.9618773946044242f,0.01067739352165344f,0f,0f,0f,1f],start_interpolation:0}
execute if entity @s[tag=aj.dream.bone.bone15] run data modify entity @s {} merge value {transformation:[-0.9604081405562791f,0.2712022775395184f,-0.06376149473317454f,-0.44839941611526574f,0.2670740710898118f,0.8311082630171037f,-0.4877811965381683f,1.0907947104312636f,-0.07929466630703975f,-0.4854980739426995f,-0.8706342378365236f,-0.08102604426756917f,0f,0f,0f,1f],start_interpolation:0}
execute if entity @s[tag=aj.dream.bone.bone13] run data modify entity @s {} merge value {transformation:[-0.9469121261806465f,-0.026219869369536464f,-0.3204215094875684f,0.21794351045168556f,-0.016471202922964293f,0.9993163925249815f,-0.03309753926090858f,0.4620353292227907f,0.3210702801044002f,-0.026062733569242158f,-0.946696682762003f,0.26456307855436795f,0f,0f,0f,1f],start_interpolation:0}
execute if entity @s[tag=aj.dream.bone.bone12] run data modify entity @s {} merge value {transformation:[-0.9469121261806465f,-0.19525686790734587f,-0.2554059138451198f,0.09307426076936003f,-0.016471202922964293f,0.8228593815892853f,-0.5680062830680391f,0.5771773152024327f,0.3210702801044002f,-0.533645194549255f,-0.7823916420618063f,-0.09779895525772578f,0f,0f,0f,1f],start_interpolation:0}
execute if entity @s[tag=aj.dream.bone.bone10] run data modify entity @s {} merge value {transformation:[-0.9701363046093423f,0.09868044376318609f,-0.22158005437681003f,-0.125f,0.08862610861807678f,0.9945512027157878f,0.05489369770562787f,0.7242431640625f,0.22578964402767962f,0.03361659107168162f,-0.9735958922749074f,-1.5308084989341915e-17f,0f,0f,0f,1f],start_interpolation:0}
execute if entity @s[tag=aj.dream.bone.bone11] run data modify entity @s {} merge value {transformation:[-0.9701363046093423f,0.14975788597913545f,-0.19080913517436654f,-0.15169731847438894f,0.08862610861807678f,0.9511055859791486f,0.29587763888215207f,0.4424446944983121f,0.22578964402767962f,0.27013096806238374f,-0.9359745171443147f,-0.004098222129290651f,0f,0f,0f,1f],start_interpolation:0}
execute if entity @s[tag=aj.dream.camera_origin.camera] at @s on origin run tp @s ^0.40625 ^0.13 ^2.07813 ~161.79161 ~10.08653