execute if entity @s[tag=aj.dream.bone.torso] run data modify entity @s {} merge value {transformation:[-0.979320673839807f,0.19801055014924995f,-0.04150710565117263f,0f,0.10435394367869857f,0.6701535353109919f,0.7348499803013416f,0.5405092592592593f,0.17332418246929435f,0.7153223477144904f,-0.6769583935749525f,0f,0f,0f,0f,1f],start_interpolation:0}
execute if entity @s[tag=aj.dream.bone.bone9] run data modify entity @s {} merge value {transformation:[-0.9784436920376578f,0.15762305870516358f,-0.13342755665958086f,0.36858676230323295f,0.11068392032807906f,0.945719859848243f,0.3055536229034555f,0.9332667329089546f,0.17434738682447912f,0.2841987298582598f,-0.9427799693748415f,0.40374542170423294f,0f,0f,0f,1f],start_interpolation:0}
execute if entity @s[tag=aj.dream.bone.bone8] run data modify entity @s {} merge value {transformation:[-0.9755125666438549f,0.17883931656859756f,-0.12803019631788312f,0.44163501796257654f,0.14856125397699602f,0.9650164369185635f,0.21603895550058266f,0.6238937866653688f,0.1621875030225856f,0.19172838946352508f,-0.9679542543617552f,0.29313989527046685f,0f,0f,0f,1f],start_interpolation:0}
execute if entity @s[tag=aj.dream.bone.mask] run data modify entity @s {} merge value {transformation:[-0.9725942829607371f,0.09570858441809368f,-0.21189673810791484f,-0.26011836263470817f,-0.20678724598377318f,0.060588024501582405f,0.9765081290933744f,0.8857246111651963f,0.10629861546857572f,0.9935637665271818f,-0.03913625165730106f,0.01930863471147992f,0f,0f,0f,1f],start_interpolation:0}
execute if entity @s[tag=aj.dream.bone.head] run data modify entity @s {} merge value {transformation:[-0.9725942829607371f,0.09570858441809368f,-0.21189673810791484f,0.14850791261193746f,-0.20678724598377318f,0.060588024501582405f,0.9765081290933744f,1.0431244107425033f,0.10629861546857572f,0.9935637665271818f,-0.03913625165730106f,0.5364917607858678f,0f,0f,0f,1f],start_interpolation:0}
execute if entity @s[tag=aj.dream.bone.bone14] run data modify entity @s {} merge value {transformation:[-0.9811945718403422f,0.04174321363284425f,-0.18845348579065924f,-0.12107357461667054f,0.09785114793042723f,0.949151360155025f,-0.29922708494480216f,0.9854437047483039f,0.16638018223257578f,-0.31204038141155555f,-0.9353867838112669f,0.49040751293888013f,0f,0f,0f,1f],start_interpolation:0}
execute if entity @s[tag=aj.dream.bone.bone15] run data modify entity @s {} merge value {transformation:[-0.9811945718403422f,0.04690415072584358f,-0.18723571463728503f,-0.25676765035697713f,0.09785114793042723f,0.9570127594930206f,-0.27304162872399496f,0.701065298191162f,0.16638018223257578f,-0.2862281936012624f,-0.9436053497877241f,0.6087176549090632f,0f,0f,0f,1f],start_interpolation:0}
execute if entity @s[tag=aj.dream.bone.bone13] run data modify entity @s {} merge value {transformation:[-0.9999325732941258f,-0.010681748197063773f,0.00455512028845831f,0.12619403984281785f,0.0006170226427809405f,0.34283508260820805f,0.9393954041914839f,0.14781855889182044f,-0.011596040205436307f,0.9393348744662244f,-0.3428053754874277f,-0.11970064503249954f,0f,0f,0f,1f],start_interpolation:0}
execute if entity @s[tag=aj.dream.bone.bone12] run data modify entity @s {} merge value {transformation:[-0.9999325732941258f,-0.007400467999003831f,0.008948851254966746f,0.12611860640687084f,0.0006170226427809405f,0.7356776063693891f,0.6773315870160379f,0.547050707636264f,-0.011596040205436307f,0.677291438422192f,-0.7356234357954836f,-0.09195292947443544f,0f,0f,0f,1f],start_interpolation:0}
execute if entity @s[tag=aj.dream.bone.bone10] run data modify entity @s {} merge value {transformation:[-0.999962132103472f,0.003659258522918296f,0.007895833467154945f,-0.125f,-0.003231980069109486f,0.6862570493647966f,-0.7273519206697373f,0.5891203703703703f,-0.008080140092317294f,-0.7273498965588606f,-0.6862192356032458f,-1.5308084989341915e-17f,0f,0f,0f,1f],start_interpolation:0}
execute if entity @s[tag=aj.dream.bone.bone11] run data modify entity @s {} merge value {transformation:[-0.999962132103472f,-0.0016419979628739282f,0.008546239042322192f,-0.12605229395844644f,-0.003231980069109486f,0.9818728692935073f,-0.18951312052247987f,0.44135407507202074f,-0.008080140092317294f,-0.18953356533349175f,-0.9818409947379785f,0.18933234004602265f,0f,0f,0f,1f],start_interpolation:0}
execute if entity @s[tag=aj.dream.camera_origin.camera] at @s on origin run tp @s ^1.82812 ^-0.13563 ^1.75 ~130 ~15