execute if entity @s[tag=aj.dream.bone.torso] run data modify entity @s {} merge value {transformation:[-0.9787250790103539f,0.2010345537868017f,-0.041016190704624284f,0f,0.10538144785113146f,0.6640653921656461f,0.740210716875057f,0.538625f,0.176045363940593f,0.7201404467960594f,-0.6711227657615229f,0f,0f,0f,0f,1f],start_interpolation:0}
execute if entity @s[tag=aj.dream.bone.bone9] run data modify entity @s {} merge value {transformation:[-0.9775580049773818f,0.1625257733020222f,-0.1340362634409843f,0.3703278658693395f,0.11357081582547997f,0.9424494038958467f,0.314469061894963f,0.927320508140746f,0.1774317240444227f,0.2921891409839572f,-0.9397571437311241f,0.4060764382623889f,0f,0f,0f,1f],start_interpolation:0}
execute if entity @s[tag=aj.dream.bone.bone8] run data modify entity @s {} merge value {transformation:[-0.973397615778518f,0.18958838983786303f,-0.12865972188444635f,0.4417333123346303f,0.16163492351539532f,0.9661915472120609f,0.20086822943446364f,0.6186087174451089f,0.16239221993946906f,0.17472875131085464f,-0.9711326533324272f,0.2925883661993494f,0f,0f,0f,1f],start_interpolation:0}
execute if entity @s[tag=aj.dream.bone.mask] run data modify entity @s {} merge value {transformation:[-0.9719667572350538f,0.09900454923609545f,-0.21325740798511963f,-0.25940523656904513f,-0.20952374031457482f,0.04681234642880333f,0.9766823467568255f,0.8859887116358409f,0.10667907514861949f,0.9939852631967876f,-0.024756241092862785f,0.022153726530811713f,0f,0f,0f,1f],start_interpolation:0}
execute if entity @s[tag=aj.dream.bone.head] run data modify entity @s {} merge value {transformation:[-0.9719667572350538f,0.09900454923609545f,-0.21325740798511963f,0.1507759153401013f,-0.20952374031457482f,0.04681234642880333f,0.9766823467568255f,1.0366740441242346f,0.10667907514861949f,0.9939852631967876f,-0.024756241092862785f,0.5401053350970445f,0f,0f,0f,1f],start_interpolation:0}
execute if entity @s[tag=aj.dream.bone.bone14] run data modify entity @s {} merge value {transformation:[-0.9811740112133124f,0.039751086607996755f,-0.18899050461084607f,-0.11903467363583739f,0.09702845517190567f,0.9475798444046373f,-0.3044304803482023f,0.9800112320663117f,0.16698215056266394f,-0.3170367322433903f,-0.9335977034043628f,0.4940991202326854f,0f,0f,0f,1f],start_interpolation:0}
execute if entity @s[tag=aj.dream.bone.bone15] run data modify entity @s {} merge value {transformation:[-0.9811740112133124f,0.0464534248882012f,-0.18745569886171756f,-0.25410363960250043f,0.09702845517190567f,0.9578161573708787f,-0.27050635402193085f,0.6960210875863508f,0.16698215056266394f,-0.2836023413081085f,-0.9442916251868523f,0.6140458678790779f,0f,0f,0f,1f],start_interpolation:0}
execute if entity @s[tag=aj.dream.bone.bone13] run data modify entity @s {} merge value {transformation:[-0.9998867499006772f,-0.0139169584763012f,0.005727620782630317f,0.12661298085606057f,0.0007996247683513856f,0.3309189811023054f,0.943658830587857f,0.14759295318649235f,-0.015028239194614568f,0.9435565410790075f,-0.33087037615013f,-0.12396704540807327f,0f,0f,0f,1f],start_interpolation:0}
execute if entity @s[tag=aj.dream.bone.bone12] run data modify entity @s {} merge value {transformation:[-0.9998867499006772f,-0.00974788546793146f,0.011465866821344177f,0.126433233352668f,0.0007996247683513856f,0.7263893745034813f,0.6872829382493583f,0.5464103672811698f,-0.015028239194614568f,0.6872142717794395f,-0.7262993161840124f,-0.09078741452300154f,0f,0f,0f,1f],start_interpolation:0}
execute if entity @s[tag=aj.dream.bone.bone10] run data modify entity @s {} merge value {transformation:[-0.9999363968776772f,0.004830250601062464f,0.010191706354642838f,-0.125f,-0.004188548282050856f,0.6799795770093122f,-0.7332190879358816f,0.58775f,-0.010471784116245919f,-0.7332151413666851f,-0.6799160964472417f,-1.5308084989341915e-17f,0f,0f,0f,1f],start_interpolation:0}
execute if entity @s[tag=aj.dream.bone.bone11] run data modify entity @s {} merge value {transformation:[-0.9999363968776772f,-0.002075040980076756f,0.01108586506409552f,-0.12638344741848237f,-0.004188548282050856f,0.9809550693515566f,-0.19418961861225253f,0.4420449563218517f,-0.010471784116245919f,-0.1942237012272553f,-0.9809013689556196f,0.1903832255478124f,0f,0f,0f,1f],start_interpolation:0}
execute if entity @s[tag=aj.dream.camera_origin.camera] at @s on origin run tp @s ^1.82812 ^-0.13563 ^1.75 ~130 ~15