execute if entity @s[tag=aj.dream.bone.torso] run data modify entity @s {} merge value {transformation:[-0.9797498967952636f,0.19580558556179428f,-0.041836734964301014f,0f,0.10360289630432565f,0.6745658256512894f,0.7309086035481793f,0.5418842592592592f,0.17133761877365244f,0.7117732219788808f,-0.6811918238402289f,0f,0f,0f,0f,1f],start_interpolation:0}
execute if entity @s[tag=aj.dream.bone.bone9] run data modify entity @s {} merge value {transformation:[-0.9790757194220739f,0.15406038140678635f,-0.13295162473224478f,0.3673159651749373f,0.10857167880698541f,0.9480469419368782f,0.29903041056917f,0.9375871762152337f,0.17211312035745832f,0.27833863325979197f,-0.9449363359697256f,0.4020238590433874f,0f,0f,0f,1f],start_interpolation:0}
execute if entity @s[tag=aj.dream.bone.bone8] run data modify entity @s {} merge value {transformation:[-0.96033310917561f,0.24120162201116388f,-0.13993604596489578f,0.4415565609130758f,0.2499253715980197f,0.9670611075199871f,-0.04827134713065251f,0.6277510470090861f,0.12368358036820258f,-0.08133014116180895f,-0.9889832051586633f,0.2935288961050201f,0f,0f,0f,1f],start_interpolation:0}
execute if entity @s[tag=aj.dream.bone.mask] run data modify entity @s {} merge value {transformation:[-0.9730537594586198f,0.09330064054556866f,-0.21085865331361894f,-0.2606385815584432f,-0.20477911646327585f,0.07064137726056718f,0.976255760177245f,0.8855186963566203f,0.10598063343822055f,0.9931287863578f,-0.04963183498035023f,0.017264203961934732f,0f,0f,0f,1f],start_interpolation:0}
execute if entity @s[tag=aj.dream.bone.head] run data modify entity @s {} merge value {transformation:[-0.9730537594586198f,0.09330064054556866f,-0.21085865331361894f,0.1468541891713457f,-0.20477911646327585f,0.07064137726056718f,0.976255760177245f,1.0478086284977262f,0.10598063343822055f,0.9931287863578f,-0.04963183498035023f,0.5338299164841607f,0f,0f,0f,1f],start_interpolation:0}
execute if entity @s[tag=aj.dream.bone.bone14] run data modify entity @s {} merge value {transformation:[-0.9812100637038951f,0.04321947164109488f,-0.18803959199398088f,-0.12255898322269447f,0.09847198471709012f,0.9502781924398414f,-0.2954227905885824f,0.9893886243673965f,0.165921906667189f,-0.30838844700204476f,-0.9366784328912414f,0.4876926684302136f,0f,0f,0f,1f],start_interpolation:0}
execute if entity @s[tag=aj.dream.bone.bone15] run data modify entity @s {} merge value {transformation:[-0.9812100637038951f,0.04725925388239737f,-0.1870651592592199f,-0.2587163260735235f,0.09847198471709012f,0.9564202952618522f,-0.27488813549716706f,0.7047356873195824f,0.165921906667189f,-0.2881436824462944f,-0.9431029313676286f,0.6048042964517512f,0f,0f,0f,1f],start_interpolation:0}
execute if entity @s[tag=aj.dream.bone.bone13] run data modify entity @s {} merge value {transformation:[-0.9999585555891796f,-0.008341213481573864f,0.003648460176098267f,0.1259070971410952f,0.0004837582979525523f,0.35149680368127295f,0.9361889568777009f,0.1480198745364954f,-0.009091374038665808f,0.9361519220508514f,-0.3514782009721025f,-0.11657215838126672f,0f,0f,0f,1f],start_interpolation:0}
execute if entity @s[tag=aj.dream.bone.bone12] run data modify entity @s {} merge value {transformation:[-0.9999585555891796f,-0.005732017044875028f,0.0070732654834260765f,0.12588415818542825f,0.0004837582979525523f,0.7423700832338382f,0.6699898696975151f,0.5475079929714486f,-0.009091374038665808f,0.6699655241129809f,-0.7423365432323185f,-0.0927920679040398f,0f,0f,0f,1f],start_interpolation:0}
execute if entity @s[tag=aj.dream.bone.bone10] run data modify entity @s {} merge value {transformation:[-0.9999767241866596f,0.0028299345481011076f,0.006208265085407413f,-0.125f,-0.002533905949994804f,0.690807674104803f,-0.7230341186407104f,0.5901203703703704f,-0.006334856395673533f,-0.7230330205933654f,-0.690784424206337f,-1.5308084989341915e-17f,0f,0f,0f,1f],start_interpolation:0}
execute if entity @s[tag=aj.dream.bone.bone11] run data modify entity @s {} merge value {transformation:[-0.9999767241866596f,-0.0013107011557959057f,0.006695755924271748f,-0.12581623723760008f,-0.002533905949994804f,0.9825285162725643f,-0.18609485224441308f,0.44085408559244865f,-0.006334856395673533f,-0.18610748715114483f,-0.9825089683156755f,0.18855123013722286f,0f,0f,0f,1f],start_interpolation:0}
execute if entity @s[tag=aj.dream.camera_origin.camera] at @s on origin run tp @s ^1.82812 ^-0.13563 ^1.75 ~130 ~15