execute if entity @s[tag=aj.dream.bone.torso] run data modify entity @s {} merge value {transformation:[-0.9773913764428882f,0.2076617822023855f,-0.03978292934922513f,0f,0.10762383521489183f,0.650570671883921f,0.7517811589672497f,0.5345f,0.18199782237354994f,0.7305028303141833f,-0.6582115218941804f,0f,0f,0f,0f,1f],start_interpolation:0}
execute if entity @s[tag=aj.dream.bone.bone9] run data modify entity @s {} merge value {transformation:[-0.9755393811983607f,0.17333833903073811f,-0.13519147884827795f,0.37413645798721296f,0.11985792168281291f,0.9349619286673678f,0.3338866133172642f,0.9142007111237277f,0.18427423678039256f,0.30951577046195977f,-0.932868154400365f,0.41106481335297707f,0f,0f,0f,1f],start_interpolation:0}
execute if entity @s[tag=aj.dream.bone.bone8] run data modify entity @s {} merge value {transformation:[-0.9662838574450089f,0.22028000965260983f,-0.13331250574735942f,0.44191064968990235f,0.2017880126021523f,0.9694721564584798f,0.13930303593898538f,0.6070428682048237f,0.1599284365310536f,0.10770540933115089f,-0.9812351603920142f,0.29130685548606555f,0f,0f,0f,1f],start_interpolation:0}
execute if entity @s[tag=aj.dream.bone.mask] run data modify entity @s {} merge value {transformation:[-0.9706032124136867f,0.10619816850731649f,-0.21598924292177932f,-0.25784184202675053f,-0.21544894746318433f,0.016672364588869726f,0.9763727686165882f,0.8864889700041049f,0.1072900512127655f,0.9942052007833732f,0.006698032998929959f,0.028556496202952197f,0f,0f,0f,1f],start_interpolation:0}
execute if entity @s[tag=aj.dream.bone.head] run data modify entity @s {} merge value {transformation:[-0.9706032124136867f,0.10619816850731649f,-0.21598924292177932f,0.1557463366517891f,-0.21544894746318433f,0.016672364588869726f,0.9763727686165882f,1.0224280039129408f,0.1072900512127655f,0.9942052007833732f,0.006698032998929959f,0.5478771227356375f,0f,0f,0f,1f],start_interpolation:0}
execute if entity @s[tag=aj.dream.bone.bone14] run data modify entity @s {} merge value {transformation:[-0.9811318457748811f,0.03551739113558665f,-0.1900495096897029f,-0.11455923023423112f,0.09534247400718103f,0.9440296781593707f,-0.3157812207913969f,0.9680126287311736f,0.1681966523345954f,-0.3279428024537766f,-0.9296038965399178f,0.502063724539752f,0f,0f,0f,1f],start_interpolation:0}
execute if entity @s[tag=aj.dream.bone.bone15] run data modify entity @s {} merge value {transformation:[-0.9811318457748811f,0.045611913733780034f,-0.18788255515591898f,-0.24829989568596209f,0.09534247400718103f,0.959540597980437f,-0.2649370745621223f,0.6849211635572678f,0.1681966523345954f,-0.27785138861068837f,-0.9457845906920599f,0.6255704318483817f,0f,0f,0f,1f],start_interpolation:0}
execute if entity @s[tag=aj.dream.bone.bone13] run data modify entity @s {} merge value {transformation:[-0.9997451933563049f,-0.02110449791278486f,0.008009277671174514f,0.12763293319709137f,0.001199267664695f,0.3046541492496195f,0.9524622885458822f,0.14730047731118762f,-0.02254129805563851f,0.95222920009462f,-0.30455121140643476f,-0.13321883157970751f,0f,0f,0f,1f],start_interpolation:0}
execute if entity @s[tag=aj.dream.bone.bone12] run data modify entity @s {} merge value {transformation:[-0.9997451933563049f,-0.015127215411975922f,0.01675457295320873f,0.1270943216191511f,0.001199267664695f,0.7055912501558279f,0.7086180561209293f,0.5449522570151162f,-0.02254129805563851f,0.7084575887499659f,-0.7053933192372545f,-0.0881741649046568f,0f,0f,0f,1f],start_interpolation:0}
execute if entity @s[tag=aj.dream.bone.bone10] run data modify entity @s {} merge value {transformation:[-0.9998568957729669f,0.007531854542957223f,0.015147908845451294f,-0.125f,-0.0062823688296805465f,0.6660723388583925f,-0.7458606915836217f,0.58475f,-0.015707317311820793f,-0.7458491205162436f,-0.6659297032029817f,-1.5308084989341915e-17f,0f,0f,0f,1f],start_interpolation:0}
execute if entity @s[tag=aj.dream.bone.bone11] run data modify entity @s {} merge value {transformation:[-0.9998568957729669f,-0.0029383437552824524f,0.016659955318732385f,-0.1271387237283063f,-0.0062823688296805465f,0.978868248746035f,-0.20439540953445662f,0.4435794009597834f,-0.015707317311820793f,-0.20447082367136415f,-0.9787466283211501f,0.19260471912037966f,0f,0f,0f,1f],start_interpolation:0}
execute if entity @s[tag=aj.dream.camera_origin.camera] at @s on origin run tp @s ^1.82812 ^-0.13563 ^1.75 ~130 ~15