execute if entity @s[tag=aj.yuji.locator_origin.head] at @s on origin run tp @s ^0 ^1.45142 ^-0.26555 ~0 ~-20.736
execute if entity @s[tag=aj.yuji.bone.torso] run data modify entity @s {} merge value {transformation:[-1f,4.3360154502566044e-17f,1.1453163243459065e-16f,3.252011587692453e-17f,0f,0.935221751400747f,-0.354062530786469f,1.4514163135505602f,-1.2246467991473532e-16f,-0.354062530786469f,-0.935221751400747f,-0.26554689808985177f,0f,0f,0f,1f],start_interpolation:0}
execute if entity @s[tag=aj.yuji.bone.bottom2] run data modify entity @s {} merge value {transformation:[-0.8122314526020871f,0.5446567232028597f,-0.20887585134195583f,-0.4880333500207328f,-0.529466411386635f,-0.838632320300919f,-0.12791071323409706f,1.222187970421173f,-0.24483746979835844f,0.006699643021853989f,0.9695409883888961f,-0.06970660525558955f,0f,0f,0f,1f],start_interpolation:0}
execute if entity @s[tag=aj.yuji.bone.rightarm] run data modify entity @s {} merge value {transformation:[-0.6539853428334038f,0.5386370643745803f,0.5311998533894844f,-0.3125f,-0.4005119506658664f,0.34917450915070847f,-0.8471524889494126f,1.334513594625467f,-0.6417891777935323f,-0.7667772003921974f,-0.012624429722012553f,-0.22128908174154313f,0f,0f,0f,1f],start_interpolation:0}
execute if entity @s[tag=aj.yuji.bone.bottom] run data modify entity @s {} merge value {transformation:[-0.8122314313355927f,-0.5446566205212259f,0.20887620178692312f,0.4880333917825225f,0.5294662734632928f,-0.8386323865984782f,-0.1279108494735063f,1.2221878761835974f,0.2448378386104322f,0.006699691824071501f,0.9695408949157506f,-0.06970672344796949f,0f,0f,0f,1f],start_interpolation:0}
execute if entity @s[tag=aj.yuji.bone.leftarm] run data modify entity @s {} merge value {transformation:[-0.6539848117557686f,-0.5386373641911476f,-0.5312002032096608f,0.3125f,0.4005121166425619f,0.349174844606838f,-0.8471522722133757f,1.334513594625467f,0.6417896153844086f,-0.7667768370203965f,-0.01262425418508556f,-0.22128908174154308f,0f,0f,0f,1f],start_interpolation:0}
execute if entity @s[tag=aj.yuji.bone.head] run data modify entity @s {} merge value {transformation:[-1f,8.525985032398343e-17f,8.791106727455035e-17f,3.252011587692453e-17f,0f,0.7178483407277713f,-0.6961995114292925f,1.4514163135505602f,-1.2246467991473532e-16f,-0.6961995114292925f,-0.7178483407277713f,-0.26554689808985177f,0f,0f,0f,1f],start_interpolation:0}
execute if entity @s[tag=aj.yuji.locator_origin.mount] at @s on origin run tp @s ^0 ^0.59375 ^0 ~0 ~0
execute if entity @s[tag=aj.yuji.camera_origin.camera] at @s on origin run tp @s ^0 ^0.005 ^0 ~0 ~0