execute if entity @s[tag=aj.yuji.locator_origin.head] at @s on origin run tp @s ^0 ^1.44341 ^-0.2858 ~0 ~-22.4
execute if entity @s[tag=aj.yuji.bone.torso] run data modify entity @s {} merge value {transformation:[-1f,4.666766166472403e-17f,1.1322423407277005e-16f,3.5000746248543026e-17f,0f,0.9245460336123131f,-0.381070376350274f,1.4434095252092347f,-1.2246467991473532e-16f,-0.381070376350274f,-0.9245460336123131f,-0.2858027822627055f,0f,0f,0f,1f],start_interpolation:0}
execute if entity @s[tag=aj.yuji.bone.bottom2] run data modify entity @s {} merge value {transformation:[-0.7487131934719887f,0.5370192476317962f,-0.38863721076854624f,-0.5049320609981155f,-0.5721685171097572f,-0.81957957205154f,-0.030207831836053634f,1.2197730755621794f,-0.33474130601017477f,0.19974897433727462f,0.9208955452719968f,-0.10513734600039851f,0f,0f,0f,1f],start_interpolation:0}
execute if entity @s[tag=aj.yuji.bone.rightarm] run data modify entity @s {} merge value {transformation:[-0.5626135972537952f,0.6290748446790133f,0.5364054250072601f,-0.31249999999999994f,-0.4389272553845466f,0.32254096793592874f,-0.8386359093692226f,1.3278412710076957f,-0.7005774794166116f,-0.7072709267282441f,0.09465216077426525f,-0.2381689852189213f,0f,0f,0f,1f],start_interpolation:0}
execute if entity @s[tag=aj.yuji.bone.bottom] run data modify entity @s {} merge value {transformation:[-0.7487131141386639f,-0.5370190887387879f,0.3886375831632163f,0.5049320937478844f,0.5721683515909441f,-0.8195796794916681f,-0.030208051940440447f,1.219772959899477f,0.33474176637295466f,0.1997489606843962f,0.9208953808935181f,-0.10513748733205719f,0f,0f,0f,1f],start_interpolation:0}
execute if entity @s[tag=aj.yuji.bone.leftarm] run data modify entity @s {} merge value {transformation:[-0.5626129497790614f,-0.6290751375467719f,-0.5364057606527108f,0.31250000000000006f,0.43892738891746363f,0.32254139720350883f,-0.8386356743831649f,1.3278412710076957f,0.7005779157231556f,-0.7072704704782451f,0.09465234064977288f,-0.23816898521892124f,0f,0f,0f,1f],start_interpolation:0}
execute if entity @s[tag=aj.yuji.bone.head] run data modify entity @s {} merge value {transformation:[-1f,9.24813353770855e-17f,8.027951440741036e-17f,3.5000746248543026e-17f,0f,0.6555319824728574f,-0.755167411873159f,1.4434095252092347f,-1.2246467991473532e-16f,-0.755167411873159f,-0.6555319824728574f,-0.2858027822627055f,0f,0f,0f,1f],start_interpolation:0}
execute if entity @s[tag=aj.yuji.locator_origin.mount] at @s on origin run tp @s ^0 ^0.59375 ^0 ~0 ~0
execute if entity @s[tag=aj.yuji.camera_origin.camera] at @s on origin run tp @s ^0 ^0.005 ^0 ~0 ~0