execute if entity @s[tag=aj.yuji.locator_origin.head] at @s on origin run tp @s ^-0.00457 ^1.47735 ^-0.18286 ~-0.8789 ~-14.11538
execute if entity @s[tag=aj.yuji.bone.torso] run data modify entity @s {} merge value {transformation:[-0.999870768829556f,-0.0060950233042565225f,-0.014876032102457873f,-0.004571267478192392f,-0.0022833752119904432f,0.9698039023467406f,-0.24387533124667374f,1.4773529267600556f,0.015913259811680788f,-0.24380984738921876f,-0.9696924906784685f,-0.18285738554191408f,0f,0f,0f,1f],start_interpolation:0}
execute if entity @s[tag=aj.yuji.bone.bottom2] run data modify entity @s {} merge value {transformation:[-0.8963845422725653f,0.10805955594989183f,0.4299045065392032f,-0.36940010346416685f,-0.4426499918003007f,-0.16662921634403233f,-0.8810764376714244f,1.1500711721490946f,-0.02357407758529128f,-0.9800805255837328f,0.19719641537694554f,-0.0010603639159654787f,0f,0f,0f,1f],start_interpolation:0}
execute if entity @s[tag=aj.yuji.bone.rightarm] run data modify entity @s {} merge value {transformation:[-0.9526124815519135f,-0.025628725828897f,0.30310497918030394f,-0.3162690048243965f,-0.2127999608117338f,0.7681708580525521f,-0.603845766332207f,1.355413884212966f,-0.21736061434866671f,-0.6397317416317507f,-0.7372229391973484f,-0.14740826092711148f,0f,0f,0f,1f],start_interpolation:0}
execute if entity @s[tag=aj.yuji.bone.bottom] run data modify entity @s {} merge value {transformation:[-0.9251144104582271f,-0.1891131807392154f,-0.3292408425958476f,0.38002853517201274f,0.3476720862361561f,-0.07340839613167605f,-0.934738106546199f,1.1365464213550127f,0.15260225429110058f,-0.9792075429897746f,0.13366053919239784f,-0.044297919230106245f,0f,0f,0f,1f],start_interpolation:0}
execute if entity @s[tag=aj.yuji.bone.leftarm] run data modify entity @s {} merge value {transformation:[-0.9493732477483215f,-0.048169925974666856f,-0.31043533093286774f,0.3086502256940759f,0.1241919180393506f,0.8501303099519509f,-0.5117175232437394f,1.3568409937204597f,0.2885598793205862f,-0.5243644861473695f,-0.8011086578697636f,-0.157354048309412f,0f,0f,0f,1f],start_interpolation:0}
execute if entity @s[tag=aj.yuji.bone.head] run data modify entity @s {} merge value {transformation:[-0.9999682757195533f,-0.0032491551872062575f,-0.0072725886060575435f,-0.004571267478192392f,0.0008087275325394426f,0.8668909325681149f,-0.49849719857885083f,1.4773529267600556f,0.007924235877459728f,-0.49848726565655976f,-0.866860803395796f,-0.18285738554191408f,0f,0f,0f,1f],start_interpolation:0}
execute if entity @s[tag=aj.yuji.locator_origin.mount] at @s on origin run tp @s ^0 ^0.59375 ^0 ~0 ~0
execute if entity @s[tag=aj.yuji.camera_origin.camera] at @s on origin run tp @s ^0 ^0.005 ^0 ~0 ~0