execute if entity @s[tag=aj.yuji.locator_origin.head] at @s on origin run tp @s ^0 ^1.46738 ^-0.21878 ~0 ~-16.96
execute if entity @s[tag=aj.yuji.bone.torso] run data modify entity @s {} merge value {transformation:[-1f,3.5723437830200456e-17f,1.1713852404828387e-16f,2.6792578372650344e-17f,0f,0.9565086368562778f,-0.29170400686199893f,1.4673814776422085f,-1.2246467991473532e-16f,-0.29170400686199893f,-0.9565086368562778f,-0.2187780051464992f,0f,0f,0f,1f],start_interpolation:0}
execute if entity @s[tag=aj.yuji.bone.bottom2] run data modify entity @s {} merge value {transformation:[-0.896120507658397f,0.44131820803908844f,0.04697100176943836f,-0.4693004806463702f,-0.43231587020882056f,-0.8440763650853276f,-0.317235052082727f,1.235057755844926f,-0.10035449227437204f,-0.30458714542394616f,0.947183005930134f,-0.01171310042392587f,0f,0f,0f,1f],start_interpolation:0}
execute if entity @s[tag=aj.yuji.bone.rightarm] run data modify entity @s {} merge value {transformation:[-0.7624630733933505f,0.43658615423714303f,0.47753805255705817f,-0.3125f,-0.33318483924855047f,0.36774435894885216f,-0.8681888903667307f,1.3478178980351736f,-0.5546511738079022f,-0.8210704089112695f,-0.13492760652956384f,-0.18231500428874936f,0f,0f,0f,1f],start_interpolation:0}
execute if entity @s[tag=aj.yuji.bone.bottom] run data modify entity @s {} merge value {transformation:[-0.8961205229054043f,-0.44131821172924196f,-0.04697067621238793f,0.4693005328682206f,0.4323157683775054f,-0.8440763934834611f,-0.31723511529482384f,1.235057686767378f,0.10035479480279988f,-0.3045870613799232f,0.9471830009032207f,-0.011713194078294131f,0f,0f,0f,1f],start_interpolation:0}
execute if entity @s[tag=aj.yuji.bone.leftarm] run data modify entity @s {} merge value {transformation:[-0.7624626861781666f,-0.4365864599283407f,-0.477538391329131f,0.3125f,0.3331850099741807f,0.3677445925776377f,-0.868188725887645f,1.3478178980351736f,0.5546516035444953f,-0.8210701417279445f,-0.1349274658784247f,-0.1823150042887493f,0f,0f,0f,1f],start_interpolation:0}
execute if entity @s[tag=aj.yuji.bone.head] run data modify entity @s {} merge value {transformation:[-1f,6.669904509218562e-17f,1.0270752265734562e-16f,2.6792578372650344e-17f,0f,0.8386705679454239f,-0.5446390350150272f,1.4673814776422085f,-1.2246467991473532e-16f,-0.5446390350150272f,-0.8386705679454239f,-0.2187780051464992f,0f,0f,0f,1f],start_interpolation:0}
execute if entity @s[tag=aj.yuji.locator_origin.mount] at @s on origin run tp @s ^0 ^0.59375 ^0 ~0 ~0
execute if entity @s[tag=aj.yuji.camera_origin.camera] at @s on origin run tp @s ^0 ^0.005 ^0 ~0 ~0