execute if entity @s[tag=aj.yuji.locator_origin.head] at @s on origin run tp @s ^0 ^1.44625 ^-0.27882 ~0 ~-21.824
execute if entity @s[tag=aj.yuji.bone.torso] run data modify entity @s {} merge value {transformation:[-1f,4.552706847931709e-17f,1.1368765923484462e-16f,3.414530135948782e-17f,0f,0.9283301872343797f,-0.37175672619252187f,1.4462476404257847f,-1.2246467991473532e-16f,-0.37175672619252187f,-0.9283301872343797f,-0.2788175446443914f,0f,0f,0f,1f],start_interpolation:0}
execute if entity @s[tag=aj.yuji.bone.bottom2] run data modify entity @s {} merge value {transformation:[-0.7520407573702698f,0.5618410555335784f,-0.3446292610485443f,-0.49998589046270303f,-0.5679202417186543f,-0.8177201947404421f,-0.09380981910162184f,1.217692071646064f,-0.3345165142413395f,0.1251731258320588f,0.9340398226356604f,-0.09598144693559801f,0f,0f,0f,1f],start_interpolation:0}
execute if entity @s[tag=aj.yuji.bone.rightarm] run data modify entity @s {} merge value {transformation:[-0.5805547251967332f,0.6048048805516291f,0.5451305050285439f,-0.31249999999999994f,-0.4277617672266919f,0.34311673969502066f,-0.8362360751846077f,1.3302063670214874f,-0.6928030611586838f,-0.7186667930285837f,0.05951436000805141f,-0.2323479538703262f,0f,0f,0f,1f],start_interpolation:0}
execute if entity @s[tag=aj.yuji.bone.bottom] run data modify entity @s {} merge value {transformation:[-0.7520406828977868f,-0.5618409310750647f,0.3446296264619968f,0.49998592385959983f,0.5679200861099651f,-0.8177202792605343f,-0.09381002440530731f,1.2176919620720958f,0.3345169458480099f,0.1251731323199169f,0.9340396671907147f,-0.09598158326013251f,0f,0f,0f,1f],start_interpolation:0}
execute if entity @s[tag=aj.yuji.bone.leftarm] run data modify entity @s {} merge value {transformation:[-0.580554101484139f,-0.6048051700673643f,-0.545130848062858f,0.31250000000000006f,0.4277619070451279f,0.3431171430362845f,-0.8362358381675193f,1.3302063670214874f,0.6928034974876063f,-0.7186663568126761f,0.0595145482595337f,-0.23234795387032614f,0f,0f,0f,1f],start_interpolation:0}
execute if entity @s[tag=aj.yuji.bone.head] run data modify entity @s {} merge value {transformation:[-1f,9.066816438870473e-17f,8.232181845052618e-17f,3.414530135948782e-17f,0f,0.672208660552919f,-0.7403617471734008f,1.4462476404257847f,-1.2246467991473532e-16f,-0.7403617471734008f,-0.672208660552919f,-0.2788175446443914f,0f,0f,0f,1f],start_interpolation:0}
execute if entity @s[tag=aj.yuji.locator_origin.mount] at @s on origin run tp @s ^0 ^0.59375 ^0 ~0 ~0
execute if entity @s[tag=aj.yuji.camera_origin.camera] at @s on origin run tp @s ^0 ^0.005 ^0 ~0 ~0