execute if entity @s[tag=aj.yuji.locator_origin.head] at @s on origin run tp @s ^0.01107 ^1.47755 ^0.1818 ~11.01804 ~13.62395
execute if entity @s[tag=aj.yuji.bone.torso] run data modify entity @s {} merge value {transformation:[-0.9824878981854965f,0.01476447539625522f,0.18574051842642972f,0.011073356547191415f,0.059108480662990806f,0.9700634625281985f,0.2355484370177717f,1.477547596896149f,-0.1767023413335498f,0.24240232864821185f,-0.9539483181143337f,0.18180174648615888f,0f,0f,0f,1f],start_interpolation:0}
execute if entity @s[tag=aj.yuji.bone.bottom2] run data modify entity @s {} merge value {transformation:[-0.9685760849658809f,-0.11788910483128985f,0.2190034853472524f,-0.3819122545487813f,-0.09758517469078538f,0.9900523823127536f,0.10135785099048625f,1.1367029550553354f,-0.22877390872373526f,0.07680129711741787f,-0.9704452892607321f,0.044710082869509914f,0f,0f,0f,1f],start_interpolation:0}
execute if entity @s[tag=aj.yuji.bone.rightarm] run data modify entity @s {} merge value {transformation:[-0.9722881307855021f,0.0933783012575172f,0.21432751477095746f,-0.29779967106030814f,0.12393918556751671f,0.9832172333197722f,0.13387662373944575f,1.3747610642873087f,-0.1982293343945222f,0.15673022987692214f,-0.967543676548109f,0.09628197373839809f,0f,0f,0f,1f],start_interpolation:0}
execute if entity @s[tag=aj.yuji.bone.bottom] run data modify entity @s {} merge value {transformation:[-0.9849105731957055f,-0.027458730061652406f,0.17087182608817658f,0.36780111387568515f,0.005848296640267148f,0.9814882994434361f,0.19143279625508125f,1.0885619058215465f,-0.17296519948739456f,0.18954349421447664f,-0.9665176167909474f,0.1664649627804834f,0f,0f,0f,1f],start_interpolation:0}
execute if entity @s[tag=aj.yuji.bone.leftarm] run data modify entity @s {} merge value {transformation:[-0.9844835276081314f,0.039937487621801174f,0.17087182608817658f,0.3162552653056272f,0.07293263298099249f,0.9787922739603232f,0.19143279625508125f,1.3378182638729395f,-0.15960267828175512f,0.2009245667359721f,-0.9665176167909474f,0.20672093707186673f,0f,0f,0f,1f],start_interpolation:0}
execute if entity @s[tag=aj.yuji.bone.head] run data modify entity @s {} merge value {transformation:[-0.9982586071637777f,-0.00464531509343769f,0.05880624347054875f,0.011073356547191415f,0.015287092021937235f,0.9424657536781366f,0.3339530026237445f,1.477547596896149f,-0.0569741874970376f,0.3342704357127393f,-0.9407535372069923f,0.18180174648615888f,0f,0f,0f,1f],start_interpolation:0}
execute if entity @s[tag=aj.yuji.bone.bottom3] run data modify entity @s {} merge value {transformation:[-0.9974134974892169f,0.01244552121287515f,0.07079141210674969f,-0.1315811011321905f,0.014270694962747429f,0.9995771442424967f,0.02533535026983165f,0.43914303684166084f,-0.07044616591133976f,0.02628006297090474f,-0.9971693416860735f,0.029977054553615747f,0f,0f,0f,1f],start_interpolation:0}
execute if entity @s[tag=aj.yuji.bone.rightleg] run data modify entity @s {} merge value {transformation:[-0.9974134974892169f,0.021111253673225243f,0.06870684095978016f,-0.11875f,0.014270694962747429f,0.9950276960059403f,-0.09857094625897736f,0.75f,-0.07044616591133976f,-0.09733549788979723f,-0.9927553266333741f,-1.4542680739874818e-17f,0f,0f,0f,1f],start_interpolation:0}
execute if entity @s[tag=aj.yuji.bone.bottom4] run data modify entity @s {} merge value {transformation:[-0.9997885324166927f,-0.020550202155198427f,0.0007613405651597648f,0.13139889225150989f,-0.020529292716293668f,0.9952429578570428f,-0.0952365632335262f,0.44113644482568404f,0.0011994117910091439f,-0.09523205357097567f,-0.9954543773493643f,0.046245240943171236f,0f,0f,0f,1f],start_interpolation:0}
execute if entity @s[tag=aj.yuji.bone.leftleg] run data modify entity @s {} merge value {transformation:[-0.9997885324166927f,-0.020480684556497795f,0.0018525679941402003f,0.11875f,-0.020529292716293668f,0.988773962412137f,-0.14800202497388537f,0.75f,0.0011994117910091439f,-0.14800875925396811f,-0.988985322740159f,1.4542680739874818e-17f,0f,0f,0f,1f],start_interpolation:0}
execute if entity @s[tag=aj.yuji.locator_origin.mount] at @s on origin run tp @s ^0 ^0.59375 ^0 ~0 ~0
execute if entity @s[tag=aj.yuji.camera_origin.camera] at @s on origin run tp @s ^0 ^0.005 ^0 ~0 ~0