execute if entity @s[tag=aj.yuji.locator_origin.head] at @s on origin run tp @s ^0.0047 ^1.49968 ^0.02123 ~1.16915 ~1.61433
execute if entity @s[tag=aj.yuji.bone.torso] run data modify entity @s {} merge value {transformation:[-0.9997723686554477f,0.006262371547307013f,0.020395920564640378f,0.0046967786604802594f,0.006835880710091556f,0.9995797285212417f,0.028171564818415755f,1.4996847963909312f,-0.020210927934982078f,0.028304576167190378f,-0.9993950016685108f,0.021228432125392785f,0f,0f,0f,1f],start_interpolation:0}
execute if entity @s[tag=aj.yuji.bone.bottom2] run data modify entity @s {} merge value {transformation:[-0.9996530579748686f,0.020483548362227162f,0.016558620956664768f,-0.37113741239302633f,0.021155857192796095f,0.9989144449371798f,0.04150134217448875f,1.1271310207731613f,-0.015690550912323464f,0.04183725543505791f,-0.9990012265606731f,0.0007282543107992104f,0f,0f,0f,1f],start_interpolation:0}
execute if entity @s[tag=aj.yuji.bone.rightarm] run data modify entity @s {} merge value {transformation:[-0.9998591208603755f,0.0005253374059692182f,0.016776842758007882f,-0.30851488298776053f,0.0011690850081274465f,0.9992623603501049f,0.038384481601043345f,1.3768735430476795f,-0.016744302689595758f,0.03839868758365256f,-0.9991221992926052f,0.011374445124812085f,0f,0f,0f,1f],start_interpolation:0}
execute if entity @s[tag=aj.yuji.bone.bottom] run data modify entity @s {} merge value {transformation:[-0.9998095687164877f,0.006444930898476935f,0.018419803708643344f,0.376607798461757f,0.006841983041753295f,0.9997438287595009f,0.02157461761770377f,1.12208978636092f,-0.018276038164970393f,0.0216965371201865f,-0.9995975423669192f,0.019709928374845004f,0f,0f,0f,1f],start_interpolation:0}
execute if entity @s[tag=aj.yuji.bone.leftarm] run data modify entity @s {} merge value {transformation:[-0.9997908361144205f,0.008887904869154398f,0.018419803708643344f,0.31634284742189434f,0.00928479519427306f,0.9997241261732409f,0.02157461761770377f,1.3726011176038724f,-0.01822296901793156f,0.02174112909180642f,-0.9995975423669192f,0.024006275084175886f,0f,0f,0f,1f],start_interpolation:0}
execute if entity @s[tag=aj.yuji.bone.head] run data modify entity @s {} merge value {transformation:[-0.9999707822881073f,0.004639838951811198f,0.006075069103483927f,0.0046967786604802594f,0.004875321340367369f,0.9992140310805758f,0.03933892898305706f,1.4996847963909312f,-0.005887767992967113f,0.03936739750360828f,-0.9992074570387542f,0.021228432125392785f,0f,0f,0f,1f],start_interpolation:0}
execute if entity @s[tag=aj.yuji.bone.bottom3] run data modify entity @s {} merge value {transformation:[-0.9999915981729379f,-0.0008212284400559015f,-0.004016113467360137f,-0.12475219329247386f,-0.0008151913757545662f,0.9999985357948965f,-0.0015046165902767332f,0.4374998488270673f,0.004017343220881618f,-0.001501330047685703f,-0.9999908034384783f,-0.001715136313518399f,0f,0f,0f,1f],start_interpolation:0}
execute if entity @s[tag=aj.yuji.bone.rightleg] run data modify entity @s {} merge value {transformation:[-0.9999915981729379f,-0.0007928134275423917f,-0.004021819290144274f,-0.11875f,-0.0008151913757545662f,0.9999841799258697f,0.005565551276075622f,0.75f,0.004017343220881618f,0.005568783067676463f,-0.9999764245263939f,-1.4542680739874818e-17f,0f,0f,0f,1f],start_interpolation:0}
execute if entity @s[tag=aj.yuji.bone.bottom4] run data modify entity @s {} merge value {transformation:[-0.9999993133980621f,0.0011694543397962746f,0.0000746990720538764f,0.12463461363781712f,0.0011698430226150592f,0.9999845489527271f,0.005434457021007507f,0.4375040973955393f,-0.0000683425685273293f,0.0054345406758870216f,-0.9999852304393977f,-0.002644745310427163f,0f,0f,0f,1f],start_interpolation:0}
execute if entity @s[tag=aj.yuji.bone.leftleg] run data modify entity @s {} merge value {transformation:[-0.9999993133980621f,0.0011692226269464632f,0.00007824227035600676f,0.11875f,0.0011698430226150592f,0.9999634914738219f,0.008464466125282311f,0.75f,-0.0000683425685273293f,0.008464551844737515f,-0.9999641727038829f,1.4542680739874818e-17f,0f,0f,0f,1f],start_interpolation:0}
execute if entity @s[tag=aj.yuji.locator_origin.mount] at @s on origin run tp @s ^0 ^0.59375 ^0 ~0 ~0
execute if entity @s[tag=aj.yuji.camera_origin.camera] at @s on origin run tp @s ^0 ^0.005 ^0 ~0 ~0