execute if entity @s[tag=aj.yuji.locator_origin.head] at @s on origin run tp @s ^0 ^1.44293 ^-0.28696 ~0 ~-22.496
execute if entity @s[tag=aj.yuji.bone.torso] run data modify entity @s {} merge value {transformation:[-1f,4.685730509470075e-17f,1.131458827615071e-16f,3.514297882102556e-17f,0f,0.9239062466033771f,-0.3826189324736294f,1.4429296849525328f,-1.2246467991473532e-16f,-0.3826189324736294f,-0.9239062466033771f,-0.28696419935522205f,0f,0f,0f,1f],start_interpolation:0}
execute if entity @s[tag=aj.yuji.bone.bottom2] run data modify entity @s {} merge value {transformation:[-0.7550197510990008f,0.5251029034781202f,-0.39269850548385266f,-0.5061320693062948f,-0.5687064070769811f,-0.8225155433442418f,-0.006418995771755351f,1.2216504178876377f,-0.3263712579256852f,0.21848368752832556f,0.9196448663935612f,-0.10601606444396203f,0f,0f,0f,1f],start_interpolation:0}
execute if entity @s[tag=aj.yuji.bone.rightarm] run data modify entity @s {} merge value {transformation:[-0.5627163461225243f,0.6338491906945484f,0.530646320313617f,-0.31249999999999994f,-0.44080607818965234f,0.31296242541047936f,-0.8412755325767227f,1.3274414041271108f,-0.6993141749153765f,-0.7073116171370696f,0.10329550341312091f,-0.23913683279601838f,0f,0f,0f,1f],start_interpolation:0}
execute if entity @s[tag=aj.yuji.bone.bottom] run data modify entity @s {} merge value {transformation:[-0.7550196747115376f,-0.5251027324185419f,0.3926988810845598f,0.5061321030036259f,0.5687062399488745f,-0.8225156571855081f,-0.006419215520961211f,1.2216503011214273f,0.3263717258613209f,0.2184836700791907f,0.9196447044739777f,-0.1060162062528936f,0f,0f,0f,1f],start_interpolation:0}
execute if entity @s[tag=aj.yuji.bone.leftarm] run data modify entity @s {} merge value {transformation:[-0.5627156977686721f,-0.6338494875723354f,-0.5306466532345271f,0.31250000000000006f,0.4408062120316545f,0.31296285901482035f,-0.8412753011420064f,1.3274414041271108f,0.6993146122590466f,-0.7073111592372606f,0.10329567802876322f,-0.23913683279601833f,0f,0f,0f,1f],start_interpolation:0}
execute if entity @s[tag=aj.yuji.bone.head] run data modify entity @s {} merge value {transformation:[-1f,9.256804005761002e-17f,8.017952223923065e-17f,3.514297882102556e-17f,0f,0.6547154844568633f,-0.7558754093185032f,1.4429296849525328f,-1.2246467991473532e-16f,-0.7558754093185032f,-0.6547154844568633f,-0.28696419935522205f,0f,0f,0f,1f],start_interpolation:0}
execute if entity @s[tag=aj.yuji.locator_origin.mount] at @s on origin run tp @s ^0 ^0.59375 ^0 ~0 ~0
execute if entity @s[tag=aj.yuji.camera_origin.camera] at @s on origin run tp @s ^0 ^0.005 ^0 ~0 ~0