execute if entity @s[tag=aj.yuji.locator_origin.head] at @s on origin run tp @s ^0 ^1.44341 ^-0.2858 ~0 ~-22.4
execute if entity @s[tag=aj.yuji.bone.torso] run data modify entity @s {} merge value {transformation:[-1f,4.666766166472403e-17f,1.1322423407277005e-16f,3.5000746248543026e-17f,0f,0.9245460336123131f,-0.381070376350274f,1.4434095252092347f,-1.2246467991473532e-16f,-0.381070376350274f,-0.9245460336123131f,-0.2858027822627055f,0f,0f,0f,1f],start_interpolation:0}
execute if entity @s[tag=aj.yuji.bone.bottom2] run data modify entity @s {} merge value {transformation:[-0.7703476156857044f,0.5142743747159862f,-0.3769435216552092f,-0.5058538188893584f,-0.5589295104908666f,-0.8291415964257443f,0.01104605717023352f,1.2245255374293926f,-0.30685884916324363f,0.2191941618452669f,0.9261703763904134f,-0.1027200652672352f,0f,0f,0f,1f],start_interpolation:0}
execute if entity @s[tag=aj.yuji.bone.rightarm] run data modify entity @s {} merge value {transformation:[-0.5734312294994174f,0.6300574681825796f,0.5236451201168058f,-0.31249999999999994f,-0.4387883882384269f,0.30356583725360525f,-0.8457615105924606f,1.3278412710076957f,-0.6918391253621826f,-0.71475546114729f,0.10238776967106306f,-0.2381689852189213f,0f,0f,0f,1f],start_interpolation:0}
execute if entity @s[tag=aj.yuji.bone.bottom] run data modify entity @s {} merge value {transformation:[-0.7703475495863803f,-0.5142741961370375f,0.3769439003802332f,0.5058538550776479f,0.5589293451285207f,-0.8291417106971433f,0.011045847021306496f,1.2245254217820614f,0.30685931630058505f,0.21919414857568348f,0.9261702247587743f,-0.10272020513804359f,0f,0f,0f,1f],start_interpolation:0}
execute if entity @s[tag=aj.yuji.bone.leftarm] run data modify entity @s {} merge value {transformation:[-0.5734305931212322f,-0.6300577720302832f,-0.5236454514047337f,0.31250000000000006f,0.4387885268371694f,0.3035662651932447f,-0.8457612850874004f,1.3278412710076957f,0.6918395649200026f,-0.7147550115535113f,0.10238793811011743f,-0.23816898521892124f,0f,0f,0f,1f],start_interpolation:0}
execute if entity @s[tag=aj.yuji.bone.head] run data modify entity @s {} merge value {transformation:[-1f,9.18055498276043e-17f,8.105145802186311e-17f,3.5000746248543026e-17f,0f,0.6618353804402566f,-0.7496492040931549f,1.4434095252092347f,-1.2246467991473532e-16f,-0.7496492040931549f,-0.6618353804402566f,-0.2858027822627055f,0f,0f,0f,1f],start_interpolation:0}
execute if entity @s[tag=aj.yuji.locator_origin.mount] at @s on origin run tp @s ^0 ^0.59375 ^0 ~0 ~0
execute if entity @s[tag=aj.yuji.camera_origin.camera] at @s on origin run tp @s ^0 ^0.005 ^0 ~0 ~0