execute if entity @s[tag=aj.yuji.locator_origin.head] at @s on origin run tp @s ^0 ^1.44531 ^-0.28115 ~0 ~-22.016
execute if entity @s[tag=aj.yuji.bone.torso] run data modify entity @s {} merge value {transformation:[-1f,4.5907783148060994e-17f,1.1353445852713257e-16f,3.443083736104575e-17f,0f,0.9270792085210174f,-0.37486549738278646f,1.4453094063907632f,-1.2246467991473532e-16f,-0.37486549738278646f,-0.9270792085210174f,-0.28114912303708983f,0f,0f,0f,1f],start_interpolation:0}
execute if entity @s[tag=aj.yuji.bone.bottom2] run data modify entity @s {} merge value {transformation:[-0.7488148696822481f,0.5563935764697074f,-0.360142303827259f,-0.5014928740073233f,-0.5706125468267765f,-0.8176256968207982f,-0.07674334695700978f,1.2179052186850563f,-0.3371611074050764f,0.14803515785634197f,0.9297354353211619f,-0.09919322203596004f,0f,0f,0f,1f],start_interpolation:0}
execute if entity @s[tag=aj.yuji.bone.rightarm] run data modify entity @s {} merge value {transformation:[-0.5737419130678799f,0.6125360177623235f,0.5437093379123481f,-0.31249999999999994f,-0.4314737436663967f,0.33820871064571906f,-0.8363284501736532f,1.329424505325636f,-0.696168532552078f,-0.7144329884511457f,0.07024869605232009f,-0.23429093586424157f,0f,0f,0f,1f],start_interpolation:0}
execute if entity @s[tag=aj.yuji.bone.bottom] run data modify entity @s {} merge value {transformation:[-0.7488147925910654f,-0.5563934425835602f,0.3601426709608494f,0.5014929068856153f,0.5706123879554796f,-0.8176257878926911f,-0.07674355793551446f,1.21790510714488f,0.3371615474939943f,0.1480351580634522f,0.9297352756933471f,-0.0991933601038778f,0f,0f,0f,1f],start_interpolation:0}
execute if entity @s[tag=aj.yuji.bone.leftarm] run data modify entity @s {} merge value {transformation:[-0.5737412806141869f,-0.6125363073889143f,-0.543709679010358f,0.31250000000000006f,0.4314738811179653f,0.3382091224435319f,-0.8363282127304903f,1.329424505325636f,0.6961689685932525f,-0.714432545189768f,0.07024888284860953f,-0.23429093586424152f,0f,0f,0f,1f],start_interpolation:0}
execute if entity @s[tag=aj.yuji.bone.head] run data modify entity @s {} merge value {transformation:[-1f,9.134506586363639e-17f,8.157007275334815e-17f,3.443083736104575e-17f,0f,0.6660701910962443f,-0.7458890671762206f,1.4453094063907632f,-1.2246467991473532e-16f,-0.7458890671762206f,-0.6660701910962443f,-0.28114912303708983f,0f,0f,0f,1f],start_interpolation:0}
execute if entity @s[tag=aj.yuji.locator_origin.mount] at @s on origin run tp @s ^0 ^0.59375 ^0 ~0 ~0
execute if entity @s[tag=aj.yuji.camera_origin.camera] at @s on origin run tp @s ^0 ^0.005 ^0 ~0 ~0