execute if entity @s[tag=aj.yuji.locator_origin.head] at @s on origin run tp @s ^0.04432 ^1.49873 ^0.00574 ~28.42444 ~-1.15862
execute if entity @s[tag=aj.yuji.bone.torso] run data modify entity @s {} merge value {transformation:[-0.8776052770271443f,0.057672877940345854f,0.47590210850991976f,0.044321353970709736f,0.054639584993469985f,0.9983013831634392f,-0.020220388861379605f,1.498727827779073f,-0.4762599011945587f,0.008257573738211704f,-0.8792657840437709f,0.005740452635089386f,0f,0f,0f,1f],start_interpolation:0}
execute if entity @s[tag=aj.yuji.bone.bottom2] run data modify entity @s {} merge value {transformation:[-0.14608591288125408f,0.9713474942555861f,0.18746453387519768f,-0.22808693334350302f,0.7838092118395577f,0.2292642103117063f,-0.5771317365260731f,1.284670784351123f,-0.6035743744503255f,0.062625611961434f,-0.7948433853491855f,-0.37867616655023856f,0f,0f,0f,1f],start_interpolation:0}
execute if entity @s[tag=aj.yuji.bone.rightarm] run data modify entity @s {} merge value {transformation:[-0.1307834168887892f,-0.06890574021944956f,0.9890134967894539f,-0.2371394048428161f,0.7722908711616753f,0.6184496811623357f,0.14521295462370293f,1.3910150251941023f,-0.621661087882484f,0.7827975414083866f,-0.02766768833407368f,-0.14412296320548665f,0f,0f,0f,1f],start_interpolation:0}
execute if entity @s[tag=aj.yuji.bone.bottom] run data modify entity @s {} merge value {transformation:[0.10523556980161203f,0.9467915491879746f,-0.30415659985403126f,0.27124389190620884f,0.3941395386174129f,-0.3205168417613582f,-0.8613495099236878f,1.25985750691741f,-0.9130057496790381f,-0.029235535458750045f,-0.40689775683758356f,0.38888204782070634f,0f,0f,0f,1f],start_interpolation:0}
execute if entity @s[tag=aj.yuji.bone.leftarm] run data modify entity @s {} merge value {transformation:[-0.8739932480134829f,0.3789783175751317f,-0.30415659985403126f,0.3113638932991491f,0.4222406766027021f,0.28247094147241936f,-0.8613495099236878f,1.3568652845731837f,-0.2405173869992255f,-0.8812409443685688f,-0.40689775683758356f,0.1535394750411125f,0f,0f,0f,1f],start_interpolation:0}
execute if entity @s[tag=aj.yuji.bone.head] run data modify entity @s {} merge value {transformation:[-0.9396502898033803f,-0.009025259948115275f,0.3420173644060961f,0.044321353970709736f,0.004007275997302487f,0.9992931206178794f,0.03737914960056696f,1.498727827779073f,-0.34211295592465474f,0.036493886729821866f,-0.9389499036795552f,0.005740452635089386f,0f,0f,0f,1f],start_interpolation:0}
execute if entity @s[tag=aj.yuji.bone.bottom3] run data modify entity @s {} merge value {transformation:[-0.8717371074539524f,0.47470928800223944f,-0.12134870156793359f,-0.22164771609406028f,-0.07565150660541597f,0.11429155224035392f,0.9905626131824385f,0.540121512960144f,0.4840984042900237f,0.8726903992659125f,-0.06371971431947471f,-0.21283844322410153f,0f,0f,0f,1f],start_interpolation:0}
execute if entity @s[tag=aj.yuji.bone.rightleg] run data modify entity @s {} merge value {transformation:[-0.8717371074539524f,0.31560834480457395f,-0.3747876574509007f,-0.11757175142104372f,-0.07565150660541597f,0.6690437891387295f,0.7393627376080174f,0.7496705189822808f,0.4840984042900237f,0.672883185184924f,-0.5593540507221205f,-0.005588062880625429f,0f,0f,0f,1f],start_interpolation:0}
execute if entity @s[tag=aj.yuji.bone.bottom4] run data modify entity @s {} merge value {transformation:[-0.8985781746174042f,-0.23068355747131083f,0.3732858963497473f,0.1642113104783815f,0.3290916722383953f,0.2084404788256511f,0.9210055580995533f,0.609773607954092f,-0.2902687295672588f,0.950440773062327f,-0.11138402729339564f,-0.27092137180643217f,0f,0f,0f,1f],start_interpolation:0}
execute if entity @s[tag=aj.yuji.bone.leftleg] run data modify entity @s {} merge value {transformation:[-0.8985781746174042f,-0.12444817419225063f,0.42079676334481125f,0.1197051424519444f,0.3290916722383953f,0.44320841896039787f,0.8338255025039476f,0.7503330618307062f,-0.2902687295672588f,0.8877381085110854f,-0.3573025543325572f,0.004682607543486644f,0f,0f,0f,1f],start_interpolation:0}
execute if entity @s[tag=aj.yuji.locator_origin.mount] at @s on origin run tp @s ^0.00151 ^0.59375 ^-0.00064 ~2.47832 ~0.07615
execute if entity @s[tag=aj.yuji.camera_origin.camera] at @s on origin run tp @s ^0 ^0.005 ^0 ~0 ~0