execute if entity @s[tag=aj.yuji.locator_origin.head] at @s on origin run tp @s ^0 ^1.44992 ^-0.26946 ~0 ~-21.056
execute if entity @s[tag=aj.yuji.bone.torso] run data modify entity @s {} merge value {transformation:[-1f,4.3999140222778826e-17f,1.1428767862842793e-16f,3.2999355167084116e-17f,0f,0.9332297174009638f,-0.3592802451565034f,1.4499222880507228f,-1.2246467991473532e-16f,-0.3592802451565034f,-0.9332297174009638f,-0.2694601838673776f,0f,0f,0f,1f],start_interpolation:0}
execute if entity @s[tag=aj.yuji.bone.bottom2] run data modify entity @s {} merge value {transformation:[-0.7728013273083518f,0.5693947538048995f,-0.2802993450757732f,-0.4945908243172276f,-0.5521067041411929f,-0.8209755499118003f,-0.1455243405391893f,1.218764445729224f,-0.3129797050174325f,0.042293744058361976f,0.9488176555380524f,-0.08264177978623971f,0f,0f,0f,1f],start_interpolation:0}
execute if entity @s[tag=aj.yuji.bone.rightarm] run data modify entity @s {} merge value {transformation:[-0.6104026238411214f,0.5757626413086301f,0.5439724420236599f,-0.3125f,-0.4128848144341045f,0.35479530697698786f,-0.8388363488528736f,1.3332685733756025f,-0.6759695013960241f,-0.7366258690953058f,0.02115566500953403f,-0.22455015322281466f,0f,0f,0f,1f],start_interpolation:0}
execute if entity @s[tag=aj.yuji.bone.bottom] run data modify entity @s {} merge value {transformation:[-0.772801266520913f,-0.5693946588073746f,0.28029970564612855f,0.4945908607932723f,0.5521065607228773f,-0.8209756143479037f,-0.14552452113935266f,1.2187643435956255f,0.3129801081066149f,0.04229377220957782f,0.9488175213189604f,-0.08264190900120713f,0f,0f,0f,1f],start_interpolation:0}
execute if entity @s[tag=aj.yuji.bone.leftarm] run data modify entity @s {} merge value {transformation:[-0.6104020377935655f,-0.5757629337246978f,-0.5439727901340211f,0.3125f,0.4128849637127433f,0.35479567819172175f,-0.8388361183666347f,1.3332685733756025f,0.6759699394184545f,-0.7366254617410435f,0.021155853029487526f,-0.2245501532228146f,0f,0f,0f,1f],start_interpolation:0}
execute if entity @s[tag=aj.yuji.bone.head] run data modify entity @s {} merge value {transformation:[-1f,8.760718437466707e-17f,8.55720694652272e-17f,3.2999355167084116e-17f,0f,0.6987489741924431f,-0.7153669485411027f,1.4499222880507228f,-1.2246467991473532e-16f,-0.7153669485411027f,-0.6987489741924431f,-0.2694601838673776f,0f,0f,0f,1f],start_interpolation:0}
execute if entity @s[tag=aj.yuji.locator_origin.mount] at @s on origin run tp @s ^0 ^0.59375 ^0 ~0 ~0
execute if entity @s[tag=aj.yuji.camera_origin.camera] at @s on origin run tp @s ^0 ^0.005 ^0 ~0 ~0