execute if entity @s[tag=aj.yuji.locator_origin.head] at @s on origin run tp @s ^0 ^1.44293 ^-0.28696 ~0 ~-22.496
execute if entity @s[tag=aj.yuji.bone.bottom2] run data modify entity @s {} merge value {transformation:[-0.7595379798668815f,0.520333553299273f,-0.3903268507939071f,-0.5063399442187583f,-0.5659394816442151f,-0.8244437955607402f,0.002220602998576321f,1.222649070114445f,-0.32064709612908304f,0.22258800792574746f,0.9206736764302722f,-0.10552959961814545f,0f,0f,0f,1f],start_interpolation:0}
execute if entity @s[tag=aj.yuji.bone.rightarm] run data modify entity @s {} merge value {transformation:[-0.5649230160852371f,0.6341290228537242f,0.5279605745429669f,-0.31249999999999994f,-0.4407938274135056f,0.30897087919728694f,-0.8427560723733813f,1.3274414041271108f,-0.6975405275762199f,-0.7088140646055467f,0.1049753980990405f,-0.23913683279601838f,0f,0f,0f,1f],start_interpolation:0}
execute if entity @s[tag=aj.yuji.bone.bottom] run data modify entity @s {} merge value {transformation:[-0.7595379061798634f,-0.520333378095365f,0.39032722774074463f,0.5063399786333227f,0.565939314561145f,-0.8244439108413002f,0.00222038527378135f,1.2226489533369858f,0.3206475655762421f,0.2225879905039096f,0.9206735171457148f,-0.10552974113980321f,0f,0f,0f,1f],start_interpolation:0}
execute if entity @s[tag=aj.yuji.bone.leftarm] run data modify entity @s {} merge value {transformation:[-0.5649223699712008f,-0.6341293220404901f,-0.5279609065400486f,0.31250000000000006f,0.4407939622935917f,0.3089713125871021f,-0.8427558429365641f,1.3274414041271108f,0.6975409656153803f,-0.7088136080287055f,0.10497557030895835f,-0.23913683279601833f,0f,0f,0f,1f],start_interpolation:0}
execute if entity @s[tag=aj.yuji.bone.head] run data modify entity @s {} merge value {transformation:[-1f,9.242818382785861e-17f,8.034070363708643e-17f,3.514297882102556e-17f,0f,0.6560316304506961f,-0.7547333965369502f,1.4429296849525328f,-1.2246467991473532e-16f,-0.7547333965369502f,-0.6560316304506961f,-0.28696419935522205f,0f,0f,0f,1f],start_interpolation:0}
execute if entity @s[tag=aj.yuji.locator_origin.mount] at @s on origin run tp @s ^0 ^0.59375 ^0 ~0 ~0
execute if entity @s[tag=aj.yuji.camera_origin.camera] at @s on origin run tp @s ^0 ^0.005 ^0 ~0 ~0