execute if entity @s[tag=aj.yuji.locator_origin.head] at @s on origin run tp @s ^0 ^1.49355 ^-0.09815 ~0 ~-7.52
execute if entity @s[tag=aj.yuji.bone.torso] run data modify entity @s {} merge value {transformation:[-1f,1.6027229896543738e-17f,1.2141139043953787e-16f,1.2020422422407803e-17f,0f,0.9913992387361745f,-0.13087226380457223f,1.493549429052131f,-1.2246467991473532e-16f,-0.13087226380457223f,-0.9913992387361745f,-0.09815419785342917f,0f,0f,0f,1f],start_interpolation:0}
execute if entity @s[tag=aj.yuji.bone.bottom2] run data modify entity @s {} merge value {transformation:[-0.8478093299517786f,-0.25333598311160255f,0.4658757556555116f,-0.391003805289463f,-0.22165880612109318f,-0.6287952922834994f,-0.7453078921298768f,1.2405356838544301f,0.4817537895187619f,-0.7351444484337663f,0.476944363863675f,0.1269618083007648f,0f,0f,0f,1f],start_interpolation:0}
execute if entity @s[tag=aj.yuji.bone.rightarm] run data modify entity @s {} merge value {transformation:[-0.9717517050467083f,0.07107729489617483f,0.2250480879480151f,-0.3125f,-0.1654196735882741f,0.4750004430256471f,-0.8642979293712254f,1.369624524210109f,-0.16832990028145384f,-0.8771103677848534f,-0.44982490748685167f,-0.08179516487785769f,0f,0f,0f,1f],start_interpolation:0}
execute if entity @s[tag=aj.yuji.bone.bottom] run data modify entity @s {} merge value {transformation:[-0.8478094025107932f,0.2533359006567264f,-0.4658756684489296f,0.39100384446619985f,0.22165874237363553f,-0.6287953443367684f,-0.74530786717285f,1.2405356681568058f,-0.48175369115724465f,-0.735144432325274f,0.47694448804606193f,0.12696178386128315f,0f,0f,0f,1f],start_interpolation:0}
execute if entity @s[tag=aj.yuji.bone.leftarm] run data modify entity @s {} merge value {transformation:[-0.9717516467610737f,-0.07107746617453088f,-0.22504828552857237f,0.3125f,0.16541976345541543f,0.4750004833493593f,-0.8642978900102842f,1.369624524210109f,0.16833014844494087f,-0.8771103320677983f,-0.44982488426544465f,-0.08179516487785761f,0f,0f,0f,1f],start_interpolation:0}
execute if entity @s[tag=aj.yuji.bone.head] run data modify entity @s {} merge value {transformation:[-1f,7.476289853398323e-18f,1.2223625860049279e-16f,1.2020422422407803e-17f,0f,0.9981347984218669f,-0.06104853953485695f,1.493549429052131f,-1.2246467991473532e-16f,-0.06104853953485695f,-0.9981347984218669f,-0.09815419785342917f,0f,0f,0f,1f],start_interpolation:0}
execute if entity @s[tag=aj.yuji.locator_origin.mount] at @s on origin run tp @s ^0 ^0.59375 ^0 ~0 ~0
execute if entity @s[tag=aj.yuji.camera_origin.camera] at @s on origin run tp @s ^0 ^0.005 ^0 ~0 ~0