execute if entity @s[tag=aj.yuji.locator_origin.head] at @s on origin run tp @s ^0 ^1.44856 ^-0.27297 ~0 ~-21.344
execute if entity @s[tag=aj.yuji.bone.torso] run data modify entity @s {} merge value {transformation:[-1f,4.457305449009207e-17f,1.140650719547481e-16f,3.3429790867569055e-17f,0f,0.9314119959662217f,-0.3639666107903566f,1.4485589969746662f,-1.2246467991473532e-16f,-0.3639666107903566f,-0.9314119959662217f,-0.27297495809276745f,0f,0f,0f,1f],start_interpolation:0}
execute if entity @s[tag=aj.yuji.bone.bottom2] run data modify entity @s {} merge value {transformation:[-0.8042362827563058f,0.5301843932281833f,-0.26853027888039466f,-0.49531136284199995f,-0.5353014451469076f,-0.8425100835788618f,-0.06024219361520319f,1.2252243867066135f,-0.2581789385715877f,0.09529568849220074f,0.9613856496915512f,-0.08065641052224376f,0f,0f,0f,1f],start_interpolation:0}
execute if entity @s[tag=aj.yuji.bone.rightarm] run data modify entity @s {} merge value {transformation:[-0.6278688299421473f,0.5742782438824631f,0.525342965109797f,-0.31249999999999994f,-0.41513497788788384f,0.3238486986171297f,-0.8501676132022542f,1.3321324974788886f,-0.6583643994940076f,-0.7518819847604183f,0.035068482596614714f,-0.22747913174397288f,0f,0f,0f,1f],start_interpolation:0}
execute if entity @s[tag=aj.yuji.bone.bottom] run data modify entity @s {} merge value {transformation:[-0.8042362502921241f,-0.5301842568061407f,0.2685306454596652f,0.4953114042227669f,0.5353012970754578f,-0.8425101661498355f,-0.06024235456478512f,1.2252242844851093f,0.2581793467057277f,0.09529571747511711f,0.9613855372146527f,-0.08065653647820029f,0f,0f,0f,1f],start_interpolation:0}
execute if entity @s[tag=aj.yuji.bone.leftarm] run data modify entity @s {} merge value {transformation:[-0.6278682631076857f,-0.574278551114146f,-0.5253433067170221f,0.31250000000000006f,0.41513513654690004f,0.3238490678383921f,-0.8501673950842806f,1.3321324974788886f,0.6583648400289346f,-0.7518815910703238f,0.03506865299999262f,-0.22747913174397283f,0f,0f,0f,1f],start_interpolation:0}
execute if entity @s[tag=aj.yuji.bone.head] run data modify entity @s {} merge value {transformation:[-1f,8.745434806944309e-17f,8.572826156156015e-17f,3.3429790867569055e-17f,0f,0.7000243794475884f,-0.7141189453998673f,1.4485589969746662f,-1.2246467991473532e-16f,-0.7141189453998673f,-0.7000243794475884f,-0.27297495809276745f,0f,0f,0f,1f],start_interpolation:0}
execute if entity @s[tag=aj.yuji.locator_origin.mount] at @s on origin run tp @s ^0 ^0.59375 ^0 ~0 ~0
execute if entity @s[tag=aj.yuji.camera_origin.camera] at @s on origin run tp @s ^0 ^0.005 ^0 ~0 ~0