execute if entity @s[tag=aj.yuji.locator_origin.head] at @s on origin run tp @s ^0.02902 ^1.4945 ^0.08666 ~12.67581 ~5.7324
execute if entity @s[tag=aj.yuji.bone.torso] run data modify entity @s {} merge value {transformation:[-0.9748029616825677f,0.045696305375263424f,0.21833697252170775f,0.02902044122027661f,0.0689027957077626f,0.9926106594555849f,0.09988234818426667f,1.4945021451165297f,-0.21215935199408165f,0.1124096366429472f,-0.9707484138288622f,0.08665875233817287f,0f,0f,0f,1f],start_interpolation:0}
execute if entity @s[tag=aj.yuji.bone.bottom2] run data modify entity @s {} merge value {transformation:[-0.5976707495341852f,0.7293602043990354f,-0.33290143795159965f,-0.5172916388369789f,0.590593719741725f,0.11971009530974913f,-0.7980404446408488f,1.2886298493062602f,-0.5422072789560081f,-0.6735749292542947f,-0.5023027785381975f,-0.0004578123634103315f,0f,0f,0f,1f],start_interpolation:0}
execute if entity @s[tag=aj.yuji.bone.rightarm] run data modify entity @s {} merge value {transformation:[-0.5581514604078949f,0.804358600336207f,0.20365212817378653f,-0.28131752247743375f,0.6990667402461437f,0.588079033209524f,-0.4067784942459254f,1.3919579363432573f,-0.44695932692602486f,-0.08467758123924901f,-0.8905375159471415f,0.006307750259653969f,0f,0f,0f,1f],start_interpolation:0}
execute if entity @s[tag=aj.yuji.bone.bottom] run data modify entity @s {} merge value {transformation:[-0.7255658640663993f,0.6807799931236262f,0.1004628183169006f,0.34854225007470047f,0.6196777340108337f,0.7098539172117024f,-0.334823718082217f,1.107715229230719f,-0.29925521361001817f,-0.18068208871328933f,-0.936909974301387f,0.22730708565291335f,0f,0f,0f,1f],start_interpolation:0}
execute if entity @s[tag=aj.yuji.bone.leftarm] run data modify entity @s {} merge value {transformation:[-0.981507067110027f,0.16294508077538927f,0.1004628183169006f,0.3279343285741711f,0.12086949905532184f,0.9344964644169157f,-0.334823718082217f,1.3488936890259056f,-0.1484400263109256f,-0.3164889550101019f,-0.936909974301387f,0.13890734525595502f,0f,0f,0f,1f],start_interpolation:0}
execute if entity @s[tag=aj.yuji.bone.head] run data modify entity @s {} merge value {transformation:[-0.994985633287926f,0.018217174636219146f,0.09834492411354226f,0.02902044122027661f,0.03678079070844805f,0.9810170889572543f,0.19040127260261655f,1.4945021451165297f,-0.09300947793362911f,0.19306373487039988f,-0.9767679516100053f,0.08665875233817287f,0f,0f,0f,1f],start_interpolation:0}
execute if entity @s[tag=aj.yuji.bone.bottom3] run data modify entity @s {} merge value {transformation:[-0.9878299644017412f,0.11581777963795382f,-0.10381812630648377f,-0.14076824736207488f,0.012685842633143584f,0.7252489450813232f,0.6883698403148664f,0.4428059690901766f,0.1550194530590976f,0.6786753344406751f,-0.7178918857286912f,-0.03159079438869093f,0f,0f,0f,1f],start_interpolation:0}
execute if entity @s[tag=aj.yuji.bone.rightleg] run data modify entity @s {} merge value {transformation:[-0.9878299644017412f,0.0353247400399261f,-0.15147317970903723f,-0.1235553288220871f,0.012685842633143584f,0.9889218758811404f,0.1478938565337087f,0.7517647687865758f,0.1550194530590976f,0.144172418113999f,-0.9773347855409735f,0.012494214690314396f,0f,0f,0f,1f],start_interpolation:0}
execute if entity @s[tag=aj.yuji.bone.bottom4] run data modify entity @s {} merge value {transformation:[-0.9921896839366215f,0.09971529200405933f,0.07494325606945847f,0.08309221441327168f,0.1210133247660003f,0.9151947208512051f,0.3844143573738675f,0.4402222071543193f,-0.030255682422080404f,0.390481092329232f,-0.9201136398372456f,-0.05104982887259231f,0f,0f,0f,1f],start_interpolation:0}
execute if entity @s[tag=aj.yuji.bone.leftleg] run data modify entity @s {} merge value {transformation:[-0.9921896839366215f,0.11571431779544766f,0.04658140988507524f,0.11305175319974518f,0.1210133247660003f,0.983503973852797f,0.13444593205015723f,0.7483235322631059f,-0.030255682422080404f,0.13903283810989078f,-0.9898254712868746f,-0.007791164978389439f,0f,0f,0f,1f],start_interpolation:0}
execute if entity @s[tag=aj.yuji.locator_origin.mount] at @s on origin run tp @s ^-0.00744 ^0.59381 ^0.00333 ~-4.90443 ~-0.2894
execute if entity @s[tag=aj.yuji.camera_origin.camera] at @s on origin run tp @s ^0 ^0.005 ^0 ~0 ~0