execute if entity @s[tag=aj.yuji.locator_origin.head] at @s on origin run tp @s ^0 ^1.45477 ^-0.25652 ~0 ~-20
execute if entity @s[tag=aj.yuji.bone.torso] run data modify entity @s {} merge value {transformation:[-1f,4.188538737676991e-17f,1.1507915602278503e-16f,3.1414040532577434e-17f,0f,0.9396926207859084f,-0.34202014332566866f,1.4547694655894312f,-1.2246467991473532e-16f,-0.34202014332566866f,-0.9396926207859084f,-0.2565151074942515f,0f,0f,0f,1f],start_interpolation:0}
execute if entity @s[tag=aj.yuji.bone.bottom2] run data modify entity @s {} merge value {transformation:[-0.8103405667089278f,0.5541897248607883f,-0.19032055801877373f,-0.4880333500207328f,-0.5226719365838628f,-0.8304549153614124f,-0.19276586902183757f,1.2230444132462304f,-0.2648815068167806f,-0.056730788913900924f,0.9626107234680479f,-0.06363547220894097f,0f,0f,0f,1f],start_interpolation:0}
execute if entity @s[tag=aj.yuji.bone.rightarm] run data modify entity @s {} merge value {transformation:[-0.6539853428334038f,0.5386370643745803f,0.5311998533894844f,-0.3125f,-0.3922349515885747f,0.3589951610827059f,-0.8469204313697426f,1.3373078879911928f,-0.6468809118465191f,-0.7622286974400376f,-0.023505290627430953f,-0.21376258957854294f,0f,0f,0f,1f],start_interpolation:0}
execute if entity @s[tag=aj.yuji.bone.bottom] run data modify entity @s {} merge value {transformation:[-0.8103405285430145f,-0.5541896584854382f,0.19032091379672697f,0.4880333917825225f,0.5226718070081546f,-0.8304549631169619f,-0.19276601462196555f,1.2230443205346426f,0.2648818792583937f,-0.05673073824831537f,0.9626106239691844f,-0.06363559160207677f,0f,0f,0f,1f],start_interpolation:0}
execute if entity @s[tag=aj.yuji.bone.leftarm] run data modify entity @s {} merge value {transformation:[-0.6539848117557686f,-0.5386373641911476f,-0.5312002032096608f,0.3125f,0.39223511193060356f,0.35899549184355006f,-0.8469202169064065f,1.3373078879911928f,0.6468813515333078f,-0.7622283297891914f,-0.02350511232095348f,-0.21376258957854288f,0f,0f,0f,1f],start_interpolation:0}
execute if entity @s[tag=aj.yuji.bone.head] run data modify entity @s {} merge value {transformation:[-1f,8.27359385291814e-17f,9.029043306084034e-17f,3.1414040532577434e-17f,0f,0.7372773368101241f,-0.6755902076156601f,1.4547694655894312f,-1.2246467991473532e-16f,-0.6755902076156601f,-0.7372773368101241f,-0.2565151074942515f,0f,0f,0f,1f],start_interpolation:0}
execute if entity @s[tag=aj.yuji.locator_origin.mount] at @s on origin run tp @s ^0 ^0.59375 ^0 ~0 ~0
execute if entity @s[tag=aj.yuji.camera_origin.camera] at @s on origin run tp @s ^0 ^0.005 ^0 ~0 ~0