execute if entity @s[tag=aj.yuji.locator_origin.head] at @s on origin run tp @s ^0.04149 ^1.48073 ^0.1658 ~3.63515 ~12.22826
execute if entity @s[tag=aj.yuji.bone.torso] run data modify entity @s {} merge value {transformation:[-0.9958314438298927f,0.06693410627875156f,0.06196419043557326f,0.041485468937100464f,0.07865559766932503f,0.9741412209817717f,0.21180693694830752f,1.4807280399891296f,-0.04618476409978152f,0.21579783826722604f,-0.9753452007183097f,0.16580124089129025f,0f,0f,0f,1f],start_interpolation:0}
execute if entity @s[tag=aj.yuji.bone.bottom2] run data modify entity @s {} merge value {transformation:[-0.4512508733165652f,-0.8908699126613505f,0.05218666540213515f,-0.472196727975287f,-0.6533898668602759f,0.28999745330703325f,-0.6992733077701064f,1.2792571821432492f,0.6078275505563632f,-0.3496459291772067f,-0.7129469776880042f,0.257995605018472f,0f,0f,0f,1f],start_interpolation:0}
execute if entity @s[tag=aj.yuji.bone.rightarm] run data modify entity @s {} merge value {transformation:[-0.7913197031605582f,0.5786425039326688f,-0.1974486769578806f,-0.27807862054458493f,0.5603615024353346f,0.5572226935881257f,-0.6127787988653071f,1.3835402616380723f,-0.2445569749123926f,-0.5955465744951651f,-0.7651902793611365f,0.12439377232670529f,0f,0f,0f,1f],start_interpolation:0}
execute if entity @s[tag=aj.yuji.bone.bottom] run data modify entity @s {} merge value {transformation:[-0.8479234659952606f,-0.5201961830185748f,-0.10208686001386029f,0.5133214505105679f,-0.2350272777267393f,0.19627594143632787f,0.9519653005953744f,1.294748392988836f,-0.47517152117834494f,0.8311869139887782f,-0.28868726933287014f,-0.037194717039877534f,0f,0f,0f,1f],start_interpolation:0}
execute if entity @s[tag=aj.yuji.bone.leftarm] run data modify entity @s {} merge value {transformation:[-0.8846991475716153f,-0.45484688775297544f,-0.10208686001386029f,0.34431603184909804f,-0.21957470211885505f,0.21342215595334688f,0.9519653005953744f,1.3343805130947441f,-0.4112108564659662f,0.8646185818322767f,-0.28868726933287014f,0.15325924988906875f,0f,0f,0f,1f],start_interpolation:0}
execute if entity @s[tag=aj.yuji.bone.head] run data modify entity @s {} merge value {transformation:[-0.9967552746476797f,0.06479858381491757f,-0.04775003662417333f,0.041485468937100464f,0.04669000442792097f,0.9486812421795539f,0.3127681956708185f,1.4807280399891296f,0.06556650020055599f,0.30952389935550984f,-0.9486284782670247f,0.16580124089129025f,0f,0f,0f,1f],start_interpolation:0}
execute if entity @s[tag=aj.yuji.bone.bottom3] run data modify entity @s {} merge value {transformation:[-0.9533125530586289f,0.08244937256416839f,0.29051209466150263f,-0.20822522969427495f,0.09464201057876062f,0.9951133884803511f,0.028146649903024235f,0.5016034894818056f,-0.2867718012888448f,0.05432720341531144f,-0.956457259345457f,0.1852420122455844f,0f,0f,0f,1f],start_interpolation:0}
execute if entity @s[tag=aj.yuji.bone.rightleg] run data modify entity @s {} merge value {transformation:[-0.9533125530586289f,0.24232696020350736f,0.18020216574549458f,-0.12653985117406247f,0.09464201057876062f,0.8064074116909509f,-0.5837379345249981f,0.7530142930691104f,-0.2867718012888448f,-0.5394300054023959f,-0.7916926191756005f,0.01846245931539093f,0f,0f,0f,1f],start_interpolation:0}
execute if entity @s[tag=aj.yuji.bone.bottom4] run data modify entity @s {} merge value {transformation:[-0.9846629468866479f,-0.16428089606252266f,-0.05874238859117824f,0.1696775157696246f,-0.10374133343801108f,0.8220186078549474f,-0.559931374435044f,0.5495131861147675f,0.14027336441750365f,-0.5452496634837187f,-0.8264539840220297f,0.2238252669299197f,0f,0f,0f,1f],start_interpolation:0}
execute if entity @s[tag=aj.yuji.bone.leftleg] run data modify entity @s {} merge value {transformation:[-0.9846629468866479f,-0.17412397670863033f,-0.010941744087425972f,0.10910962963013607f,-0.10374133343801108f,0.6347684884982767f,-0.7657066682131718f,0.7472299554364914f,0.14027336441750365f,-0.7528278732517714f,-0.643096864002779f,-0.010556734933649442f,0f,0f,0f,1f],start_interpolation:0}
execute if entity @s[tag=aj.yuji.locator_origin.mount] at @s on origin run tp @s ^-0.01235 ^0.59392 ^0.0056 ~-7.03101 ~-0.43655
execute if entity @s[tag=aj.yuji.camera_origin.camera] at @s on origin run tp @s ^0 ^0.005 ^0 ~0 ~0