execute if entity @s[tag=aj.yuji.locator_origin.head] at @s on origin run tp @s ^0 ^1.44389 ^-0.28464 ~0 ~-22.304
execute if entity @s[tag=aj.yuji.bone.torso] run data modify entity @s {} merge value {transformation:[-1f,4.6477887222124767e-17f,1.1330226752358502e-16f,3.4858415416593577e-17f,0f,0.9251832250937206f,-0.3795207504276701f,1.4438874188202906f,-1.2246467991473532e-16f,-0.3795207504276701f,-0.9251832250937206f,-0.28464056282075256f,0f,0f,0f,1f],start_interpolation:0}
execute if entity @s[tag=aj.yuji.bone.bottom2] run data modify entity @s {} merge value {transformation:[-0.7762632817542628f,0.513292595638465f,-0.36598637770117826f,-0.5051099797981428f,-0.5549424192269201f,-0.8318235346348735f,0.010417224684125356f,1.2252993809249797f,-0.2990889980301437f,0.21118787486565985f,0.9305619016309724f,-0.10041240543701954f,0f,0f,0f,1f],start_interpolation:0}
execute if entity @s[tag=aj.yuji.bone.rightarm] run data modify entity @s {} merge value {transformation:[-0.5796345861529107f,0.6255312726543437f,0.5222397662633333f,-0.31249999999999994f,-0.43675336115061064f,0.30257219874673036f,-0.8471697386410906f,1.3282395156835753f,-0.6879463991176843f,-0.7191388541005183f,0.09782157463466637f,-0.23720046901729383f,0f,0f,0f,1f],start_interpolation:0}
execute if entity @s[tag=aj.yuji.bone.bottom] run data modify entity @s {} merge value {transformation:[-0.776263220397297f,-0.513292418236146f,0.3659867566452474f,0.5051100169729457f,0.5549422555044101f,-0.8318236464235877f,0.010417020027084264f,1.2252992664449835f,0.29908946105487527f,0.21118786573062465f,0.9305617548846765f,-0.10041254393478433f,0f,0f,0f,1f],start_interpolation:0}
execute if entity @s[tag=aj.yuji.bone.leftarm] run data modify entity @s {} merge value {transformation:[-0.5796339572280756f,-0.6255315785847636f,-0.5222400978681889f,0.31250000000000006f,0.4367535023412963f,0.302572621369043f,-0.8471695149086028f,1.3282395156835753f,0.6879468393856701f,-0.7191384101764553f,0.09782174189896473f,-0.23720046901729377f,0f,0f,0f,1f],start_interpolation:0}
execute if entity @s[tag=aj.yuji.bone.head] run data modify entity @s {} merge value {transformation:[-1f,9.133071389338259e-17f,8.158614175424445e-17f,3.4858415416593577e-17f,0f,0.6662014044461465f,-0.7457718744455184f,1.4438874188202906f,-1.2246467991473532e-16f,-0.7457718744455184f,-0.6662014044461465f,-0.28464056282075256f,0f,0f,0f,1f],start_interpolation:0}
execute if entity @s[tag=aj.yuji.locator_origin.mount] at @s on origin run tp @s ^0 ^0.59375 ^0 ~0 ~0
execute if entity @s[tag=aj.yuji.camera_origin.camera] at @s on origin run tp @s ^0 ^0.005 ^0 ~0 ~0