execute if entity @s[tag=aj.yuji.locator_origin.head] at @s on origin run tp @s ^0 ^1.45477 ^-0.25652 ~0 ~-20
execute if entity @s[tag=aj.yuji.bone.torso] run data modify entity @s {} merge value {transformation:[-1f,4.188538737676991e-17f,1.1507915602278503e-16f,3.1414040532577434e-17f,0f,0.9396926207859084f,-0.34202014332566866f,1.4547694655894312f,-1.2246467991473532e-16f,-0.34202014332566866f,-0.9396926207859084f,-0.2565151074942515f,0f,0f,0f,1f],start_interpolation:0}
execute if entity @s[tag=aj.yuji.bone.bottom2] run data modify entity @s {} merge value {transformation:[-0.8452928501842377f,0.48268068424054855f,0.22912737612185005f,-0.4090551059603481f,-0.5338963419883083f,-0.7463081490309871f,-0.39746552391552803f,1.1793769986619507f,-0.020849303079750473f,-0.45830503352136304f,0.8885503940745685f,-0.034482931756857516f,0f,0f,0f,1f],start_interpolation:0}
execute if entity @s[tag=aj.yuji.bone.rightarm] run data modify entity @s {} merge value {transformation:[-0.8629291434678087f,0.17048813797444018f,0.4756964243758012f,-0.3125f,-0.3158979695080758f,0.5527490649399499f,-0.7711529965374483f,1.3373078879911928f,-0.39441319224208127f,-0.815721929347262f,-0.42312642054992483f,-0.21376258957854294f,0f,0f,0f,1f],start_interpolation:0}
execute if entity @s[tag=aj.yuji.bone.bottom] run data modify entity @s {} merge value {transformation:[-0.8531428691121916f,-0.47421534097911977f,-0.21740987848548876f,0.41257893339786333f,0.5168077798739689f,-0.7114757913936218f,-0.4761427484720926f,1.1660374919858485f,0.07111233046917437f,-0.5185769071612005f,0.8520686755270177f,-0.04927274629903047f,0f,0f,0f,1f],start_interpolation:0}
execute if entity @s[tag=aj.yuji.bone.leftarm] run data modify entity @s {} merge value {transformation:[-0.8650913928052808f,-0.1840428853901332f,-0.46663165176774474f,0.3125f,0.2671603081664539f,0.6182915069797639f,-0.7391488227259094f,1.3373078879911928f,0.4245494692431317f,-0.7640967404288326f,-0.4857097069561286f,-0.21376258957854288f,0f,0f,0f,1f],start_interpolation:0}
execute if entity @s[tag=aj.yuji.bone.head] run data modify entity @s {} merge value {transformation:[-1f,8.27359385291814e-17f,9.029043306084034e-17f,3.1414040532577434e-17f,0f,0.7372773368101241f,-0.6755902076156601f,1.4547694655894312f,-1.2246467991473532e-16f,-0.6755902076156601f,-0.7372773368101241f,-0.2565151074942515f,0f,0f,0f,1f],start_interpolation:0}
execute if entity @s[tag=aj.yuji.locator_origin.mount] at @s on origin run tp @s ^0 ^0.59375 ^0 ~0 ~0
execute if entity @s[tag=aj.yuji.camera_origin.camera] at @s on origin run tp @s ^0 ^0.005 ^0 ~0 ~0