execute if entity @s[tag=aj.yuji.locator_origin.head] at @s on origin run tp @s ^0.05338 ^1.48071 ^0.16239 ~0.68045 ~12.06854
execute if entity @s[tag=aj.yuji.bone.torso] run data modify entity @s {} merge value {transformation:[-0.9961532486322674f,0.08685526782312096f,0.011613254959485897f,0.05338284347885934f,0.08736017934059744f,0.973988218780246f,0.20908167959642562f,1.4807147804911258f,0.006848671766024966f,0.209291930395459f,-0.9778292200412011f,0.16239088955601083f,0f,0f,0f,1f],start_interpolation:0}
execute if entity @s[tag=aj.yuji.bone.bottom2] run data modify entity @s {} merge value {transformation:[-0.9523582330673205f,-0.025762256872827724f,-0.30389159585238584f,-0.4021186930350472f,0.2989170183433464f,0.11887454169647099f,-0.9468460590197214f,1.3878671567749257f,0.06051786557385212f,-0.992575009486574f,-0.10551037147651762f,0.3588743355587495f,0f,0f,0f,1f],start_interpolation:0}
execute if entity @s[tag=aj.yuji.bone.rightarm] run data modify entity @s {} merge value {transformation:[-0.7983404820273321f,0.3338018308468982f,-0.5012273061991194f,-0.2687719551966144f,0.5667956545758819f,0.13529552329439393f,-0.8126732475788739f,1.3862663091875316f,-0.20345800724047347f,-0.9328834113112714f,-0.2972093204964821f,0.13836960818346125f,0f,0f,0f,1f],start_interpolation:0}
execute if entity @s[tag=aj.yuji.bone.bottom] run data modify entity @s {} merge value {transformation:[-0.981828538048621f,-0.1846066156793418f,0.043967252822156064f,0.461339762746427f,-0.12780565114021272f,0.814510920793482f,0.5658954633541257f,1.136026320097551f,-0.14027985389903225f,0.5499930520975461f,-0.8233038353089897f,0.0053584161739986536f,0f,0f,0f,1f],start_interpolation:0}
execute if entity @s[tag=aj.yuji.bone.leftarm] run data modify entity @s {} merge value {transformation:[-0.981828538048621f,-0.1846066156793418f,0.043967252822156064f,0.35382382519855277f,-0.12780565114021272f,0.814510920793482f,0.5658954633541257f,1.3316661970996582f,-0.14027985389903225f,0.5499930520975461f,-0.8233038353089897f,0.13408918832969566f,0f,0f,0f,1f],start_interpolation:0}
execute if entity @s[tag=aj.yuji.bone.head] run data modify entity @s {} merge value {transformation:[-0.9914743598450946f,0.08353780350484305f,-0.10000014577662471f,0.05338284347885934f,0.04932384784666767f,0.9509545743887047f,0.305372813922255f,1.4807147804911258f,0.1206057701909769f,0.29783692322273214f,-0.9469674837933231f,0.16239088955601083f,0f,0f,0f,1f],start_interpolation:0}
execute if entity @s[tag=aj.yuji.bone.bottom3] run data modify entity @s {} merge value {transformation:[-0.9805966951216457f,0.07791408084931968f,0.17988751352417923f,-0.18692732559225095f,0.09449885686606836f,0.9918435986513097f,0.08553503297144388f,0.48555235912997663f,-0.1717558952918718f,0.10087453504143318f,-0.9799613464890655f,0.17495005469487676f,0f,0f,0f,1f],start_interpolation:0}
execute if entity @s[tag=aj.yuji.bone.rightleg] run data modify entity @s {} merge value {transformation:[-0.9805966951216457f,0.16700271755786733f,0.10266554361027502f,-0.12861024701090712f,0.09449885686606836f,0.8615315908451007f,-0.49883191961513085f,0.7541903634136576f,-0.1717558952918718f,-0.4794511552850793f,-0.860596596628345f,0.026195043013863696f,0f,0f,0f,1f],start_interpolation:0}
execute if entity @s[tag=aj.yuji.bone.bottom4] run data modify entity @s {} merge value {transformation:[-0.9811033592209425f,-0.142671051655775f,-0.1306949484288418f,0.16486117673226613f,-0.06755578193918106f,0.8855626746131601f,-0.4595812938518844f,0.516541759727611f,0.18130751460424424f,-0.44206755179657964f,-0.878466769318345f,0.18800579217430763f,0f,0f,0f,1f],start_interpolation:0}
execute if entity @s[tag=aj.yuji.bone.leftleg] run data modify entity @s {} merge value {transformation:[-0.9811033592209425f,-0.17163599521021083f,-0.08931564069961609f,0.10509303223394437f,-0.06755578193918106f,0.7364394665847482f,-0.6731219268326929f,0.7462568693982249f,0.18130751460424424f,-0.6543683956339671f,-0.7341182383945108f,-0.015351159495030561f,0f,0f,0f,1f],start_interpolation:0}
execute if entity @s[tag=aj.yuji.locator_origin.mount] at @s on origin run tp @s ^-0.01666 ^0.59407 ^0.00768 ~-10.09709 ~-0.5009
execute if entity @s[tag=aj.yuji.camera_origin.camera] at @s on origin run tp @s ^0 ^0.005 ^0 ~0 ~0