execute if entity @s[tag=aj.yuji.locator_origin.head] at @s on origin run tp @s ^0.0412 ^1.49867 ^0.01795 ~35.75949 ~-0.7079
execute if entity @s[tag=aj.yuji.bone.torso] run data modify entity @s {} merge value {transformation:[-0.809673466731602f,0.05455495532254895f,0.5843394853341541f,0.041196337822312044f,0.05834249528973267f,0.9982201703036369f,-0.012354952138556318f,1.4986652490151275f,-0.5839734844273299f,0.02408834674138479f,-0.8114152580750931f,0.01795446750020937f,0f,0f,0f,1f],start_interpolation:0}
execute if entity @s[tag=aj.yuji.bone.bottom2] run data modify entity @s {} merge value {transformation:[-0.03044112344087457f,0.9790154421276868f,0.20149963295050416f,-0.19791866277335918f,0.7834090362513217f,0.148568103379224f,-0.6034880285292128f,1.2856852944865294f,-0.620760517368359f,0.13948577968320175f,-0.771492123966756f,-0.4013181188104612f,0f,0f,0f,1f],start_interpolation:0}
execute if entity @s[tag=aj.yuji.bone.rightarm] run data modify entity @s {} merge value {transformation:[-0.02646628925235306f,-0.08952588100618031f,0.9956327898192577f,-0.2186459899466322f,0.7802260760833436f,0.6207943710955771f,0.07656121090758491f,1.3921197575052147f,-0.6249374414553823f,0.7788449559739822f,0.05342030345370824f,-0.1675482897260043f,0f,0f,0f,1f],start_interpolation:0}
execute if entity @s[tag=aj.yuji.bone.bottom] run data modify entity @s {} merge value {transformation:[0.22482415478807954f,0.9467949531083512f,-0.2302898525605961f,0.21650665328903387f,0.4114164406941413f,-0.30647760785977496f,-0.858375202465166f,1.2540087654740892f,-0.8832839926945298f,0.09823844791681832f,-0.45843057882356053f,0.42337383524652955f,0f,0f,0f,1f],start_interpolation:0}
execute if entity @s[tag=aj.yuji.bone.leftarm] run data modify entity @s {} merge value {transformation:[-0.8388326350333098f,0.4932812526446684f,-0.2302898525605961f,0.2873999267606191f,0.41390218081209684f,0.303112184697145f,-0.858375202465166f,1.3556556979491314f,-0.3536167347879119f,-0.8153506051248328f,-0.45843057882356053f,0.19743513804107685f,0f,0f,0f,1f],start_interpolation:0}
execute if entity @s[tag=aj.yuji.bone.head] run data modify entity @s {} merge value {transformation:[-0.9064485807789848f,-0.043877049527769434f,0.42003068331789994f,0.041196337822312044f,-0.06474605456311898f,0.9972683687257543f,-0.03554924974711687f,1.4986652490151275f,-0.4173235181753766f,-0.05941889652131667f,-0.9068133633300267f,0.01795446750020937f,0f,0f,0f,1f],start_interpolation:0}
execute if entity @s[tag=aj.yuji.bone.bottom3] run data modify entity @s {} merge value {transformation:[-0.9297132491100862f,0.353262473593818f,-0.10411003400030075f,-0.1909106669201584f,-0.07121457791325195f,0.10490950322018483f,0.9919286668035818f,0.5357888855453898f,0.3613333064108596f,0.9296233758272601f,-0.07237831715178805f,-0.23467161511118553f,0f,0f,0f,1f],start_interpolation:0}
execute if entity @s[tag=aj.yuji.bone.rightleg] run data modify entity @s {} merge value {transformation:[-0.9297132491100862f,0.21823223922474114f,-0.2966613628232063f,-0.11690238435548876f,-0.07121457791325195f,0.6837898986277714f,0.7261954684706173f,0.7499183199785262f,0.3613333064108596f,0.6962801622174636f,-0.6201872115584282f,-0.019342397583296023f,0f,0f,0f,1f],start_interpolation:0}
execute if entity @s[tag=aj.yuji.bone.bottom4] run data modify entity @s {} merge value {transformation:[-0.8585542962587919f,-0.3338690468698045f,0.3891220630057091f,0.18970492863452532f,0.3263806657099021f,0.22942748225236292f,0.916972568530871f,0.6003169153328834f,-0.3954240526654037f,0.9142726562298525f,-0.08800754879030667f,-0.24554475690710495f,0f,0f,0f,1f],start_interpolation:0}
execute if entity @s[tag=aj.yuji.bone.leftleg] run data modify entity @s {} merge value {transformation:[-0.8585542962587919f,-0.214004279253179f,0.46592562586414815f,0.11746262701628944f,0.3263806657099021f,0.4727204099286512f,0.8185420423458096f,0.7500819225962738f,-0.3954240526654037f,0.8548319030652842f,-0.33600927974604045f,0.01911881247163758f,0f,0f,0f,1f],start_interpolation:0}
execute if entity @s[tag=aj.yuji.locator_origin.mount] at @s on origin run tp @s ^0.0004 ^0.59375 ^-0.00016 ~9.31962 ~0.02379
execute if entity @s[tag=aj.yuji.camera_origin.camera] at @s on origin run tp @s ^0 ^0.005 ^0 ~0 ~0