execute if entity @s[tag=aj.yuji.locator_origin.head] at @s on origin run tp @s ^0.01152 ^1.47838 ^0.1784 ~10.78514 ~13.36821
execute if entity @s[tag=aj.yuji.bone.torso] run data modify entity @s {} merge value {transformation:[-0.9831682274553835f,0.015355644370003968f,0.18205614713110171f,0.011516733277502977f,0.05798181642777836f,0.9711750146448597f,0.23120813111413727f,1.4783812609836446f,-0.17325803151939248f,0.23787243454326237f,-0.9557187658503346f,0.1784043259074468f,0f,0f,0f,1f],start_interpolation:0}
execute if entity @s[tag=aj.yuji.bone.bottom2] run data modify entity @s {} merge value {transformation:[-0.6912673807665123f,-0.6715724543703558f,0.26672054067728257f,-0.4746363023598055f,-0.6996243813025889f,0.5296909310497102f,-0.4795344019469935f,1.1940235069683682f,0.18076264374913123f,-0.51809068327337f,-0.8360065254112297f,0.14237596966627852f,0f,0f,0f,1f],start_interpolation:0}
execute if entity @s[tag=aj.yuji.bone.rightarm] run data modify entity @s {} merge value {transformation:[-0.8601559933102355f,0.4929350377174435f,0.13094546866151813f,-0.29764279334855487f,0.41859453168385874f,0.8289694121943635f,-0.3709290116592423f,1.375103701786718f,-0.29139369453859687f,-0.264243755340848f,-0.9193829194337432f,0.09452713673972885f,0f,0f,0f,1f],start_interpolation:0}
execute if entity @s[tag=aj.yuji.bone.bottom] run data modify entity @s {} merge value {transformation:[-0.7861133315932783f,-0.6171410099279854f,-0.03409990845123484f,0.5057137587609573f,-0.2414055145564835f,0.25577759181138976f,0.9361096095377321f,1.2835411775560954f,-0.5689896373687624f,0.7441201498361889f,-0.35005141790133043f,0.03646672305065335f,0f,0f,0f,1f],start_interpolation:0}
execute if entity @s[tag=aj.yuji.bone.leftarm] run data modify entity @s {} merge value {transformation:[-0.8369093161327756f,-0.546278310766396f,-0.03409990845123484f,0.3168373488110598f,-0.21819440769874954f,0.2758441577777321f,0.9361096095377321f,1.3388650665193567f,-0.5019701156634343f,0.7908792624706418f,-0.35005141790133043f,0.20281340643934914f,0f,0f,0f,1f],start_interpolation:0}
execute if entity @s[tag=aj.yuji.bone.head] run data modify entity @s {} merge value {transformation:[-0.9979708378446137f,-0.003222187033743669f,0.06359107109051888f,0.011516733277502977f,0.01755724666280379f,0.9460742123166163f,0.32347384419627423f,1.4783812609836446f,-0.06120416571885705f,0.3239339474340619f,-0.9440979015962513f,0.1784043259074468f,0f,0f,0f,1f],start_interpolation:0}
execute if entity @s[tag=aj.yuji.bone.bottom3] run data modify entity @s {} merge value {transformation:[-0.9380318491541564f,0.02589068243733525f,0.34558055867679116f,-0.1931830961711565f,0.06617796999138363f,0.9922367526031828f,0.10529341418773447f,0.4775428043141326f,-0.3401716129547755f,0.12163839585599334f,-0.9324630686484731f,0.13387345970493308f,0f,0f,0f,1f],start_interpolation:0}
execute if entity @s[tag=aj.yuji.bone.rightleg] run data modify entity @s {} merge value {transformation:[-0.9380318491541564f,0.2194252707646177f,0.268232735739522f,-0.11875f,0.06617796999138363f,0.8731865855946033f,-0.48287230509261786f,0.75f,-0.3401716129547755f,-0.43519850331488147f,-0.8335979465259218f,-1.4542680739874818e-17f,0f,0f,0f,1f],start_interpolation:0}
execute if entity @s[tag=aj.yuji.bone.bottom4] run data modify entity @s {} merge value {transformation:[-0.9948789795978258f,-0.09264029800020432f,0.040417708257918995f,0.1496626135402883f,-0.10090069237163508f,0.8869526087329314f,-0.4507040272071823f,0.5193557401010797f,0.005904763611997762f,-0.452474137435811f,-0.8917579765375836f,0.208669471173404f,0f,0f,0f,1f],start_interpolation:0}
execute if entity @s[tag=aj.yuji.bone.leftleg] run data modify entity @s {} merge value {transformation:[-0.9948789795978258f,-0.07902278373696602f,0.06301758171216675f,0.11875f,-0.10090069237163508f,0.7400796455239779f,-0.6649068871353552f,0.75f,0.005904763611997762f,-0.6678604030271327f,-0.7442631361522096f,1.4542680739874818e-17f,0f,0f,0f,1f],start_interpolation:0}
execute if entity @s[tag=aj.yuji.locator_origin.mount] at @s on origin run tp @s ^0 ^0.59375 ^0 ~0 ~0
execute if entity @s[tag=aj.yuji.camera_origin.camera] at @s on origin run tp @s ^0 ^0.005 ^0 ~0 ~0