execute if entity @s[tag=aj.yuji.locator_origin.head] at @s on origin run tp @s ^0 ^1.44733 ^-0.27609 ~0 ~-21.6
execute if entity @s[tag=aj.yuji.bone.torso] run data modify entity @s {} merge value {transformation:[-1f,4.508225551328421e-17f,1.1386477973655213e-16f,3.381169163496316e-17f,0f,0.9297764858882513f,-0.368124552684678f,1.4473323644161886f,-1.2246467991473532e-16f,-0.368124552684678f,-0.9297764858882513f,-0.2760934145135085f,0f,0f,0f,1f],start_interpolation:0}
execute if entity @s[tag=aj.yuji.bone.bottom2] run data modify entity @s {} merge value {transformation:[-0.7570689913762271f,0.566115890509986f,-0.3261277982764857f,-0.49832540944813347f,-0.5639967705882911f,-0.818263132189472f,-0.11114445224775471f,1.217742732769812f,-0.32977899427125534f,0.09979100666673649f,0.9387691781933826f,-0.09215409450256135f,0f,0f,0f,1f],start_interpolation:0}
execute if entity @s[tag=aj.yuji.bone.rightarm] run data modify entity @s {} merge value {transformation:[-0.5889383526942554f,0.5960670496189703f,0.5457615679802975f,-0.31249999999999994f,-0.4234308668446005f,0.34761256693023024f,-0.8365834114512469f,1.331110303680157f,-0.6883733854014163f,-0.7237883500518038f,0.04767081497395259f,-0.23007784542792376f,0f,0f,0f,1f],start_interpolation:0}
execute if entity @s[tag=aj.yuji.bone.bottom] run data modify entity @s {} merge value {transformation:[-0.7570689204857446f,-0.5661157757654004f,0.326128162022368f,0.49832544361631714f,0.5639966186909843f,-0.8182632099478651f,-0.11114465057280976f,1.2177426254300328f,0.32977941679202116f,0.09979102001359871f,0.9387690283477398f,-0.09215422876647128f,0f,0f,0f,1f],start_interpolation:0}
execute if entity @s[tag=aj.yuji.bone.leftarm] run data modify entity @s {} merge value {transformation:[-0.5889377396204695f,-0.5960673395601509f,-0.5457619128891423f,0.31250000000000006f,0.4234310094739053f,0.3476129606320205f,-0.8365831756714635f,1.331110303680157f,0.6883738221828614f,-0.723787922191525f,0.04767100400697835f,-0.2300778454279237f,0f,0f,0f,1f],start_interpolation:0}
execute if entity @s[tag=aj.yuji.bone.head] run data modify entity @s {} merge value {transformation:[-1f,8.982694260814078e-17f,8.32389224359155e-17f,3.381169163496316e-17f,0f,0.6796973829015001f,-0.7334926500496454f,1.4473323644161886f,-1.2246467991473532e-16f,-0.7334926500496454f,-0.6796973829015001f,-0.2760934145135085f,0f,0f,0f,1f],start_interpolation:0}
execute if entity @s[tag=aj.yuji.locator_origin.mount] at @s on origin run tp @s ^0 ^0.59375 ^0 ~0 ~0
execute if entity @s[tag=aj.yuji.camera_origin.camera] at @s on origin run tp @s ^0 ^0.005 ^0 ~0 ~0