execute if entity @s[tag=aj.yuji.locator_origin.head] at @s on origin run tp @s ^0 ^1.44733 ^-0.27609 ~0 ~-21.6
execute if entity @s[tag=aj.yuji.bone.torso] run data modify entity @s {} merge value {transformation:[-1f,4.508225551328421e-17f,1.1386477973655213e-16f,3.381169163496316e-17f,0f,0.9297764858882513f,-0.368124552684678f,1.4473323644161886f,-1.2246467991473532e-16f,-0.368124552684678f,-0.9297764858882513f,-0.2760934145135085f,0f,0f,0f,1f],start_interpolation:0}
execute if entity @s[tag=aj.yuji.bone.bottom2] run data modify entity @s {} merge value {transformation:[-0.7993384508744162f,0.5241513967248506f,-0.29380836316394504f,-0.498174759709596f,-0.5388045105332276f,-0.841675593306465f,-0.035663637801814044f,1.225969854975278f,-0.2659844739505246f,0.12979795431207006f,0.9551988016500358f,-0.08559040772858445f,0f,0f,0f,1f],start_interpolation:0}
execute if entity @s[tag=aj.yuji.bone.rightarm] run data modify entity @s {} merge value {transformation:[-0.6161348646406773f,0.5886653226782149f,0.5233077167884754f,-0.31249999999999994f,-0.4210932754047789f,0.3152884759683214f,-0.8504549549096929f,1.331110303680157f,-0.6656262329439016f,-0.7443563090333326f,0.053622786380273485f,-0.23007784542792376f,0f,0f,0f,1f],start_interpolation:0}
execute if entity @s[tag=aj.yuji.bone.bottom] run data modify entity @s {} merge value {transformation:[-0.7993384123978271f,-0.5241512470948982f,0.2938087347819738f,0.49817480051008034f,0.5388043583088511f,-0.8416756834740754f,-0.03566380960911905f,1.2259697494234305f,0.2659848979410457f,0.12979797385672528f,0.955198680929774f,-0.08559053696752567f,0f,0f,0f,1f],start_interpolation:0}
execute if entity @s[tag=aj.yuji.bone.leftarm] run data modify entity @s {} merge value {transformation:[-0.6161342821835439f,-0.5886656314944353f,-0.5233080551791907f,0.31250000000000006f,0.4210934302644524f,0.31528885946079316f,-0.8504547360606729f,1.331110303680157f,0.6656266741246821f,-0.7443559023727627f,0.053622954940437784f,-0.2300778454279237f,0f,0f,0f,1f],start_interpolation:0}
execute if entity @s[tag=aj.yuji.bone.head] run data modify entity @s {} merge value {transformation:[-1f,8.84197178244928e-17f,8.47322331020235e-17f,3.381169163496316e-17f,0f,0.6918911898599448f,-0.7220017876668934f,1.4473323644161886f,-1.2246467991473532e-16f,-0.7220017876668934f,-0.6918911898599448f,-0.2760934145135085f,0f,0f,0f,1f],start_interpolation:0}
execute if entity @s[tag=aj.yuji.locator_origin.mount] at @s on origin run tp @s ^0 ^0.59375 ^0 ~0 ~0
execute if entity @s[tag=aj.yuji.camera_origin.camera] at @s on origin run tp @s ^0 ^0.005 ^0 ~0 ~0