execute if entity @s[tag=aj.yuji.locator_origin.head] at @s on origin run tp @s ^-0.0059 ^1.49587 ^-0.07841 ~-1.79607 ~-6.01271
execute if entity @s[tag=aj.yuji.bone.torso] run data modify entity @s {} merge value {transformation:[-0.9994831113608847f,-0.007871036931459127f,-0.03116980721770333f,-0.005903277698594345f,-0.0045650036674391905f,0.9944882032634148f,-0.10474910172130897f,1.4958661524475612f,0.03182248962418639f,-0.10455266781640951f,-0.9940100949218725f,-0.07841450086230714f,0f,0f,0f,1f],start_interpolation:0}
execute if entity @s[tag=aj.yuji.bone.bottom2] run data modify entity @s {} merge value {transformation:[-0.9723458146949335f,-0.1698769391227122f,0.1602667844549968f,-0.3573459616153333f,-0.23276737313243434f,0.7608894861880857f,-0.6056950881536494f,1.1268404983502407f,-0.019051683659775907f,-0.6262499623654514f,-0.7793895162157356f,0.01949979385537353f,0f,0f,0f,1f],start_interpolation:0}
execute if entity @s[tag=aj.yuji.bone.rightarm] run data modify entity @s {} merge value {transformation:[-0.9924031071928365f,-0.08774841186662984f,0.08623392052369919f,-0.31725787038243847f,-0.11020795802831491f,0.9456002706661973f,-0.3060953023214233f,1.3701285633935596f,-0.05468344192927645f,-0.31327359341460403f,-0.9480872200635703f,-0.055400889377697694f,0f,0f,0f,1f],start_interpolation:0}
execute if entity @s[tag=aj.yuji.bone.bottom] run data modify entity @s {} merge value {transformation:[-0.988065944863951f,-0.03680063900651367f,-0.1495707243039892f,0.371499565892108f,0.061111246403749986f,0.7976879500934226f,-0.5999661239092864f,1.1263949420264072f,0.14138990120616057f,-0.6019465484945199f,-0.7859193651975034f,-0.03662580215319662f,0f,0f,0f,1f],start_interpolation:0}
execute if entity @s[tag=aj.yuji.bone.leftarm] run data modify entity @s {} merge value {transformation:[-0.9893661258875044f,-0.008980435224097588f,-0.1451689385837642f,0.30741907421811454f,0.018964864876903617f,0.9816057784179806f,-0.18997481326910448f,1.3729816906857089f,0.1442047254654011f,-0.19070775432482057f,-0.9709971934016247f,-0.0752899453928142f,0f,0f,0f,1f],start_interpolation:0}
execute if entity @s[tag=aj.yuji.bone.head] run data modify entity @s {} merge value {transformation:[-0.9998502822952653f,0.000039318699411809276f,-0.017303509705203893f,-0.005903277698594345f,0.0038093004915774617f,0.9759646766678809f,-0.217895477526092f,1.4958661524475612f,0.016879046887874807f,-0.21792876898335078f,-0.975818707253329f,-0.07841450086230714f,0f,0f,0f,1f],start_interpolation:0}
execute if entity @s[tag=aj.yuji.locator_origin.mount] at @s on origin run tp @s ^0 ^0.59375 ^0 ~0 ~0
execute if entity @s[tag=aj.yuji.camera_origin.camera] at @s on origin run tp @s ^0 ^0.005 ^0 ~0 ~0