execute if entity @s[tag=aj.yuji.locator_origin.head] at @s on origin run tp @s ^0 ^1.44452 ^-0.28309 ~0 ~-22.176
execute if entity @s[tag=aj.yuji.bone.torso] run data modify entity @s {} merge value {transformation:[-1f,4.622465175545888e-17f,1.1340581729657931e-16f,3.4668488816594164e-17f,0f,0.9260287731575901f,-0.37745292591825075f,1.4445215798681925f,-1.2246467991473532e-16f,-0.37745292591825075f,-0.9260287731575901f,-0.28308969443868803f,0f,0f,0f,1f],start_interpolation:0}
execute if entity @s[tag=aj.yuji.bone.bottom2] run data modify entity @s {} merge value {transformation:[-0.747280327619565f,0.5501862682097092f,-0.37264887256809054f,-0.5028312897384308f,-0.57215914149596f,-0.8179271649635239f,-0.06024175974635965f,1.2183477346079754f,-0.3379438248517072f,0.16819697704835743f,0.9260149826846173f,-0.10179014983705553f,0f,0f,0f,1f],start_interpolation:0}
execute if entity @s[tag=aj.yuji.bone.rightarm] run data modify entity @s {} merge value {transformation:[-0.5684922759126837f,0.6192020899755527f,0.541668998556798f,-0.31249999999999994f,-0.43457126281046143f,0.33303817875945796f,-0.836799491531815f,1.3287679832234938f,-0.6985444508167951f,-0.7111078281516037f,0.07975780196677343f,-0.23590807869890676f,0f,0f,0f,1f],start_interpolation:0}
execute if entity @s[tag=aj.yuji.bone.bottom] run data modify entity @s {} merge value {transformation:[-0.747280248857967f,-0.5501861253316951f,0.3726492414580648f,0.5028313223438767f,0.5721589798630846f,-0.8179272621696685f,-0.06024197508103968f,1.2183476213864197f,0.33794427266756444f,0.16819697170914372f,0.9260148202264713f,-0.10179028932478609f,0f,0f,0f,1f],start_interpolation:0}
execute if entity @s[tag=aj.yuji.bone.leftarm] run data modify entity @s {} merge value {transformation:[-0.5684916365979386f,-0.619202380226022f,-0.5416693377334793f,0.31250000000000006f,0.43457139839803116f,0.33303859774878797f,-0.8367992543638532f,1.3287679832234938f,0.6985448867557309f,-0.7111073791854151f,0.07975798678172077f,-0.2359080786989067f,0f,0f,0f,1f],start_interpolation:0}
execute if entity @s[tag=aj.yuji.bone.head] run data modify entity @s {} merge value {transformation:[-1f,9.186731351799928e-17f,8.098144561320329e-17f,3.4668488816594164e-17f,0f,0.661263685738498f,-0.7501535428987435f,1.4445215798681925f,-1.2246467991473532e-16f,-0.7501535428987435f,-0.661263685738498f,-0.28308969443868803f,0f,0f,0f,1f],start_interpolation:0}
execute if entity @s[tag=aj.yuji.locator_origin.mount] at @s on origin run tp @s ^0 ^0.59375 ^0 ~0 ~0
execute if entity @s[tag=aj.yuji.camera_origin.camera] at @s on origin run tp @s ^0 ^0.005 ^0 ~0 ~0