execute if entity @s[tag=aj.yuji.locator_origin.head] at @s on origin run tp @s ^0 ^1.44309 ^-0.28658 ~0 ~-22.464
execute if entity @s[tag=aj.yuji.bone.torso] run data modify entity @s {} merge value {transformation:[-1f,4.679410520787146e-17f,1.1317203516952954e-16f,3.509557890590359e-17f,0f,0.9241197972209156f,-0.3821028662341774f,1.4430898479156866f,-1.2246467991473532e-16f,-0.3821028662341774f,-0.9241197972209156f,-0.286577149675633f,0f,0f,0f,1f],start_interpolation:0}
execute if entity @s[tag=aj.yuji.bone.bottom2] run data modify entity @s {} merge value {transformation:[-0.7513480982437704f,0.5307517916475025f,-0.3921461091588641f,-0.5056552564718997f,-0.5708200765510142f,-0.8208917641479225f,-0.017353724683938795f,1.2206765409884612f,-0.33112003181892186f,0.21080618401052154f,0.9197392441943305f,-0.10588557570941282f,0f,0f,0f,1f],start_interpolation:0}
execute if entity @s[tag=aj.yuji.bone.rightarm] run data modify entity @s {} merge value {transformation:[-0.5619335975855723f,0.632137626491206f,0.5335097497502748f,-0.31249999999999994f,-0.4401799424084814f,0.31754834349632377f,-0.8398837228116801f,1.3275748732630723f,-0.7003372403391114f,-0.7067991728325702f,0.0998132209549048f,-0.2388142913963609f,0f,0f,0f,1f],start_interpolation:0}
execute if entity @s[tag=aj.yuji.bone.bottom] run data modify entity @s {} merge value {transformation:[-0.7513480199599185f,-0.5307516260929929f,0.39214648322017853f,0.5056552896056743f,0.5708199099415797f,-0.8208918753398543f,-0.017353945237418525f,1.2206764245988684f,0.33112049667242976f,0.21080616784302228f,0.9197390805455329f,-0.10588571745330433f,0f,0f,0f,1f],start_interpolation:0}
execute if entity @s[tag=aj.yuji.bone.leftarm] run data modify entity @s {} merge value {transformation:[-0.5619329487713726f,-0.632137921229854f,-0.5335100839049894f,0.31250000000000006f,0.440180075797582f,0.3175487757074204f,-0.8398834894897941f,1.3275748732630723f,0.7003376770929468f,-0.7067987150454628f,0.09981339816947304f,-0.23881429139636084f,0f,0f,0f,1f],start_interpolation:0}
execute if entity @s[tag=aj.yuji.bone.head] run data modify entity @s {} merge value {transformation:[-1f,9.258751692696973e-17f,8.01570304833997e-17f,3.509557890590359e-17f,0f,0.6545318253328891f,-0.7560344500261853f,1.4430898479156866f,-1.2246467991473532e-16f,-0.7560344500261853f,-0.6545318253328891f,-0.286577149675633f,0f,0f,0f,1f],start_interpolation:0}
execute if entity @s[tag=aj.yuji.locator_origin.mount] at @s on origin run tp @s ^0 ^0.59375 ^0 ~0 ~0
execute if entity @s[tag=aj.yuji.camera_origin.camera] at @s on origin run tp @s ^0 ^0.005 ^0 ~0 ~0