execute if entity @s[tag=aj.yuji.locator_origin.head] at @s on origin run tp @s ^0 ^1.44625 ^-0.27882 ~0 ~-21.824
execute if entity @s[tag=aj.yuji.bone.torso] run data modify entity @s {} merge value {transformation:[-1f,4.552706847931709e-17f,1.1368765923484462e-16f,3.414530135948782e-17f,0f,0.9283301872343797f,-0.37175672619252187f,1.4462476404257847f,-1.2246467991473532e-16f,-0.37175672619252187f,-0.9283301872343797f,-0.2788175446443914f,0f,0f,0f,1f],start_interpolation:0}
execute if entity @s[tag=aj.yuji.bone.bottom2] run data modify entity @s {} merge value {transformation:[-0.793963663167178f,0.5193008281647663f,-0.31614609192198406f,-0.5005580049429386f,-0.5426222878007996f,-0.839810032557511f,-0.016738040434240764f,1.2262868323803502f,-0.2741947380092879f,0.1582585197805788f,0.9485628532495239f,-0.09007649820598301f,0f,0f,0f,1f],start_interpolation:0}
execute if entity @s[tag=aj.yuji.bone.rightarm] run data modify entity @s {} merge value {transformation:[-0.6053787318926521f,0.6008873367985912f,0.5219683893179172f,-0.31249999999999994f,-0.42619939316442634f,0.3091282902734426f,-0.8501727926832832f,1.3302063670214874f,-0.6722132609807092f,-0.73713913790255f,0.06895812594586748f,-0.2323479538703262f,0f,0f,0f,1f],start_interpolation:0}
execute if entity @s[tag=aj.yuji.bone.bottom] run data modify entity @s {} merge value {transformation:[-0.7939636186411178f,-0.5193006678820737f,0.3161464670236467f,0.5005580449801118f,0.542622131958089f,-0.839810129631473f,-0.01673822205691998f,1.2262867239417894f,0.27419517534697824f,0.15825853059345812f,0.9485627250271008f,-0.09007663033516528f,0f,0f,0f,1f],start_interpolation:0}
execute if entity @s[tag=aj.yuji.bone.leftarm] run data modify entity @s {} merge value {transformation:[-0.6053781353791172f,-0.6008876460756678f,-0.5219687251153522f,0.31250000000000006f,0.42619954427960016f,0.3091286862488922f,-0.8501725729485133f,1.3302063670214874f,0.6722137023750443f,-0.7371387197344045f,0.06895829324714081f,-0.23234795387032614f,0f,0f,0f,1f],start_interpolation:0}
execute if entity @s[tag=aj.yuji.bone.head] run data modify entity @s {} merge value {transformation:[-1f,8.929304011988523e-17f,8.381140025537784e-17f,3.414530135948782e-17f,0f,0.6843720190485174f,-0.7291330053861612f,1.4462476404257847f,-1.2246467991473532e-16f,-0.7291330053861612f,-0.6843720190485174f,-0.2788175446443914f,0f,0f,0f,1f],start_interpolation:0}
execute if entity @s[tag=aj.yuji.locator_origin.mount] at @s on origin run tp @s ^0 ^0.59375 ^0 ~0 ~0
execute if entity @s[tag=aj.yuji.camera_origin.camera] at @s on origin run tp @s ^0 ^0.005 ^0 ~0 ~0