execute if entity @s[tag=aj.yuji.locator_origin.head] at @s on origin run tp @s ^0 ^1.45303 ^-0.26123 ~0 ~-20.384
execute if entity @s[tag=aj.yuji.bone.torso] run data modify entity @s {} merge value {transformation:[-1f,4.2655708815890114e-17f,1.147958550298423e-16f,3.1991781611917584e-17f,0f,0.9373792926235356f,-0.3483102952262536f,1.4530344694676516f,-1.2246467991473532e-16f,-0.3483102952262536f,-0.9373792926235356f,-0.26123272141969023f,0f,0f,0f,1f],start_interpolation:0}
execute if entity @s[tag=aj.yuji.bone.bottom2] run data modify entity @s {} merge value {transformation:[-0.8320011700525461f,0.5542667635901264f,-0.023715138846752158f,-0.4563620927019443f,-0.5338047028521499f,-0.8114633101770418f,-0.2378651623282509f,1.205393509154344f,-0.1510847187644135f,-0.18524484072665562f,0.9710086285610615f,-0.048318888909611196f,0f,0f,0f,1f],start_interpolation:0}
execute if entity @s[tag=aj.yuji.bone.rightarm] run data modify entity @s {} merge value {transformation:[-0.7481066466165632f,0.38842170915363633f,0.5380195360266097f,-0.3125f,-0.36960189650762976f,0.4294737208145555f,-0.8239822578354854f,1.3358620578897098f,-0.5511178489090004f,-0.8152796446544395f,-0.17773074474059627f,-0.21769393451640853f,0f,0f,0f,1f],start_interpolation:0}
execute if entity @s[tag=aj.yuji.bone.bottom] run data modify entity @s {} merge value {transformation:[-0.8322281907207156f,-0.5539347229395072f,0.02350662229363055f,0.4563560317915195f,0.529552478054675f,-0.8067247588284098f,-0.262239082669606f,1.201216651806214f,0.1642267078031987f,-0.20579476722009904f,0.964716591662519f,-0.05161471625654376f,0f,0f,0f,1f],start_interpolation:0}
execute if entity @s[tag=aj.yuji.bone.leftarm] run data modify entity @s {} merge value {transformation:[-0.7483966721607822f,-0.3883249591258826f,-0.5376859187467607f,0.3125f,0.35535421623737906f,0.4497430702746391f,-0.8194233043685412f,1.3358620578897098f,0.5600230371163178f,-0.8043226323185383f,-0.1985933056253224f,-0.21769393451640848f,0f,0f,0f,1f],start_interpolation:0}
execute if entity @s[tag=aj.yuji.bone.head] run data modify entity @s {} merge value {transformation:[-1f,8.403729454037488e-17f,8.908047458872708e-17f,3.1991781611917584e-17f,0f,0.72739727610237f,-0.6862165858669204f,1.4530344694676516f,-1.2246467991473532e-16f,-0.6862165858669204f,-0.72739727610237f,-0.26123272141969023f,0f,0f,0f,1f],start_interpolation:0}
execute if entity @s[tag=aj.yuji.locator_origin.mount] at @s on origin run tp @s ^0 ^0.59375 ^0 ~0 ~0
execute if entity @s[tag=aj.yuji.camera_origin.camera] at @s on origin run tp @s ^0 ^0.005 ^0 ~0 ~0