execute if entity @s[tag=aj.yuji.locator_origin.head] at @s on origin run tp @s ^0.01401 ^1.48422 ^0.1524 ~9.04573 ~11.41932
execute if entity @s[tag=aj.yuji.bone.torso] run data modify entity @s {} merge value {transformation:[-0.9878769827224724f,0.018682711736012547f,0.15411042563478033f,0.01401203380200941f,0.049400496681099235f,0.9789588142133311f,0.19798795670870825f,1.4842191106599985f,-0.14716880761494538f,0.20320087685887991f,-0.9680138148337437f,0.15240065764415994f,0f,0f,0f,1f],start_interpolation:0}
execute if entity @s[tag=aj.yuji.bone.bottom2] run data modify entity @s {} merge value {transformation:[-0.9874542800717327f,0.08119020209909059f,0.13543336313894355f,-0.35501070887088326f,0.1148610638727769f,0.957870582403814f,0.26323161544805346f,1.1363081370543833f,-0.10835580636970953f,0.27548520549838396f,-0.9551789993385967f,0.010481718286945996f,0f,0f,0f,1f],start_interpolation:0}
execute if entity @s[tag=aj.yuji.bone.rightarm] run data modify entity @s {} merge value {transformation:[-0.9906457399109698f,-0.015758048557268735f,0.1355459401897157f,-0.2970348622657648f,0.018543132581589565f,0.9685508913125663f,0.24812360462417693f,1.3772869140961754f,-0.13519308499442126f,0.24831603823212875f,-0.959198610782142f,0.08101029565712951f,0f,0f,0f,1f],start_interpolation:0}
execute if entity @s[tag=aj.yuji.bone.bottom] run data modify entity @s {} merge value {transformation:[-0.9914156410046218f,0.011306770855910968f,0.13025814256393733f,0.36862669129668235f,0.028353588141901476f,0.9911386345493565f,0.12977010881985424f,1.094699506294565f,-0.12763659667538357f,0.13234940134526224f,-0.982950932220259f,0.14615196656255258f,0f,0f,0f,1f],start_interpolation:0}
execute if entity @s[tag=aj.yuji.bone.leftarm] run data modify entity @s {} merge value {transformation:[-0.9899788385762899f,0.05454095220046498f,0.13025814256393733f,0.32038825193578047f,0.07155946184178975f,0.9889585240432466f,0.12977010881985424f,1.3464116036704885f,-0.12174211511245349f,0.1377908641937845f,-0.982950932220259f,0.17299080041647036f,0f,0f,0f,1f],start_interpolation:0}
execute if entity @s[tag=aj.yuji.bone.head] run data modify entity @s {} merge value {transformation:[-0.9987380492878213f,0.0034016308473394825f,0.05010726306969905f,0.01401203380200941f,0.01729807233330698f,0.9599558730406902f,0.2796166992656875f,1.4842191106599985f,-0.047149608676099075f,0.28013059583391575f,-0.9588032976994948f,0.15240065764415994f,0f,0f,0f,1f],start_interpolation:0}
execute if entity @s[tag=aj.yuji.bone.bottom3] run data modify entity @s {} merge value {transformation:[-0.9997899624549135f,-0.004226636916904575f,-0.020054089726920292f,-0.12390018358914165f,-0.00407515667849842f,0.9999629036029626f,-0.007588446216297933f,0.43759754633065506f,0.020085419399365312f,-0.00750512880000178f,-0.9997700980571719f,-0.008572925426650526f,0f,0f,0f,1f],start_interpolation:0}
execute if entity @s[tag=aj.yuji.bone.rightleg] run data modify entity @s {} merge value {transformation:[-0.9997899624549135f,-0.003515211763845014f,-0.020190945016468058f,-0.11875f,-0.00407515667849842f,0.9996063486083339f,0.027758618840996244f,0.75f,0.020085419399365312f,0.027835069753268944f,-0.9994107187835151f,-1.4542680739874818e-17f,0f,0f,0f,1f],start_interpolation:0}
execute if entity @s[tag=aj.yuji.bone.bottom4] run data modify entity @s {} merge value {transformation:[-0.9999828349993357f,0.005837739824000734f,0.0005005001884926887f,0.12317817792158002f,0.005849182765903793f,0.9996137951765668f,0.027167030637737934f,0.4377485996126433f,-0.00034171283625199277f,0.02716949183271585f,-0.9996307828122788f,-0.013219935568281124f,0f,0f,0f,1f],start_interpolation:0}
execute if entity @s[tag=aj.yuji.bone.leftleg] run data modify entity @s {} merge value {transformation:[-0.9999828349993357f,0.00582948735093065f,0.0005888836190155803f,0.11875f,0.005849182765903793f,0.9990874975842233f,0.04230790980260909f,0.75f,-0.00034171283625199277f,0.042310628075224684f,-0.9991044459836106f,1.4542680739874818e-17f,0f,0f,0f,1f],start_interpolation:0}
execute if entity @s[tag=aj.yuji.locator_origin.mount] at @s on origin run tp @s ^0 ^0.59375 ^0 ~0 ~0
execute if entity @s[tag=aj.yuji.camera_origin.camera] at @s on origin run tp @s ^0 ^0.005 ^0 ~0 ~0