execute if entity @s[tag=aj.yuji.locator_origin.head] at @s on origin run tp @s ^0 ^1.44856 ^-0.27297 ~0 ~-21.344
execute if entity @s[tag=aj.yuji.bone.torso] run data modify entity @s {} merge value {transformation:[-1f,4.4573054490092077e-17f,1.140650719547481e-16f,3.3429790867569055e-17f,0f,0.9314119959662217f,-0.36396661079035664f,1.4485589969746662f,-1.2246467991473532e-16f,-0.36396661079035664f,-0.9314119959662217f,-0.2729749580927675f,0f,0f,0f,1f],start_interpolation:0}
execute if entity @s[tag=aj.yuji.bone.bottom2] run data modify entity @s {} merge value {transformation:[-0.7639770292176371f,0.5687842508724865f,-0.3046696157926123f,-0.4965239337750075f,-0.5587557474140835f,-0.8193215014251715f,-0.12846903142054047f,1.2180898429405413f,-0.3226935288466792f,0.07208850991543105f,0.9437542758465524f,-0.08770891050991017f,0f,0f,0f,1f],start_interpolation:0}
execute if entity @s[tag=aj.yuji.bone.rightarm] run data modify entity @s {} merge value {transformation:[-0.5988914863873013f,0.5863728635032048f,0.5454318036930564f,-0.31249999999999994f,-0.418474513952918f,0.3515519896651593f,-0.8374307611583998f,1.3321324974788886f,-0.6827943092210698f,-0.7297794622415185f,0.03484060541670392f,-0.2274791317439729f,0f,0f,0f,1f],start_interpolation:0}
execute if entity @s[tag=aj.yuji.bone.bottom] run data modify entity @s {} merge value {transformation:[-0.7639769628852433f,-0.5687841459905905f,0.30466997792758355f,0.49652396897002715f,0.5587555996085539f,-0.8193215724211333f,-0.12846922149467316f,1.2180897380862883f,0.3226939418190632f,0.07208853053791985f,0.943754133065471f,-0.08770904240208255f,0f,0f,0f,1f],start_interpolation:0}
execute if entity @s[tag=aj.yuji.bone.leftarm] run data modify entity @s {} merge value {transformation:[-0.5988908858649477f,-0.5863731544138714f,-0.545432150327265f,0.31250000000000006f,0.41847465976435316f,0.35155237262931277f,-0.8374305275267971f,1.3321324974788886f,0.6827947465842183f,-0.7297790440136158f,0.03484079441640214f,-0.22747913174397286f,0f,0f,0f,1f],start_interpolation:0}
execute if entity @s[tag=aj.yuji.bone.head] run data modify entity @s {} merge value {transformation:[-1f,8.881060879349293e-17f,8.432243824954145e-17f,3.3429790867569055e-17f,0f,0.688544960949149f,-0.7251936546547653f,1.4485589969746662f,-1.2246467991473532e-16f,-0.7251936546547653f,-0.688544960949149f,-0.2729749580927675f,0f,0f,0f,1f],start_interpolation:0}
execute if entity @s[tag=aj.yuji.locator_origin.mount] at @s on origin run tp @s ^0 ^0.59375 ^0 ~0 ~0
execute if entity @s[tag=aj.yuji.camera_origin.camera] at @s on origin run tp @s ^0 ^0.005 ^0 ~0 ~0