execute if entity @s[tag=aj.yuji.locator_origin.head] at @s on origin run tp @s ^0 ^1.45303 ^-0.26123 ~0 ~-20.384
execute if entity @s[tag=aj.yuji.bone.torso] run data modify entity @s {} merge value {transformation:[-1f,4.2655708815890114e-17f,1.147958550298423e-16f,3.1991781611917584e-17f,0f,0.9373792926235356f,-0.3483102952262536f,1.4530344694676516f,-1.2246467991473532e-16f,-0.3483102952262536f,-0.9373792926235356f,-0.26123272141969023f,0f,0f,0f,1f],start_interpolation:0}
execute if entity @s[tag=aj.yuji.bone.bottom2] run data modify entity @s {} merge value {transformation:[-0.7960888290538504f,0.5625731215022136f,-0.2230561795129758f,-0.4903472981154231f,-0.5341814109989909f,-0.8264423927930046f,-0.17788533255358857f,1.2212136545020902f,-0.28441658952810095f,-0.022460061394155538f,0.9584376605932046f,-0.07061459486017585f,0f,0f,0f,1f],start_interpolation:0}
execute if entity @s[tag=aj.yuji.bone.rightarm] run data modify entity @s {} merge value {transformation:[-0.637993309649527f,0.5518908650493106f,0.5370111823021623f,-0.3125f,-0.39977217223279937f,0.3586505704922789f,-0.8435354044696831f,1.3358620578897098f,-0.6581388509658971f,-0.752852071366405f,-0.008186054519858377f,-0.21769393451640853f,0f,0f,0f,1f],start_interpolation:0}
execute if entity @s[tag=aj.yuji.bone.bottom] run data modify entity @s {} merge value {transformation:[-0.7960887823472154f,-0.5625730458694043f,0.22305653696349978f,0.4903473378880355f,0.5341812768198811f,-0.8264424454549597f,-0.17788549082347105f,1.221213558453928f,0.2844169722713636f,-0.022460018068710397f,0.9584375480292617f,-0.07061471782260603f,0f,0f,0f,1f],start_interpolation:0}
execute if entity @s[tag=aj.yuji.bone.leftarm] run data modify entity @s {} merge value {transformation:[-0.6379927583328312f,-0.5518911619689341f,-0.5370115321438129f,0.3125f,0.39977232889309694f,0.35865091551985273f,-0.8435351835271372f,1.3358620578897098f,0.658139290246567f,-0.7528516893368515f,-0.00818587175526786f,-0.21769393451640848f,0f,0f,0f,1f],start_interpolation:0}
execute if entity @s[tag=aj.yuji.bone.head] run data modify entity @s {} merge value {transformation:[-1f,8.458495481238938e-17f,8.856061904709463e-17f,3.1991781611917584e-17f,0f,0.7231523334626275f,-0.6906885713601728f,1.4530344694676516f,-1.2246467991473532e-16f,-0.6906885713601728f,-0.7231523334626275f,-0.26123272141969023f,0f,0f,0f,1f],start_interpolation:0}
execute if entity @s[tag=aj.yuji.locator_origin.mount] at @s on origin run tp @s ^0 ^0.59375 ^0 ~0 ~0
execute if entity @s[tag=aj.yuji.camera_origin.camera] at @s on origin run tp @s ^0 ^0.005 ^0 ~0 ~0