execute if entity @s[tag=aj.yuji.locator_origin.head] at @s on origin run tp @s ^0.01377 ^1.49473 ^0.0877 ~5.00007 ~6.59955
execute if entity @s[tag=aj.yuji.bone.torso] run data modify entity @s {} merge value {transformation:[-0.9960756627539468f,0.01836489732591144f,0.08657946994232847f,0.013773672994433578f,0.028297372261439708f,0.9929705456559925f,0.11492934430656947f,1.4947279092419943f,-0.08386019790331604f,0.1169282942911989f,-0.9895934726956153f,0.08769622071839918f,0f,0f,0f,1f],start_interpolation:0}
execute if entity @s[tag=aj.yuji.bone.bottom2] run data modify entity @s {} merge value {transformation:[-0.9936069506845956f,0.09133976914647497f,0.06634963544382719f,-0.35833533532979683f,0.10225717551896814f,0.9771989939426213f,0.18607954291757053f,1.1328291557338992f,-0.04784033451119514f,0.19167465354030952f,-0.9802918593888553f,0.00042235452622028935f,0f,0f,0f,1f],start_interpolation:0}
execute if entity @s[tag=aj.yuji.bone.rightarm] run data modify entity @s {} merge value {transformation:[-0.9976817950882496f,-0.01526144258053f,0.0663183543210276f,-0.29979558378191373f,-0.0038107573192466067f,0.9855287672013725f,0.16946541578504126f,1.3794495198666952f,-0.0679449326892152f,0.16881983707166726f,-0.9833022672265908f,0.04687387208721305f,0f,0f,0f,1f],start_interpolation:0}
execute if entity @s[tag=aj.yuji.bone.bottom] run data modify entity @s {} merge value {transformation:[-0.9971731058627208f,0.01873265072559797f,0.07276595866810315f,0.37566076536747367f,0.024068597636060087f,0.997029756858979f,0.07315986977543415f,1.1099853682837364f,-0.07117934779083597f,0.07470442914926657f,-0.9946621279175927f,0.08463821640775183f,0f,0f,0f,1f],start_interpolation:0}
execute if entity @s[tag=aj.yuji.bone.leftarm] run data modify entity @s {} merge value {transformation:[-0.9966428791966317f,0.03752448008647523f,0.07276595866810315f,0.322751705439303f,0.042856777173617286f,0.9963989813848328f,0.07315986977543415f,1.3617636622032956f,-0.06975864101987143f,0.07603277773110284f,-0.9946621279175927f,0.09928649577678558f,0f,0f,0f,1f],start_interpolation:0}
execute if entity @s[tag=aj.yuji.bone.head] run data modify entity @s {} merge value {transformation:[-0.9995647972549069f,0.010671316135796223f,0.02750161996477675f,0.013773672994433578f,0.01498282352323261f,0.9867286107545502f,0.16168538498475066f,1.4947279092419943f,-0.02541123940363358f,0.1620270709798991f,-0.9864590702009111f,0.08769622071839918f,0f,0f,0f,1f],start_interpolation:0}
execute if entity @s[tag=aj.yuji.bone.bottom3] run data modify entity @s {} merge value {transformation:[-0.9997550138513654f,-0.004577769489844845f,-0.021655398993180766f,-0.1238272653331378f,-0.004401019421346207f,0.9999566735009903f,-0.008202569651448399f,0.4376159114125845f,0.021692010213646463f,-0.008105254303954593f,-0.9997318448191791f,-0.009258243577842846f,0f,0f,0f,1f],start_interpolation:0}
execute if entity @s[tag=aj.yuji.bone.rightleg] run data modify entity @s {} merge value {transformation:[-0.9997550138513654f,-0.0037478512109863343f,-0.021814350560039993f,-0.11875f,-0.004401019421346207f,0.9995410630913026f,0.02997155688918206f,0.75f,0.021692010213646463f,0.030060219653369993f,-0.9993126837418217f,-1.4542680739874818e-17f,0f,0f,0f,1f],start_interpolation:0}
execute if entity @s[tag=aj.yuji.bone.bottom4] run data modify entity @s {} merge value {transformation:[-0.9999799787528854f,0.006303563112764725f,0.0005542431436896521f,0.12303310895250041f,0.006317111331797518f,0.9995495414034843f,0.029339536201276457f,0.4377931136807373f,-0.00036904986195702554f,0.02934245000281551f,-0.9995693494850829f,-0.014276820813192885f,0f,0f,0f,1f],start_interpolation:0}
execute if entity @s[tag=aj.yuji.bone.leftleg] run data modify entity @s {} merge value {transformation:[-0.9999799787528854f,0.006293650927056371f,0.0006573061594855046f,0.11875f,0.006317111331797518f,0.9989356939950045f,0.04568997009344978f,0.75f,-0.00036904986195702554f,0.04569320759945642f,-0.9989554517502132f,1.4542680739874818e-17f,0f,0f,0f,1f],start_interpolation:0}
execute if entity @s[tag=aj.yuji.locator_origin.mount] at @s on origin run tp @s ^0 ^0.59375 ^0 ~0 ~0
execute if entity @s[tag=aj.yuji.camera_origin.camera] at @s on origin run tp @s ^0 ^0.005 ^0 ~0 ~0