execute if entity @s[tag=aj.yuji.locator_origin.head] at @s on origin run tp @s ^0.05839 ^1.47928 ^0.16711 ~-0.53217 ~12.50908
execute if entity @s[tag=aj.yuji.bone.torso] run data modify entity @s {} merge value {transformation:[-0.9954142353500927f,0.09522752500312186f,-0.009067444191734914f,0.0583896698414156f,0.09101550843763388f,0.9720098196190655f,0.2165942930641313f,1.4792823662218664f,0.02943938325151227f,0.21477576456828545f,-0.97621959295431f,0.1671125135839868f,0f,0f,0f,1f],start_interpolation:0}
execute if entity @s[tag=aj.yuji.bone.bottom2] run data modify entity @s {} merge value {transformation:[-0.5656523039316617f,-0.8005658072891876f,-0.19781774252127868f,-0.42513699664234794f,-0.321192007645838f,0.4348231845441156f,-0.8412874017880869f,1.3428193999680849f,0.759521668737133f,-0.41233867922173584f,-0.503094075036106f,0.34630035022789313f,0f,0f,0f,1f],start_interpolation:0}
execute if entity @s[tag=aj.yuji.bone.rightarm] run data modify entity @s {} merge value {transformation:[-0.7870719839960808f,0.44545711324685733f,-0.4267149543503835f,-0.26458071933087857f,0.5850728563243198f,0.319884554833716f,-0.7452272300254045f,1.3862234851562438f,-0.19546724738680654f,-0.8362068116420792f,-0.5123970368400006f,0.14946535027904873f,0f,0f,0f,1f],start_interpolation:0}
execute if entity @s[tag=aj.yuji.bone.bottom] run data modify entity @s {} merge value {transformation:[-0.9052167588045308f,-0.41843674452734736f,-0.07411686993374343f,0.506657485587226f,-0.21033478828385127f,0.2896318253187953f,0.9337412289280635f,1.2660123675405492f,-0.36924503573779766f,0.8608275649581966f,-0.3501913862320634f,-0.06934364353701622f,0f,0f,0f,1f],start_interpolation:0}
execute if entity @s[tag=aj.yuji.bone.leftarm] run data modify entity @s {} merge value {transformation:[-0.9283122656297651f,-0.36433916488974527f,-0.07411686993374343f,0.3575531777629294f,-0.19289281482354542f,0.30152890307457936f,0.9337412289280635f,1.3293387923827225f,-0.31785012108033217f,0.881100047405562f,-0.3501913862320634f,0.13106573574685354f,0f,0f,0f,1f],start_interpolation:0}
execute if entity @s[tag=aj.yuji.bone.head] run data modify entity @s {} merge value {transformation:[-0.9882624088609226f,0.10286172345357873f,-0.1129463460257395f,0.0583896698414156f,0.06159929208907762f,0.9448902228925231f,0.3215400346710231f,1.4792823662218664f,0.1397960601967419f,0.31080851424997624f,-0.9401356971327017f,0.1671125135839868f,0f,0f,0f,1f],start_interpolation:0}
execute if entity @s[tag=aj.yuji.bone.bottom3] run data modify entity @s {} merge value {transformation:[-0.9662231981382499f,0.10686617870088787f,0.2345044801903841f,-0.20618314026947118f,0.10659637542013077f,0.9942057198864953f,-0.013863595935614537f,0.5087731962942386f,-0.2346272450649815f,0.01160199960547098f,-0.972016177580585f,0.20539516400574456f,0f,0f,0f,1f],start_interpolation:0}
execute if entity @s[tag=aj.yuji.bone.rightleg] run data modify entity @s {} merge value {transformation:[-0.9662231981382499f,0.22578512201433665f,0.12423288637258442f,-0.1295863946516269f,0.10659637542013077f,0.7890559317722472f,-0.6050024374184961f,0.75468694762669f,-0.2346272450649815f,-0.571324614568637f,-0.7864720215374575f,0.028322642234701628f,0f,0f,0f,1f],start_interpolation:0}
execute if entity @s[tag=aj.yuji.bone.bottom4] run data modify entity @s {} merge value {transformation:[-0.9724607252520611f,-0.20298027191545517f,-0.11453884518085168f,0.18035888830837135f,-0.09848929732499351f,0.8033003728576031f,-0.5873741305839615f,0.5545681012354812f,0.21123445778249403f,-0.5599174226436998f,-0.8011694475361452f,0.21868133025665126f,0f,0f,0f,1f],start_interpolation:0}
execute if entity @s[tag=aj.yuji.bone.leftleg] run data modify entity @s {} merge value {transformation:[-0.9724607252520611f,-0.22642099822646605f,-0.05526001632614559f,0.10352444682977532f,-0.09848929732499351f,0.6141136392359829f,-0.7830480805268383f,0.7458630553884447f,0.21123445778249403f,-0.7560409841182338f,-0.6195014400135549f,-0.01626126191915621f,0f,0f,0f,1f],start_interpolation:0}
execute if entity @s[tag=aj.yuji.locator_origin.mount] at @s on origin run tp @s ^-0.01846 ^0.59414 ^0.00854 ~-10.84715 ~-0.53065
execute if entity @s[tag=aj.yuji.camera_origin.camera] at @s on origin run tp @s ^0 ^0.005 ^0 ~0 ~0