execute if entity @s[tag=aj.yuji.locator_origin.head] at @s on origin run tp @s ^0.04044 ^1.4988 ^0.01261 ~24.63678 ~-0.41255
execute if entity @s[tag=aj.yuji.bone.torso] run data modify entity @s {} merge value {transformation:[-0.9073731289587753f,0.05391738296351147f,0.41685359619167006f,0.0404380372226336f,0.05601872157324889f,0.9984037558801754f,-0.007200213723070015f,1.4988028169101315f,-0.4165764127706473f,0.016818325086794737f,-0.9089451228013792f,0.012613743815096053f,0f,0f,0f,1f],start_interpolation:0}
execute if entity @s[tag=aj.yuji.bone.bottom2] run data modify entity @s {} merge value {transformation:[-0.21873458812569652f,0.970529148609046f,0.10113531360352082f,-0.2913573880529482f,0.7656476422223724f,0.23495928111390005f,-0.5988136806868739f,1.2804927001659352f,-0.6049288122719929f,-0.05354724940311975f,-0.7944770759213611f,-0.34849048932410176f,0f,0f,0f,1f],start_interpolation:0}
execute if entity @s[tag=aj.yuji.bone.rightarm] run data modify entity @s {} merge value {transformation:[-0.21873458812569652f,0.11132295139067816f,0.9694134208123751f,-0.24985573844742262f,0.7656476422223724f,0.6354739015588525f,0.09978280611854905f,1.39150819791675f,-0.6049288122719929f,0.7640550509820865f,-0.2242342773796135f,-0.11966867581158055f,0f,0f,0f,1f],start_interpolation:0}
execute if entity @s[tag=aj.yuji.bone.bottom] run data modify entity @s {} merge value {transformation:[-0.013241165689010903f,0.968995210152334f,-0.24672445001059423f,0.2838750504328473f,0.5046262604550447f,-0.20654305751125346f,-0.8382674410073794f,1.2357073667759944f,-0.8632363574307755f,-0.13560327464975558f,-0.486245558451601f,0.365863037041621f,0f,0f,0f,1f],start_interpolation:0}
execute if entity @s[tag=aj.yuji.bone.leftarm] run data modify entity @s {} merge value {transformation:[-0.9003020164956f,0.3585851709997589f,-0.24672445001059423f,0.317252467151812f,0.383933012829445f,0.3871732674225388f,-0.8382674410073794f,1.3564964969334694f,-0.20506516221353097f,-0.8494195289328054f,-0.486245558451601f,0.14069158217007396f,0f,0f,0f,1f],start_interpolation:0}
execute if entity @s[tag=aj.yuji.bone.head] run data modify entity @s {} merge value {transformation:[-0.9549149574970927f,0.004447017320945108f,0.296846168891015f,0.0404380372226336f,0.02775705526698058f,0.9968453030515055f,0.07435716284970544f,1.4988028169101315f,-0.2955790415967134f,0.07924434251793022f,-0.9520259263001557f,0.012613743815096053f,0f,0f,0f,1f],start_interpolation:0}
execute if entity @s[tag=aj.yuji.bone.bottom3] run data modify entity @s {} merge value {transformation:[-0.8811195900136563f,0.4470716716999197f,-0.15412718273427883f,-0.21107448293731412f,-0.06593143541410271f,0.20660147911015697f,0.9762012470048025f,0.5217241609084504f,0.4682748273379667f,0.870311868925694f,-0.15256453352159832f,-0.19251400893806814f,0f,0f,0f,1f],start_interpolation:0}
execute if entity @s[tag=aj.yuji.bone.rightleg] run data modify entity @s {} merge value {transformation:[-0.8811195900136563f,0.2778159535991321f,-0.38268337306443223f,-0.11875f,-0.06593143541410271f,0.7291640563846764f,0.6811555069885881f,0.75f,0.4682748273379667f,0.6254103251485773f,-0.624163929812632f,-1.4542680739874818e-17f,0f,0f,0f,1f],start_interpolation:0}
execute if entity @s[tag=aj.yuji.bone.bottom4] run data modify entity @s {} merge value {transformation:[-0.9238795430157152f,-0.13088539451605286f,0.3596047879262045f,0.1349470643381402f,0.30360319736534913f,0.32136048340974654f,0.8969685269016918f,0.5785515649871151f,-0.23296284799643519f,0.9378680361356981f,-0.2571611522924072f,-0.26084171778773957f,0f,0f,0f,1f],start_interpolation:0}
execute if entity @s[tag=aj.yuji.bone.leftleg] run data modify entity @s {} merge value {transformation:[-0.9238795430157152f,-0.03335301502173434f,0.3812271847416357f,0.11875f,0.30360319736534913f,0.5425629280939244f,0.78323085205301f,0.75f,-0.23296284799643519f,0.8393527538806953f,-0.4911367080623102f,1.4542680739874818e-17f,0f,0f,0f,1f],start_interpolation:0}
execute if entity @s[tag=aj.yuji.locator_origin.mount] at @s on origin run tp @s ^0 ^0.59375 ^0 ~0 ~0
execute if entity @s[tag=aj.yuji.camera_origin.camera] at @s on origin run tp @s ^0 ^0.005 ^0 ~0 ~0