execute if entity @s[tag=aj.yuji.locator_origin.head] at @s on origin run tp @s ^0.01224 ^1.47983 ^0.17234 ~10.37263 ~12.91228
execute if entity @s[tag=aj.yuji.bone.torso] run data modify entity @s {} merge value {transformation:[-0.9843447941047021f,0.016319773816719944f,0.17549641392787116f,0.012239830362539958f,0.05597339742540174f,0.9731048283581677f,0.2234591054458937f,1.4798286212686258f,-0.16712960569459148f,0.2297839376644767f,-0.958784145098248f,0.17233795324835752f,0f,0f,0f,1f],start_interpolation:0}
execute if entity @s[tag=aj.yuji.bone.bottom2] run data modify entity @s {} merge value {transformation:[-0.9843447941047021f,0.016319773816719944f,0.17549641392787116f,-0.3630093826079933f,0.05597339742540174f,0.9731048283581677f,0.2234591054458937f,1.1359043346688387f,-0.16712960569459148f,0.2297839376644767f,-0.958784145098248f,0.02349537448870695f,0f,0f,0f,1f],start_interpolation:0}
execute if entity @s[tag=aj.yuji.bone.rightarm] run data modify entity @s {} merge value {transformation:[-0.9843447941047021f,0.016319773816719944f,0.17549641392787116f,-0.29740788952226943f,0.05597339742540174f,0.9731048283581677f,0.2234591054458937f,1.375682204419293f,-0.16712960569459148f,0.2297839376644767f,-0.958784145098248f,0.09138695926073809f,0f,0f,0f,1f],start_interpolation:0}
execute if entity @s[tag=aj.yuji.bone.bottom] run data modify entity @s {} merge value {transformation:[-0.9882405832326396f,-0.0036785970445523952f,0.15286274096651523f,0.366441611114427f,0.020832057743408322f,0.9871500380107437f,0.1584324077503166f,1.0898132088240513f,-0.15148126954243363f,0.1597537804847544f,-0.975465096555813f,0.1627161127612096f,0f,0f,0f,1f],start_interpolation:0}
execute if entity @s[tag=aj.yuji.bone.leftarm] run data modify entity @s {} merge value {transformation:[-0.986868839093973f,0.05218119248846267f,0.15286274096651523f,0.3178076067931694f,0.07659103220522068f,0.9843947307661578f,0.1584324077503166f,1.340698831028417f,-0.14221008477267982f,0.1680599214277626f,-0.975465096555813f,0.19584296281985775f,0f,0f,0f,1f],start_interpolation:0}
execute if entity @s[tag=aj.yuji.bone.head] run data modify entity @s {} merge value {transformation:[-0.9983698163654469f,-0.0016645344492839127f,0.05705207354242951f,0.012239830362539958f,0.016461701669142084f,0.9487006670229817f,0.31574682384515884f,1.4798286212686258f,-0.05465091169028935f,0.31617127275452583f,-0.9471267096519892f,0.17233795324835752f,0f,0f,0f,1f],start_interpolation:0}
execute if entity @s[tag=aj.yuji.bone.bottom3] run data modify entity @s {} merge value {transformation:[-1f,0f,1.2246467991473532e-16f,-0.125f,0f,1f,0f,0.4375f,-1.2246467991473532e-16f,0f,-1f,-1.5308084989341915e-17f,0f,0f,0f,1f],start_interpolation:0}
execute if entity @s[tag=aj.yuji.bone.rightleg] run data modify entity @s {} merge value {transformation:[-1f,0f,1.2246467991473532e-16f,-0.11875f,0f,1f,0f,0.75f,-1.2246467991473532e-16f,0f,-1f,-1.4542680739874818e-17f,0f,0f,0f,1f],start_interpolation:0}
execute if entity @s[tag=aj.yuji.bone.bottom4] run data modify entity @s {} merge value {transformation:[-1f,0f,1.2246467991473532e-16f,0.125f,0f,1f,0f,0.4375f,-1.2246467991473532e-16f,0f,-1f,1.5308084989341915e-17f,0f,0f,0f,1f],start_interpolation:0}
execute if entity @s[tag=aj.yuji.bone.leftleg] run data modify entity @s {} merge value {transformation:[-1f,0f,1.2246467991473532e-16f,0.11875f,0f,1f,0f,0.75f,-1.2246467991473532e-16f,0f,-1f,1.4542680739874818e-17f,0f,0f,0f,1f],start_interpolation:0}
execute if entity @s[tag=aj.yuji.locator_origin.mount] at @s on origin run tp @s ^0 ^0.59375 ^0 ~0 ~0
execute if entity @s[tag=aj.yuji.camera_origin.camera] at @s on origin run tp @s ^0 ^0.005 ^0 ~0 ~0