execute if entity @s[tag=aj.yuji.locator_origin.head] at @s on origin run tp @s ^0.04296 ^1.49863 ^0.01557 ~35.44262 ~-0.89729
execute if entity @s[tag=aj.yuji.bone.torso] run data modify entity @s {} merge value {transformation:[-0.8127826354029232f,0.05654692762005072f,0.5798162058482081f,0.042958717193880516f,0.05827378269691338f,0.9981778038409598f,-0.015660082037821668f,1.4986338189098842f,-0.5796451965104791f,0.0210598408344206f,-0.8145967893788663f,0.015574322598481816f,0f,0f,0f,1f],start_interpolation:0}
execute if entity @s[tag=aj.yuji.bone.bottom2] run data modify entity @s {} merge value {transformation:[-0.020870649274742567f,0.9795227647760568f,0.20024876849638984f,-0.18927895441998693f,0.7881150690349511f,0.13936019352041135f,-0.599544305637196f,1.286527365726093f,-0.6151740029933683f,0.14530619308007342f,-0.7748851891046129f,-0.4015117737484291f,0f,0f,0f,1f],start_interpolation:0}
execute if entity @s[tag=aj.yuji.bone.rightarm] run data modify entity @s {} merge value {transformation:[-0.01274573269969792f,-0.11848750478313408f,0.9928737369415181f,-0.21810422232203933f,0.7819650033572646f,0.6176703900251433f,0.08374976304838287f,1.3920721505225497f,-0.6231920087921705f,0.7774599671342919f,0.0847804203877589f,-0.16819728141534548f,0f,0f,0f,1f],start_interpolation:0}
execute if entity @s[tag=aj.yuji.bone.bottom] run data modify entity @s {} merge value {transformation:[0.2382113833397107f,0.9352654715981993f,-0.2617896760446815f,0.2227283532389252f,0.37559501811130597f,-0.33728969851822865f,-0.8632288466237964f,1.260977913557875f,-0.8956470952430701f,0.10730403957764253f,-0.431627297414066f,0.4241532261804356f,0f,0f,0f,1f],start_interpolation:0}
execute if entity @s[tag=aj.yuji.bone.leftarm] run data modify entity @s {} merge value {transformation:[-0.8383223442018923f,0.478206872313923f,-0.2617896760446815f,0.28988492480478767f,0.4249804519046095f,0.27244737814026354f,-0.8632288466237964f,1.355651036336979f,-0.34147805597255854f,-0.834919525113787f,-0.431627297414066f,0.19408096640370395f,0f,0f,0f,1f],start_interpolation:0}
execute if entity @s[tag=aj.yuji.bone.head] run data modify entity @s {} merge value {transformation:[-0.9078043583193491f,-0.0394079190968094f,0.4175383370767938f,0.042958717193880516f,-0.05611702229481021f,0.9980367490824096f,-0.027812358579937302f,1.4986338189098842f,-0.4156225773765892f,-0.04867918850468405f,-0.9082335656544338f,0.015574322598481816f,0f,0f,0f,1f],start_interpolation:0}
execute if entity @s[tag=aj.yuji.bone.bottom3] run data modify entity @s {} merge value {transformation:[-0.9178298767890993f,0.3849139191707227f,-0.09710608684290031f,-0.1994512231517869f,-0.07376050812068609f,0.0749979121672697f,0.9944519599318656f,0.5413081229071018f,0.390061155096332f,0.9199003141640864f,-0.04044387822316764f,-0.2355695851560119f,0f,0f,0f,1f],start_interpolation:0}
execute if entity @s[tag=aj.yuji.bone.rightleg] run data modify entity @s {} merge value {transformation:[-0.9178298767890993f,0.24586412238507196f,-0.3116715428092929f,-0.11688224817652003f,-0.07376050812068609f,0.665823847519337f,0.7424540332682724f,0.749839078432649f,0.390061155096332f,0.70443554524056f,-0.5929779573361477f,-0.017871359487688976f,0f,0f,0f,1f],start_interpolation:0}
execute if entity @s[tag=aj.yuji.bone.bottom4] run data modify entity @s {} merge value {transformation:[-0.8586694788777477f,-0.3401421148103166f,0.3833928374085552f,0.19223997945383103f,0.333994738616471f,0.19604349710432303f,0.9219622887188079f,0.609304250379778f,-0.38875987527049727f,0.9197120685168119f,-0.05473089076741494f,-0.2515303452749067f,0f,0f,0f,1f],start_interpolation:0}
execute if entity @s[tag=aj.yuji.bone.leftleg] run data modify entity @s {} merge value {transformation:[-0.8586694788777477f,-0.22046081304524834f,0.46269185853572725f,0.11797929113420498f,0.333994738616471f,0.44406443561455705f,0.83141703831401f,0.75016185362568f,-0.38875987527049727f,0.8684490813707807f,-0.3076718258890704f,0.017430243433021714f,0f,0f,0f,1f],start_interpolation:0}
execute if entity @s[tag=aj.yuji.locator_origin.mount] at @s on origin run tp @s ^0.00078 ^0.59375 ^-0.00031 ~8.54797 ~0.04578
execute if entity @s[tag=aj.yuji.camera_origin.camera] at @s on origin run tp @s ^0 ^0.005 ^0 ~0 ~0