execute if entity @s[tag=aj.yuji.locator_origin.head] at @s on origin run tp @s ^0.03936 ^1.49872 ^0.01939 ~35.51884 ~-0.53651
execute if entity @s[tag=aj.yuji.bone.torso] run data modify entity @s {} merge value {transformation:[-0.8122557836636614f,0.052376251401116306f,0.5809451524835181f,0.03936124769528981f,0.057675181513285295f,0.9982914882559503f,-0.00936364849455398f,1.4987186258399794f,-0.5804430336754336f,0.025900439472855107f,-0.8138888449246447f,0.019393934316227802f,0f,0f,0f,1f],start_interpolation:0}
execute if entity @s[tag=aj.yuji.bone.bottom2] run data modify entity @s {} merge value {transformation:[-0.05924387992368314f,0.9753194111491694f,0.21270216013765642f,-0.21055040260847002f,0.7763320246766046f,0.17896373082990238f,-0.6043844558796714f,1.2838558408893577f,-0.6275338637500868f,0.129321418500878f,-0.7677741989438096f,-0.3989223575406333f,0f,0f,0f,1f],start_interpolation:0}
execute if entity @s[tag=aj.yuji.bone.rightarm] run data modify entity @s {} merge value {transformation:[-0.05817685920831994f,-0.0564054688671754f,0.9967115310532577f,-0.22101571612474388f,0.7754288630365458f,0.6262565883252553f,0.08070169731214889f,1.3919556840308873f,-0.6287491800571238f,0.7775738605824438f,0.007304787225435594f,-0.1652320686414521f,0f,0f,0f,1f],start_interpolation:0}
execute if entity @s[tag=aj.yuji.bone.bottom] run data modify entity @s {} merge value {transformation:[0.19195328853150517f,0.9618390330077874f,-0.19498617798342785f,0.21396179703835655f,0.45558242021895057f,-0.26330725793088733f,-0.850361068198892f,1.2454503592459927f,-0.8692517434031319f,0.07439732860500764f,-0.48873964857279f,0.41872909830942395f,0f,0f,0f,1f],start_interpolation:0}
execute if entity @s[tag=aj.yuji.bone.leftarm] run data modify entity @s {} merge value {transformation:[-0.8429224412315092f,0.5014600168146287f,-0.19498617798342785f,0.2866441486650444f,0.40005724871459275f,0.34181903317771783f,-0.850361068198892f,1.355908695585084f,-0.35977208871620825f,-0.7947940614358682f,-0.48873964857279f,0.19754482740569393f,0f,0f,0f,1f],start_interpolation:0}
execute if entity @s[tag=aj.yuji.bone.head] run data modify entity @s {} merge value {transformation:[-0.9079673723926499f,-0.047593195637576816f,0.41632936288399114f,0.03936124769528981f,-0.07110894083160653f,0.9966193494979828f,-0.041150829153551664f,1.4987186258399794f,-0.41296339935179915f,-0.0669683502501073f,-0.9082821537719352f,0.019393934316227802f,0f,0f,0f,1f],start_interpolation:0}
execute if entity @s[tag=aj.yuji.bone.bottom3] run data modify entity @s {} merge value {transformation:[-0.9402961599458265f,0.3208165055075757f,-0.11366574411422375f,-0.18239679589141589f,-0.06851759169354447f,0.14869902523737538f,0.9865059247272523f,0.529138267797036f,0.33338936878618264f,0.9353958358296034f,-0.11783954808547376f,-0.23156813593607786f,0f,0f,0f,1f],start_interpolation:0}
execute if entity @s[tag=aj.yuji.bone.rightleg] run data modify entity @s {} merge value {transformation:[-0.9402961599458265f,0.19068571565194298f,-0.28192568069872403f,-0.11693065875052229f,-0.06851759169354447f,0.7053137094780778f,0.7055762969734674f,0.74997703695702f,0.33338936878618264f,0.6827675512709872f,-0.6501384465725517f,-0.020286959718808017f,0f,0f,0f,1f],start_interpolation:0}
execute if entity @s[tag=aj.yuji.bone.bottom4] run data modify entity @s {} merge value {transformation:[-0.862050723265709f,-0.31772968451435735f,0.3948625053046631f,0.18490722367213253f,0.316217501713277f,0.27166928360844456f,0.9089567052142187f,0.5898581259900532f,-0.39607454112487683f,0.9084292200948193f,-0.13372101536645892f,-0.23947409728859007f,0f,0f,0f,1f],start_interpolation:0}
execute if entity @s[tag=aj.yuji.bone.leftleg] run data modify entity @s {} merge value {transformation:[-0.862050723265709f,-0.1997780147593421f,0.46578674877660936f,0.11708877703942745f,0.316217501713277f,0.5062031902824075f,0.8023495633189603f,0.7500229823390134f,-0.39607454112487683f,0.8389559434003248f,-0.37319952157792136f,0.020224169141980965f,0f,0f,0f,1f],start_interpolation:0}
execute if entity @s[tag=aj.yuji.locator_origin.mount] at @s on origin run tp @s ^0.00011 ^0.59375 ^-0.00004 ~9.82115 ~0.00679
execute if entity @s[tag=aj.yuji.camera_origin.camera] at @s on origin run tp @s ^0 ^0.005 ^0 ~0 ~0