execute if entity @s[tag=aj.yuji.locator_origin.head] at @s on origin run tp @s ^0 ^1.44309 ^-0.28658 ~0 ~-22.464
execute if entity @s[tag=aj.yuji.bone.torso] run data modify entity @s {} merge value {transformation:[-1f,4.679410520787146e-17f,1.1317203516952954e-16f,3.509557890590359e-17f,0f,0.9241197972209156f,-0.3821028662341774f,1.4430898479156866f,-1.2246467991473532e-16f,-0.3821028662341774f,-0.9241197972209156f,-0.286577149675633f,0f,0f,0f,1f],start_interpolation:0}
execute if entity @s[tag=aj.yuji.bone.bottom2] run data modify entity @s {} merge value {transformation:[-0.7647107185754759f,0.5166648237592562f,-0.38506489944630923f,-0.5062553489910335f,-0.5626386201517395f,-0.8266625274413442f,0.008176113871232807f,1.2236243451802697f,-0.3140944125729167f,0.2229047456069649f,0.922853278899939f,-0.10442901523610118f,0f,0f,0f,1f],start_interpolation:0}
execute if entity @s[tag=aj.yuji.bone.rightarm] run data modify entity @s {} merge value {transformation:[-0.568510388531332f,0.6328937988313013f,0.5255866983979317f,-0.31249999999999994f,-0.4401276545070601f,0.3057701987044453f,-0.8442702371411407f,1.3275748732630723f,-0.6950421468300089f,-0.7113016413485411f,0.10472052876491686f,-0.2388142913963609f,0f,0f,0f,1f],start_interpolation:0}
execute if entity @s[tag=aj.yuji.bone.bottom] run data modify entity @s {} merge value {transformation:[-0.7647106483396697f,-0.5166646459798481f,0.38506527746661345f,0.5062553842469751f,0.5626384536631459f,-0.8266626428775197f,0.00817589935713503f,1.2236242287712766f,0.3140948818039951f,0.2229047295713406f,0.9228531230695715f,-0.10442915611329712f,0f,0f,0f,1f],start_interpolation:0}
execute if entity @s[tag=aj.yuji.bone.leftarm] run data modify entity @s {} merge value {transformation:[-0.5685097464161425f,-0.6328941003838647f,-0.5255870298334537f,0.31250000000000006f,0.4401277909854089f,0.3057706302208304f,-0.8442700097105548f,1.3275748732630723f,0.6950425856249078f,-0.7113011875384819f,0.10472069888129984f,-0.23881429139636084f,0f,0f,0f,1f],start_interpolation:0}
execute if entity @s[tag=aj.yuji.bone.head] run data modify entity @s {} merge value {transformation:[-1f,9.21726283525555e-17f,8.063376717728282e-17f,3.509557890590359e-17f,0f,0.6584246758610174f,-0.7526466277193529f,1.4430898479156866f,-1.2246467991473532e-16f,-0.7526466277193529f,-0.6584246758610174f,-0.286577149675633f,0f,0f,0f,1f],start_interpolation:0}
execute if entity @s[tag=aj.yuji.locator_origin.mount] at @s on origin run tp @s ^0 ^0.59375 ^0 ~0 ~0
execute if entity @s[tag=aj.yuji.camera_origin.camera] at @s on origin run tp @s ^0 ^0.005 ^0 ~0 ~0