execute if entity @s[tag=aj.yuji.locator_origin.head] at @s on origin run tp @s ^0.00999 ^1.49812 ^0.05217 ~2.91748 ~3.94479
execute if entity @s[tag=aj.yuji.bone.torso] run data modify entity @s {} merge value {transformation:[-0.9986211048983016f,0.013325797365296427f,0.050777081210664377f,0.00999434802397232f,0.016808732013478413f,0.9974891966150847f,0.06879512456774817f,1.4981168974613135f,-0.04973284005357438f,0.06955376165795765f,-0.9963377534046542f,0.05216532124346824f,0f,0f,0f,1f],start_interpolation:0}
execute if entity @s[tag=aj.yuji.bone.bottom2] run data modify entity @s {} merge value {transformation:[-0.9975757905491498f,0.05783697435092176f,0.03869659556304122f,-0.3647560706454511f,0.06182277690905358f,0.9918631403827725f,0.11128995913952891f,1.1298609938169306f,-0.031945052285012064f,0.11341249996343192f,-0.9930342987462982f,0.00016776661386740804f,0f,0f,0f,1f],start_interpolation:0}
execute if entity @s[tag=aj.yuji.bone.rightarm] run data modify entity @s {} merge value {transformation:[-0.9992219594007912f,-0.005743094978029365f,0.03901913263153097f,-0.303740471927409f,-0.0017605012964323388f,0.9948498059627291f,0.10134477890402374f,1.37868347663864f,-0.03940020921808578f,0.10119723531793509f,-0.9940858831497295f,0.027929588519481543f,0f,0f,0f,1f],start_interpolation:0}
execute if entity @s[tag=aj.yuji.bone.bottom] run data modify entity @s {} merge value {transformation:[-0.9989488988232503f,0.013830460612410526f,0.0437014404689801f,0.3770976237500606f,0.01585472093738078f,0.9988008992532282f,0.046318370814830964f,1.1169666273864753f,-0.0430084336358932f,0.0469625596639596f,-0.9979703365461301f,0.049836153559810234f,0f,0f,0f,1f],start_interpolation:0}
execute if entity @s[tag=aj.yuji.bone.leftarm] run data modify entity @s {} merge value {transformation:[-0.9987822385636167f,0.022895939176779668f,0.0437014404689801f,0.3203977186340295f,0.02491877295157749f,0.9986158737370678f,0.046318370814830964f,1.368178019130216f,-0.04258044955655512f,0.04735095236175994f,-0.9979703365461301f,0.059012613552965526f,0f,0f,0f,1f],start_interpolation:0}
execute if entity @s[tag=aj.yuji.bone.head] run data modify entity @s {} merge value {transformation:[-0.9998360037669319f,0.009076733046854102f,0.015670944086676526f,0.00999434802397232f,0.010546961111567128f,0.9952828645717826f,0.09644055734543286f,1.4981168974613135f,-0.01472165692721733f,0.09659002229517695f,-0.9952153738816208f,0.05216532124346824f,0f,0f,0f,1f],start_interpolation:0}
execute if entity @s[tag=aj.yuji.bone.bottom3] run data modify entity @s {} merge value {transformation:[-0.9999139665731973f,-0.002670360323725337f,-0.012842454111128058f,-0.12425597922395915f,-0.0026084152288866004f,0.9999848958362176f,-0.004837795926082359f,0.43753419192588494f,0.012855178794893087f,-0.004803881261040928f,-0.9999058291174131f,-0.00548775704415062f,0f,0f,0f,1f],start_interpolation:0}
execute if entity @s[tag=aj.yuji.bone.rightleg] run data modify entity @s {} merge value {transformation:[-0.9999139665731973f,-0.002379145814794657f,-0.012899578173215645f,-0.11875f,-0.0026084152288866004f,0.9998384175325904f,0.017785808835109114f,0.75f,0.012855178794893087f,0.0178179261171798f,-0.9997586038074562f,-1.4542680739874818e-17f,0f,0f,0f,1f],start_interpolation:0}
execute if entity @s[tag=aj.yuji.bone.bottom4] run data modify entity @s {} merge value {transformation:[-0.9999929692036916f,0.003739120683861092f,0.000283759927176022f,0.12383239557544497f,0.0037434897020168657f,0.9998417954657965f,0.017388798825196658f,0.4375934186579257f,-0.00021869621771412515f,0.0173897388204593f,-0.9998487631415667f,-0.008462250845527788f,0f,0f,0f,1f],start_interpolation:0}
execute if entity @s[tag=aj.yuji.bone.leftleg] run data modify entity @s {} merge value {transformation:[-0.9999929692036916f,0.003736193542649941f,0.00032000155719881176f,0.11875f,0.0037434897020168657f,0.9996261905005973f,0.027082569119536236f,0.75f,-0.00021869621771412515f,0.027083576630043252f,-0.999633148734519f,1.4542680739874818e-17f,0f,0f,0f,1f],start_interpolation:0}
execute if entity @s[tag=aj.yuji.locator_origin.mount] at @s on origin run tp @s ^0 ^0.59375 ^0 ~0 ~0
execute if entity @s[tag=aj.yuji.camera_origin.camera] at @s on origin run tp @s ^0 ^0.005 ^0 ~0 ~0