execute if entity @s[tag=aj.yuji.locator_origin.head] at @s on origin run tp @s ^0.06696 ^1.47768 ^0.17065 ~-2.63143 ~12.95566
execute if entity @s[tag=aj.yuji.bone.torso] run data modify entity @s {} merge value {transformation:[-0.9930291474286794f,0.10904697393487489f,-0.044742260031393005f,0.06696055158046837f,0.0963908048738729f,0.9697651876191637f,0.2241969973432629f,1.4776808056316093f,0.0678374903194173f,0.2183214106715482f,-0.9735162230541143f,0.17065392253656367f,0f,0f,0f,1f],start_interpolation:0}
execute if entity @s[tag=aj.yuji.bone.bottom2] run data modify entity @s {} merge value {transformation:[-0.8156525457551457f,-0.4906835417529435f,-0.30649728621300654f,-0.3736275175338251f,0.12827635268910137f,0.3632037731191562f,-0.9228370368232898f,1.3901792840483473f,0.5641419164925892f,-0.7920307323865633f,-0.23330498711187597f,0.3943225123569276f,0f,0f,0f,1f],start_interpolation:0}
execute if entity @s[tag=aj.yuji.bone.rightarm] run data modify entity @s {} merge value {transformation:[-0.8134614079850655f,0.26317700320762105f,-0.5186698397840488f,-0.25699192873285326f,0.5620175899059427f,0.12611639609229328f,-0.8174539028428498f,1.3865822837022992f,-0.14972229745522359f,-0.956468776081764f,-0.2505009261966548f,0.16456296192743808f,0f,0f,0f,1f],start_interpolation:0}
execute if entity @s[tag=aj.yuji.bone.bottom] run data modify entity @s {} merge value {transformation:[-0.9506041598407042f,-0.3066742901602349f,-0.04798552957157838f,0.4921804676990558f,-0.1989130631462779f,0.48316212153040355f,0.85263588807181f,1.2153093539256872f,-0.23829671546900008f,0.8200641707043148f,-0.5202974450482444f,-0.0716372574777974f,0f,0f,0f,1f],start_interpolation:0}
execute if entity @s[tag=aj.yuji.bone.leftarm] run data modify entity @s {} merge value {transformation:[-0.9605368140634714f,-0.2739825136400702f,-0.04798552957157838f,0.3636512884100713f,-0.18227168317200634f,0.4896826277147673f,0.85263588807181f,1.3263380306561285f,-0.21010964362075285f,0.8277345627275868f,-0.5202974450482444f,0.12216453047780226f,0f,0f,0f,1f],start_interpolation:0}
execute if entity @s[tag=aj.yuji.bone.head] run data modify entity @s {} merge value {transformation:[-0.981890394921583f,0.11911722791750709f,-0.14731713537123392f,0.06696055158046837f,0.06502100080160222f,0.942258424055973f,0.3285138227690156f,1.4776808056316093f,0.1779424677121677f,0.31298585959880487f,-0.9329396174864165f,0.17065392253656367f,0f,0f,0f,1f],start_interpolation:0}
execute if entity @s[tag=aj.yuji.bone.bottom3] run data modify entity @s {} merge value {transformation:[-0.9758402925648143f,0.10872200815353517f,0.18951318779990053f,-0.1988396048708631f,0.10938780667653795f,0.9939746748576759f,-0.006975205521967676f,0.5046760787915914f,-0.1891296675762798f,0.013923745352453165f,-0.9818533995245144f,0.20628476056966333f,0f,0f,0f,1f],start_interpolation:0}
execute if entity @s[tag=aj.yuji.bone.rightleg] run data modify entity @s {} merge value {transformation:[-0.9758402925648143f,0.1986584859473862f,0.09094245085827576f,-0.1306598261837748f,0.10938780667653795f,0.8045488505363312f,-0.5837254961462317f,0.7554139207924665f,-0.1891296675762798f,-0.5596748637037046f,-0.8068420017455248f,0.032568426084607416f,0f,0f,0f,1f],start_interpolation:0}
execute if entity @s[tag=aj.yuji.bone.bottom4] run data modify entity @s {} merge value {transformation:[-0.9675287993654255f,-0.2042438222909209f,-0.1489042761457607f,0.1808708429663799f,-0.08654506100685687f,0.8211945363428974f,-0.5640474145813394f,0.5445756062361566f,0.23748257791639715f,-0.5328451881518389f,-0.812205657853732f,0.20714972725433473f,0f,0f,0f,1f],start_interpolation:0}
execute if entity @s[tag=aj.yuji.bone.leftleg] run data modify entity @s {} merge value {transformation:[-0.9675287993654255f,-0.23620262248942964f,-0.08997968397151784f,0.10101046844239922f,-0.08654506100685687f,0.6440486701988573f,-0.760073195705784f,0.7452999090420066f,0.23748257791639715f,-0.7276054092323666f,-0.6435778069837265f,-0.01874269701880236f,0f,0f,0f,1f],start_interpolation:0}
execute if entity @s[tag=aj.yuji.locator_origin.mount] at @s on origin run tp @s ^-0.021 ^0.59426 ^0.00979 ~-12.51152 ~-0.54093
execute if entity @s[tag=aj.yuji.camera_origin.camera] at @s on origin run tp @s ^0 ^0.005 ^0 ~0 ~0