execute if entity @s[tag=aj.yuji.locator_origin.head] at @s on origin run tp @s ^0 ^1.45142 ^-0.26555 ~0 ~-20.736
execute if entity @s[tag=aj.yuji.bone.torso] run data modify entity @s {} merge value {transformation:[-1f,4.3360154502566044e-17f,1.1453163243459065e-16f,3.252011587692453e-17f,0f,0.935221751400747f,-0.354062530786469f,1.4514163135505602f,-1.2246467991473532e-16f,-0.354062530786469f,-0.935221751400747f,-0.26554689808985177f,0f,0f,0f,1f],start_interpolation:0}
execute if entity @s[tag=aj.yuji.bone.bottom2] run data modify entity @s {} merge value {transformation:[-0.783529046665113f,0.5674823806525168f,-0.25307307379689986f,-0.4925316262550456f,-0.5439516460467382f,-0.8233163667494828f,-0.16207025330230937f,1.2197962078633036f,-0.30033121681753844f,0.010672763999199562f,0.9537752630014651f,-0.07694648677240798f,0f,0f,0f,1f],start_interpolation:0}
execute if entity @s[tag=aj.yuji.bone.rightarm] run data modify entity @s {} merge value {transformation:[-0.6234486606723095f,0.564264339852105f,0.5412185531531337f,-0.3125f,-0.40665335010651993f,0.3572062095220234f,-0.8408547893221827f,1.334513594625467f,-0.667791000503187f,-0.7443181300023374f,0.006760251236164527f,-0.22128908174154313f,0f,0f,0f,1f],start_interpolation:0}
execute if entity @s[tag=aj.yuji.bone.bottom] run data modify entity @s {} merge value {transformation:[-0.7835289924179152f,-0.5674822954423265f,0.25307343282153205f,0.492531664260485f,0.543951507209627f,-0.8233164250180911f,-0.16207042327274035f,1.2197961086699505f,0.30033160979980406f,0.010672799770351168f,0.9537751388561774f,-0.07694661300955188f,0f,0f,0f,1f],start_interpolation:0}
execute if entity @s[tag=aj.yuji.bone.leftarm] run data modify entity @s {} merge value {transformation:[-0.6234480910277204f,-0.5642646342850101f,-0.5412189023760119f,0.3125f,0.4066535030384312f,0.35720656806245843f,-0.8408545630485768f,1.334513594625467f,0.6677914391937532f,-0.7443177347264031f,0.00676043721159536f,-0.22128908174154308f,0f,0f,0f,1f],start_interpolation:0}
execute if entity @s[tag=aj.yuji.bone.head] run data modify entity @s {} merge value {transformation:[-1f,8.620345737742829e-17f,8.698598601381996e-17f,3.252011587692453e-17f,0f,0.7102944789826993f,-0.7039046477518782f,1.4514163135505602f,-1.2246467991473532e-16f,-0.7039046477518782f,-0.7102944789826993f,-0.26554689808985177f,0f,0f,0f,1f],start_interpolation:0}
execute if entity @s[tag=aj.yuji.locator_origin.mount] at @s on origin run tp @s ^0 ^0.59375 ^0 ~0 ~0
execute if entity @s[tag=aj.yuji.camera_origin.camera] at @s on origin run tp @s ^0 ^0.005 ^0 ~0 ~0