execute if entity @s[tag=aj.yuji.locator_origin.head] at @s on origin run tp @s ^0.03763 ^1.4988 ^0.01944 ~34.63678 ~-0.41255
execute if entity @s[tag=aj.yuji.bone.torso] run data modify entity @s {} merge value {transformation:[-0.8212503573368981f,0.05017778526186251f,0.5683573175742807f,0.03763333894639689f,0.05601872157324889f,0.9984037558801754f,-0.007200213723070015f,1.4988028169101315f,-0.5678113713261792f,0.025925472234338935f,-0.8227503366648418f,0.0194441041757542f,0f,0f,0f,1f],start_interpolation:0}
execute if entity @s[tag=aj.yuji.bone.bottom2] run data modify entity @s {} merge value {transformation:[-0.1103667323688658f,0.9650830123524543f,0.23755833737196413f,-0.22641627624654273f,0.7656476422223724f,0.23495928111390005f,-0.5988136806868739f,1.2804927001659352f,-0.633721446966679f,0.11579687166392766f,-0.7648452210528001f,-0.3937898152225846f,0f,0f,0f,1f],start_interpolation:0}
execute if entity @s[tag=aj.yuji.bone.rightarm] run data modify entity @s {} merge value {transformation:[-0.1103667323688658f,-0.023045061622511853f,0.993623726327544f,-0.22527962087911657f,0.7656476422223724f,0.6354739015588525f,0.09978280611854905f,1.39150819791675f,-0.633721446966679f,0.7717783655767921f,-0.052490780924599245f,-0.16123763339296918f,0f,0f,0f,1f],start_interpolation:0}
execute if entity @s[tag=aj.yuji.bone.bottom] run data modify entity @s {} merge value {transformation:[0.13682120192335695f,0.9778364381597289f,-0.15847983755463332f,0.21604006583884192f,0.5046182198857544f,-0.20647067771949246f,-0.8382901117163353f,1.2357066709686093f,-0.8524320564500025f,0.0347240471308915f,-0.5216836490511001f,0.4096018056063012f,0f,0f,0f,1f],start_interpolation:0}
execute if entity @s[tag=aj.yuji.bone.leftarm] run data modify entity @s {} merge value {transformation:[-0.8510438641871648f,0.5006081125172024f,-0.15847983755463332f,0.2880018524564447f,0.38386306562861544f,0.38719353745228685f,-0.8382901117163353f,1.3564964969334694f,-0.358292461650507f,-0.7742562122690065f,-0.5216836490511001f,0.19364447368589285f,0f,0f,0f,1f],start_interpolation:0}
execute if entity @s[tag=aj.yuji.bone.head] run data modify entity @s {} merge value {transformation:[-0.9127233381078244f,-0.050338883746757275f,0.40546529426874584f,0.03763333894639689f,-0.07471860073737646f,0.9962105936142214f,-0.04451498483262654f,1.4988028169101315f,-0.40168798684695417f,-0.07092566498758338f,-0.9130259094181887f,0.0194441041757542f,0f,0f,0f,1f],start_interpolation:0}
execute if entity @s[tag=aj.yuji.bone.bottom3] run data modify entity @s {} merge value {transformation:[-0.9490484739909211f,0.2891515784013623f,-0.12529309128401628f,-0.17443808043225928f,-0.06593143541410271f,0.20660147911015697f,0.9762012470048025f,0.5217241609084504f,0.30815586939037853f,0.9347230571337674f,-0.1770106398575063f,-0.22624198787972524f,0f,0f,0f,1f],start_interpolation:0}
execute if entity @s[tag=aj.yuji.bone.rightleg] run data modify entity @s {} merge value {transformation:[-0.9490484739909211f,0.16499394175877224f,-0.26848462376532267f,-0.1169459206701997f,-0.06593143541410271f,0.7291640563846764f,0.6811555069885881f,0.75f,0.30815586939037853f,0.6641511710894947f,-0.6811337475861203f,-0.020620721097947988f,0f,0f,0f,1f],start_interpolation:0}
execute if entity @s[tag=aj.yuji.bone.bottom4] run data modify entity @s {} merge value {transformation:[-0.869390162792573f,-0.29175602664249717f,0.3987971486323415f,0.1781916041597904f,0.30360319736534913f,0.32136048340974654f,0.8969685269016918f,0.5785515649871151f,-0.3898536178991292f,0.9008917030478395f,-0.19080958044742746f,-0.23344563418256825f,0f,0f,0f,1f],start_interpolation:0}
execute if entity @s[tag=aj.yuji.bone.leftleg] run data modify entity @s {} merge value {transformation:[-0.869390162792573f,-0.17859838391083885f,0.46072048153293554f,0.1169459206701997f,0.30360319736534913f,0.5425629280939244f,0.78323085205301f,0.75f,-0.3898536178991292f,0.8208094092556345f,-0.41747583198117727f,0.020620721097947988f,0f,0f,0f,1f],start_interpolation:0}
execute if entity @s[tag=aj.yuji.locator_origin.mount] at @s on origin run tp @s ^0 ^0.59375 ^0 ~10 ~0
execute if entity @s[tag=aj.yuji.camera_origin.camera] at @s on origin run tp @s ^0 ^0.005 ^0 ~0 ~0