execute if entity @s[tag=aj.yuji.locator_origin.head] at @s on origin run tp @s ^0.04577 ^1.49864 ^0.00727 ~31.98501 ~-1.30073
execute if entity @s[tag=aj.yuji.bone.torso] run data modify entity @s {} merge value {transformation:[-0.8461895433423909f,0.059401299848277106f,0.5295608957564095f,0.045774618185616296f,0.05586471782373232f,0.9981802645267341f,-0.02270006193414066f,1.4986375385486979f,-0.5299456481946715f,0.010375214970020268f,-0.8479681390676511f,0.0072736644058363515f,0f,0f,0f,1f],start_interpolation:0}
execute if entity @s[tag=aj.yuji.bone.bottom2] run data modify entity @s {} merge value {transformation:[-0.07486145452293373f,0.9744576363195127f,0.21172642169861322f,-0.19383054514756098f,0.7913269044913028f,0.18725021774192496f,-0.5820129604947076f,1.286552390869043f,-0.6067927923557787f,0.12397447710795131f,-0.7851323685665282f,-0.3928459403865452f,0f,0f,0f,1f],start_interpolation:0}
execute if entity @s[tag=aj.yuji.bone.rightarm] run data modify entity @s {} merge value {transformation:[-0.05577251340670214f,-0.14296005412109347f,0.9881557820880235f,-0.22608477658991546f,0.778333683798944f,0.6136647766846546f,0.13271103390652395f,1.3913227298027726f,-0.62536877393444f,0.7765165579575666f,0.0770449985753014f,-0.15963125252625102f,0f,0f,0f,1f],start_interpolation:0}
execute if entity @s[tag=aj.yuji.bone.bottom] run data modify entity @s {} merge value {transformation:[0.18968713140957777f,0.9299191188862894f,-0.3150701898107034f,0.2523820479991056f,0.34195462670791843f,-0.36337530828155956f,-0.8666172272718387f,1.2688838575479362f,-0.9203726557491014f,0.05664642672780487f,-0.3869177650203175f,0.40866192749397323f,0f,0f,0f,1f],start_interpolation:0}
execute if entity @s[tag=aj.yuji.bone.leftarm] run data modify entity @s {} merge value {transformation:[-0.8535307284579609f,0.41498924211438315f,-0.3150701898107034f,0.3027836879990788f,0.436999862302936f,0.24084372888428143f,-0.8666172272718387f,1.35640728116294f,-0.28375414697452017f,-0.8773700628505882f,-0.3869177650203175f,0.17158477759541865f,0f,0f,0f,1f],start_interpolation:0}
execute if entity @s[tag=aj.yuji.bone.head] run data modify entity @s {} merge value {transformation:[-0.9240347540903155f,-0.022442773770822884f,0.3816491780925534f,0.045774618185616296f,-0.021579046066341548f,0.9997457320940982f,0.006543388304408808f,1.4986375385486979f,-0.38169898873866115f,-0.002189306992458763f,-0.9242840953574697f,0.0072736644058363515f,0f,0f,0f,1f],start_interpolation:0}
execute if entity @s[tag=aj.yuji.bone.bottom3] run data modify entity @s {} merge value {transformation:[-0.8829271765475881f,0.4590636641994126f,-0.09848935539190576f,-0.2192323731807523f,-0.07806636825580926f,0.06331077103351179f,0.9949358715105663f,0.5475508816464101f,0.46297434384753183f,0.8861446261660402f,-0.020061367251416884f,-0.2265902615009866f,0f,0f,0f,1f],start_interpolation:0}
execute if entity @s[tag=aj.yuji.bone.rightleg] run data modify entity @s {} merge value {transformation:[-0.8829271765475881f,0.30932966075652857f,-0.3532064012584641f,-0.1170485593409147f,-0.07806636825580926f,0.6450944434702153f,0.7601044672617056f,0.7496308100324511f,0.46297434384753183f,0.6986904321515387f,-0.5454231723706312f,-0.011143091102677832f,0f,0f,0f,1f],start_interpolation:0}
execute if entity @s[tag=aj.yuji.bone.bottom4] run data modify entity @s {} merge value {transformation:[-0.8766851124230851f,-0.3014184495695238f,0.37492683541569427f,0.18390113120215207f,0.3402918359282759f,0.16233000191062996f,0.926202157674154f,0.6209969352115687f,-0.3400362922634672f,0.9395721838894546f,-0.039742058387992496f,-0.2670165534872576f,0f,0f,0f,1f],start_interpolation:0}
execute if entity @s[tag=aj.yuji.bone.leftleg] run data modify entity @s {} merge value {transformation:[-0.8766851124230851f,-0.18856321059128373f,0.44256878478630846f,0.11949584593973163f,0.3402918359282759f,0.40720035548391326f,0.8475785137049773f,0.7503738702748434f,-0.3400362922634672f,0.8936620088743181f,-0.29281996830549656f,0.010127597459320133f,0f,0f,0f,1f],start_interpolation:0}
execute if entity @s[tag=aj.yuji.locator_origin.mount] at @s on origin run tp @s ^0.00173 ^0.59375 ^-0.00072 ~5.13807 ~0.09401
execute if entity @s[tag=aj.yuji.camera_origin.camera] at @s on origin run tp @s ^0 ^0.005 ^0 ~0 ~0