execute if entity @s[tag=aj.yuji.locator_origin.head] at @s on origin run tp @s ^0 ^1.44531 ^-0.28115 ~0 ~-22.016
execute if entity @s[tag=aj.yuji.bone.torso] run data modify entity @s {} merge value {transformation:[-1f,4.5907783148060994e-17f,1.1353445852713257e-16f,3.443083736104575e-17f,0f,0.9270792085210174f,-0.37486549738278646f,1.4453094063907632f,-1.2246467991473532e-16f,-0.37486549738278646f,-0.9270792085210174f,-0.28114912303708983f,0f,0f,0f,1f],start_interpolation:0}
execute if entity @s[tag=aj.yuji.bone.bottom2] run data modify entity @s {} merge value {transformation:[-0.7882315915762f,0.5158141495434962f,-0.3355990482286424f,-0.5024895140364829f,-0.5466614008839233f,-0.8373482370363935f,-0.0030401834929158905f,1.2262394029777488f,-0.2825814410481997f,0.18106267716667618f,0.9420000191679186f,-0.09406586959705407f,0f,0f,0f,1f],start_interpolation:0}
execute if entity @s[tag=aj.yuji.bone.rightarm] run data modify entity @s {} merge value {transformation:[-0.5956677272324955f,0.6110411243378078f,0.5213527626297394f,-0.31249999999999994f,-0.4304891827316296f,0.30511811370864117f,-0.8494598285015805f,1.329424505325636f,-0.6781290601977821f,-0.7304325301181955f,0.08129758090130651f,-0.23429093586424157f,0f,0f,0f,1f],start_interpolation:0}
execute if entity @s[tag=aj.yuji.bone.bottom] run data modify entity @s {} merge value {transformation:[-0.7882315411258601f,-0.5158139811435495f,0.33559942555253824f,0.5024895531815181f,0.5466612419257963f,-0.8373483401206867f,-0.0030403738712221906f,1.226239292093176f,0.28258188928255396f,0.1810626801800222f,0.9419998841271318f,-0.09406600422917574f,0f,0f,0f,1f],start_interpolation:0}
execute if entity @s[tag=aj.yuji.bone.leftarm] run data modify entity @s {} merge value {transformation:[-0.5956671182673964f,-0.611041433159223f,-0.5213530964497464f,0.31250000000000006f,0.43048933025952985f,0.3051185203649578f,-0.8494596076700764f,1.329424505325636f,0.6781295014580307f,-0.7304321019047708f,0.08129774756573085f,-0.23429093586424152f,0f,0f,0f,1f],start_interpolation:0}
execute if entity @s[tag=aj.yuji.bone.head] run data modify entity @s {} merge value {transformation:[-1f,9.007132051026548e-17f,8.297442406040315e-17f,3.443083736104575e-17f,0f,0.6775375897619882f,-0.7354881470557604f,1.4453094063907632f,-1.2246467991473532e-16f,-0.7354881470557604f,-0.6775375897619882f,-0.28114912303708983f,0f,0f,0f,1f],start_interpolation:0}
execute if entity @s[tag=aj.yuji.locator_origin.mount] at @s on origin run tp @s ^0 ^0.59375 ^0 ~0 ~0
execute if entity @s[tag=aj.yuji.camera_origin.camera] at @s on origin run tp @s ^0 ^0.005 ^0 ~0 ~0