execute if entity @s[tag=aj.gojo.locator_origin.head] at @s on origin run tp @s ^0 ^5.94942 ^0.19592 ~0 ~15.14268
execute if entity @s[tag=aj.gojo.bone.torso] run data modify entity @s {} merge value {transformation:[-1f,-3.199065869273906e-17f,1.1821250180511052e-16f,-2.3992994019554295e-17f,0f,0.9652783307596497f,0.2612235520887508f,5.949422615257237f,-1.2246467991473532e-16f,0.2612235520887508f,-0.9652783307596497f,0.1959176640665631f,0f,0f,0f,1f],start_interpolation:0}
execute if entity @s[tag=aj.gojo.bone.bottom2] run data modify entity @s {} merge value {transformation:[-0.9499536460759355f,-0.2863469251988448f,0.12487397141199398f,-0.40857974979902945f,0.3122960538252651f,-0.8606426313886777f,0.4022007406775129f,6.066134491713169f,-0.0076970820577307725f,0.4210697085584999f,0.9069956204206594f,0.1344615430782526f,0f,0f,0f,1f],start_interpolation:0}
execute if entity @s[tag=aj.gojo.bone.rightarm] run data modify entity @s {} merge value {transformation:[-0.9780615148515583f,0.13980362048322834f,0.15443646222979937f,-0.3125f,-0.111210863825156f,-0.9772893871598404f,0.18038181036902423f,5.828762823912281f,0.17614714568660317f,0.15924949433051735f,0.9713968198537287f,0.16326472005546924f,0f,0f,0f,1f],start_interpolation:0}
execute if entity @s[tag=aj.gojo.bone.bottom] run data modify entity @s {} merge value {transformation:[-0.9540055639143252f,0.14248515631325115f,0.2637638418185836f,0.33650405866633254f,-0.20292259793674192f,0.340718208556266f,-0.9180051860446172f,5.756265934144261f,-0.22067125609628857f,-0.9293056992123729f,-0.29613360860309157f,0.40938309836458053f,0f,0f,0f,1f],start_interpolation:0}
execute if entity @s[tag=aj.gojo.bone.leftarm] run data modify entity @s {} merge value {transformation:[-0.9540055639143252f,0.14248515631325115f,0.2637638418185836f,0.3125f,-0.20292259793674192f,0.340718208556266f,-0.9180051860446172f,5.828762823912281f,-0.22067125609628857f,-0.9293056992123729f,-0.29613360860309157f,0.1632647200554693f,0f,0f,0f,1f],start_interpolation:0}
execute if entity @s[tag=aj.gojo.bone.head] run data modify entity @s {} merge value {transformation:[-1f,-8.395740895186942e-17f,8.91557699125925e-17f,-2.3992994019554295e-17f,0f,0.7280121090804812f,0.6855642705335435f,5.949422615257237f,-1.2246467991473532e-16f,0.6855642705335435f,-0.7280121090804812f,0.1959176640665631f,0f,0f,0f,1f],start_interpolation:0}
execute if entity @s[tag=aj.gojo.bone.bottom3] run data modify entity @s {} merge value {transformation:[-0.8779745629510005f,0.07736714122923333f,0.4724140051575689f,-0.24558518110566593f,0.0642579686635206f,0.9969694108146019f,-0.04385096764295915f,5.014891728832331f,-0.47437493638917905f,-0.00814366981168213f,-0.8802852380721609f,0.19304798336793003f,0f,0f,0f,1f],start_interpolation:0}
execute if entity @s[tag=aj.gojo.bone.rightleg] run data modify entity @s {} merge value {transformation:[-0.8779745629510005f,0.388313088279111f,0.2799528751096137f,-0.11875f,0.0642579686635206f,0.6751160021098104f,-0.7349076793438103f,5.2254638671875f,-0.47437493638917905f,-0.6272410455051598f,-0.6176868871518616f,-1.4542680739874818e-17f,0f,0f,0f,1f],start_interpolation:0}
execute if entity @s[tag=aj.gojo.bone.bottom4] run data modify entity @s {} merge value {transformation:[-0.9537169507482269f,-0.01264294770800796f,0.30043990036071566f,0.0890236832971747f,0f,0.9991157498658292f,0.04204424300711995f,4.936375864549591f,-0.3007057995042732f,0.04009830723726793f,-0.9528736264065668f,0.11506426606947748f,0f,0f,0f,1f],start_interpolation:0}
execute if entity @s[tag=aj.gojo.bone.leftleg] run data modify entity @s {} merge value {transformation:[-0.9537169507482269f,0.11419855246400552f,0.278177404673043f,0.11875f,0f,0.9250816084413096f,-0.3797683737801761f,5.2254638671875f,-0.3007057995042732f,-0.3621915354322424f,-0.882266010795911f,1.4542680739874818e-17f,0f,0f,0f,1f],start_interpolation:0}
execute if entity @s[tag=aj.gojo.locator_origin.purple] at @s on origin run tp @s ^0 ^5.47546 ^0.5 ~0 ~0
execute if entity @s[tag=aj.gojo.bone.purple] run data modify entity @s {} merge value {transformation:[-1f,0f,1.2246467991473532e-16f,-6.123233995736766e-17f,0f,1f,0f,5.4754638671875f,-1.2246467991473532e-16f,0f,-1f,0.5f,0f,0f,0f,1f],start_interpolation:0}
execute if entity @s[tag=aj.gojo.locator_origin.blue] at @s on origin run tp @s ^-1.0625 ^6.25671 ^-0.53125 ~0 ~0
execute if entity @s[tag=aj.gojo.bone.blue] run data modify entity @s {} merge value {transformation:[-1f,0f,1.2246467991473532e-16f,-1.0625f,0f,1f,0f,6.2567138671875f,-1.2246467991473532e-16f,0f,-1f,-0.5312500000000001f,0f,0f,0f,1f],start_interpolation:0}
execute if entity @s[tag=aj.gojo.locator_origin.red] at @s on origin run tp @s ^1.0625 ^6.25671 ^-0.53125 ~0 ~0
execute if entity @s[tag=aj.gojo.bone.red] run data modify entity @s {} merge value {transformation:[-1f,0f,1.2246467991473532e-16f,1.0625f,0f,1f,0f,6.2567138671875f,-1.2246467991473532e-16f,0f,-1f,-0.5312499999999999f,0f,0f,0f,1f],start_interpolation:0}
execute if entity @s[tag=aj.gojo.camera_origin.camera] at @s on origin run tp @s ^0 ^6.04189 ^3.19234 ~-180 ~0