execute if entity @s[tag=aj.gojo.locator_origin.head] at @s on origin run tp @s ^0 ^6.05104 ^0.15538 ~0 ~11.95684
execute if entity @s[tag=aj.gojo.bone.torso] run data modify entity @s {} merge value {transformation:[-1f,-2.53716066902892e-17f,1.1980767671802942e-16f,-1.90287050177169e-17f,0f,0.9783039224161953f,0.20717489081712295f,6.0510379418121465f,-1.2246467991473532e-16f,0.20717489081712295f,-0.9783039224161953f,0.15538116811284222f,0f,0f,0f,1f],start_interpolation:0}
execute if entity @s[tag=aj.gojo.bone.bottom2] run data modify entity @s {} merge value {transformation:[-0.9429005270362307f,-0.3116021112733302f,0.11765509068799977f,-0.3974782861312439f,0.332339453476323f,-0.8567137101495127f,0.3944516529372347f,6.169746087576693f,-0.022115238589203612f,0.41103009998278794f,0.9113534841817871f,0.09623068609799677f,0f,0f,0f,1f],start_interpolation:0}
execute if entity @s[tag=aj.gojo.bone.rightarm] run data modify entity @s {} merge value {transformation:[-0.9856888250587622f,0.093490938260285f,0.14027467560999188f,-0.3125f,-0.06687402238355838f,-0.9807030498621754f,0.1837100789866247f,5.928749951510122f,0.1547430298414769f,0.17170024011118945f,0.9729201520480705f,0.12948430676070183f,0f,0f,0f,1f],start_interpolation:0}
execute if entity @s[tag=aj.gojo.bone.bottom] run data modify entity @s {} merge value {transformation:[-0.9464157221243957f,0.16651616789560816f,0.2767122092447678f,0.3300219406588727f,-0.20110880189265734f,0.366540002591137f,-0.9084072194240805f,5.849684250980629f,-0.25269058296077923f,-0.9153801354245411f,-0.31341135421852645f,0.37412250205188585f,0f,0f,0f,1f],start_interpolation:0}
execute if entity @s[tag=aj.gojo.bone.leftarm] run data modify entity @s {} merge value {transformation:[-0.9464157221243957f,0.16651616789560816f,0.2767122092447678f,0.3125f,-0.20110880189265734f,0.366540002591137f,-0.9084072194240805f,5.928749951510122f,-0.25269058296077923f,-0.9153801354245411f,-0.31341135421852645f,0.12948430676070188f,0f,0f,0f,1f],start_interpolation:0}
execute if entity @s[tag=aj.gojo.bone.head] run data modify entity @s {} merge value {transformation:[-1f,-7.298822194555598e-17f,9.833777139962465e-17f,-1.90287050177169e-17f,0f,0.8029888410935401f,0.595994061278511f,6.0510379418121465f,-1.2246467991473532e-16f,0.595994061278511f,-0.8029888410935401f,0.15538116811284222f,0f,0f,0f,1f],start_interpolation:0}
execute if entity @s[tag=aj.gojo.bone.bottom3] run data modify entity @s {} merge value {transformation:[-0.8779745629510005f,0.06508496036102548f,0.47426217933312287f,-0.24088398406835826f,0.0642579686635206f,0.997771491760661f,-0.0179711906378765f,5.095109510483509f,-0.47437493638917894f,0.014696876011882132f,-0.8802002167468794f,0.18277183835104793f,0f,0f,0f,1f],start_interpolation:0}
execute if entity @s[tag=aj.gojo.bone.rightleg] run data modify entity @s {} merge value {transformation:[-0.8779745629510005f,0.37326925775972647f,0.29971774725982175f,-0.11875f,0.0642579686635206f,0.7123267258260427f,-0.6989002426220696f,5.31731f,-0.47437493638917894f,-0.5943573814511371f,-0.6493902700536172f,-1.4542680739874818e-17f,0f,0f,0f,1f],start_interpolation:0}
execute if entity @s[tag=aj.gojo.bone.bottom4] run data modify entity @s {} merge value {transformation:[-0.9537169507482269f,-0.004844187084171905f,0.30066677852233314f,0.0935807893149832f,0f,0.9998702353529448f,0.016109390281656644f,5.0224553653333315f,-0.3007057995042732f,0.015363798577834709f,-0.9535931920047226f,0.10061097230957786f,0f,0f,0f,1f],start_interpolation:0}
execute if entity @s[tag=aj.gojo.bone.leftleg] run data modify entity @s {} merge value {transformation:[-0.9537169507482269f,0.09961581320701828f,0.2837263956959391f,0.11875f,0f,0.9435348309333395f,-0.33127333550346993f,5.31731f,-0.3007057995042732f,-0.31594099540056364f,-0.8998651618824883f,1.4542680739874818e-17f,0f,0f,0f,1f],start_interpolation:0}
execute if entity @s[tag=aj.gojo.locator_origin.purple] at @s on origin run tp @s ^0 ^5.56731 ^0.5 ~0 ~0
execute if entity @s[tag=aj.gojo.bone.purple] run data modify entity @s {} merge value {transformation:[-1f,0f,1.2246467991473532e-16f,-6.123233995736766e-17f,0f,1f,0f,5.56731f,-1.2246467991473532e-16f,0f,-1f,0.5f,0f,0f,0f,1f],start_interpolation:0}
execute if entity @s[tag=aj.gojo.locator_origin.blue] at @s on origin run tp @s ^-1.0625 ^6.34856 ^-0.53125 ~0 ~0
execute if entity @s[tag=aj.gojo.bone.blue] run data modify entity @s {} merge value {transformation:[-1f,0f,1.2246467991473532e-16f,-1.0625f,0f,1f,0f,6.34856f,-1.2246467991473532e-16f,0f,-1f,-0.5312500000000001f,0f,0f,0f,1f],start_interpolation:0}
execute if entity @s[tag=aj.gojo.locator_origin.red] at @s on origin run tp @s ^1.0625 ^6.34856 ^-0.53125 ~0 ~0
execute if entity @s[tag=aj.gojo.bone.red] run data modify entity @s {} merge value {transformation:[-1f,0f,1.2246467991473532e-16f,1.0625f,0f,1f,0f,6.34856f,-1.2246467991473532e-16f,0f,-1f,-0.5312499999999999f,0f,0f,0f,1f],start_interpolation:0}
execute if entity @s[tag=aj.gojo.camera_origin.camera] at @s on origin run tp @s ^0 ^5.94201 ^2.06343 ~-180 ~0