execute if entity @s[tag=aj.gojo.locator_origin.head] at @s on origin run tp @s ^0 ^5.97692 ^0.18805 ~0 ~14.52073
execute if entity @s[tag=aj.gojo.bone.torso] run data modify entity @s {} merge value {transformation:[-1f,-3.070559904114923e-17f,1.1855278998886004e-16f,-2.3029199280861923e-17f,0f,0.9680569946485885f,0.25073024371212715f,5.976915322664682f,-1.2246467991473532e-16f,0.25073024371212715f,-0.9680569946485885f,0.18804768278409537f,0f,0f,0f,1f],start_interpolation:0}
execute if entity @s[tag=aj.gojo.bone.bottom2] run data modify entity @s {} merge value {transformation:[-0.9505932158379694f,-0.2836008319531749f,0.12626601331433113f,-0.4095124671051889f,0.3098416731119909f,-0.8415148665921245f,0.44255041171328857f,6.091466458014964f,-0.01925293759378001f,0.4598078918634456f,0.8878096794775916f,0.11788453319898085f,0f,0f,0f,1f],start_interpolation:0}
execute if entity @s[tag=aj.gojo.bone.rightarm] run data modify entity @s {} merge value {transformation:[-0.977153975797476f,0.1437613744713866f,0.1565336219260365f,-0.3125f,-0.10682346553346109f,-0.9689389051087876f,0.22303843923863365f,5.8559081983336085f,0.18373582882662554f,0.20122143369105083f,0.9621595916627923f,0.15670640232007946f,0f,0f,0f,1f],start_interpolation:0}
execute if entity @s[tag=aj.gojo.bone.bottom] run data modify entity @s {} merge value {transformation:[-0.9520076869262099f,0.1626991543126665f,0.2592495886580165f,0.3313256918547215f,-0.19780650519362608f,0.3193159924391943f,-0.9267739117366522f,5.788442106798412f,-0.23356787137038254f,-0.933577143121293f,-0.27180832824803747f,0.4046986800610517f,0f,0f,0f,1f],start_interpolation:0}
execute if entity @s[tag=aj.gojo.bone.leftarm] run data modify entity @s {} merge value {transformation:[-0.9520076869262099f,0.1626991543126665f,0.2592495886580165f,0.3125f,-0.19780650519362608f,0.3193159924391943f,-0.9267739117366522f,5.8559081983336085f,-0.23356787137038254f,-0.933577143121293f,-0.27180832824803747f,0.1567064023200795f,0f,0f,0f,1f],start_interpolation:0}
execute if entity @s[tag=aj.gojo.bone.head] run data modify entity @s {} merge value {transformation:[-1f,-8.217763646219916e-17f,9.079886503753894e-17f,-2.3029199280861923e-17f,0f,0.7414289989632654f,0.6710313252720248f,5.976915322664682f,-1.2246467991473532e-16f,0.6710313252720248f,-0.7414289989632654f,0.18804768278409537f,0f,0f,0f,1f],start_interpolation:0}
execute if entity @s[tag=aj.gojo.bone.bottom3] run data modify entity @s {} merge value {transformation:[-0.8779745629510005f,0.074493873095546f,0.4728755964122321f,-0.2445125734299849f,0.06425796866352068f,0.9972175622587677f,-0.03778950893990035f,5.0375238602801256f,-0.474374936389179f,-0.0027922023396411144f,-0.8803184783542017f,0.1906866876201496f,0f,0f,0f,1f],start_interpolation:0}
execute if entity @s[tag=aj.gojo.bone.rightleg] run data modify entity @s {} merge value {transformation:[-0.8779745629510005f,0.38488074371693165f,0.28465326263175195f,-0.11875f,0.06425796866352068f,0.6840010518472373f,-0.7266453567835628f,5.2508725766782405f,-0.474374936389179f,-0.6196848991122624f,-0.6252671793225579f,-1.4542680739874818e-17f,0f,0f,0f,1f],start_interpolation:0}
execute if entity @s[tag=aj.gojo.bone.bottom4] run data modify entity @s {} merge value {transformation:[-0.9537169507482269f,-0.010816318427624913f,0.3005112062988273f,0.09008321413176724f,6.938893903907228e-18f,0.9993528784420964f,0.035969769939442786f,4.960363067799544f,-0.30070579950427323f,0.0343049793057606f,-0.9530997799492597f,0.11170386358154019f,0f,0f,0f,1f],start_interpolation:0}
execute if entity @s[tag=aj.gojo.bone.leftleg] run data modify entity @s {} merge value {transformation:[-0.9537169507482269f,0.11080805379330937f,0.2795452612190792f,0.11875f,6.938893903907228e-18f,0.9296304284118294f,-0.3684932381616229f,5.2508725766782405f,-0.30070579950427323f,-0.3514382474708431f,-0.8866042975076978f,1.4542680739874818e-17f,0f,0f,0f,1f],start_interpolation:0}
execute if entity @s[tag=aj.gojo.locator_origin.purple] at @s on origin run tp @s ^0 ^5.50087 ^0.5 ~0 ~0
execute if entity @s[tag=aj.gojo.bone.purple] run data modify entity @s {} merge value {transformation:[-1f,0f,1.2246467991473532e-16f,-6.123233995736766e-17f,0f,1f,0f,5.5008725766782405f,-1.2246467991473532e-16f,0f,-1f,0.5f,0f,0f,0f,1f],start_interpolation:0}
execute if entity @s[tag=aj.gojo.locator_origin.blue] at @s on origin run tp @s ^-1.0625 ^6.28212 ^-0.53125 ~0 ~0
execute if entity @s[tag=aj.gojo.bone.blue] run data modify entity @s {} merge value {transformation:[-1f,0f,1.2246467991473532e-16f,-1.0625f,0f,1f,0f,6.2821225766782405f,-1.2246467991473532e-16f,0f,-1f,-0.5312500000000001f,0f,0f,0f,1f],start_interpolation:0}
execute if entity @s[tag=aj.gojo.locator_origin.red] at @s on origin run tp @s ^1.0625 ^6.28212 ^-0.53125 ~0 ~0
execute if entity @s[tag=aj.gojo.bone.red] run data modify entity @s {} merge value {transformation:[-1f,0f,1.2246467991473532e-16f,1.0625f,0f,1f,0f,6.2821225766782405f,-1.2246467991473532e-16f,0f,-1f,-0.5312499999999999f,0f,0f,0f,1f],start_interpolation:0}
execute if entity @s[tag=aj.gojo.camera_origin.camera] at @s on origin run tp @s ^0 ^6.06907 ^3.47945 ~-180 ~0