execute if entity @s[tag=aj.gojo.locator_origin.head] at @s on origin run tp @s ^0 ^5.98631 ^0.18085 ~0 ~13.95372
execute if entity @s[tag=aj.gojo.bone.torso] run data modify entity @s {} merge value {transformation:[-1f,-2.953088680537877e-17f,1.1885085002265016e-16f,-2.2148165104034077e-17f,0f,0.9704908395253126f,0.2411379903653798f,5.986308129643985f,-1.2246467991473532e-16f,0.2411379903653798f,-0.9704908395253126f,0.18085349277403484f,0f,0f,0f,1f],start_interpolation:0}
execute if entity @s[tag=aj.gojo.bone.bottom2] run data modify entity @s {} merge value {transformation:[-0.9483265535398747f,-0.29312845805586846f,0.12145968437704668f,-0.40389355354169276f,0.3171630971413756f,-0.8646502411672412f,0.38959919181271624f,6.104210099607688f,-0.00918246496716367f,0.40798978850851186f,0.9129403128408264f,0.1218936528365002f,0f,0f,0f,1f],start_interpolation:0}
execute if entity @s[tag=aj.gojo.bone.rightarm] run data modify entity @s {} merge value {transformation:[-0.9815510400530328f,0.12018645415351283f,0.1487036381828469f,-0.3125f,-0.09365609989107007f,-0.980267324590235f,0.17408189823728495f,5.864996774703321f,0.16669160363978558f,0.15694326547739504f,0.973438606537304f,0.15071124397836236f,0f,0f,0f,1f],start_interpolation:0}
execute if entity @s[tag=aj.gojo.bone.bottom] run data modify entity @s {} merge value {transformation:[-0.951535771403011f,0.14889036148506002f,0.2690935450681137f,0.3347483953414232f,-0.20256896775509187f,0.35492947084014975f,-0.9126833426943695f,5.788924967477977f,-0.2313989823726832f,-0.9229608501913715f,-0.3075675209948333f,0.39591389292449797f,0f,0f,0f,1f],start_interpolation:0}
execute if entity @s[tag=aj.gojo.bone.leftarm] run data modify entity @s {} merge value {transformation:[-0.951535771403011f,0.14889036148506002f,0.2690935450681137f,0.3125f,-0.20256896775509187f,0.35492947084014975f,-0.9126833426943695f,5.864996774703321f,-0.2313989823726832f,-0.9229608501913715f,-0.3075675209948333f,0.1507112439783624f,0f,0f,0f,1f],start_interpolation:0}
execute if entity @s[tag=aj.gojo.bone.head] run data modify entity @s {} merge value {transformation:[-1f,-7.994095821735596e-17f,9.277413985540111e-17f,-2.2148165104034077e-17f,0f,0.7575583418826888f,0.6527674613857152f,5.986308129643985f,-1.2246467991473532e-16f,0.6527674613857152f,-0.7575583418826888f,0.18085349277403484f,0f,0f,0f,1f],start_interpolation:0}
execute if entity @s[tag=aj.gojo.bone.bottom3] run data modify entity @s {} merge value {transformation:[-0.8779745629510005f,0.07287249745590155f,0.4731281707164975f,-0.24389991085443155f,0.0642579686635206f,0.9973412396519141f,-0.03437099289839268f,5.043539554625648f,-0.47437493638917905f,0.00022539769957119482f,-0.8803228776543521f,0.18934257548431338f,0f,0f,0f,1f],start_interpolation:0}
execute if entity @s[tag=aj.gojo.bone.rightleg] run data modify entity @s {} merge value {transformation:[-0.8779745629510005f,0.3829202234751609f,0.2872851706314344f,-0.11875f,0.0642579686635206f,0.6889665845711974f,-0.7219390270705257f,5.25844f,-0.47437493638917905f,-0.6153837402775866f,-0.6295008116974358f,-1.4542680739874818e-17f,0f,0f,0f,1f],start_interpolation:0}
execute if entity @s[tag=aj.gojo.bone.bottom4] run data modify entity @s {} merge value {transformation:[-0.9537169507482269f,-0.009786153025609562f,0.30054651730549714f,0.09068292068915916f,6.938893903907228e-18f,0.9994703055310585f,0.03254394508433983f,4.9671478647359715f,-0.3007057995042732f,0.03103771207115441f,-0.9532117721544799f,0.10980183738117283f,0f,0f,0f,1f],start_interpolation:0}
execute if entity @s[tag=aj.gojo.bone.leftleg] run data modify entity @s {} merge value {transformation:[-0.9537169507482269f,0.10888899280965524f,0.28029835015640564f,0.11875f,6.938893903907228e-18f,0.9321348328448932f,-0.3621113825844514f,5.25844f,-0.3007057995042732f,-0.3453517636296676f,-0.8889927904670398f,1.4542680739874818e-17f,0f,0f,0f,1f],start_interpolation:0}
execute if entity @s[tag=aj.gojo.locator_origin.purple] at @s on origin run tp @s ^0 ^5.50844 ^0.5 ~0 ~0
execute if entity @s[tag=aj.gojo.bone.purple] run data modify entity @s {} merge value {transformation:[-1f,0f,1.2246467991473532e-16f,-6.123233995736766e-17f,0f,1f,0f,5.50844f,-1.2246467991473532e-16f,0f,-1f,0.5f,0f,0f,0f,1f],start_interpolation:0}
execute if entity @s[tag=aj.gojo.locator_origin.blue] at @s on origin run tp @s ^-1.0625 ^6.28969 ^-0.53125 ~0 ~0
execute if entity @s[tag=aj.gojo.bone.blue] run data modify entity @s {} merge value {transformation:[-1f,0f,1.2246467991473532e-16f,-1.0625f,0f,1f,0f,6.28969f,-1.2246467991473532e-16f,0f,-1f,-0.5312500000000001f,0f,0f,0f,1f],start_interpolation:0}
execute if entity @s[tag=aj.gojo.locator_origin.red] at @s on origin run tp @s ^1.0625 ^6.28969 ^-0.53125 ~0 ~0
execute if entity @s[tag=aj.gojo.bone.red] run data modify entity @s {} merge value {transformation:[-1f,0f,1.2246467991473532e-16f,1.0625f,0f,1f,0f,6.28969f,-1.2246467991473532e-16f,0f,-1f,-0.5312499999999999f,0f,0f,0f,1f],start_interpolation:0}
execute if entity @s[tag=aj.gojo.camera_origin.camera] at @s on origin run tp @s ^0 ^5.97333 ^2.40895 ~-180 ~0