execute if entity @s[tag=aj.gojo.locator_origin.head] at @s on origin run tp @s ^0 ^6.12215 ^0.06537 ~0 ~5
execute if entity @s[tag=aj.gojo.bone.torso] run data modify entity @s {} merge value {transformation:[-1f,-1.0673500138322974e-17f,1.2199866483456202e-16f,-8.005125103742231e-18f,0f,0.9961946980917455f,0.08715574274765818f,6.122146023568809f,-1.2246467991473532e-16f,0.08715574274765818f,-0.9961946980917455f,0.06536680706074363f,0f,0f,0f,1f],start_interpolation:0}
execute if entity @s[tag=aj.gojo.bone.bottom2] run data modify entity @s {} merge value {transformation:[-0.9396926207859084f,0.34071865342161006f,-0.02980901962620904f,-0.4564104521545218f,0.34071865342161006f,0.9401507230860118f,0.005236133250197769f,5.783878921374689f,0.02980901962620905f,-0.005236133250197714f,-0.9995418976998965f,0.057644436256473815f,0f,0f,0f,1f],start_interpolation:0}
execute if entity @s[tag=aj.gojo.bone.rightarm] run data modify entity @s {} merge value {transformation:[-0.9396926207859084f,0.34071865342161006f,-0.02980901962620904f,-0.3125f,0.34071865342161006f,0.9401507230860118f,0.005236133250197769f,5.997621686307341f,0.02980901962620905f,-0.005236133250197714f,-0.9995418976998965f,0.05447233921728632f,0f,0f,0f,1f],start_interpolation:0}
execute if entity @s[tag=aj.gojo.bone.bottom] run data modify entity @s {} merge value {transformation:[-0.9396926207859084f,-0.34071865342161006f,0.02980901962620928f,0.4564104521545218f,-0.34071865342161006f,0.9401507230860118f,0.005236133250197769f,5.783878921374689f,-0.029809019626209278f,-0.005236133250197797f,-0.9995418976998965f,0.05764443625647393f,0f,0f,0f,1f],start_interpolation:0}
execute if entity @s[tag=aj.gojo.bone.leftarm] run data modify entity @s {} merge value {transformation:[-0.9396926207859084f,-0.34071865342161006f,0.02980901962620928f,0.3125f,-0.34071865342161006f,0.9401507230860118f,0.005236133250197769f,5.997621686307341f,-0.029809019626209278f,-0.005236133250197797f,-0.9995418976998965f,0.054472339217286406f,0f,0f,0f,1f],start_interpolation:0}
execute if entity @s[tag=aj.gojo.bone.head] run data modify entity @s {} merge value {transformation:[-1f,-3.169619151431765e-17f,1.1829179713786698e-16f,-8.005125103742231e-18f,0f,0.9659258262890682f,0.25881904510252074f,6.122146023568809f,-1.2246467991473532e-16f,0.25881904510252074f,-0.9659258262890682f,0.06536680706074363f,0f,0f,0f,1f],start_interpolation:0}
execute if entity @s[tag=aj.gojo.bone.bottom3] run data modify entity @s {} merge value {transformation:[-0.8779745629510005f,0.057436440091409524f,0.4752491158967321f,-0.2378061642885315f,0.06425796866352068f,0.9979315212190026f,-0.001895368239983375f,5.145879174160252f,-0.47437493638917894f,0.02887445769452751f,-0.8798492401648191f,0.1761379840108717f,0f,0f,0f,1f],start_interpolation:0}
execute if entity @s[tag=aj.gojo.bone.rightleg] run data modify entity @s {} merge value {transformation:[-0.8779745629510005f,0.3634202344642808f,0.31158690600364886f,-0.11875f,0.06425796866352068f,0.7344718020604637f,-0.675590175654807f,5.375f,-0.47437493638917894f,-0.5731290475625731f,-0.6682002054517646f,-1.4542680739874818e-17f,0f,0f,0f,1f],start_interpolation:0}
execute if entity @s[tag=aj.gojo.bone.bottom4] run data modify entity @s {} merge value {transformation:[-0.9537169507482269f,1.3877787807814457e-17f,0.3007057995042731f,0.09645323786233138f,6.938893903907228e-18f,1f,0f,5.076963452891179f,-0.3007057995042732f,5.551115123125783e-17f,-0.9537169507482269f,0.09150072942675265f,0f,0f,0f,1f],start_interpolation:0}
execute if entity @s[tag=aj.gojo.bone.leftleg] run data modify entity @s {} merge value {transformation:[-0.9537169507482269f,0.09042397785550411f,0.2867882181755231f,0.11875f,6.938893903907228e-18f,0.9537169507482269f,-0.30070579950427306f,5.375f,-0.3007057995042732f,-0.28678821817552297f,-0.909576022144496f,1.4542680739874818e-17f,0f,0f,0f,1f],start_interpolation:0}
execute if entity @s[tag=aj.gojo.locator_origin.purple] at @s on origin run tp @s ^0 ^5.625 ^0.5 ~0 ~0
execute if entity @s[tag=aj.gojo.bone.purple] run data modify entity @s {} merge value {transformation:[-1f,0f,1.2246467991473532e-16f,-6.123233995736766e-17f,0f,1f,0f,5.625f,-1.2246467991473532e-16f,0f,-1f,0.5f,0f,0f,0f,1f],start_interpolation:0}
execute if entity @s[tag=aj.gojo.locator_origin.blue] at @s on origin run tp @s ^-1.0625 ^6.40625 ^-0.53125 ~0 ~0
execute if entity @s[tag=aj.gojo.bone.blue] run data modify entity @s {} merge value {transformation:[-1f,0f,1.2246467991473532e-16f,-1.0625f,0f,1f,0f,6.40625f,-1.2246467991473532e-16f,0f,-1f,-0.5312500000000001f,0f,0f,0f,1f],start_interpolation:0}
execute if entity @s[tag=aj.gojo.locator_origin.red] at @s on origin run tp @s ^1.0625 ^6.40625 ^-0.53125 ~0 ~0
execute if entity @s[tag=aj.gojo.bone.red] run data modify entity @s {} merge value {transformation:[-1f,0f,1.2246467991473532e-16f,1.0625f,0f,1f,0f,6.40625f,-1.2246467991473532e-16f,0f,-1f,-0.5312499999999999f,0f,0f,0f,1f],start_interpolation:0}
execute if entity @s[tag=aj.gojo.camera_origin.camera] at @s on origin run tp @s ^0 ^7.255 ^4.65625 ~-180 ~0