execute if entity @s[tag=aj.gojo.locator_origin.head] at @s on origin run tp @s ^0 ^5.95226 ^0.19403 ~0 ~14.99336
execute if entity @s[tag=aj.gojo.bone.torso] run data modify entity @s {} merge value {transformation:[-1f,-3.168248908828109e-17f,1.1829546784128935e-16f,-2.376186681621082e-17f,0f,0.9659557998571611f,0.2587071563028595f,5.952256849892871f,-1.2246467991473532e-16f,0.2587071563028595f,-0.9659557998571611f,0.19403036722714462f,0f,0f,0f,1f],start_interpolation:0}
execute if entity @s[tag=aj.gojo.bone.bottom2] run data modify entity @s {} merge value {transformation:[-0.950466714392757f,-0.28536279852963214f,0.12321159866982424f,-0.40724725641074233f,0.3108017216657564f,-0.8675424965522509f,0.3882940979277034f,6.069680187213124f,-0.003913392522975137f,0.40735499247121526f,0.9132615153764755f,0.13513447684109645f,0f,0f,0f,1f],start_interpolation:0}
execute if entity @s[tag=aj.gojo.bone.rightarm] run data modify entity @s {} merge value {transformation:[-0.9791298521296645f,0.13420656261055305f,0.15262152934891265f,-0.3125f,-0.10788929383144102f,-0.9796435726674528f,0.16928783419933496f,5.831512374910726f,0.1722342385970173f,0.14928854304201727f,0.9736777177132567f,0.16169197268928717f,0f,0f,0f,1f],start_interpolation:0}
execute if entity @s[tag=aj.gojo.bone.bottom] run data modify entity @s {} merge value {transformation:[-0.9538506549062062f,0.1395361466704034f,0.2658920681543117f,0.33723162926403705f,-0.20394563768821986f,0.34887289862935433f,-0.914709723065136f,5.7570407526089005f,-0.2203976066180094f,-0.9267239957907252f,-0.30431485442338374f,0.4071478220505941f,0f,0f,0f,1f],start_interpolation:0}
execute if entity @s[tag=aj.gojo.bone.leftarm] run data modify entity @s {} merge value {transformation:[-0.9538506549062062f,0.1395361466704034f,0.2658920681543117f,0.3125f,-0.20394563768821986f,0.34887289862935433f,-0.914709723065136f,5.831512374910726f,-0.2203976066180094f,-0.9267239957907252f,-0.30431485442338374f,0.16169197268928723f,0f,0f,0f,1f],start_interpolation:0}
execute if entity @s[tag=aj.gojo.bone.head] run data modify entity @s {} merge value {transformation:[-1f,-8.339574947501242e-17f,8.968136259067176e-17f,-2.376186681621082e-17f,0f,0.7323038989944809f,0.6809779728577725f,5.952256849892871f,-1.2246467991473532e-16f,0.6809779728577725f,-0.7323038989944809f,0.19403036722714462f,0f,0f,0f,1f],start_interpolation:0}
execute if entity @s[tag=aj.gojo.bone.bottom3] run data modify entity @s {} merge value {transformation:[-0.8779745629510005f,0.07691932757385614f,0.47248712559876727f,-0.24541911682701686f,0.06425796866352063f,0.9970105272225662f,-0.042905967773939346f,5.016782875775437f,-0.4743749363891789f,-0.0073092853936716495f,-0.8802925616366393f,0.19268170870309248f,0f,0f,0f,1f],start_interpolation:0}
execute if entity @s[tag=aj.gojo.bone.rightleg] run data modify entity @s {} merge value {transformation:[-0.8779745629510005f,0.38778168258743395f,0.2806884989818038f,-0.11875f,0.06425796866352063f,0.6765079568918719f,-0.7336265383185255f,5.22779f,-0.4743749363891789f,-0.6260689665776796f,-0.6188748409930063f,-1.4542680739874818e-17f,0f,0f,0f,1f],start_interpolation:0}
execute if entity @s[tag=aj.gojo.bone.bottom4] run data modify entity @s {} merge value {transformation:[-0.9537169507482269f,-0.01235816925103464f,0.3004517490517686f,0.08918854185393355f,0f,0.999155152800766f,0.04109720953638951f,4.938477539106349f,-0.3007057995042732f,0.03919510536330634f,-0.9529112056535254f,0.11454140152773598f,0f,0f,0f,1f],start_interpolation:0}
execute if entity @s[tag=aj.gojo.bone.leftleg] run data modify entity @s {} merge value {transformation:[-0.9537169507482269f,0.11367100508237717f,0.2783933915506371f,0.11875f,0f,0.9257998748596832f,-0.3780140099385141f,5.22779f,-0.3007057995042732f,-0.3605183688986696f,-0.8829510336542671f,1.4542680739874818e-17f,0f,0f,0f,1f],start_interpolation:0}
execute if entity @s[tag=aj.gojo.locator_origin.purple] at @s on origin run tp @s ^0 ^5.47779 ^0.5 ~0 ~0
execute if entity @s[tag=aj.gojo.bone.purple] run data modify entity @s {} merge value {transformation:[-1f,0f,1.2246467991473532e-16f,-6.123233995736766e-17f,0f,1f,0f,5.47779f,-1.2246467991473532e-16f,0f,-1f,0.5f,0f,0f,0f,1f],start_interpolation:0}
execute if entity @s[tag=aj.gojo.locator_origin.blue] at @s on origin run tp @s ^-1.0625 ^6.25904 ^-0.53125 ~0 ~0
execute if entity @s[tag=aj.gojo.bone.blue] run data modify entity @s {} merge value {transformation:[-1f,0f,1.2246467991473532e-16f,-1.0625f,0f,1f,0f,6.25904f,-1.2246467991473532e-16f,0f,-1f,-0.5312500000000001f,0f,0f,0f,1f],start_interpolation:0}
execute if entity @s[tag=aj.gojo.locator_origin.red] at @s on origin run tp @s ^1.0625 ^6.25904 ^-0.53125 ~0 ~0
execute if entity @s[tag=aj.gojo.bone.red] run data modify entity @s {} merge value {transformation:[-1f,0f,1.2246467991473532e-16f,1.0625f,0f,1f,0f,6.25904f,-1.2246467991473532e-16f,0f,-1f,-0.5312499999999999f,0f,0f,0f,1f],start_interpolation:0}
execute if entity @s[tag=aj.gojo.camera_origin.camera] at @s on origin run tp @s ^0 ^5.99957 ^2.71392 ~-180 ~0