execute if entity @s[tag=aj.gojo.locator_origin.head] at @s on origin run tp @s ^0 ^5.94285 ^0.19764 ~0 ~15.27931
execute if entity @s[tag=aj.gojo.bone.torso] run data modify entity @s {} merge value {transformation:[-1f,-3.2272468349176086e-17f,1.181358777563785e-16f,-2.4204351261882066e-17f,0f,0.964652647919623f,0.26352470256440824f,5.942849485939718f,-1.2246467991473532e-16f,0.26352470256440824f,-0.964652647919623f,0.19764352692330617f,0f,0f,0f,1f],start_interpolation:0}
execute if entity @s[tag=aj.gojo.bone.bottom2] run data modify entity @s {} merge value {transformation:[-0.9505404677181026f,-0.28481710883688616f,0.12390332418481714f,-0.40817094313621166f,0.31058350873915785f,-0.867383900636592f,0.3888226498234423f,6.06013407609433f,-0.003271594339742917f,0.4080739925923328f,0.9129429956137612f,0.1387605940959501f,0f,0f,0f,1f],start_interpolation:0}
execute if entity @s[tag=aj.gojo.bone.rightarm] run data modify entity @s {} merge value {transformation:[-0.9784320408442252f,0.1380757623337903f,0.15364187354151534f,-0.3125f,-0.11183575143482843f,-0.979423622436968f,0.16799444191238536f,5.822267904949764f,0.17367644097692583f,0.14718849027145162f,0.9737412603875828f,0.16470293910275513f,0f,0f,0f,1f],start_interpolation:0}
execute if entity @s[tag=aj.gojo.bone.bottom] run data modify entity @s {} merge value {transformation:[-0.9544451298051831f,0.1369461785910729f,0.265104202834412f,0.33791627596505575f,-0.20439779418486384f,0.34720482479803805f,-0.9152433290493441f,5.748241560886808f,-0.21738453469262514f,-0.9277362522863197f,-0.30339645724728764f,0.4102235355926242f,0f,0f,0f,1f],start_interpolation:0}
execute if entity @s[tag=aj.gojo.bone.leftarm] run data modify entity @s {} merge value {transformation:[-0.9544451298051831f,0.1369461785910729f,0.265104202834412f,0.3125f,-0.20439779418486384f,0.34720482479803805f,-0.9152433290493441f,5.822267904949764f,-0.21738453469262514f,-0.9277362522863197f,-0.30339645724728764f,0.16470293910275519f,0f,0f,0f,1f],start_interpolation:0}
execute if entity @s[tag=aj.gojo.bone.head] run data modify entity @s {} merge value {transformation:[-1f,-8.432520000364546e-17f,8.880798652690967e-17f,-2.4204351261882066e-17f,0f,0.7251722422231557f,0.6885675123828024f,5.942849485939718f,-1.2246467991473532e-16f,0.6885675123828024f,-0.7251722422231557f,0.19764352692330617f,0f,0f,0f,1f],start_interpolation:0}
execute if entity @s[tag=aj.gojo.bone.bottom3] run data modify entity @s {} merge value {transformation:[-0.8779745629510005f,0.07803139539864246f,0.4723047407586972f,-0.2458307526903306f,0.06425796866352063f,0.9969067597641992f,-0.045252909295241894f,5.00943460888751f,-0.47437493638917894f,-0.009381560029446623f,-0.8802729156671676f,0.1935900952061521f,0f,0f,0f,1f],start_interpolation:0}
execute if entity @s[tag=aj.gojo.bone.rightleg] run data modify entity @s {} merge value {transformation:[-0.8779745629510005f,0.389098917350038f,0.2788596409092356f,-0.11875f,0.06425796866352063f,0.673046410933239f,-0.7368035302528916f,5.21936f,-0.47437493638917894f,-0.6289758033874705f,-0.6159203345229386f,-1.4542680739874818e-17f,0f,0f,0f,1f],start_interpolation:0}
execute if entity @s[tag=aj.gojo.bone.bottom4] run data modify entity @s {} merge value {transformation:[-0.9537169507482269f,-0.013065427845612557f,0.3004218241917775f,0.08877933338587421f,-6.938893903907228e-18f,0.9990556373938784f,0.043449204728181146f,4.930606920422301f,-0.3007057995042732f,0.0414382430457963f,-0.9528162961231159f,0.11583924497811601f,0f,0f,0f,1f],start_interpolation:0}
execute if entity @s[tag=aj.gojo.bone.leftleg] run data modify entity @s {} merge value {transformation:[-0.9537169507482269f,0.11498047218016706f,0.27785512209194557f,0.11875f,-6.938893903907228e-18f,0.9240098546486367f,-0.38236865524282354f,5.21936f,-0.3007057995042732f,-0.36467146793988575f,-0.8812438610368102f,1.4542680739874818e-17f,0f,0f,0f,1f],start_interpolation:0}
execute if entity @s[tag=aj.gojo.locator_origin.purple] at @s on origin run tp @s ^0 ^5.46936 ^0.5 ~0 ~0
execute if entity @s[tag=aj.gojo.bone.purple] run data modify entity @s {} merge value {transformation:[-1f,0f,1.2246467991473532e-16f,-6.123233995736766e-17f,0f,1f,0f,5.46936f,-1.2246467991473532e-16f,0f,-1f,0.5f,0f,0f,0f,1f],start_interpolation:0}
execute if entity @s[tag=aj.gojo.locator_origin.blue] at @s on origin run tp @s ^-1.0625 ^6.25061 ^-0.53125 ~0 ~0
execute if entity @s[tag=aj.gojo.bone.blue] run data modify entity @s {} merge value {transformation:[-1f,0f,1.2246467991473532e-16f,-1.0625f,0f,1f,0f,6.25061f,-1.2246467991473532e-16f,0f,-1f,-0.5312500000000001f,0f,0f,0f,1f],start_interpolation:0}
execute if entity @s[tag=aj.gojo.locator_origin.red] at @s on origin run tp @s ^1.0625 ^6.25061 ^-0.53125 ~0 ~0
execute if entity @s[tag=aj.gojo.bone.red] run data modify entity @s {} merge value {transformation:[-1f,0f,1.2246467991473532e-16f,1.0625f,0f,1f,0f,6.25061f,-1.2246467991473532e-16f,0f,-1f,-0.5312499999999999f,0f,0f,0f,1f],start_interpolation:0}
execute if entity @s[tag=aj.gojo.camera_origin.camera] at @s on origin run tp @s ^0 ^6.0169 ^2.91341 ~-180 ~0