execute if entity @s[tag=aj.gojo.locator_origin.head] at @s on origin run tp @s ^0 ^6.10972 ^0.13181 ~0 ~10.12245
execute if entity @s[tag=aj.gojo.bone.torso] run data modify entity @s {} merge value {transformation:[-1f,-2.152347213715098e-17f,1.2055844215060122e-16f,-1.6142604102863235e-17f,0f,0.9844343874049131f,0.17575248759182208f,6.109715790553684f,-1.2246467991473532e-16f,0.17575248759182208f,-0.9844343874049131f,0.13181436569386656f,0f,0f,0f,1f],start_interpolation:0}
execute if entity @s[tag=aj.gojo.bone.bottom2] run data modify entity @s {} merge value {transformation:[-0.9368238303009828f,-0.33090723706381625f,0.11340860390193697f,-0.391625008587038f,0.3478952302367647f,-0.8475911490474386f,0.4006970836366933f,6.229034895918425f,-0.03646943595263853f,0.4148368890482547f,0.9091646362051609f,0.07242049811640983f,0f,0f,0f,1f],start_interpolation:0}
execute if entity @s[tag=aj.gojo.bone.rightarm] run data modify entity @s {} merge value {transformation:[-0.9888918344988803f,0.06927707572343204f,0.13150523351049145f,-0.3125f,-0.042996417280236315f,-0.9802427194814762f,0.19306868986095038f,5.9866614921280705f,0.14228228196969156f,0.18526979700633858f,0.9723326871779676f,0.10984530474488875f,0f,0f,0f,1f],start_interpolation:0}
execute if entity @s[tag=aj.gojo.bone.bottom] run data modify entity @s {} merge value {transformation:[-0.9409341303743299f,0.18220130758263864f,0.2853868353864283f,0.32575805625273596f,-0.20115033604017263f,0.37720295336094356f,-0.9040223859433503f,5.904932649790346f,-0.27236281796094947f,-0.9080311753959547f,-0.3182732786481017f,0.35387577471643683f,0f,0f,0f,1f],start_interpolation:0}
execute if entity @s[tag=aj.gojo.bone.leftarm] run data modify entity @s {} merge value {transformation:[-0.9409341303743299f,0.18220130758263864f,0.2853868353864283f,0.3125f,-0.20115033604017263f,0.37720295336094356f,-0.9040223859433503f,5.9866614921280705f,-0.27236281796094947f,-0.9080311753959547f,-0.3182732786481017f,0.10984530474488884f,0f,0f,0f,1f],start_interpolation:0}
execute if entity @s[tag=aj.gojo.bone.head] run data modify entity @s {} merge value {transformation:[-1f,-6.626020658763161e-17f,1.029911785037095e-16f,-1.6142604102863235e-17f,0f,0.8409867937058749f,0.5410556466873923f,6.109715790553684f,-1.2246467991473532e-16f,0.5410556466873923f,-0.8409867937058749f,0.13181436569386656f,0f,0f,0f,1f],start_interpolation:0}
execute if entity @s[tag=aj.gojo.bone.bottom3] run data modify entity @s {} merge value {transformation:[-0.8779745629510005f,0.05791551049265223f,0.475190972615616f,-0.23800225297113792f,0.06425796866352065f,0.9979291034105903f,-0.0029013840444750416f,5.142695305339067f,-0.47437493638917905f,0.027987465239121212f,-0.8798779014813656f,0.17655862849277595f,0f,0f,0f,1f],start_interpolation:0}
execute if entity @s[tag=aj.gojo.bone.rightleg] run data modify entity @s {} merge value {transformation:[-0.8779745629510005f,0.3640477182486213f,0.31085354372915236f,-0.11875f,0.06425796866352065f,0.7331081822882579f,-0.6770696467315933f,5.37139f,-0.47437493638917905f,-0.5744751099046668f,-0.6670433028115819f,-1.4542680739874818e-17f,0f,0f,0f,1f],start_interpolation:0}
execute if entity @s[tag=aj.gojo.bone.bottom4] run data modify entity @s {} merge value {transformation:[-0.9537169507482269f,-0.00030314211945590974f,0.3007056467051451f,0.09627260052748235f,-6.938893903907228e-18f,0.9999994918650444f,0.00100810200520135f,5.073543522390562f,-0.3007057995042732f,0.0009614439704438427f,-0.9537164661313066f,0.09207363785907259f,0f,0f,0f,1f],start_interpolation:0}
execute if entity @s[tag=aj.gojo.bone.leftleg] run data modify entity @s {} merge value {transformation:[-0.9537169507482269f,0.09100201732702103f,0.28660532217304807f,0.11875f,-6.938893903907228e-18f,0.9531087283502003f,-0.302628075271717f,5.37139f,-0.3007057995042732f,-0.2886215251589468f,-0.9089959501336732f,1.4542680739874818e-17f,0f,0f,0f,1f],start_interpolation:0}
execute if entity @s[tag=aj.gojo.locator_origin.purple] at @s on origin run tp @s ^0 ^5.62139 ^0.5 ~0 ~0
execute if entity @s[tag=aj.gojo.bone.purple] run data modify entity @s {} merge value {transformation:[-1f,0f,1.2246467991473532e-16f,-6.123233995736766e-17f,0f,1f,0f,5.62139f,-1.2246467991473532e-16f,0f,-1f,0.5f,0f,0f,0f,1f],start_interpolation:0}
execute if entity @s[tag=aj.gojo.locator_origin.blue] at @s on origin run tp @s ^-1.0625 ^6.40264 ^-0.53125 ~0 ~0
execute if entity @s[tag=aj.gojo.bone.blue] run data modify entity @s {} merge value {transformation:[-1f,0f,1.2246467991473532e-16f,-1.0625f,0f,1f,0f,6.40264f,-1.2246467991473532e-16f,0f,-1f,-0.5312500000000001f,0f,0f,0f,1f],start_interpolation:0}
execute if entity @s[tag=aj.gojo.locator_origin.red] at @s on origin run tp @s ^1.0625 ^6.40264 ^-0.53125 ~0 ~0
execute if entity @s[tag=aj.gojo.bone.red] run data modify entity @s {} merge value {transformation:[-1f,0f,1.2246467991473532e-16f,1.0625f,0f,1f,0f,6.40264f,-1.2246467991473532e-16f,0f,-1f,-0.5312499999999999f,0f,0f,0f,1f],start_interpolation:0}
execute if entity @s[tag=aj.gojo.camera_origin.camera] at @s on origin run tp @s ^0 ^5.92688 ^1.92188 ~-180 ~0