execute if entity @s[tag=aj.gojo.locator_origin.head] at @s on origin run tp @s ^0 ^6.10484 ^0.13379 ~0 ~10.27577
execute if entity @s[tag=aj.gojo.bone.torso] run data modify entity @s {} merge value {transformation:[-1f,-2.1845998340291175e-17f,1.205004156969368e-16f,-1.638449875521838e-17f,0f,0.9839605654531076f,0.17838611390240197f,6.10484042408983f,-1.2246467991473532e-16f,0.17838611390240197f,-0.9839605654531076f,0.13378958542680147f,0f,0f,0f,1f],start_interpolation:0}
execute if entity @s[tag=aj.gojo.bone.bottom2] run data modify entity @s {} merge value {transformation:[-0.9374169068756794f,-0.3290993464965757f,0.11376802204117215f,-0.3921124971402856f,0.3464329569580788f,-0.8484950151838997f,0.4000505162368313f,6.224113160416693f,-0.03512476386989226f,0.4144271098077442f,0.9094044323729039f,0.07441828534920097f,0f,0f,0f,1f],start_interpolation:0}
execute if entity @s[tag=aj.gojo.bone.rightarm] run data modify entity @s {} merge value {transformation:[-0.9886461592624955f,0.07128844874551855f,0.132275201194229f,-0.3125f,-0.04496327680285077f,-0.9803120472347215f,0.19226698568818007f,5.9818453534081915f,0.14337738843578654f,0.18413649046814748f,0.9723871026311521f,0.1114913211890012f,0f,0f,0f,1f],start_interpolation:0}
execute if entity @s[tag=aj.gojo.bone.bottom] run data modify entity @s {} merge value {transformation:[-0.9414207290403775f,0.18091196685868227f,0.2846012494357803f,0.326110803850353f,-0.2010959370951781f,0.37631123014344264f,-0.9044060383211409f,5.900336041940779f,-0.27071652150708564f,-0.9086587468985547f,-0.31788653112054255f,0.35557579050783283f,0f,0f,0f,1f],start_interpolation:0}
execute if entity @s[tag=aj.gojo.bone.leftarm] run data modify entity @s {} merge value {transformation:[-0.9414207290403775f,0.18091196685868227f,0.2846012494357803f,0.3125f,-0.2010959370951781f,0.37631123014344264f,-0.9044060383211409f,5.9818453534081915f,-0.27071652150708564f,-0.9086587468985547f,-0.31788653112054255f,0.11149132118900128f,0f,0f,0f,1f],start_interpolation:0}
execute if entity @s[tag=aj.gojo.bone.head] run data modify entity @s {} merge value {transformation:[-1f,-6.683428055949421e-17f,1.0261957302928809e-16f,-1.638449875521838e-17f,0f,0.8379524047320079f,0.545743316407856f,6.10484042408983f,-1.2246467991473532e-16f,0.545743316407856f,-0.8379524047320079f,0.13378958542680147f,0f,0f,0f,1f],start_interpolation:0}
execute if entity @s[tag=aj.gojo.bone.bottom3] run data modify entity @s {} merge value {transformation:[-0.8779745629510005f,0.05851526075226485f,0.4751174918586917f,-0.2382471190951828f,0.0642579686635206f,0.9979246462679102f,-0.00416098958232608f,5.138710167441923f,-0.474374936389179f,0.026876841893359926f,-0.8799125269568571f,0.17708427890420494f,0f,0f,0f,1f],start_interpolation:0}
execute if entity @s[tag=aj.gojo.bone.rightleg] run data modify entity @s {} merge value {transformation:[-0.8779745629510005f,0.36483128984556507f,0.30993353603735885f,-0.11875f,0.0642579686635206f,0.7313966235591147f,-0.6789181780668159f,5.36687f,-0.474374936389179f,-0.5761571912212395f,-0.6655909485035194f,-1.4542680739874818e-17f,0f,0f,0f,1f],start_interpolation:0}
execute if entity @s[tag=aj.gojo.bone.bottom4] run data modify entity @s {} merge value {transformation:[-0.9537169507482269f,-0.0006826990945761613f,0.3007050245297715f,0.09604659164814737f,-6.938893903907228e-18f,0.9999974228149139f,0.002270322340645281f,5.069263211103056f,-0.30070579950427323f,0.002165244899935803f,-0.953714492843125f,0.09279044644605933f,0f,0f,0f,1f],start_interpolation:0}
execute if entity @s[tag=aj.gojo.bone.leftleg] run data modify entity @s {} merge value {transformation:[-0.9537169507482269f,0.09172524574089296f,0.2863746796580958f,0.11875f,-6.938893903907228e-18f,0.9523417244702199f,-0.3050331782496582f,5.36687f,-0.30070579950427323f,-0.29091531263730436f,-0.9082644455320462f,1.4542680739874818e-17f,0f,0f,0f,1f],start_interpolation:0}
execute if entity @s[tag=aj.gojo.locator_origin.purple] at @s on origin run tp @s ^0 ^5.61687 ^0.5 ~0 ~0
execute if entity @s[tag=aj.gojo.bone.purple] run data modify entity @s {} merge value {transformation:[-1f,0f,1.2246467991473532e-16f,-6.123233995736766e-17f,0f,1f,0f,5.61687f,-1.2246467991473532e-16f,0f,-1f,0.5f,0f,0f,0f,1f],start_interpolation:0}
execute if entity @s[tag=aj.gojo.locator_origin.blue] at @s on origin run tp @s ^-1.0625 ^6.39812 ^-0.53125 ~0 ~0
execute if entity @s[tag=aj.gojo.bone.blue] run data modify entity @s {} merge value {transformation:[-1f,0f,1.2246467991473532e-16f,-1.0625f,0f,1f,0f,6.39812f,-1.2246467991473532e-16f,0f,-1f,-0.5312500000000001f,0f,0f,0f,1f],start_interpolation:0}
execute if entity @s[tag=aj.gojo.locator_origin.red] at @s on origin run tp @s ^1.0625 ^6.39812 ^-0.53125 ~0 ~0
execute if entity @s[tag=aj.gojo.bone.red] run data modify entity @s {} merge value {transformation:[-1f,0f,1.2246467991473532e-16f,1.0625f,0f,1f,0f,6.39812f,-1.2246467991473532e-16f,0f,-1f,-0.5312499999999999f,0f,0f,0f,1f],start_interpolation:0}
execute if entity @s[tag=aj.gojo.camera_origin.camera] at @s on origin run tp @s ^0 ^5.92688 ^1.92188 ~-180 ~0