execute if entity @s[tag=aj.gojo.locator_origin.head] at @s on origin run tp @s ^0 ^5.96617 ^0.06217 ~0 ~4.75486
execute if entity @s[tag=aj.gojo.bone.torso] run data modify entity @s {} merge value {transformation:[-1f,-1.0151435953353919e-17f,1.220432143738583e-16f,-7.613576965015439e-18f,0f,0.9965584726864066f,0.08289276516642793f,5.966168854514805f,-1.2246467991473532e-16f,0.08289276516642793f,-0.9965584726864066f,0.06216957387482095f,0f,0f,0f,1f],start_interpolation:0}
execute if entity @s[tag=aj.gojo.bone.bottom2] run data modify entity @s {} merge value {transformation:[-0.9629962620105201f,0.14467638144973446f,-0.2273916093535039f,-0.46182850314669494f,0.19318574060547228f,-0.21776962462613192f,-0.956689949888107f,5.885198277365664f,-0.18792942553118377f,-0.9652176621057058f,0.1817619205959124f,0.2572498316145943f,0f,0f,0f,1f],start_interpolation:0}
execute if entity @s[tag=aj.gojo.bone.rightarm] run data modify entity @s {} merge value {transformation:[-0.9149589430652146f,0.36857427682047605f,-0.16432630638838203f,-0.3125f,0.1180732962649343f,-0.14487860368040517f,-0.9823791971050431f,5.841599045429004f,-0.3858870679539785f,-0.9182391805308021f,0.08903919431352966f,0.05180797822901742f,0f,0f,0f,1f],start_interpolation:0}
execute if entity @s[tag=aj.gojo.bone.bottom] run data modify entity @s {} merge value {transformation:[-0.9444987587312271f,-0.15160886457200987f,0.29143926801026176f,0.40943338856370415f,-0.29298439294810463f,0.7900316429002674f,-0.538525903467173f,5.6624026592631935f,-0.14860094294452453f,-0.594024204388584f,-0.7906029372298764f,0.20960158826019631f,0f,0f,0f,1f],start_interpolation:0}
execute if entity @s[tag=aj.gojo.bone.leftarm] run data modify entity @s {} merge value {transformation:[-0.9444987587312271f,-0.15160886457200987f,0.29143926801026176f,0.3125f,-0.29298439294810463f,0.7900316429002674f,-0.538525903467173f,5.841599045429004f,-0.14860094294452453f,-0.594024204388584f,-0.7906029372298764f,0.051807978229017504f,0f,0f,0f,1f],start_interpolation:0}
execute if entity @s[tag=aj.gojo.bone.head] run data modify entity @s {} merge value {transformation:[-1f,-4.173520956851483e-17f,1.1513370535551578e-16f,-7.613576965015439e-18f,0f,0.9401380498906f,0.3407938484595927f,5.966168854514805f,-1.2246467991473532e-16f,0.3407938484595927f,-0.9401380498906f,0.06216957387482095f,0f,0f,0f,1f],start_interpolation:0}
execute if entity @s[tag=aj.gojo.bone.bottom3] run data modify entity @s {} merge value {transformation:[-0.8685040918258027f,0.05246739131382164f,0.4928973679485008f,-0.24215270808296074f,0.06737249293795047f,0.9976493826763817f,0.01251624707171356f,4.990445385279502f,-0.4910820600237432f,0.044078136237330645f,-0.8699974300126869f,0.17419554252367153f,0f,0f,0f,1f],start_interpolation:0}
execute if entity @s[tag=aj.gojo.bone.rightleg] run data modify entity @s {} merge value {transformation:[-0.8685040918258027f,0.3775185840289584f,0.321217000164387f,-0.11875f,0.06737249293795047f,0.7319222169643544f,-0.6780492721840428f,5.21875f,-0.4910820600237432f,-0.5672473772762239f,-0.661111808468191f,-1.4542680739874818e-17f,0f,0f,0f,1f],start_interpolation:0}
execute if entity @s[tag=aj.gojo.bone.bottom4] run data modify entity @s {} merge value {transformation:[-0.9447150104857136f,-0.0033371087568705438f,0.32787560547885064f,0.09618694700669737f,6.938893903907228e-18f,0.9999482084660354f,0.01017744494292444f,4.918552402989935f,-0.3278925875389349f,0.009614785005972681f,-0.9446660822461611f,0.08406916134352806f,0f,0f,0f,1f],start_interpolation:0}
execute if entity @s[tag=aj.gojo.bone.leftleg] run data modify entity @s {} merge value {transformation:[-0.9447150104857136f,0.09109606978828269f,0.31498421394112186f,0.11875f,6.938893903907228e-18f,0.9606323104322074f,-0.2778229007005707f,5.21875f,-0.3278925875389349f,-0.262463464548511f,-0.9075237632228781f,1.4542680739874818e-17f,0f,0f,0f,1f],start_interpolation:0}
execute if entity @s[tag=aj.gojo.locator_origin.purple] at @s on origin run tp @s ^0 ^5.46875 ^0.5 ~0 ~0
execute if entity @s[tag=aj.gojo.bone.purple] run data modify entity @s {} merge value {transformation:[-1f,0f,1.2246467991473532e-16f,-6.123233995736766e-17f,0f,1f,0f,5.46875f,-1.2246467991473532e-16f,0f,-1f,0.5f,0f,0f,0f,1f],start_interpolation:0}
execute if entity @s[tag=aj.gojo.locator_origin.blue] at @s on origin run tp @s ^-1.0625 ^6.25 ^-0.53125 ~0 ~0
execute if entity @s[tag=aj.gojo.bone.blue] run data modify entity @s {} merge value {transformation:[-1f,0f,1.2246467991473532e-16f,-1.0625f,0f,1f,0f,6.25f,-1.2246467991473532e-16f,0f,-1f,-0.5312500000000001f,0f,0f,0f,1f],start_interpolation:0}
execute if entity @s[tag=aj.gojo.locator_origin.red] at @s on origin run tp @s ^1.0625 ^6.25 ^-0.53125 ~0 ~0
execute if entity @s[tag=aj.gojo.bone.red] run data modify entity @s {} merge value {transformation:[-1f,0f,1.2246467991473532e-16f,1.0625f,0f,1f,0f,6.25f,-1.2246467991473532e-16f,0f,-1f,-0.5312499999999999f,0f,0f,0f,1f],start_interpolation:0}
execute if entity @s[tag=aj.gojo.camera_origin.camera] at @s on origin run tp @s ^0 ^6.48291 ^5.42444 ~-180 ~0