execute if entity @s[tag=aj.gojo.locator_origin.head] at @s on origin run tp @s ^0 ^5.94302 ^0.19767 ~0 ~15.28173
execute if entity @s[tag=aj.gojo.bone.torso] run data modify entity @s {} merge value {transformation:[-1f,-3.227746265554609e-17f,1.1813451329369584e-16f,-2.4208096991659568e-17f,0f,0.9646415062362936f,0.2635654841707741f,5.943022326147128f,-1.2246467991473532e-16f,0.2635654841707741f,-0.9646415062362936f,0.19767411312808056f,0f,0f,0f,1f],start_interpolation:0}
execute if entity @s[tag=aj.gojo.bone.bottom2] run data modify entity @s {} merge value {transformation:[-0.9500727103141248f,-0.2862072155890779f,0.12428706634690595f,-0.4082818887368912f,0.31199837066166125f,-0.8658226141208035f,0.3911626484999394f,6.060229889358704f,-0.004343019783732999f,0.41041031982854115f,0.9118906225844156f,0.1384783794011677f,0f,0f,0f,1f],start_interpolation:0}
execute if entity @s[tag=aj.gojo.bone.rightarm] run data modify entity @s {} merge value {transformation:[-0.9783402110430701f,0.1385425021867973f,0.15380639305315674f,-0.3125f,-0.11202372951792959f,-0.979156938343934f,0.16941775030328865f,5.822442137867591f,0.1740721559615283f,0.14851823181264637f,0.9734686534954018f,0.16472842760673376f,0f,0f,0f,1f],start_interpolation:0}
execute if entity @s[tag=aj.gojo.bone.bottom] run data modify entity @s {} merge value {transformation:[-0.9544316934815715f,0.13744802124635175f,0.26489277818272433f,0.3377899755310103f,-0.2042485827437975f,0.34630583912949026f,-0.9156171592057292f,5.748631214506705f,-0.21758368257994357f,-0.9279980103643982f,-0.3024517049624093f,0.41032691035907987f,0f,0f,0f,1f],start_interpolation:0}
execute if entity @s[tag=aj.gojo.bone.leftarm] run data modify entity @s {} merge value {transformation:[-0.9544316934815715f,0.13744802124635175f,0.26489277818272433f,0.3125f,-0.2042485827437975f,0.34630583912949026f,-0.9156171592057292f,5.822442137867591f,-0.21758368257994357f,-0.9279980103643982f,-0.3024517049624093f,0.1647284276067338f,0f,0f,0f,1f],start_interpolation:0}
execute if entity @s[tag=aj.gojo.bone.head] run data modify entity @s {} merge value {transformation:[-1f,-8.434214432630907e-17f,8.879189443332438e-17f,-2.4208096991659568e-17f,0f,0.7250408403071382f,0.6887058732773511f,5.943022326147128f,-1.2246467991473532e-16f,0.6887058732773511f,-0.7250408403071382f,0.19767411312808056f,0f,0f,0f,1f],start_interpolation:0}
execute if entity @s[tag=aj.gojo.bone.bottom3] run data modify entity @s {} merge value {transformation:[-0.8779745629510005f,0.07802464062967568f,0.47230585669204805f,-0.24582826003615907f,0.0642579686635206f,0.9969074068558055f,-0.04523865182862613f,5.009609219478784f,-0.47437493638917894f,-0.009368970628815587f,-0.8802730497494053f,0.19358458968311676f,0f,0f,0f,1f],start_interpolation:0}
execute if entity @s[tag=aj.gojo.bone.rightleg] run data modify entity @s {} merge value {transformation:[-0.8779745629510005f,0.389090940856689f,0.27887077034758595f,-0.11875f,0.0642579686635206f,0.673067485744866f,-0.7367842785349881f,5.219541196469907f,-0.47437493638917894f,-0.6289581857137574f,-0.6159383251182065f,-1.4542680739874818e-17f,0f,0f,0f,1f],start_interpolation:0}
execute if entity @s[tag=aj.gojo.bone.bottom4] run data modify entity @s {} merge value {transformation:[-0.9537169507482269f,-0.013061131301297949f,0.3004220110188906f,0.0887818170260488f,0f,0.9990562586892222f,0.04343491652914511f,4.930784699184069f,-0.3007057995042732f,0.04142461614818005f,-0.9528168886630168f,0.11583136787784734f,0f,0f,0f,1f],start_interpolation:0}
execute if entity @s[tag=aj.gojo.bone.leftleg] run data modify entity @s {} merge value {transformation:[-0.9537169507482269f,0.11497252453160837f,0.2778584108108532f,0.11875f,0f,0.9240207913146838f,-0.3823422252618528f,5.219541196469907f,-0.3007057995042732f,-0.364646261219026f,-0.8812542915206041f,1.4542680739874818e-17f,0f,0f,0f,1f],start_interpolation:0}
execute if entity @s[tag=aj.gojo.locator_origin.purple] at @s on origin run tp @s ^0 ^5.46954 ^0.5 ~0 ~0
execute if entity @s[tag=aj.gojo.bone.purple] run data modify entity @s {} merge value {transformation:[-1f,0f,1.2246467991473532e-16f,-6.123233995736766e-17f,0f,1f,0f,5.469541196469907f,-1.2246467991473532e-16f,0f,-1f,0.5f,0f,0f,0f,1f],start_interpolation:0}
execute if entity @s[tag=aj.gojo.locator_origin.blue] at @s on origin run tp @s ^-1.0625 ^6.25079 ^-0.53125 ~0 ~0
execute if entity @s[tag=aj.gojo.bone.blue] run data modify entity @s {} merge value {transformation:[-1f,0f,1.2246467991473532e-16f,-1.0625f,0f,1f,0f,6.250791196469907f,-1.2246467991473532e-16f,0f,-1f,-0.5312500000000001f,0f,0f,0f,1f],start_interpolation:0}
execute if entity @s[tag=aj.gojo.locator_origin.red] at @s on origin run tp @s ^1.0625 ^6.25079 ^-0.53125 ~0 ~0
execute if entity @s[tag=aj.gojo.bone.red] run data modify entity @s {} merge value {transformation:[-1f,0f,1.2246467991473532e-16f,1.0625f,0f,1f,0f,6.250791196469907f,-1.2246467991473532e-16f,0f,-1f,-0.5312499999999999f,0f,0f,0f,1f],start_interpolation:0}
execute if entity @s[tag=aj.gojo.camera_origin.camera] at @s on origin run tp @s ^0 ^6.02912 ^3.0514 ~-180 ~0