execute if entity @s[tag=aj.gojo.locator_origin.head] at @s on origin run tp @s ^0 ^6.38648 ^0.0537 ~0 ~2.91917
execute if entity @s[tag=aj.gojo.bone.torso] run data modify entity @s {} merge value {transformation:[-1f,-6.236762315698514e-18f,1.2230576692223495e-16f,-6.576686736536717e-18f,0f,0.9987023769415719f,0.05092702908333073f,6.386477954581179f,-1.2246467991473532e-16f,0.05092702908333073f,-0.9987023769415719f,0.053702722622683226f,0f,0f,0f,1f],start_interpolation:0}
execute if entity @s[tag=aj.gojo.bone.bottom2] run data modify entity @s {} merge value {transformation:[-0.9630649416784417f,0.26866538287060787f,-0.01802304516138336f,-0.4526988301022294f,0.23118426200364803f,0.790679158574687f,-0.5669041411009921f,6.0797032798012465f,-0.13805707193667507f,-0.5501321479813871f,-0.8235865860039594f,0.16416796391891453f,0f,0f,0f,1f],start_interpolation:0}
execute if entity @s[tag=aj.gojo.bone.rightarm] run data modify entity @s {} merge value {transformation:[-0.9459313472996101f,0.32431248358401504f,0.005941311935280002f,-0.3125f,0.26916487330142475f,0.7950387289742973f,-0.5435657185764768f,6.261640157463482f,-0.1810087212721319f,-0.5125766600446237f,-0.8393455846079886f,0.04733684398726685f,0f,0f,0f,1f],start_interpolation:0}
execute if entity @s[tag=aj.gojo.bone.bottom] run data modify entity @s {} merge value {transformation:[-0.9398852704864367f,-0.32116542518070884f,0.11605364273099052f,0.4515341857005795f,-0.337479114358195f,0.9254975936759439f,-0.17193618430116991f,6.051358203691883f,-0.05218740934982548f,-0.2007659676552079f,-0.9782481794191196f,0.100790048985433f,0f,0f,0f,1f],start_interpolation:0}
execute if entity @s[tag=aj.gojo.bone.leftarm] run data modify entity @s {} merge value {transformation:[-0.9398852704864367f,-0.32116542518070884f,0.11605364273099052f,0.3125f,-0.337479114358195f,0.9254975936759439f,-0.17193618430116991f,6.261640157463482f,-0.05218740934982548f,-0.2007659676552079f,-0.9782481794191196f,0.04733684398726693f,0f,0f,0f,1f],start_interpolation:0}
execute if entity @s[tag=aj.gojo.bone.head] run data modify entity @s {} merge value {transformation:[-1f,-2.9137177052587153e-17f,1.1894798333735956e-16f,-6.576686736536717e-18f,0f,0.9712839932311567f,0.23792310626111615f,6.386477954581179f,-1.2246467991473532e-16f,0.23792310626111615f,-0.9712839932311567f,0.053702722622683226f,0f,0f,0f,1f],start_interpolation:0}
execute if entity @s[tag=aj.gojo.bone.bottom3] run data modify entity @s {} merge value {transformation:[-0.8673871945585291f,0.053022430973330814f,0.49480104742165065f,-0.2431274461847905f,0.06772600394191436f,0.9976339594054923f,0.011818266834882851f,5.410246921419898f,-0.49300369481976913f,0.043761911002595244f,-0.8689259186141571f,0.19044684590369948f,0f,0f,0f,1f],start_interpolation:0}
execute if entity @s[tag=aj.gojo.bone.rightleg] run data modify entity @s {} merge value {transformation:[-0.8673871945585291f,0.3806600839001591f,0.32052668413255087f,-0.11875f,0.06772600394191436f,0.7284081215351655f,-0.6817879412776904f,5.637451171875f,-0.49300369481976913f,-0.5696661381956412f,-0.657592463374787f,0.015507450810185168f,0f,0f,0f,1f],start_interpolation:0}
execute if entity @s[tag=aj.gojo.bone.bottom4] run data modify entity @s {} merge value {transformation:[-0.9436233065988386f,-0.004540540326389647f,0.3309900885782211f,0.09571397520662674f,0f,0.9999059207579315f,0.013716764678058324f,5.337424148534395f,-0.3310212308047238f,0.012943458841347566f,-0.9435345312333556f,0.10005589448063365f,0f,0f,0f,1f],start_interpolation:0}
execute if entity @s[tag=aj.gojo.bone.leftleg] run data modify entity @s {} merge value {transformation:[-0.9436233065988386f,0.09258774547077121f,0.3178090065308312f,0.11875f,0f,0.9600864746899368f,-0.2797033448449433f,5.637451171875f,-0.3310212308047238f,-0.2639345951293406f,-0.9059599738677404f,0.015507450810185196f,0f,0f,0f,1f],start_interpolation:0}
execute if entity @s[tag=aj.gojo.locator_origin.purple] at @s on origin run tp @s ^0 ^5.88745 ^0.51551 ~0 ~0
execute if entity @s[tag=aj.gojo.bone.purple] run data modify entity @s {} merge value {transformation:[-1f,0f,1.2246467991473532e-16f,-6.313145495713049e-17f,0f,1f,0f,5.887451171875f,-1.2246467991473532e-16f,0f,-1f,0.5155074508101852f,0f,0f,0f,1f],start_interpolation:0}
execute if entity @s[tag=aj.gojo.locator_origin.blue] at @s on origin run tp @s ^-1.0625 ^6.6687 ^-0.51574 ~0 ~0
execute if entity @s[tag=aj.gojo.bone.blue] run data modify entity @s {} merge value {transformation:[-1f,0f,1.2246467991473532e-16f,-1.0625f,0f,1f,0f,6.668701171875f,-1.2246467991473532e-16f,0f,-1f,-0.5157425491898149f,0f,0f,0f,1f],start_interpolation:0}
execute if entity @s[tag=aj.gojo.locator_origin.red] at @s on origin run tp @s ^1.0625 ^6.6687 ^-0.51574 ~0 ~0
execute if entity @s[tag=aj.gojo.bone.red] run data modify entity @s {} merge value {transformation:[-1f,0f,1.2246467991473532e-16f,1.0625f,0f,1f,0f,6.668701171875f,-1.2246467991473532e-16f,0f,-1f,-0.5157425491898147f,0f,0f,0f,1f],start_interpolation:0}
execute if entity @s[tag=aj.gojo.camera_origin.camera] at @s on origin run tp @s ^0 ^7.21268 ^5.64583 ~-180 ~0