execute if entity @s[tag=aj.gojo.locator_origin.head] at @s on origin run tp @s ^0 ^5.97814 ^0.18403 ~0 ~14.20371
execute if entity @s[tag=aj.gojo.bone.torso] run data modify entity @s {} merge value {transformation:[-1f,-3.004916881815167e-17f,1.1872087129042138e-16f,-2.2536876613613753e-17f,0f,0.9694294826318859f,0.2453700841669049f,5.978142111973915f,-1.2246467991473532e-16f,0.2453700841669049f,-0.9694294826318859f,0.18402756312517868f,0f,0f,0f,1f],start_interpolation:0}
execute if entity @s[tag=aj.gojo.bone.bottom2] run data modify entity @s {} merge value {transformation:[-0.9489157111477673f,-0.2910408163541202f,0.12187787474703667f,-0.4046992455669767f,0.31543383703015443f,-0.8654834115023604f,0.38915287339382454f,6.095932687735152f,-0.007776091136367694f,0.4077176812822364f,0.9130749283473267f,0.1250854453326759f,0f,0f,0f,1f],start_interpolation:0}
execute if entity @s[tag=aj.gojo.bone.rightarm] run data modify entity @s {} merge value {transformation:[-0.9809854832587118f,0.12355061145322868f,0.14967540895285703f,-0.3125f,-0.0970615260974633f,-0.9801424258852559f,0.1729158325064465f,5.8569634266449295f,0.16806707526253653f,0.15510019790219273f,0.973497502217339f,0.15335630260431554f,0f,0f,0f,1f],start_interpolation:0}
execute if entity @s[tag=aj.gojo.bone.bottom] run data modify entity @s {} merge value {transformation:[-0.9521143706877897f,0.14665072396658393f,0.2682755864589079f,0.33534446717634087f,-0.20286161770000938f,0.3534741622971965f,-0.9131829940665949f,5.781273737176881f,-0.22874743538219047f,-0.9238774711769803f,-0.30679802648925014f,0.3986223851099476f,0f,0f,0f,1f],start_interpolation:0}
execute if entity @s[tag=aj.gojo.bone.leftarm] run data modify entity @s {} merge value {transformation:[-0.9521143706877897f,0.14665072396658393f,0.2682755864589079f,0.3125f,-0.20286161770000938f,0.3534741622971965f,-0.9131829940665949f,5.8569634266449295f,-0.22874743538219047f,-0.9238774711769803f,-0.30679802648925014f,0.1533563026043156f,0f,0f,0f,1f],start_interpolation:0}
execute if entity @s[tag=aj.gojo.bone.head] run data modify entity @s {} merge value {transformation:[-1f,-8.078234153089283e-17f,9.204244196784854e-17f,-2.2536876613613753e-17f,0f,0.7515835752147644f,0.6596378775262928f,5.978142111973915f,-1.2246467991473532e-16f,0.6596378775262928f,-0.7515835752147644f,0.18402756312517868f,0f,0f,0f,1f],start_interpolation:0}
execute if entity @s[tag=aj.gojo.bone.bottom3] run data modify entity @s {} merge value {transformation:[-0.8779745629510005f,0.07384608385720234f,0.472977190475349f,-0.2442684332076151f,0.06425796866352065f,0.9972683887874043f,-0.03642353893587169f,5.0371000116290965f,-0.4743749363891789f,-0.001586387194225769f,-0.8803214771328896f,0.19015067578544273f,0f,0f,0f,1f],start_interpolation:0}
execute if entity @s[tag=aj.gojo.bone.rightleg] run data modify entity @s {} merge value {transformation:[-0.8779745629510005f,0.3840994950053483f,0.285706571061353f,-0.11875f,0.06425796866352065f,0.6859891221601642f,-0.7247688167554986f,5.25107f,-0.4743749363891789f,-0.6179696612412005f,-0.6269624530314384f,-1.4542680739874818e-17f,0f,0f,0f,1f],start_interpolation:0}
execute if entity @s[tag=aj.gojo.bone.bottom4] run data modify entity @s {} merge value {transformation:[-0.9537169507482269f,-0.010404684322345828f,0.3005257399951899f,0.0903226600585175f,6.938893903907228e-18f,0.9994012103877606f,0.034600876802171554f,4.960246117739583f,-0.30070579950427323f,0.03299944271698213f,-0.9531458749451023f,0.11094443812481203f,0f,0f,0f,1f],start_interpolation:0}
execute if entity @s[tag=aj.gojo.bone.leftleg] run data modify entity @s {} merge value {transformation:[-0.9537169507482269f,0.11004182682770856f,0.2798477696961774f,0.11875f,6.938893903907228e-18f,0.9306364232333358f,-0.3659451430904138f,5.25107f,-0.30070579950427323f,-0.349008086009313f,-0.8875637318213334f,1.4542680739874818e-17f,0f,0f,0f,1f],start_interpolation:0}
execute if entity @s[tag=aj.gojo.locator_origin.purple] at @s on origin run tp @s ^0 ^5.50107 ^0.5 ~0 ~0
execute if entity @s[tag=aj.gojo.bone.purple] run data modify entity @s {} merge value {transformation:[-1f,0f,1.2246467991473532e-16f,-6.123233995736766e-17f,0f,1f,0f,5.50107f,-1.2246467991473532e-16f,0f,-1f,0.5f,0f,0f,0f,1f],start_interpolation:0}
execute if entity @s[tag=aj.gojo.locator_origin.blue] at @s on origin run tp @s ^-1.0625 ^6.28232 ^-0.53125 ~0 ~0
execute if entity @s[tag=aj.gojo.bone.blue] run data modify entity @s {} merge value {transformation:[-1f,0f,1.2246467991473532e-16f,-1.0625f,0f,1f,0f,6.28232f,-1.2246467991473532e-16f,0f,-1f,-0.5312500000000001f,0f,0f,0f,1f],start_interpolation:0}
execute if entity @s[tag=aj.gojo.locator_origin.red] at @s on origin run tp @s ^1.0625 ^6.28232 ^-0.53125 ~0 ~0
execute if entity @s[tag=aj.gojo.bone.red] run data modify entity @s {} merge value {transformation:[-1f,0f,1.2246467991473532e-16f,1.0625f,0f,1f,0f,6.28232f,-1.2246467991473532e-16f,0f,-1f,-0.5312499999999999f,0f,0f,0f,1f],start_interpolation:0}
execute if entity @s[tag=aj.gojo.camera_origin.camera] at @s on origin run tp @s ^0 ^5.97832 ^2.46666 ~-180 ~0