execute if entity @s[tag=aj.gojo.locator_origin.head] at @s on origin run tp @s ^0 ^6.08728 ^0.11709 ~0 ~8.98167
execute if entity @s[tag=aj.gojo.bone.torso] run data modify entity @s {} merge value {transformation:[-1f,-1.9119002967801778e-17f,1.2096305862591175e-16f,-1.4339252225851334e-17f,0f,0.9877383316571843f,0.15611850683081172f,6.087277264896157f,-1.2246467991473532e-16f,0.15611850683081172f,-0.9877383316571843f,0.11708888012310878f,0f,0f,0f,1f],start_interpolation:0}
execute if entity @s[tag=aj.gojo.bone.bottom2] run data modify entity @s {} merge value {transformation:[-0.9211581568794058f,-0.38918810566279033f,-0.0005180976208815618f,-0.37374742660518f,0.3886727107723187f,-0.92000516387134f,0.0502396491922969f,6.21130453235989f,-0.020029326384913664f,0.046077292245491425f,0.9987370570995598f,0.13500995915612693f,0f,0f,0f,1f],start_interpolation:0}
execute if entity @s[tag=aj.gojo.bone.rightarm] run data modify entity @s {} merge value {transformation:[-0.9999657193858601f,-0.00500172342574498f,0.006598698045199196f,-0.3125f,0.003970436373147108f,-0.9889856265902396f,-0.14795832532479142f,5.963809973439008f,0.007266064142722127f,-0.14792705351179808f,0.9889715825802027f,0.09757406676925728f,0f,0f,0f,1f],start_interpolation:0}
execute if entity @s[tag=aj.gojo.bone.bottom] run data modify entity @s {} merge value {transformation:[-0.9420163504916849f,0.12577271549668267f,0.31110515817472034f,0.33993284303155963f,-0.2186282646443016f,0.47329592108403895f,-0.8533420492298692f,5.859150259708267f,-0.2545719491714444f,-0.8718785437902471f,-0.41835502575354555f,0.33145444954003445f,0f,0f,0f,1f],start_interpolation:0}
execute if entity @s[tag=aj.gojo.bone.leftarm] run data modify entity @s {} merge value {transformation:[-0.9420163504916849f,0.12577271549668267f,0.31110515817472034f,0.3125f,-0.2186282646443016f,0.47329592108403895f,-0.8533420492298692f,5.963809973439008f,-0.2545719491714444f,-0.8718785437902471f,-0.41835502575354555f,0.09757406676925737f,0f,0f,0f,1f],start_interpolation:0}
execute if entity @s[tag=aj.gojo.bone.head] run data modify entity @s {} merge value {transformation:[-1f,-6.116143035910344e-17f,1.0609843195376224e-16f,-1.4339252225851334e-17f,0f,0.8663594436178015f,0.49942097918915407f,6.087277264896157f,-1.2246467991473532e-16f,0.49942097918915407f,-0.8663594436178015f,0.11708888012310878f,0f,0f,0f,1f],start_interpolation:0}
execute if entity @s[tag=aj.gojo.bone.bottom3] run data modify entity @s {} merge value {transformation:[-0.8768183975593011f,0.05599402544684748f,0.4775501720403805f,-0.23799466215271908f,0.06464975643550205f,0.9979065773353846f,0.0016946691737630415f,5.116693468395334f,-0.4764555663379004f,0.03235941941747478f,-0.8786028461600808f,0.17514894433151823f,0f,0f,0f,1f],start_interpolation:0}
execute if entity @s[tag=aj.gojo.bone.rightleg] run data modify entity @s {} merge value {transformation:[-0.8768183975593011f,0.3640465509375151f,0.3141012678294031f,-0.11875f,0.06464975643550205f,0.7365891479541f,-0.6732435191734735f,5.346473516153268f,-0.4764555663379004f,-0.5700057331876164f,-0.66939043721798f,-1.4542680739874818e-17f,0f,0f,0f,1f],start_interpolation:0}
execute if entity @s[tag=aj.gojo.bone.bottom4] run data modify entity @s {} merge value {transformation:[-0.9526433366032653f,0.00016357883696652142f,0.3040898657755006f,0.0967239123077052f,0f,0.9999998553160862f,-0.0005379291838026323f,5.047826687565892f,-0.30408990977241895f,-0.0005124546525140938f,-0.9526431987710988f,0.08955576885758897f,0f,0f,0f,1f],start_interpolation:0}
execute if entity @s[tag=aj.gojo.bone.leftleg] run data modify entity @s {} merge value {transformation:[-0.9526433366032653f,0.08953634734740865f,0.2906095589086534f,0.11875f,0f,0.9556698514796027f,-0.2944403759217716f,5.346473516153268f,-0.30408990977241895f,-0.28049666214883623f,-0.9104125160046757f,1.4542680739874818e-17f,0f,0f,0f,1f],start_interpolation:0}
execute if entity @s[tag=aj.gojo.locator_origin.purple] at @s on origin run tp @s ^0 ^5.59647 ^0.5 ~0 ~0
execute if entity @s[tag=aj.gojo.bone.purple] run data modify entity @s {} merge value {transformation:[-1f,0f,1.2246467991473532e-16f,-6.123233995736766e-17f,0f,1f,0f,5.596473516153268f,-1.2246467991473532e-16f,0f,-1f,0.5f,0f,0f,0f,1f],start_interpolation:0}
execute if entity @s[tag=aj.gojo.locator_origin.blue] at @s on origin run tp @s ^-1.0625 ^6.37772 ^-0.53125 ~0 ~0
execute if entity @s[tag=aj.gojo.bone.blue] run data modify entity @s {} merge value {transformation:[-1f,0f,1.2246467991473532e-16f,-1.0625f,0f,1f,0f,6.377723516153268f,-1.2246467991473532e-16f,0f,-1f,-0.5312500000000001f,0f,0f,0f,1f],start_interpolation:0}
execute if entity @s[tag=aj.gojo.locator_origin.red] at @s on origin run tp @s ^1.0625 ^6.37772 ^-0.53125 ~0 ~0
execute if entity @s[tag=aj.gojo.bone.red] run data modify entity @s {} merge value {transformation:[-1f,0f,1.2246467991473532e-16f,1.0625f,0f,1f,0f,6.377723516153268f,-1.2246467991473532e-16f,0f,-1f,-0.5312499999999999f,0f,0f,0f,1f],start_interpolation:0}
execute if entity @s[tag=aj.gojo.camera_origin.camera] at @s on origin run tp @s ^0 ^6.23921 ^4.78524 ~-180 ~0