execute if entity @s[tag=aj.gojo.locator_origin.head] at @s on origin run tp @s ^0 ^6.00579 ^0.17926 ~0 ~13.82792
execute if entity @s[tag=aj.gojo.bone.torso] run data modify entity @s {} merge value {transformation:[-1f,-2.9269879086757525e-17f,1.1891539851871654e-16f,-2.1952409315068143e-17f,0f,0.9710179179948869f,0.23900670060246232f,6.005788033403572f,-1.2246467991473532e-16f,0.23900670060246232f,-0.9710179179948869f,0.17925502545184674f,0f,0f,0f,1f],start_interpolation:0}
execute if entity @s[tag=aj.gojo.bone.bottom2] run data modify entity @s {} merge value {transformation:[-0.9511902734934183f,-0.2811972742638989f,0.12714226896697156f,-0.40990859689603854f,0.3071973989998584f,-0.8234549919375649f,0.47702372509218843f,6.118134376567961f,-0.029441835188013632f,0.492798101862882f,0.8696454502503324f,0.10151373017785228f,0f,0f,0f,1f],start_interpolation:0}
execute if entity @s[tag=aj.gojo.bone.rightarm] run data modify entity @s {} merge value {transformation:[-0.9766785431882835f,0.14546475178708312f,0.15792095891025543f,-0.3125f,-0.10081677029372749f,-0.9600985242284302f,0.260857820664693f,5.884410793654212f,0.18956529772918376f,0.23885315522704248f,0.9523729144273965f,0.14937918787653892f,0f,0f,0f,1f],start_interpolation:0}
execute if entity @s[tag=aj.gojo.bone.bottom] run data modify entity @s {} merge value {transformation:[-0.949641036108289f,0.1817222078127825f,0.2552624957310088f,0.3264220128035724f,-0.19338959781412984f,0.3010657646005899f,-0.933787914273231f,5.821231202367447f,-0.24654079986173583f,-0.9361284338022802f,-0.25076121994922873f,0.3988200963184675f,0f,0f,0f,1f],start_interpolation:0}
execute if entity @s[tag=aj.gojo.bone.leftarm] run data modify entity @s {} merge value {transformation:[-0.949641036108289f,0.1817222078127825f,0.2552624957310088f,0.3125f,-0.19338959781412984f,0.3010657646005899f,-0.933787914273231f,5.884410793654212f,-0.24654079986173583f,-0.9361284338022802f,-0.25076121994922873f,0.14937918787653898f,0f,0f,0f,1f],start_interpolation:0}
execute if entity @s[tag=aj.gojo.bone.head] run data modify entity @s {} merge value {transformation:[-1f,-8.009515316456254e-17f,9.26410506533893e-17f,-2.1952409315068143e-17f,0f,0.7564715860759984f,0.6540265586806572f,6.005788033403572f,-1.2246467991473532e-16f,0.6540265586806572f,-0.7564715860759984f,0.17925502545184674f,0f,0f,0f,1f],start_interpolation:0}
execute if entity @s[tag=aj.gojo.bone.bottom3] run data modify entity @s {} merge value {transformation:[-0.8779745629510005f,0.0713959914592864f,0.4733532287991126f,-0.2433373810940174f,0.06425796866352065f,0.9974436223119334f,-0.031259139023446625f,5.061220575086543f,-0.47437493638917894f,0.002971988020614491f,-0.8803178897494746f,0.18811131805787076f,0f,0f,0f,1f],start_interpolation:0}
execute if entity @s[tag=aj.gojo.bone.rightleg] run data modify entity @s {} merge value {transformation:[-0.8779745629510005f,0.38112012824183567f,0.28966897427913524f,-0.11875f,0.06425796866352065f,0.6934580228000348f,-0.7176258663659668f,5.277524594907407f,-0.47437493638917894f,-0.6114437165129701f,-0.6333285097503264f,-1.4542680739874818e-17f,0f,0f,0f,1f],start_interpolation:0}
execute if entity @s[tag=aj.gojo.bone.bottom4] run data modify entity @s {} merge value {transformation:[-0.9537169507482269f,-0.008848405709777588f,0.30057558711894644f,0.09123015910849572f,0f,0.999566977472528f,0.029425457454976156f,4.985532021029675f,-0.30070579950427323f,0.028063557558331564f,-0.9533039698237211f,0.10806621885475154f,0f,0f,0f,1f],start_interpolation:0}
execute if entity @s[tag=aj.gojo.bone.leftleg] run data modify entity @s {} merge value {transformation:[-0.9537169507482269f,0.10713782986777821f,0.28097235320708547f,0.11875f,0f,0.9343762364087449f,-0.3562878735441739f,5.277524594907407f,-0.30070579950427323f,-0.3397977843451194f,-0.8911304550393526f,1.4542680739874818e-17f,0f,0f,0f,1f],start_interpolation:0}
execute if entity @s[tag=aj.gojo.locator_origin.purple] at @s on origin run tp @s ^0 ^5.52752 ^0.5 ~0 ~0
execute if entity @s[tag=aj.gojo.bone.purple] run data modify entity @s {} merge value {transformation:[-1f,0f,1.2246467991473532e-16f,-6.123233995736766e-17f,0f,1f,0f,5.527524594907407f,-1.2246467991473532e-16f,0f,-1f,0.5f,0f,0f,0f,1f],start_interpolation:0}
execute if entity @s[tag=aj.gojo.locator_origin.blue] at @s on origin run tp @s ^-1.0625 ^6.30877 ^-0.53125 ~0 ~0
execute if entity @s[tag=aj.gojo.bone.blue] run data modify entity @s {} merge value {transformation:[-1f,0f,1.2246467991473532e-16f,-1.0625f,0f,1f,0f,6.308774594907407f,-1.2246467991473532e-16f,0f,-1f,-0.5312500000000001f,0f,0f,0f,1f],start_interpolation:0}
execute if entity @s[tag=aj.gojo.locator_origin.red] at @s on origin run tp @s ^1.0625 ^6.30877 ^-0.53125 ~0 ~0
execute if entity @s[tag=aj.gojo.bone.red] run data modify entity @s {} merge value {transformation:[-1f,0f,1.2246467991473532e-16f,1.0625f,0f,1f,0f,6.308774594907407f,-1.2246467991473532e-16f,0f,-1f,-0.5312499999999999f,0f,0f,0f,1f],start_interpolation:0}
execute if entity @s[tag=aj.gojo.camera_origin.camera] at @s on origin run tp @s ^0 ^6.09091 ^3.69581 ~-180 ~0