execute if entity @s[tag=aj.gojo.locator_origin.head] at @s on origin run tp @s ^0 ^5.99567 ^0.1824 ~0 ~14.07568
execute if entity @s[tag=aj.gojo.bone.torso] run data modify entity @s {} merge value {transformation:[-1f,-2.9783823457019163e-17f,1.1878771690246298e-16f,-2.233786759276437e-17f,0f,0.9699753184768671f,0.24320337486494736f,5.99566996542015f,-1.2246467991473532e-16f,0.24320337486494736f,-0.9699753184768671f,0.18240253114871052f,0f,0f,0f,1f],start_interpolation:0}
execute if entity @s[tag=aj.gojo.bone.bottom2] run data modify entity @s {} merge value {transformation:[-0.9510250116508974f,-0.28187571359491287f,0.12687596029102172f,-0.40984643771832835f,0.30801299416386735f,-0.8295238829855865f,0.465852039796676f,6.108764549956688f,-0.026065736909200277f,0.4821163859918818f,0.8757193430075111f,0.10712469016079401f,0f,0f,0f,1f],start_interpolation:0}
execute if entity @s[tag=aj.gojo.bone.rightarm] run data modify entity @s {} merge value {transformation:[-0.9767834592239708f,0.14518988606732072f,0.15752450847475022f,-0.3125f,-0.10309201339741449f,-0.96313900073394f,0.24846589713458536f,5.874423050610542f,0.18779273298006113f,0.22645785976420757f,0.9557461625300379f,0.15200210929059207f,0f,0f,0f,1f],start_interpolation:0}
execute if entity @s[tag=aj.gojo.bone.bottom] run data modify entity @s {} merge value {transformation:[-0.9504992906954459f,0.17532651370389624f,0.25653793477747455f,0.32807457724249134f,-0.19481912825658904f,0.3069182601420918f,-0.9315828942486513f,5.8098696810910555f,-0.2420673576771494f,-0.9354473770254469f,-0.25756863000647856f,0.4009931634017757f,0f,0f,0f,1f],start_interpolation:0}
execute if entity @s[tag=aj.gojo.bone.leftarm] run data modify entity @s {} merge value {transformation:[-0.9504992906954459f,0.17532651370389624f,0.25653793477747455f,0.3125f,-0.19481912825658904f,0.3069182601420918f,-0.9315828942486513f,5.874423050610542f,-0.2420673576771494f,-0.9354473770254469f,-0.25756863000647856f,0.15200210929059213f,0f,0f,0f,1f],start_interpolation:0}
execute if entity @s[tag=aj.gojo.bone.head] run data modify entity @s {} merge value {transformation:[-1f,-8.085198001802373e-17f,9.198127610434456e-17f,-2.233786759276437e-17f,0f,0.7510841180362003f,0.6602065189270575f,5.99566996542015f,-1.2246467991473532e-16f,0.6602065189270575f,-0.7510841180362003f,0.18240253114871052f,0f,0f,0f,1f],start_interpolation:0}
execute if entity @s[tag=aj.gojo.bone.bottom3] run data modify entity @s {} merge value {transformation:[-0.8779745629510005f,0.07249169456099427f,0.4731866661590064f,-0.2437552492648046f,0.0642579686635206f,0.997368578843901f,-0.03356830943218886f,5.052925169410622f,-0.4743749363891789f,0.0009338921633113562f,-0.8803224111490004f,0.1890256827795633f,0f,0f,0f,1f],start_interpolation:0}
execute if entity @s[tag=aj.gojo.bone.rightleg] run data modify entity @s {} merge value {transformation:[-0.8779745629510005f,0.3824573063883547f,0.2879011559566298f,-0.11875f,0.0642579686635206f,0.6901277422592813f,-0.7208291148582616f,5.2681884765625f,-0.4743749363891789f,-0.6143696836223863f,-0.6304905324994907f,-1.4542680739874818e-17f,0f,0f,0f,1f],start_interpolation:0}
execute if entity @s[tag=aj.gojo.bone.bottom4] run data modify entity @s {} merge value {transformation:[-0.9537169507482269f,-0.009544266371282237f,0.30055429598483224f,0.09082395692109013f,0f,0.999496173603267f,0.03173954871178547f,4.976714573938081f,-0.3007057995042732f,0.030270545615528832f,-0.9532364429734284f,0.10935452760103573f,0f,0f,0f,1f],start_interpolation:0}
execute if entity @s[tag=aj.gojo.bone.leftleg] run data modify entity @s {} merge value {transformation:[-0.9537169507482269f,0.10843767686747614f,0.2804732573545809f,0.11875f,0f,0.9327164883981403f,-0.3606105271206622f,5.2681884765625f,-0.3007057995042732f,-0.3439203723332288f,-0.8895475252276683f,1.4542680739874818e-17f,0f,0f,0f,1f],start_interpolation:0}
execute if entity @s[tag=aj.gojo.locator_origin.purple] at @s on origin run tp @s ^0 ^5.51819 ^0.5 ~0 ~0
execute if entity @s[tag=aj.gojo.bone.purple] run data modify entity @s {} merge value {transformation:[-1f,0f,1.2246467991473532e-16f,-6.123233995736766e-17f,0f,1f,0f,5.5181884765625f,-1.2246467991473532e-16f,0f,-1f,0.5f,0f,0f,0f,1f],start_interpolation:0}
execute if entity @s[tag=aj.gojo.locator_origin.blue] at @s on origin run tp @s ^-1.0625 ^6.29944 ^-0.53125 ~0 ~0
execute if entity @s[tag=aj.gojo.bone.blue] run data modify entity @s {} merge value {transformation:[-1f,0f,1.2246467991473532e-16f,-1.0625f,0f,1f,0f,6.2994384765625f,-1.2246467991473532e-16f,0f,-1f,-0.5312500000000001f,0f,0f,0f,1f],start_interpolation:0}
execute if entity @s[tag=aj.gojo.locator_origin.red] at @s on origin run tp @s ^1.0625 ^6.29944 ^-0.53125 ~0 ~0
execute if entity @s[tag=aj.gojo.bone.red] run data modify entity @s {} merge value {transformation:[-1f,0f,1.2246467991473532e-16f,1.0625f,0f,1f,0f,6.2994384765625f,-1.2246467991473532e-16f,0f,-1f,-0.5312499999999999f,0f,0f,0f,1f],start_interpolation:0}
execute if entity @s[tag=aj.gojo.camera_origin.camera] at @s on origin run tp @s ^0 ^6.08349 ^3.62382 ~-180 ~0