execute if entity @s[tag=aj.gojo.locator_origin.head] at @s on origin run tp @s ^0 ^6.27849 ^0.06353 ~0 ~4.27235
execute if entity @s[tag=aj.gojo.bone.torso] run data modify entity @s {} merge value {transformation:[-1f,-9.12331470726092e-18f,1.2212437494362398e-16f,-7.78041629563468e-18f,0f,0.9972211990318492f,0.07449751808940282f,6.27848773087111f,-1.2246467991473532e-16f,0.07449751808940282f,-0.9972211990318492f,0.06353192039575581f,0f,0f,0f,1f],start_interpolation:0}
execute if entity @s[tag=aj.gojo.bone.bottom2] run data modify entity @s {} merge value {transformation:[-0.943273889083171f,0.3310497360961471f,-0.025306963559087032f,-0.45556484008615394f,0.3320114138618471f,0.9409014114193445f,-0.0668801544147643f,5.940145625278563f,0.0016707002624056296f,-0.0714885041091005f,-0.9974400245332429f,0.07081846697094095f,0f,0f,0f,1f],start_interpolation:0}
execute if entity @s[tag=aj.gojo.bone.rightarm] run data modify entity @s {} merge value {transformation:[-0.9412788437764612f,0.3369396494005005f,-0.02158265323624868f,-0.3125f,0.3376287692189728f,0.9391650151589988f,-0.06305464691106584f,6.153835080992128f,-0.0009759377694939612f,-0.06663892978781562f,-0.9977766787123282f,0.05421973063458042f,0f,0f,0f,1f],start_interpolation:0}
execute if entity @s[tag=aj.gojo.bone.bottom] run data modify entity @s {} merge value {transformation:[-0.9390706899825367f,-0.34154519114419973f,0.03864093195038776f,0.4565782159099585f,-0.3424573513079912f,0.9393215296598268f,-0.019950600307711452f,5.94040828303392f,-0.02948222771158067f,-0.03196789520433051f,-0.9990539784843296f,0.06405434366763692f,0f,0f,0f,1f],start_interpolation:0}
execute if entity @s[tag=aj.gojo.bone.leftarm] run data modify entity @s {} merge value {transformation:[-0.9390706899825367f,-0.34154519114419973f,0.03864093195038776f,0.3125f,-0.3424573513079912f,0.9393215296598268f,-0.019950600307711452f,6.153835080992128f,-0.02948222771158067f,-0.03196789520433051f,-0.9990539784843296f,0.0542197306345805f,0f,0f,0f,1f],start_interpolation:0}
execute if entity @s[tag=aj.gojo.bone.head] run data modify entity @s {} merge value {transformation:[-1f,-3.009376107298093e-17f,1.187095757346513e-16f,-7.78041629563468e-18f,0f,0.9693372474194317f,0.24573420756036257f,6.27848773087111f,-1.2246467991473532e-16f,0.24573420756036257f,-0.9693372474194317f,0.06353192039575581f,0f,0f,0f,1f],start_interpolation:0}
execute if entity @s[tag=aj.gojo.bone.bottom3] run data modify entity @s {} merge value {transformation:[-0.874854253082381f,0.05628386949173442f,0.48110514640638247f,-0.23943789967634266f,0.06530781668835309f,0.997863123776038f,0.002018734090374563f,5.302103589261733f,-0.4799634620917198f,0.03318602481413779f,-0.8766605744608147f,0.18353375337339295f,0f,0f,0f,1f],start_interpolation:0}
execute if entity @s[tag=aj.gojo.bone.rightleg] run data modify entity @s {} merge value {transformation:[-0.874854253082381f,0.3687041939026489f,0.31414527413645293f,-0.11875f,0.06530781668835309f,0.7324045318073324f,-0.677730396889119f,5.530571831597222f,-0.4799634620917198f,-0.57239917818484f,-0.6648264855360759f,0.007658781828703684f,0f,0f,0f,1f],start_interpolation:0}
execute if entity @s[tag=aj.gojo.bone.bottom4] run data modify entity @s {} merge value {transformation:[-0.9508028633272975f,-0.0013320738992197712f,0.30979370663029865f,0.09614950243989837f,0f,0.9999907556700535f,0.00429983423349134f,5.231962645135244f,-0.30979657049201254f,0.004088294701036277f,-0.9507940737919147f,0.09719695117871402f,0f,0f,0f,1f],start_interpolation:0}
execute if entity @s[tag=aj.gojo.bone.leftleg] run data modify entity @s {} merge value {transformation:[-0.9508028633272975f,0.09133764945887116f,0.29602592602665884f,0.11875f,0f,0.9555493966783316f,-0.2948310541779419f,5.530571831597222f,-0.30979657049201254f,-0.28032621051019274f,-0.9085391024124293f,0.007658781828703713f,0f,0f,0f,1f],start_interpolation:0}
execute if entity @s[tag=aj.gojo.locator_origin.purple] at @s on origin run tp @s ^0 ^5.78057 ^0.50766 ~0 ~0
execute if entity @s[tag=aj.gojo.bone.purple] run data modify entity @s {} merge value {transformation:[-1f,0f,1.2246467991473532e-16f,-6.217027022255665e-17f,0f,1f,0f,5.780571831597222f,-1.2246467991473532e-16f,0f,-1f,0.5076587818287037f,0f,0f,0f,1f],start_interpolation:0}
execute if entity @s[tag=aj.gojo.locator_origin.blue] at @s on origin run tp @s ^-1.0625 ^6.56182 ^-0.52359 ~0 ~0
execute if entity @s[tag=aj.gojo.bone.blue] run data modify entity @s {} merge value {transformation:[-1f,0f,1.2246467991473532e-16f,-1.0625f,0f,1f,0f,6.561821831597222f,-1.2246467991473532e-16f,0f,-1f,-0.5235912181712964f,0f,0f,0f,1f],start_interpolation:0}
execute if entity @s[tag=aj.gojo.locator_origin.red] at @s on origin run tp @s ^1.0625 ^6.56182 ^-0.52359 ~0 ~0
execute if entity @s[tag=aj.gojo.bone.red] run data modify entity @s {} merge value {transformation:[-1f,0f,1.2246467991473532e-16f,1.0625f,0f,1f,0f,6.561821831597222f,-1.2246467991473532e-16f,0f,-1f,-0.5235912181712962f,0f,0f,0f,1f],start_interpolation:0}
execute if entity @s[tag=aj.gojo.camera_origin.camera] at @s on origin run tp @s ^0 ^7.56164 ^4.94358 ~-180 ~0