execute if entity @s[tag=aj.gojo.locator_origin.head] at @s on origin run tp @s ^0 ^6.01023 ^0.09044 ~0 ~6.9258
execute if entity @s[tag=aj.gojo.bone.torso] run data modify entity @s {} merge value {transformation:[-1f,-1.4767262349177622e-17f,1.2157107299571366e-16f,-1.1075446761883216e-17f,0f,0.9927031457588928f,0.12058384800792493f,6.010234534375519f,-1.2246467991473532e-16f,0.12058384800792493f,-0.9927031457588928f,0.0904378860059437f,0f,0f,0f,1f],start_interpolation:0}
execute if entity @s[tag=aj.gojo.bone.bottom2] run data modify entity @s {} merge value {transformation:[-0.9432237861617939f,-0.21131750357578405f,-0.25626900300486805f,-0.40477387457122377f,0.32550804201497435f,-0.7416704120580667f,-0.5864891426626716f,6.065998387249804f,-0.06613171555455277f,-0.6366081310823138f,0.7683467209780334f,0.2351933489644074f,0f,0f,0f,1f],start_interpolation:0}
execute if entity @s[tag=aj.gojo.bone.rightarm] run data modify entity @s {} merge value {transformation:[-0.9671503372462746f,0.12730791397332644f,-0.2200293621410046f,-0.3125f,0.06878376530741252f,-0.7022110430497361f,-0.7086384442359425f,5.886146641155657f,-0.24472232998758417f,-0.7004943583347136f,0.670386929427093f,0.07536490500495303f,0f,0f,0f,1f],start_interpolation:0}
execute if entity @s[tag=aj.gojo.bone.bottom] run data modify entity @s {} merge value {transformation:[-0.9442523770971508f,-0.0020945187446215372f,0.3292158278965466f,0.3720394032547273f,-0.25473066001079464f,0.638145788539329f,-0.7265550518852529f,5.742530860271499f,-0.20856591091749666f,-0.7699126999606813f,-0.6031042159050196f,0.280878449427467f,0f,0f,0f,1f],start_interpolation:0}
execute if entity @s[tag=aj.gojo.bone.leftarm] run data modify entity @s {} merge value {transformation:[-0.9442523770971508f,-0.0020945187446215372f,0.3292158278965466f,0.3125f,-0.25473066001079464f,0.638145788539329f,-0.7265550518852529f,5.886146641155657f,-0.20856591091749666f,-0.7699126999606813f,-0.6031042159050196f,0.07536490500495312f,0f,0f,0f,1f],start_interpolation:0}
execute if entity @s[tag=aj.gojo.bone.head] run data modify entity @s {} merge value {transformation:[-1f,-5.204862089187468e-17f,1.108536823469229e-16f,-1.1075446761883216e-17f,0f,0.9051890097953429f,0.42500924289446523f,6.010234534375519f,-1.2246467991473532e-16f,0.42500924289446523f,-0.9051890097953429f,0.0904378860059437f,0f,0f,0f,1f],start_interpolation:0}
execute if entity @s[tag=aj.gojo.bone.bottom3] run data modify entity @s {} merge value {transformation:[-0.8729018104701062f,0.05401413467993452f,0.48489679575430145f,-0.23982493498759294f,0.06595272248274003f,0.9977939615140248f,0.007579496240751604f,5.036313923349608f,-0.48341769483038743f,0.03859641979415668f,-0.874538534716423f,0.1743987060994375f,0f,0f,0f,1f],start_interpolation:0}
execute if entity @s[tag=aj.gojo.bone.rightleg] run data modify entity @s {} merge value {transformation:[-0.8729018104701062f,0.36998175575089526f,0.31805019995198197f,-0.11875f,0.06595272248274003f,0.7353774599112256f,-0.6744406792681092f,5.265707175056349f,-0.48341769483038743f,-0.5677442134148079f,-0.6663136201961325f,-1.4542680739874818e-17f,0f,0f,0f,1f],start_interpolation:0}
execute if entity @s[tag=aj.gojo.bone.bottom4] run data modify entity @s {} merge value {transformation:[-0.948953093733616f,-0.0012035381162419229f,0.3154149289260131f,0.09657406826238825f,0f,0.9999927201828729f,0.003815701935233451f,4.9661815097133f,-0.3154172251057306f,0.0036209221562051863f,-0.9489461855286314f,0.08653274728316757f,0f,0f,0f,1f],start_interpolation:0}
execute if entity @s[tag=aj.gojo.bone.leftleg] run data modify entity @s {} merge value {transformation:[-0.948953093733616f,0.08994204343502991f,0.3023217734734472f,0.11875f,0f,0.9584821290977571f,-0.2851526051086163f,5.265707175056349f,-0.3154172251057306f,-0.2705964468040215f,-0.9095545816956997f,1.4542680739874818e-17f,0f,0f,0f,1f],start_interpolation:0}
execute if entity @s[tag=aj.gojo.locator_origin.purple] at @s on origin run tp @s ^0 ^5.51571 ^0.5 ~0 ~0
execute if entity @s[tag=aj.gojo.bone.purple] run data modify entity @s {} merge value {transformation:[-1f,0f,1.2246467991473532e-16f,-6.123233995736766e-17f,0f,1f,0f,5.515707175056349f,-1.2246467991473532e-16f,0f,-1f,0.5f,0f,0f,0f,1f],start_interpolation:0}
execute if entity @s[tag=aj.gojo.locator_origin.blue] at @s on origin run tp @s ^-1.0625 ^6.29696 ^-0.53125 ~0 ~0
execute if entity @s[tag=aj.gojo.bone.blue] run data modify entity @s {} merge value {transformation:[-1f,0f,1.2246467991473532e-16f,-1.0625f,0f,1f,0f,6.296957175056349f,-1.2246467991473532e-16f,0f,-1f,-0.5312500000000001f,0f,0f,0f,1f],start_interpolation:0}
execute if entity @s[tag=aj.gojo.locator_origin.red] at @s on origin run tp @s ^1.0625 ^6.29696 ^-0.53125 ~0 ~0
execute if entity @s[tag=aj.gojo.bone.red] run data modify entity @s {} merge value {transformation:[-1f,0f,1.2246467991473532e-16f,1.0625f,0f,1f,0f,6.296957175056349f,-1.2246467991473532e-16f,0f,-1f,-0.5312499999999999f,0f,0f,0f,1f],start_interpolation:0}
execute if entity @s[tag=aj.gojo.camera_origin.camera] at @s on origin run tp @s ^0 ^6.28037 ^4.96994 ~-180 ~0