execute if entity @s[tag=aj.gojo.locator_origin.head] at @s on origin run tp @s ^0 ^6.25593 ^0.05051 ~0 ~3.01409
execute if entity @s[tag=aj.gojo.bone.torso] run data modify entity @s {} merge value {transformation:[-1f,-6.439375001072637e-18f,1.2229526677764e-16f,-6.186041964920785e-18f,0f,0.9986166367542603f,0.052581487213749965f,6.2559340487462505f,-1.2246467991473532e-16f,0.052581487213749965f,-0.9986166367542603f,0.050512865989016165f,0f,0f,0f,1f],start_interpolation:0}
execute if entity @s[tag=aj.gojo.bone.bottom2] run data modify entity @s {} merge value {transformation:[-0.9658534454596697f,0.25622934650119883f,-0.038388069569250484f,-0.45844414843578374f,0.17954672553398465f,0.5551222303259437f,-0.8121590255288518f,6.000064432694619f,-0.18678890556911837f,-0.7913190452589388f,-0.5821718589615719f,0.21107608040849782f,0f,0f,0f,1f],start_interpolation:0}
execute if entity @s[tag=aj.gojo.bone.rightarm] run data modify entity @s {} merge value {transformation:[-0.9369171411659044f,0.3495473084516589f,-0.0017174817931149631f,-0.3125f,0.21726427875810683f,0.5784862155189232f,-0.7862251151103694f,6.131106969151968f,-0.27382933328120357f,-0.7370009346051026f,-0.6179377951104598f,0.04394018008729738f,0f,0f,0f,1f],start_interpolation:0}
execute if entity @s[tag=aj.gojo.bone.bottom] run data modify entity @s {} merge value {transformation:[-0.9413821001372491f,-0.291446822073764f,0.16987787214433211f,0.44419808677701905f,-0.3289276372068975f,0.9047930667708024f,-0.27047387268454204f,5.925466679784699f,-0.07487557026607487f,-0.31049678939819975f,-0.9476209119425025f,0.12624410057847707f,0f,0f,0f,1f],start_interpolation:0}
execute if entity @s[tag=aj.gojo.bone.leftarm] run data modify entity @s {} merge value {transformation:[-0.9413821001372491f,-0.291446822073764f,0.16987787214433211f,0.3125f,-0.3289276372068975f,0.9047930667708024f,-0.27047387268454204f,6.131106969151968f,-0.07487557026607487f,-0.31049678939819975f,-0.9476209119425025f,0.04394018008729746f,0f,0f,0f,1f],start_interpolation:0}
execute if entity @s[tag=aj.gojo.bone.head] run data modify entity @s {} merge value {transformation:[-1f,-3.133749450302623e-17f,1.1838732729853893e-16f,-6.186041964920785e-18f,0f,0.9667058892487596f,0.25589006172918277f,6.2559340487462505f,-1.2246467991473532e-16f,0.25589006172918277f,-0.9667058892487596f,0.050512865989016165f,0f,0f,0f,1f],start_interpolation:0}
execute if entity @s[tag=aj.gojo.bone.bottom3] run data modify entity @s {} merge value {transformation:[-0.8662391861713262f,0.052260183623808215f,0.4968888663965456f,-0.243587894707052f,0.06808643827234057f,0.9975843099132139f,0.013776122036469773f,5.279755047637689f,-0.49496859422050715f,0.045764809871590095f,-0.8677048305229103f,0.18567189362170217f,0f,0f,0f,1f],start_interpolation:0}
execute if entity @s[tag=aj.gojo.bone.rightleg] run data modify entity @s {} merge value {transformation:[-0.8662391861713262f,0.38215647933913993f,0.3218479417991542f,-0.11875f,0.06808643827234057f,0.7284546041026189f,-0.6817023739764176f,5.506971571180555f,-0.49496859422050715f,-0.5686038296220053f,-0.6570355969615077f,0.011076750578703679f,0f,0f,0f,1f],start_interpolation:0}
execute if entity @s[tag=aj.gojo.bone.bottom4] run data modify entity @s {} merge value {transformation:[-0.942494875684716f,-0.00489962015598816f,0.33418468401525936f,0.09576402989513154f,0f,0.9998925387874782f,0.014659838919014012f,5.206652840466371f,-0.33422059976616f,0.013816823059534133f,-0.9423935940425795f,0.0945969137763371f,0f,0f,0f,1f],start_interpolation:0}
execute if entity @s[tag=aj.gojo.bone.leftleg] run data modify entity @s {} merge value {transformation:[-0.942494875684716f,0.09240500184927339f,0.3211926601609811f,0.11875f,0f,0.9610199382853899f,-0.2764790737432859f,5.506971571180555f,-0.33422059976616f,-0.26058011023710365f,-0.9057563672648221f,0.011076750578703706f,0f,0f,0f,1f],start_interpolation:0}
execute if entity @s[tag=aj.gojo.locator_origin.purple] at @s on origin run tp @s ^0 ^5.75697 ^0.51108 ~0 ~0
execute if entity @s[tag=aj.gojo.bone.purple] run data modify entity @s {} merge value {transformation:[-1f,0f,1.2246467991473532e-16f,-6.258885067148397e-17f,0f,1f,0f,5.756971571180555f,-1.2246467991473532e-16f,0f,-1f,0.5110767505787037f,0f,0f,0f,1f],start_interpolation:0}
execute if entity @s[tag=aj.gojo.locator_origin.blue] at @s on origin run tp @s ^-1.0625 ^6.53822 ^-0.52017 ~0 ~0
execute if entity @s[tag=aj.gojo.bone.blue] run data modify entity @s {} merge value {transformation:[-1f,0f,1.2246467991473532e-16f,-1.0625f,0f,1f,0f,6.538221571180555f,-1.2246467991473532e-16f,0f,-1f,-0.5201732494212964f,0f,0f,0f,1f],start_interpolation:0}
execute if entity @s[tag=aj.gojo.locator_origin.red] at @s on origin run tp @s ^1.0625 ^6.53822 ^-0.52017 ~0 ~0
execute if entity @s[tag=aj.gojo.bone.red] run data modify entity @s {} merge value {transformation:[-1f,0f,1.2246467991473532e-16f,1.0625f,0f,1f,0f,6.538221571180555f,-1.2246467991473532e-16f,0f,-1f,-0.5201732494212962f,0f,0f,0f,1f],start_interpolation:0}
execute if entity @s[tag=aj.gojo.camera_origin.camera] at @s on origin run tp @s ^0 ^7.01185 ^5.71947 ~-180 ~0