execute if entity @s[tag=aj.gojo.locator_origin.head] at @s on origin run tp @s ^0 ^1.45897 ^0.11757 ~0 ~14.07407
execute if entity @s[tag=aj.gojo.bone.torso] run data modify entity @s {} merge value {transformation:[-1f,-2.978048652989241e-17f,1.1878855352541958e-16f,-1.4397839347390162e-17f,0f,0.9699821500217434f,0.24317612678714173f,1.458968093997789f,-1.2246467991473532e-16f,0.24317612678714173f,-0.9699821500217434f,0.11756728027554147f,0f,0f,0f,1f],start_interpolation:0}
execute if entity @s[tag=aj.gojo.bone.bottom2] run data modify entity @s {} merge value {transformation:[-0.9986683120249832f,-0.03216691549339035f,-0.04033475058571528f,-0.38301904096796324f,-0.030570711870646104f,0.9987484421444578f,-0.03958510944458968f,1.0901865764718917f,0.04155760018206912f,-0.038299332391822316f,-0.9984017863593033f,0.09983352148271309f,0f,0f,0f,1f],start_interpolation:0}
execute if entity @s[tag=aj.gojo.bone.rightarm] run data modify entity @s {} merge value {transformation:[-0.9986604183259011f,0.03241105929037771f,-0.04033475058571528f,-0.3125f,0.03400910530410758f,0.9986372714187438f,-0.03958510944458968f,1.337720325245071f,0.0389967899390496f,-0.04090383073749501f,-0.9984017863593033f,0.08717026442714873f,0f,0f,0f,1f],start_interpolation:0}
execute if entity @s[tag=aj.gojo.bone.bottom] run data modify entity @s {} merge value {transformation:[-0.9986683066463119f,0.03216685966334812f,0.04033492828289459f,0.38301905424859395f,0.030570649598094427f,0.9987484444115323f,-0.039585100337054535f,1.0901865808050175f,-0.041557775245293284f,-0.03829932016292998f,-0.9984017795415425f,0.09983353222697833f,0f,0f,0f,1f],start_interpolation:0}
execute if entity @s[tag=aj.gojo.bone.leftarm] run data modify entity @s {} merge value {transformation:[-0.9986604093520206f,-0.03241111465637077f,0.04033492828289459f,0.3125f,-0.03400916759304537f,0.9986372696584748f,-0.039585100337054535f,1.337720325245071f,-0.038996965426592034f,-0.04090382984267013f,-0.9984017795415425f,0.08717026442714879f,0f,0f,0f,1f],start_interpolation:0}
execute if entity @s[tag=aj.gojo.bone.head] run data modify entity @s {} merge value {transformation:[-1f,-4.631612457478849e-17f,1.1336848958591294e-16f,-1.4397839347390162e-17f,0f,0.9257239692688903f,0.3781998581716425f,1.458968093997789f,-1.2246467991473532e-16f,0.3781998581716425f,-0.9257239692688903f,0.11756728027554147f,0f,0f,0f,1f],start_interpolation:0}
execute if entity @s[tag=aj.gojo.bone.bottom3] run data modify entity @s {} merge value {transformation:[-0.9986631570270832f,0.003339036056747179f,0.051582454719710985f,-0.12789939978629072f,0f,0.9979114447011321f,-0.06459681520399768f,0.42408626523566856f,-0.0516904130056947f,-0.06451045940551939f,-0.9965773937986901f,-0.00895980597280873f,0f,0f,0f,1f],start_interpolation:0}
execute if entity @s[tag=aj.gojo.bone.rightleg] run data modify entity @s {} merge value {transformation:[-0.9986631570270832f,0.009304816175588685f,0.050846034187906876f,-0.11874999999999998f,0f,0.9836646919866011f,-0.18001048230285138f,0.7314814814814814f,-0.0516904130056947f,-0.17976983655453344f,-0.9823496867554125f,-0.06481481481481484f,0f,0f,0f,1f],start_interpolation:0}
execute if entity @s[tag=aj.gojo.bone.bottom4] run data modify entity @s {} merge value {transformation:[-0.9986631570270832f,-0.0033390360567471617f,-0.05158245471971074f,0.12789939978629072f,0f,0.9979114447011321f,-0.06459681520399768f,0.42408626523566856f,0.05169041300569445f,-0.06451045940551939f,-0.9965773937986901f,-0.008959805972808703f,0f,0f,0f,1f],start_interpolation:0}
execute if entity @s[tag=aj.gojo.bone.leftleg] run data modify entity @s {} merge value {transformation:[-0.9986631570270832f,-0.00930481617558864f,-0.05084603418790664f,0.11875000000000001f,0f,0.9836646919866011f,-0.18001048230285138f,0.7314814814814814f,0.05169041300569445f,-0.17976983655453344f,-0.9823496867554125f,-0.06481481481481481f,0f,0f,0f,1f],start_interpolation:0}
execute if entity @s[tag=aj.gojo.locator_origin.purple] at @s on origin run tp @s ^0 ^0.98148 ^0.43519 ~0 ~0
execute if entity @s[tag=aj.gojo.bone.purple] run data modify entity @s {} merge value {transformation:[-1f,0f,1.2246467991473532e-16f,-5.3294814407338516e-17f,0f,1f,0f,0.9814814814814814f,-1.2246467991473532e-16f,0f,-1f,0.4351851851851852f,0f,0f,0f,1f],start_interpolation:0}
execute if entity @s[tag=aj.gojo.locator_origin.blue] at @s on origin run tp @s ^-1.0625 ^1.76273 ^-0.59606 ~0 ~0
execute if entity @s[tag=aj.gojo.bone.blue] run data modify entity @s {} merge value {transformation:[-1f,0f,1.2246467991473532e-16f,-1.0625f,0f,1f,0f,1.7627314814814814f,-1.2246467991473532e-16f,0f,-1f,-0.5960648148148149f,0f,0f,0f,1f],start_interpolation:0}
execute if entity @s[tag=aj.gojo.locator_origin.red] at @s on origin run tp @s ^1.0625 ^1.76273 ^-0.59606 ~0 ~0
execute if entity @s[tag=aj.gojo.bone.red] run data modify entity @s {} merge value {transformation:[-1f,0f,1.2246467991473532e-16f,1.0625f,0f,1f,0f,1.7627314814814814f,-1.2246467991473532e-16f,0f,-1f,-0.5960648148148147f,0f,0f,0f,1f],start_interpolation:0}
execute if entity @s[tag=aj.gojo.camera_origin.camera] at @s on origin run tp @s ^0 ^1.755 ^2 ~-180 ~5