execute if entity @s[tag=aj.gojo.locator_origin.head] at @s on origin run tp @s ^0 ^6.04781 ^0.16519 ~0 ~12.72381
execute if entity @s[tag=aj.gojo.bone.torso] run data modify entity @s {} merge value {transformation:[-1f,-2.6973047032168487e-17f,1.1945732526898048e-16f,-2.0229785274126366e-17f,0f,0.9754430857301168f,0.22025164358366978f,6.04780771939018f,-1.2246467991473532e-16f,0.22025164358366978f,-0.9754430857301168f,0.16518873268775233f,0f,0f,0f,1f],start_interpolation:0}
execute if entity @s[tag=aj.gojo.bone.bottom2] run data modify entity @s {} merge value {transformation:[-0.9509412833531675f,-0.2816808408290027f,0.1279319331695454f,-0.40893495464236185f,0.30662920874563515f,-0.8032155373971284f,0.5107086535666574f,6.157793477441575f,-0.04109992650427399f,0.5248816098833226f,0.8501823872838316f,0.08002523942171944f,0f,0f,0f,1f],start_interpolation:0}
execute if entity @s[tag=aj.gojo.bone.rightarm] run data modify entity @s {} merge value {transformation:[-0.9772009539359933f,0.14143958008544896f,0.1583450056422262f,-0.3125f,-0.08893429734912103f,-0.9498981494079182f,0.2996401116446705f,5.925877333673916f,0.19279259939531626f,0.27872630112112556f,0.9408202074157064f,0.13765727723979357f,0f,0f,0f,1f],start_interpolation:0}
execute if entity @s[tag=aj.gojo.bone.bottom] run data modify entity @s {} merge value {transformation:[-0.9458063965482707f,0.20428384879753236f,0.2524249777039551f,0.3205419375848838f,-0.18914437649110477f,0.2852989324818669f,-0.9395897636556598f,5.866374124084143f,-0.2639595898810394f,-0.9364147736153964f,-0.23119841406173053f,0.38825844501120765f,0f,0f,0f,1f],start_interpolation:0}
execute if entity @s[tag=aj.gojo.bone.leftarm] run data modify entity @s {} merge value {transformation:[-0.9458063965482707f,0.20428384879753236f,0.2524249777039551f,0.3125f,-0.18914437649110477f,0.2852989324818669f,-0.9395897636556598f,5.925877333673916f,-0.2639595898810394f,-0.9364147736153964f,-0.23119841406173053f,0.13765727723979362f,0f,0f,0f,1f],start_interpolation:0}
execute if entity @s[tag=aj.gojo.bone.head] run data modify entity @s {} merge value {transformation:[-1f,-7.65450403919461e-17f,9.559526462128715e-17f,-2.0229785274126366e-17f,0f,0.7805945737811449f,0.6250376879704396f,6.04780771939018f,-1.2246467991473532e-16f,0.6250376879704396f,-0.7805945737811449f,0.16518873268775233f,0f,0f,0f,1f],start_interpolation:0}
execute if entity @s[tag=aj.gojo.bone.bottom3] run data modify entity @s {} merge value {transformation:[-0.8779745629510005f,0.06669521818881463f,0.4740384105552482f,-0.24151745598235624f,0.06425796866352065f,0.9977047062760342f,-0.021359600602309736f,5.095513493221124f,-0.47437493638917905f,0.011707559327143457f,-0.8802450526872412f,0.1841459101084277f,0f,0f,0f,1f],start_interpolation:0}
execute if entity @s[tag=aj.gojo.bone.rightleg] run data modify entity @s {} merge value {transformation:[-0.8779745629510005f,0.37529636788452f,0.297175542505918f,-0.11875f,0.06425796866352065f,0.7075632773619711f,-0.7037223330206485f,5.316225405092593f,-0.47437493638917905f,-0.5987544110747524f,-0.6453383414491108f,-1.4542680739874818e-17f,0f,0f,0f,1f],start_interpolation:0}
execute if entity @s[tag=aj.gojo.bone.bottom4] run data modify entity @s {} merge value {transformation:[-0.9537169507482269f,-0.0058652481221487945f,0.3006485934109284f,0.09297928707466929f,0f,0.9998097605917842f,0.019504938487445f,5.022080712297176f,-0.3007057995042731f,0.018602190458777812f,-0.9535355161999113f,0.10251869368856731f,0f,0f,0f,1f],start_interpolation:0}
execute if entity @s[tag=aj.gojo.bone.leftleg] run data modify entity @s {} merge value {transformation:[-0.9537169507482269f,0.1015406203760228f,0.28304324805435044f,0.11875f,0f,0.9412630169453325f,-0.3376743000747474f,5.316225405092593f,-0.3007057995042731f,-0.32204570381332986f,-0.8976984943731793f,1.4542680739874818e-17f,0f,0f,0f,1f],start_interpolation:0}
execute if entity @s[tag=aj.gojo.locator_origin.purple] at @s on origin run tp @s ^0 ^5.56623 ^0.5 ~0 ~0
execute if entity @s[tag=aj.gojo.bone.purple] run data modify entity @s {} merge value {transformation:[-1f,0f,1.2246467991473532e-16f,-6.123233995736766e-17f,0f,1f,0f,5.566225405092593f,-1.2246467991473532e-16f,0f,-1f,0.5f,0f,0f,0f,1f],start_interpolation:0}
execute if entity @s[tag=aj.gojo.locator_origin.blue] at @s on origin run tp @s ^-1.0625 ^6.34748 ^-0.53125 ~0 ~0
execute if entity @s[tag=aj.gojo.bone.blue] run data modify entity @s {} merge value {transformation:[-1f,0f,1.2246467991473532e-16f,-1.0625f,0f,1f,0f,6.347475405092593f,-1.2246467991473532e-16f,0f,-1f,-0.5312500000000001f,0f,0f,0f,1f],start_interpolation:0}
execute if entity @s[tag=aj.gojo.locator_origin.red] at @s on origin run tp @s ^1.0625 ^6.34748 ^-0.53125 ~0 ~0
execute if entity @s[tag=aj.gojo.bone.red] run data modify entity @s {} merge value {transformation:[-1f,0f,1.2246467991473532e-16f,1.0625f,0f,1f,0f,6.347475405092593f,-1.2246467991473532e-16f,0f,-1f,-0.5312499999999999f,0f,0f,0f,1f],start_interpolation:0}
execute if entity @s[tag=aj.gojo.camera_origin.camera] at @s on origin run tp @s ^0 ^6.12202 ^3.97988 ~-180 ~0