execute if entity @s[tag=aj.gojo.locator_origin.head] at @s on origin run tp @s ^0 ^6.1123 ^0.13312 ~0 ~10.22391
execute if entity @s[tag=aj.gojo.bone.torso] run data modify entity @s {} merge value {transformation:[-1f,-2.1736924740937523e-17f,1.2052013910307852e-16f,-1.6302693555703143e-17f,0f,0.984121619286388f,0.17749546037332248f,6.112300017994883f,-1.2246467991473532e-16f,0.17749546037332248f,-0.984121619286388f,0.13312159527999184f,0f,0f,0f,1f],start_interpolation:0}
execute if entity @s[tag=aj.gojo.bone.bottom2] run data modify entity @s {} merge value {transformation:[-0.9388782206951449f,-0.3233561061022075f,0.1181038329214444f,-0.3941314885492925f,0.3417786076770553f,-0.8345346689461718f,0.43213339336510126f,6.2296490283914965f,-0.041171228286901174f,0.44608599504279633f,0.8940426248160803f,0.06657707850356664f,0f,0f,0f,1f],start_interpolation:0}
execute if entity @s[tag=aj.gojo.bone.rightarm] run data modify entity @s {} merge value {transformation:[-0.9872283834754666f,0.07971885832830328f,0.13793122375752698f,-0.3125f,-0.047175014125669976f,-0.9732506047610627f,0.224850568988537f,5.989284815584085f,0.15216647759168214f,0.21547195631696003f,0.9645813595225043f,0.11093466273332651f,0f,0f,0f,1f],start_interpolation:0}
execute if entity @s[tag=aj.gojo.bone.bottom] run data modify entity @s {} merge value {transformation:[-0.9403612897227525f,0.19386899695282722f,0.27952720227460226f,0.3228053313694652f,-0.19799019163013667f,0.35627868220818726f,-0.9131622991682582f,5.912589532008922f,-0.2766234422626245f,-0.9140461217162416f,-0.296646521244181f,0.35673515830380104f,0f,0f,0f,1f],start_interpolation:0}
execute if entity @s[tag=aj.gojo.bone.leftarm] run data modify entity @s {} merge value {transformation:[-0.9403612897227525f,0.19386899695282722f,0.27952720227460226f,0.3125f,-0.19799019163013667f,0.35627868220818726f,-0.9131622991682582f,5.989284815584085f,-0.2766234422626245f,-0.9140461217162416f,-0.296646521244181f,0.1109346627333266f,0f,0f,0f,1f],start_interpolation:0}
execute if entity @s[tag=aj.gojo.bone.head] run data modify entity @s {} merge value {transformation:[-1f,-6.688259527412875e-17f,1.0258809032249147e-16f,-1.6302693555703143e-17f,0f,0.8376953289219169f,0.546137835992345f,6.112300017994883f,-1.2246467991473532e-16f,0.546137835992345f,-0.8376953289219169f,0.13312159527999184f,0f,0f,0f,1f],start_interpolation:0}
execute if entity @s[tag=aj.gojo.bone.bottom3] run data modify entity @s {} merge value {transformation:[-0.8779745629510005f,0.05793817382524166f,0.47518820989666355f,-0.23801151846204807f,0.06425796866352063f,0.9979289638992089f,-0.002948978516253531f,5.145534292190793f,-0.47437493638917894f,0.027945500976854776f,-0.8798792352936369f,0.17657851108744516f,0f,0f,0f,1f],start_interpolation:0}
execute if entity @s[tag=aj.gojo.bone.rightleg] run data modify entity @s {} merge value {transformation:[-0.8779745629510005f,0.3640773678195338f,0.31081881708255604f,-0.11875f,0.06425796866352063f,0.7330435956590298f,-0.6771395722644771f,5.374208803530093f,-0.47437493638917894f,-0.5745387342076083f,-0.6669885026152114f,-1.4542680739874818e-17f,0f,0f,0f,1f],start_interpolation:0}
execute if entity @s[tag=aj.gojo.bone.bottom4] run data modify entity @s {} merge value {transformation:[-0.9537169507482269f,-0.00031748374654658185f,0.30070563190531513f,0.09626405744609462f,-6.938893903907228e-18f,0.9999994426480686f,0.0010557952226726286f,5.076371348097065f,-0.3007057995042733f,0.0010069298003818616f,-0.9537164191922424f,0.09210073305159808f,0f,0f,0f,1f],start_interpolation:0}
execute if entity @s[tag=aj.gojo.bone.leftleg] run data modify entity @s {} merge value {transformation:[-0.9537169507482269f,0.09102935518746176f,0.28659664050658223f,0.11875f,-6.938893903907228e-18f,0.9530798573856886f,-0.30271898758696264f,5.374208803530093f,-0.3007057995042733f,-0.28870822977502836f,-0.9089684154054338f,1.4542680739874818e-17f,0f,0f,0f,1f],start_interpolation:0}
execute if entity @s[tag=aj.gojo.locator_origin.purple] at @s on origin run tp @s ^0 ^5.62421 ^0.5 ~0 ~0
execute if entity @s[tag=aj.gojo.bone.purple] run data modify entity @s {} merge value {transformation:[-1f,0f,1.2246467991473532e-16f,-6.123233995736766e-17f,0f,1f,0f,5.624208803530093f,-1.2246467991473532e-16f,0f,-1f,0.5f,0f,0f,0f,1f],start_interpolation:0}
execute if entity @s[tag=aj.gojo.locator_origin.blue] at @s on origin run tp @s ^-1.0625 ^6.40546 ^-0.53125 ~0 ~0
execute if entity @s[tag=aj.gojo.bone.blue] run data modify entity @s {} merge value {transformation:[-1f,0f,1.2246467991473532e-16f,-1.0625f,0f,1f,0f,6.405458803530093f,-1.2246467991473532e-16f,0f,-1f,-0.5312500000000001f,0f,0f,0f,1f],start_interpolation:0}
execute if entity @s[tag=aj.gojo.locator_origin.red] at @s on origin run tp @s ^1.0625 ^6.40546 ^-0.53125 ~0 ~0
execute if entity @s[tag=aj.gojo.bone.red] run data modify entity @s {} merge value {transformation:[-1f,0f,1.2246467991473532e-16f,1.0625f,0f,1f,0f,6.405458803530093f,-1.2246467991473532e-16f,0f,-1f,-0.5312499999999999f,0f,0f,0f,1f],start_interpolation:0}
execute if entity @s[tag=aj.gojo.camera_origin.camera] at @s on origin run tp @s ^0 ^6.20048 ^4.56543 ~-180 ~0