execute if entity @s[tag=aj.gojo.locator_origin.head] at @s on origin run tp @s ^0 ^5.99495 ^0.17749 ~0 ~13.6888
execute if entity @s[tag=aj.gojo.bone.torso] run data modify entity @s {} merge value {transformation:[-1f,-2.898104926843963e-17f,1.1898611940020085e-16f,-2.1735786951329722e-17f,0f,0.9715953978162815f,0.23664822615481754f,5.994946548362211f,-1.2246467991473532e-16f,0.23664822615481754f,-0.9715953978162815f,0.17748616961611316f,0f,0f,0f,1f],start_interpolation:0}
execute if entity @s[tag=aj.gojo.bone.bottom2] run data modify entity @s {} merge value {transformation:[-0.9476737336890908f,-0.29541841490473075f,0.12100601063977942f,-0.40304031479460745f,0.3190599577191184f,-0.8637154794153974f,0.39012345994377606f,6.112964012754958f,-0.010734889661857774f,0.4083179285231121f,0.9127766601916053f,0.11850598468899935f,0f,0f,0f,1f],start_interpolation:0}
execute if entity @s[tag=aj.gojo.bone.rightarm] run data modify entity @s {} merge value {transformation:[-0.9821388444011827f,0.11662654807813418f,0.1476534408731744f,-0.3125f,-0.09005956454610124f,-0.980382447615651f,0.17532692674233047f,5.873497123635176f,0.1652046160132215f,0.15889778063435175f,0.9733750203068704f,0.14790514134676094f,0f,0f,0f,1f],start_interpolation:0}
execute if entity @s[tag=aj.gojo.bone.bottom] run data modify entity @s {} merge value {transformation:[-0.9509074604566019f,0.15125645717274908f,0.2699934921651343f,0.33411760198535034f,-0.20228543895587137f,0.3564710709435308f,-0.912145260781857f,5.797022195834035f,-0.23421272987266623f,-0.9219814855754533f,-0.3083740219630586f,0.39303880835766597f,0f,0f,0f,1f],start_interpolation:0}
execute if entity @s[tag=aj.gojo.bone.leftarm] run data modify entity @s {} merge value {transformation:[-0.9509074604566019f,0.15125645717274908f,0.2699934921651343f,0.3125f,-0.20228543895587137f,0.3564710709435308f,-0.912145260781857f,5.873497123635176f,-0.23421272987266623f,-0.9219814855754533f,-0.3083740219630586f,0.147905141346761f,0f,0f,0f,1f],start_interpolation:0}
execute if entity @s[tag=aj.gojo.bone.head] run data modify entity @s {} merge value {transformation:[-1f,-7.904211216058744e-17f,9.354112641940812e-17f,-2.1735786951329722e-17f,0f,0.7638212624614305f,0.645427826338334f,5.994946548362211f,-1.2246467991473532e-16f,0.645427826338334f,-0.7638212624614305f,0.17748616961611316f,0f,0f,0f,1f],start_interpolation:0}
execute if entity @s[tag=aj.gojo.bone.bottom3] run data modify entity @s {} merge value {transformation:[-0.8779745629510005f,0.07184044972169845f,0.4732859776021086f,-0.2435071746911582f,0.06425796866352063f,0.9974138294946874f,-0.0321957481040705f,5.050367529318209f,-0.47437493638917894f,0.0021453476470881805f,-0.8803202923988722f,0.18848267484149675f,0f,0f,0f,1f],start_interpolation:0}
execute if entity @s[tag=aj.gojo.bone.rightleg] run data modify entity @s {} merge value {transformation:[-0.8779745629510005f,0.3816634677526863f,0.28895270234762255f,-0.11875f,0.06425796866352063f,0.6921090655550023f,-0.7189269468032338f,5.26625f,-0.47437493638917894f,-0.6126320582205733f,-0.6321790734959413f,-1.4542680739874818e-17f,0f,0f,0f,1f],start_interpolation:0}
execute if entity @s[tag=aj.gojo.bone.bottom4] run data modify entity @s {} merge value {transformation:[-0.9537169507482269f,-0.009130649306600624f,0.3005671457407546f,0.0910653184730914f,-6.938893903907228e-18f,0.9995389055889604f,0.030364061224136374f,4.97446704261539f,-0.3007057995042732f,0.02895871988301585f,-0.9532771971925232f,0.10858902655721815f,0f,0f,0f,1f],start_interpolation:0}
execute if entity @s[tag=aj.gojo.bone.leftleg] run data modify entity @s {} merge value {transformation:[-0.9537169507482269f,0.10766531990107207f,0.2807706479425938f,0.11875f,-6.938893903907228e-18f,0.9337054636307536f,-0.3580420466734034f,5.26625f,-0.3007057995042732f,-0.3414707689930126f,-0.8904907276708818f,1.4542680739874818e-17f,0f,0f,0f,1f],start_interpolation:0}
execute if entity @s[tag=aj.gojo.locator_origin.purple] at @s on origin run tp @s ^0 ^5.51625 ^0.5 ~0 ~0
execute if entity @s[tag=aj.gojo.bone.purple] run data modify entity @s {} merge value {transformation:[-1f,0f,1.2246467991473532e-16f,-6.123233995736766e-17f,0f,1f,0f,5.51625f,-1.2246467991473532e-16f,0f,-1f,0.5f,0f,0f,0f,1f],start_interpolation:0}
execute if entity @s[tag=aj.gojo.locator_origin.blue] at @s on origin run tp @s ^-1.0625 ^6.2975 ^-0.53125 ~0 ~0
execute if entity @s[tag=aj.gojo.bone.blue] run data modify entity @s {} merge value {transformation:[-1f,0f,1.2246467991473532e-16f,-1.0625f,0f,1f,0f,6.2975f,-1.2246467991473532e-16f,0f,-1f,-0.5312500000000001f,0f,0f,0f,1f],start_interpolation:0}
execute if entity @s[tag=aj.gojo.locator_origin.red] at @s on origin run tp @s ^1.0625 ^6.2975 ^-0.53125 ~0 ~0
execute if entity @s[tag=aj.gojo.bone.red] run data modify entity @s {} merge value {transformation:[-1f,0f,1.2246467991473532e-16f,1.0625f,0f,1f,0f,6.2975f,-1.2246467991473532e-16f,0f,-1f,-0.5312499999999999f,0f,0f,0f,1f],start_interpolation:0}
execute if entity @s[tag=aj.gojo.camera_origin.camera] at @s on origin run tp @s ^0 ^5.96848 ^2.35309 ~-180 ~0