execute if entity @s[tag=aj.gojo.locator_origin.head] at @s on origin run tp @s ^0 ^6.1052 ^0.13951 ~0 ~10.72061
execute if entity @s[tag=aj.gojo.bone.torso] run data modify entity @s {} merge value {transformation:[-1f,-2.2780877752743543e-17f,1.2032717662869486e-16f,-1.7085658314557658e-17f,0f,0.9825459611087158f,0.18601998362796912f,6.105195603644037f,-1.2246467991473532e-16f,0.18601998362796912f,-0.9825459611087158f,0.13951498772097684f,0f,0f,0f,1f],start_interpolation:0}
execute if entity @s[tag=aj.gojo.bone.bottom2] run data modify entity @s {} merge value {transformation:[-0.9433354232472927f,-0.30772598290219233f,0.12418936626672486f,-0.3992474084647182f,0.32867846532553063f,-0.8149045113135641f,0.47738988664618176f,6.218989758421789f,-0.04570279726783573f,0.4911571610876504f,0.8698711958871923f,0.06245069430882293f,0f,0f,0f,1f],start_interpolation:0}
execute if entity @s[tag=aj.gojo.bone.rightarm] run data modify entity @s {} merge value {transformation:[-0.9838530413657895f,0.10102637351742526f,0.14773917845041493f,-0.3125f,-0.05805399591745924f,-0.9609630986447321f,0.2705173868739858f,5.982377358505447f,0.16930128928422697f,0.25757250415568766f,0.9513114519176492f,0.11626248976748066f,0f,0f,0f,1f],start_interpolation:0}
execute if entity @s[tag=aj.gojo.bone.bottom] run data modify entity @s {} merge value {transformation:[-0.9406028301225504f,0.20800728439470165f,0.2683268260986781f,0.319285855783984f,-0.1930723534928142f,0.32237921922384005f,-0.9267117703630255f,5.9138495757927885f,-0.2792657914643223f,-0.92347420573147f,-0.2630703500329079f,0.36458515316686835f,0f,0f,0f,1f],start_interpolation:0}
execute if entity @s[tag=aj.gojo.bone.leftarm] run data modify entity @s {} merge value {transformation:[-0.9406028301225504f,0.20800728439470165f,0.2683268260986781f,0.3125f,-0.1930723534928142f,0.32237921922384005f,-0.9267117703630255f,5.982377358505447f,-0.2792657914643223f,-0.92347420573147f,-0.2630703500329079f,0.11626248976748074f,0f,0f,0f,1f],start_interpolation:0}
execute if entity @s[tag=aj.gojo.bone.head] run data modify entity @s {} merge value {transformation:[-1f,-6.908595797172831e-17f,1.0111739829399867e-16f,-1.7085658314557658e-17f,0f,0.8256862171558408f,0.5641296577905454f,6.105195603644037f,-1.2246467991473532e-16f,0.5641296577905454f,-0.8256862171558408f,0.13951498772097684f,0f,0f,0f,1f],start_interpolation:0}
execute if entity @s[tag=aj.gojo.bone.bottom3] run data modify entity @s {} merge value {transformation:[-0.8779745629510005f,0.05931929363273647f,0.4750177767346321f,-0.238574309032401f,0.0642579686635206f,0.9979161747285477f,-0.0058499297756990365f,5.140845759185583f,-0.47437493638917894f,0.025387587873915818f,-0.8799567546804257f,0.1777872996289564f,0f,0f,0f,1f],start_interpolation:0}
execute if entity @s[tag=aj.gojo.bone.rightleg] run data modify entity @s {} merge value {transformation:[-0.8779745629510005f,0.36587829764466323f,0.30869683853846447f,-0.11875f,0.0642579686635206f,0.729094354979403f,-0.6813900021283013f,5.3682861328125f,-0.47437493638917894f,-0.5784068575404442f,-0.6636368938477961f,-1.4542680739874818e-17f,0f,0f,0f,1f],start_interpolation:0}
execute if entity @s[tag=aj.gojo.bone.bottom4] run data modify entity @s {} merge value {transformation:[-0.9537169507482269f,-0.0011916289225565868f,0.3007034384173468f,0.09574383298761399f,6.938893903907228e-18f,0.9999921481829407f,0.003962773330348224f,5.071003708409525f,-0.3007057995042732f,0.0037793640971261477f,-0.9537094623372031f,0.09375067424017745f,0f,0f,0f,1f],start_interpolation:0}
execute if entity @s[tag=aj.gojo.bone.leftleg] run data modify entity @s {} merge value {transformation:[-0.9537169507482269f,0.09269407345459978f,0.2860625571477285f,0.11875f,6.938893903907228e-18f,0.9513037580895188f,-0.3082550240381464f,5.3682861328125f,-0.3007057995042732f,-0.29398804157848235f,-0.9072745194004648f,1.4542680739874818e-17f,0f,0f,0f,1f],start_interpolation:0}
execute if entity @s[tag=aj.gojo.locator_origin.purple] at @s on origin run tp @s ^0 ^5.61829 ^0.5 ~0 ~0
execute if entity @s[tag=aj.gojo.bone.purple] run data modify entity @s {} merge value {transformation:[-1f,0f,1.2246467991473532e-16f,-6.123233995736766e-17f,0f,1f,0f,5.6182861328125f,-1.2246467991473532e-16f,0f,-1f,0.5f,0f,0f,0f,1f],start_interpolation:0}
execute if entity @s[tag=aj.gojo.locator_origin.blue] at @s on origin run tp @s ^-1.0625 ^6.39954 ^-0.53125 ~0 ~0
execute if entity @s[tag=aj.gojo.bone.blue] run data modify entity @s {} merge value {transformation:[-1f,0f,1.2246467991473532e-16f,-1.0625f,0f,1f,0f,6.3995361328125f,-1.2246467991473532e-16f,0f,-1f,-0.5312500000000001f,0f,0f,0f,1f],start_interpolation:0}
execute if entity @s[tag=aj.gojo.locator_origin.red] at @s on origin run tp @s ^1.0625 ^6.39954 ^-0.53125 ~0 ~0
execute if entity @s[tag=aj.gojo.bone.red] run data modify entity @s {} merge value {transformation:[-1f,0f,1.2246467991473532e-16f,1.0625f,0f,1f,0f,6.3995361328125f,-1.2246467991473532e-16f,0f,-1f,-0.5312499999999999f,0f,0f,0f,1f],start_interpolation:0}
execute if entity @s[tag=aj.gojo.camera_origin.camera] at @s on origin run tp @s ^0 ^6.18201 ^4.44461 ~-180 ~0