execute if entity @s[tag=aj.gojo.locator_origin.head] at @s on origin run tp @s ^0 ^6.0322 ^0.16285 ~0 ~12.54095
execute if entity @s[tag=aj.gojo.bone.torso] run data modify entity @s {} merge value {transformation:[-1f,-2.6591647699480055e-17f,1.1954280446453192e-16f,-1.9943735774610043e-17f,0f,0.9761410763312515f,0.2171372816880279f,6.0321958072484385f,-1.2246467991473532e-16f,0.2171372816880279f,-0.9761410763312515f,0.16285296126602092f,0f,0f,0f,1f],start_interpolation:0}
execute if entity @s[tag=aj.gojo.bone.bottom2] run data modify entity @s {} merge value {transformation:[-0.9445963075130874f,-0.3059552779960965f,0.1188662428907889f,-0.3993506650606571f,0.32773721306269976f,-0.8592229996856253f,0.3928411332652567f,6.150683465982548f,-0.01805920835848944f,0.41003317509387927f,0.9118918029656244f,0.10376685194130149f,0f,0f,0f,1f],start_interpolation:0}
execute if entity @s[tag=aj.gojo.bone.rightarm] run data modify entity @s {} merge value {transformation:[-0.984548495605167f,0.10126553634133663f,0.14286199967487453f,-0.3125f,-0.07462756224470232f,-0.9806780636632393f,0.18083490371920283f,5.910178172707032f,0.15841397272657326f,0.16737928963650694f,0.9730823123691866f,0.1357108010550174f,0f,0f,0f,1f],start_interpolation:0}
execute if entity @s[tag=aj.gojo.bone.bottom] run data modify entity @s {} merge value {transformation:[-0.9480049248636325f,0.16141348604460895f,0.2742851599289055f,0.3313969362928248f,-0.20137406806221228f,0.36314548749435976f,-0.9097108549558807f,5.831977680087331f,-0.2464450185059012f,-0.9176442891640588f,-0.31175922026175173f,0.38052468700265096f,0f,0f,0f,1f],start_interpolation:0}
execute if entity @s[tag=aj.gojo.bone.leftarm] run data modify entity @s {} merge value {transformation:[-0.9480049248636325f,0.16141348604460895f,0.2742851599289055f,0.3125f,-0.20137406806221228f,0.36314548749435976f,-0.9097108549558807f,5.910178172707032f,-0.2464450185059012f,-0.9176442891640588f,-0.31175922026175173f,0.13571080105501745f,0f,0f,0f,1f],start_interpolation:0}
execute if entity @s[tag=aj.gojo.bone.head] run data modify entity @s {} merge value {transformation:[-1f,-7.506356912455272e-17f,9.676289793563478e-17f,-1.9943735774610043e-17f,0f,0.7901290233478329f,0.6129405570390981f,6.0321958072484385f,-1.2246467991473532e-16f,0.6129405570390981f,-0.7901290233478329f,0.16285296126602092f,0f,0f,0f,1f],start_interpolation:0}
execute if entity @s[tag=aj.gojo.bone.bottom3] run data modify entity @s {} merge value {transformation:[-0.8779745629510005f,0.0673647983816329f,0.47394372107878113f,-0.24177936436709435f,0.06425796866352065f,0.997673537309867f,-0.02276897922296217f,5.080000287485197f,-0.47437493638917894f,0.010464076195232208f,-0.8802607129908406f,0.1847149329333715f,0f,0f,0f,1f],start_interpolation:0}
execute if entity @s[tag=aj.gojo.bone.rightleg] run data modify entity @s {} merge value {transformation:[-0.8779745629510005f,0.3761344747156819f,0.296114038406418f,-0.11875f,0.06425796866352065f,0.7055722394206412f,-0.7057185901066937f,5.30009f,-0.47437493638917894f,-0.6005752841145725f,-0.6436441158252464f,-1.4542680739874818e-17f,0f,0f,0f,1f],start_interpolation:0}
execute if entity @s[tag=aj.gojo.bone.bottom4] run data modify entity @s {} merge value {transformation:[-0.9537169507482269f,-0.00628995120904402f,0.3006400079318985f,0.0927295146663696f,0f,0.9997812094995069f,0.020917292647542107f,5.006244614010985f,-0.3007057995042732f,0.019949176561722293f,-0.953508286539244f,0.10331087056050438f,0f,0f,0f,1f],start_interpolation:0}
execute if entity @s[tag=aj.gojo.bone.leftleg] run data modify entity @s {} merge value {transformation:[-0.9537169507482269f,0.10233989208258183f,0.28275523751829895f,0.11875f,0f,0.940305235164847f,-0.34033228574671215f,5.30009f,-0.3007057995042732f,-0.3245806698035285f,-0.8967850416540124f,1.4542680739874818e-17f,0f,0f,0f,1f],start_interpolation:0}
execute if entity @s[tag=aj.gojo.locator_origin.purple] at @s on origin run tp @s ^0 ^5.55009 ^0.5 ~0 ~0
execute if entity @s[tag=aj.gojo.bone.purple] run data modify entity @s {} merge value {transformation:[-1f,0f,1.2246467991473532e-16f,-6.123233995736766e-17f,0f,1f,0f,5.55009f,-1.2246467991473532e-16f,0f,-1f,0.5f,0f,0f,0f,1f],start_interpolation:0}
execute if entity @s[tag=aj.gojo.locator_origin.blue] at @s on origin run tp @s ^-1.0625 ^6.33134 ^-0.53125 ~0 ~0
execute if entity @s[tag=aj.gojo.bone.blue] run data modify entity @s {} merge value {transformation:[-1f,0f,1.2246467991473532e-16f,-1.0625f,0f,1f,0f,6.33134f,-1.2246467991473532e-16f,0f,-1f,-0.5312500000000001f,0f,0f,0f,1f],start_interpolation:0}
execute if entity @s[tag=aj.gojo.locator_origin.red] at @s on origin run tp @s ^1.0625 ^6.33134 ^-0.53125 ~0 ~0
execute if entity @s[tag=aj.gojo.bone.red] run data modify entity @s {} merge value {transformation:[-1f,0f,1.2246467991473532e-16f,1.0625f,0f,1f,0f,6.33134f,-1.2246467991473532e-16f,0f,-1f,-0.5312499999999999f,0f,0f,0f,1f],start_interpolation:0}
execute if entity @s[tag=aj.gojo.camera_origin.camera] at @s on origin run tp @s ^0 ^5.95033 ^2.15057 ~-180 ~0