execute if entity @s[tag=aj.gojo.locator_origin.head] at @s on origin run tp @s ^0 ^5.97852 ^0.0759 ~0 ~5.80816
execute if entity @s[tag=aj.gojo.bone.torso] run data modify entity @s {} merge value {transformation:[-1f,-1.2393181976313065e-17f,1.2183598346597185e-16f,-9.2948864822348e-18f,0f,0.9948663039073699f,0.10119801060143775f,5.978517308696868f,-1.2246467991473532e-16f,0.10119801060143775f,-0.9948663039073699f,0.07589850795107832f,0f,0f,0f,1f],start_interpolation:0}
execute if entity @s[tag=aj.gojo.bone.bottom2] run data modify entity @s {} merge value {transformation:[-0.9583032807654901f,-0.016334077445921476f,-0.28528585662119516f,-0.4384573650124524f,0.25474917491669435f,-0.5011125841156415f,-0.8270362966159395f,5.9681783681179645f,-0.12945145790357857f,-0.8652279329488476f,0.48437892614326566f,0.2570026743035228f,0f,0f,0f,1f],start_interpolation:0}
execute if entity @s[tag=aj.gojo.bone.rightarm] run data modify entity @s {} merge value {transformation:[-0.9352448440454122f,0.27001824903845656f,-0.22892624767090114f,-0.3125f,0.09464511698506951f,-0.4324161103918032f,-0.8966931522569507f,5.854159020708447f,-0.3411149124816375f,-0.8602943988309063f,0.3788590289577574f,0.06324875662589856f,0f,0f,0f,1f],start_interpolation:0}
execute if entity @s[tag=aj.gojo.bone.bottom] run data modify entity @s {} merge value {transformation:[-0.9447212568536638f,-0.07748214371317183f,0.3185879223298416f,0.3909156144816469f,-0.27433318311536486f,0.7189435326583608f,-0.638640353791168f,5.691568961488567f,-0.17956350266862556f,-0.6907363565459168f,-0.700457160899256f,0.24715556467916694f,0f,0f,0f,1f],start_interpolation:0}
execute if entity @s[tag=aj.gojo.bone.leftarm] run data modify entity @s {} merge value {transformation:[-0.9447212568536638f,-0.07748214371317183f,0.3185879223298416f,0.3125f,-0.27433318311536486f,0.7189435326583608f,-0.638640353791168f,5.854159020708447f,-0.17956350266862556f,-0.6907363565459168f,-0.700457160899256f,0.06324875662589864f,0f,0f,0f,1f],start_interpolation:0}
execute if entity @s[tag=aj.gojo.bone.head] run data modify entity @s {} merge value {transformation:[-1f,-4.6879823697715937e-17f,1.1313655446711132e-16f,-9.2948864822348e-18f,0f,0.9238300752991099f,0.38280281082149964f,5.978517308696868f,-1.2246467991473532e-16f,0.38280281082149964f,-0.9238300752991099f,0.07589850795107832f,0f,0f,0f,1f],start_interpolation:0}
execute if entity @s[tag=aj.gojo.bone.bottom3] run data modify entity @s {} merge value {transformation:[-0.8706062543835095f,0.053145207259630095f,0.4891015607965762f,-0.2410156545141352f,0.06669942147622607f,0.9977197979954224f,0.010314643120837297f,5.003481921296835f,-0.48743813659073976f,0.041602783960985656f,-0.872165850835518f,0.17423483324364164f,0f,0f,0f,1f],start_interpolation:0}
execute if entity @s[tag=aj.gojo.bone.rightleg] run data modify entity @s {} merge value {transformation:[-0.8706062543835095f,0.37383796935756247f,0.31982795765056266f,-0.11875f,0.06669942147622607f,0.7337680987319427f,-0.6761180107481584f,5.232367580766341f,-0.48743813659073976f,-0.5673002291114682f,-0.6637578723051224f,-1.4542680739874818e-17f,0f,0f,0f,1f],start_interpolation:0}
execute if entity @s[tag=aj.gojo.bone.bottom4] run data modify entity @s {} merge value {transformation:[-0.9467530397469394f,-0.002254942134141416f,0.321952786858418f,0.09639145839015589f,0f,0.9999754732247185f,0.007003781050275548f,4.93246215519313f,-0.321960683515752f,0.006630850999070403f,-0.9467298189478864f,0.08515951989549961f,0f,0f,0f,1f],start_interpolation:0}
execute if entity @s[tag=aj.gojo.bone.leftleg] run data modify entity @s {} merge value {transformation:[-0.9467530397469394f,0.0904823939464399f,0.3089848185844274f,0.11875f,0f,0.9596973618342756f,-0.28103553812343995f,5.232367580766341f,-0.321960683515752f,-0.26607124999528364f,-0.9085963945537188f,1.4542680739874818e-17f,0f,0f,0f,1f],start_interpolation:0}
execute if entity @s[tag=aj.gojo.locator_origin.purple] at @s on origin run tp @s ^0 ^5.48237 ^0.5 ~0 ~0
execute if entity @s[tag=aj.gojo.bone.purple] run data modify entity @s {} merge value {transformation:[-1f,0f,1.2246467991473532e-16f,-6.123233995736766e-17f,0f,1f,0f,5.482367580766341f,-1.2246467991473532e-16f,0f,-1f,0.5f,0f,0f,0f,1f],start_interpolation:0}
execute if entity @s[tag=aj.gojo.locator_origin.blue] at @s on origin run tp @s ^-1.0625 ^6.26362 ^-0.53125 ~0 ~0
execute if entity @s[tag=aj.gojo.bone.blue] run data modify entity @s {} merge value {transformation:[-1f,0f,1.2246467991473532e-16f,-1.0625f,0f,1f,0f,6.263617580766341f,-1.2246467991473532e-16f,0f,-1f,-0.5312500000000001f,0f,0f,0f,1f],start_interpolation:0}
execute if entity @s[tag=aj.gojo.locator_origin.red] at @s on origin run tp @s ^1.0625 ^6.26362 ^-0.53125 ~0 ~0
execute if entity @s[tag=aj.gojo.bone.red] run data modify entity @s {} merge value {transformation:[-1f,0f,1.2246467991473532e-16f,1.0625f,0f,1f,0f,6.263617580766341f,-1.2246467991473532e-16f,0f,-1f,-0.5312499999999999f,0f,0f,0f,1f],start_interpolation:0}
execute if entity @s[tag=aj.gojo.camera_origin.camera] at @s on origin run tp @s ^0 ^6.30188 ^5.04688 ~-180 ~0