execute if entity @s[tag=aj.gojo.locator_origin.head] at @s on origin run tp @s ^0 ^6.32911 ^0.05177 ~0 ~2.91203
execute if entity @s[tag=aj.gojo.bone.torso] run data modify entity @s {} merge value {transformation:[-1f,-6.2215336484409875e-18f,1.2230654253015205e-16f,-6.3404720320400125e-18f,0f,0.9987087102608412f,0.05080267757832431f,6.329109657695631f,-1.2246467991473532e-16f,0.05080267757832431f,-0.9987087102608412f,0.051773883183743236f,0f,0f,0f,1f],start_interpolation:0}
execute if entity @s[tag=aj.gojo.bone.bottom2] run data modify entity @s {} merge value {transformation:[-0.9651224584104183f,0.260688806397029f,-0.0240829086931523f,-0.4549547720136595f,0.2027990875363931f,0.6862745146476161f,-0.6984982610140021f,6.044771684397708f,-0.1655631914594448f,-0.6790203507734293f,-0.715206398789393f,0.1892040557528103f,0f,0f,0f,1f],start_interpolation:0}
execute if entity @s[tag=aj.gojo.bone.rightarm] run data modify entity @s {} merge value {transformation:[-0.9424835699877931f,0.3341981955576899f,0.006023818477405303f,-0.3125f,0.24351876254394872f,0.6988772286972575f,-0.6725096516017482f,6.204271068913026f,-0.2289614216240994f,-0.6323623844714554f,-0.7400638365123959f,0.04542354848645265f,0f,0f,0f,1f],start_interpolation:0}
execute if entity @s[tag=aj.gojo.bone.bottom] run data modify entity @s {} merge value {transformation:[-0.9405976338356733f,-0.30821182432243854f,0.14241335109661216f,0.4483403081953392f,-0.33366715817835435f,0.9166952729548907f,-0.21985450665233036f,5.99595144806045f,-0.06278788717510517f,-0.254313286892354f,-0.9650815682283511f,0.1129261131579853f,0f,0f,0f,1f],start_interpolation:0}
execute if entity @s[tag=aj.gojo.bone.leftarm] run data modify entity @s {} merge value {transformation:[-0.9405976338356733f,-0.30821182432243854f,0.14241335109661216f,0.3125f,-0.33366715817835435f,0.9166952729548907f,-0.21985450665233036f,6.204271068913026f,-0.06278788717510517f,-0.254313286892354f,-0.9650815682283511f,0.04542354848645273f,0f,0f,0f,1f],start_interpolation:0}
execute if entity @s[tag=aj.gojo.bone.head] run data modify entity @s {} merge value {transformation:[-1f,-3.005115351288818e-17f,1.1872036893121332e-16f,-6.3404720320400125e-18f,0f,0.969425380557652f,0.24538629042929738f,6.329109657695631f,-1.2246467991473532e-16f,0.24538629042929738f,-0.969425380557652f,0.051773883183743236f,0f,0f,0f,1f],start_interpolation:0}
execute if entity @s[tag=aj.gojo.bone.bottom3] run data modify entity @s {} merge value {transformation:[-0.866626815705884f,0.05257110424709682f,0.49617964619452154f,-0.24345412081228146f,0.06796506573129696f,0.9976028726338588f,0.013009932851994754f,5.352911061872904f,-0.4943062938498965f,0.04499763894821396f,-0.8681223994054443f,0.18842690406253088f,0f,0f,0f,1f],start_interpolation:0}
execute if entity @s[tag=aj.gojo.bone.rightleg] run data modify entity @s {} merge value {transformation:[-0.866626815705884f,0.38172065028518304f,0.3213211904704336f,-0.11875f,0.06796506573129696f,0.7282939033213323f,-0.6818861636850527f,5.580078125f,-0.4943062938498965f,-0.5691022188770968f,-0.657102695421001f,0.013671874999999986f,0f,0f,0f,1f],start_interpolation:0}
execute if entity @s[tag=aj.gojo.bone.bottom4] run data modify entity @s {} merge value {transformation:[-0.9428766059362362f,-0.004813329978102979f,0.33310739684474944f,0.09572506975132106f,0f,0.9998956182148397f,0.014448275840510283f,5.279875858141356f,-0.33314217081925174f,0.013622941286130896f,-0.9427781867929228f,0.09759901042099921f,0f,0f,0f,1f],start_interpolation:0}
execute if entity @s[tag=aj.gojo.bone.leftleg] run data modify entity @s {} merge value {transformation:[-0.9428766059362362f,0.09253730891449732f,0.32003211157167716f,0.11875f,0f,0.960647253947662f,-0.2777712250806699f,5.580078125f,-0.33314217081925174f,-0.2619039899308124f,-0.9057718223041372f,0.013671875000000014f,0f,0f,0f,1f],start_interpolation:0}
execute if entity @s[tag=aj.gojo.locator_origin.purple] at @s on origin run tp @s ^0 ^5.83008 ^0.51367 ~0 ~0
execute if entity @s[tag=aj.gojo.bone.purple] run data modify entity @s {} merge value {transformation:[-1f,0f,1.2246467991473532e-16f,-6.290666175307693e-17f,0f,1f,0f,5.830078125f,-1.2246467991473532e-16f,0f,-1f,0.513671875f,0f,0f,0f,1f],start_interpolation:0}
execute if entity @s[tag=aj.gojo.locator_origin.blue] at @s on origin run tp @s ^-1.0625 ^6.61133 ^-0.51758 ~0 ~0
execute if entity @s[tag=aj.gojo.bone.blue] run data modify entity @s {} merge value {transformation:[-1f,0f,1.2246467991473532e-16f,-1.0625f,0f,1f,0f,6.611328125f,-1.2246467991473532e-16f,0f,-1f,-0.5175781250000001f,0f,0f,0f,1f],start_interpolation:0}
execute if entity @s[tag=aj.gojo.locator_origin.red] at @s on origin run tp @s ^1.0625 ^6.61133 ^-0.51758 ~0 ~0
execute if entity @s[tag=aj.gojo.bone.red] run data modify entity @s {} merge value {transformation:[-1f,0f,1.2246467991473532e-16f,1.0625f,0f,1f,0f,6.611328125f,-1.2246467991473532e-16f,0f,-1f,-0.5175781249999999f,0f,0f,0f,1f],start_interpolation:0}
execute if entity @s[tag=aj.gojo.camera_origin.camera] at @s on origin run tp @s ^0 ^7.08313 ^5.70313 ~-180 ~0