execute if entity @s[tag=aj.gojo.locator_origin.head] at @s on origin run tp @s ^0 ^6.04168 ^0.1591 ~0 ~12.2472
execute if entity @s[tag=aj.gojo.bone.torso] run data modify entity @s {} merge value {transformation:[-1f,-2.5978422187608027e-17f,1.1967756434378573e-16f,-1.948381664070602e-17f,0f,0.9772414742529022f,0.21212991538209397f,6.041681105689676f,-1.2246467991473532e-16f,0.21212991538209397f,-0.9772414742529022f,0.1590974365365705f,0f,0f,0f,1f],start_interpolation:0}
execute if entity @s[tag=aj.gojo.bone.bottom2] run data modify entity @s {} merge value {transformation:[-0.9437540173099752f,-0.3087735579571937f,0.11826768247386274f,-0.39840856994262414f,0.3300385682729366f,-0.8579787562361644f,0.3936330744485219f,6.16028122560819f,-0.020072325815240724f,0.4105256919535011f,0.9116280809532289f,0.0999797997523797f,0f,0f,0f,1f],start_interpolation:0}
execute if entity @s[tag=aj.gojo.bone.rightarm] run data modify entity @s {} merge value {transformation:[-0.9851292240025966f,0.0973519737698474f,0.14157332100066308f,-0.3125f,-0.07071961879547359f,-0.980701121499375f,0.1822746438956661f,5.919525921408064f,0.1565859110311804f,0.1695520672035111f,0.9730020292751461f,0.1325811971138087f,0f,0f,0f,1f],start_interpolation:0}
execute if entity @s[tag=aj.gojo.bone.bottom] run data modify entity @s {} merge value {transformation:[-0.947215158498015f,0.1639855965383744f,0.27548533107868733f,0.33070454827153234f,-0.2012238928335701f,0.3648526754136987f,-0.9090607626536138f,5.840889245856737f,-0.2495844315346701f,-0.9165103651194675f,-0.31259616466632445f,0.3773078153645925f,0f,0f,0f,1f],start_interpolation:0}
execute if entity @s[tag=aj.gojo.bone.leftarm] run data modify entity @s {} merge value {transformation:[-0.947215158498015f,0.1639855965383744f,0.27548533107868733f,0.3125f,-0.2012238928335701f,0.3648526754136987f,-0.9090607626536138f,5.919525921408064f,-0.2495844315346701f,-0.9165103651194675f,-0.31259616466632445f,0.13258119711380875f,0f,0f,0f,1f],start_interpolation:0}
execute if entity @s[tag=aj.gojo.bone.head] run data modify entity @s {} merge value {transformation:[-1f,-7.402405728877135e-17f,9.75604262451086e-17f,-1.948381664070602e-17f,0f,0.796641336204316f,0.6044522987387855f,6.041681105689676f,-1.2246467991473532e-16f,0.6044522987387855f,-0.796641336204316f,0.1590974365365705f,0f,0f,0f,1f],start_interpolation:0}
execute if entity @s[tag=aj.gojo.bone.bottom3] run data modify entity @s {} merge value {transformation:[-0.8779745629510005f,0.0662184510423684f,0.4741052452278387f,-0.2413304281869949f,0.06425796866352068f,0.9977256827696911f,-0.02035621293345291f,5.087596208657851f,-0.47437493638917905f,0.012592802837475492f,-0.8802328334267356f,0.1837399023089049f,0f,0f,0f,1f],start_interpolation:0}
execute if entity @s[tag=aj.gojo.bone.rightleg] run data modify entity @s {} merge value {transformation:[-0.8779745629510005f,0.3746978789393637f,0.29792980100913297f,-0.11875f,0.06425796866352068f,0.7089772916681494f,-0.7022977384002701f,5.30875f,-0.47437493638917905f,-0.5974551861162795f,-0.6465413523577008f,-1.4542680739874818e-17f,0f,0f,0f,1f],start_interpolation:0}
execute if entity @s[tag=aj.gojo.bone.bottom4] run data modify entity @s {} merge value {transformation:[-0.9537169507482269f,-0.005562887312215353f,0.30065433996577484f,0.09315725892650387f,0f,0.999828870814653f,0.018499434734501385f,5.014393656028503f,-0.30070579950427323f,0.017643224485554554f,-0.9535537419433937f,0.1019542390883218f,0f,0f,0f,1f],start_interpolation:0}
execute if entity @s[tag=aj.gojo.bone.leftleg] run data modify entity @s {} merge value {transformation:[-0.9537169507482269f,0.10097111045015215f,0.2832469112099324f,0.11875f,0f,0.9419403007087906f,-0.33578038939258065f,5.30875f,-0.30070579950427323f,-0.32023944909254426f,-0.8983444313788558f,1.4542680739874818e-17f,0f,0f,0f,1f],start_interpolation:0}
execute if entity @s[tag=aj.gojo.locator_origin.purple] at @s on origin run tp @s ^0 ^5.55875 ^0.5 ~0 ~0
execute if entity @s[tag=aj.gojo.bone.purple] run data modify entity @s {} merge value {transformation:[-1f,0f,1.2246467991473532e-16f,-6.123233995736766e-17f,0f,1f,0f,5.55875f,-1.2246467991473532e-16f,0f,-1f,0.5f,0f,0f,0f,1f],start_interpolation:0}
execute if entity @s[tag=aj.gojo.locator_origin.blue] at @s on origin run tp @s ^-1.0625 ^6.34 ^-0.53125 ~0 ~0
execute if entity @s[tag=aj.gojo.bone.blue] run data modify entity @s {} merge value {transformation:[-1f,0f,1.2246467991473532e-16f,-1.0625f,0f,1f,0f,6.34f,-1.2246467991473532e-16f,0f,-1f,-0.5312500000000001f,0f,0f,0f,1f],start_interpolation:0}
execute if entity @s[tag=aj.gojo.locator_origin.red] at @s on origin run tp @s ^1.0625 ^6.34 ^-0.53125 ~0 ~0
execute if entity @s[tag=aj.gojo.bone.red] run data modify entity @s {} merge value {transformation:[-1f,0f,1.2246467991473532e-16f,1.0625f,0f,1f,0f,6.34f,-1.2246467991473532e-16f,0f,-1f,-0.5312499999999999f,0f,0f,0f,1f],start_interpolation:0}
execute if entity @s[tag=aj.gojo.camera_origin.camera] at @s on origin run tp @s ^0 ^5.94611 ^2.10573 ~-180 ~0