execute if entity @s[tag=aj.gojo.locator_origin.head] at @s on origin run tp @s ^0 ^5.99265 ^0.08314 ~0 ~6.36476
execute if entity @s[tag=aj.gojo.bone.torso] run data modify entity @s {} merge value {transformation:[-1f,-1.3576145449623436e-17f,1.2170984389665958e-16f,-1.0182109087217578e-17f,0f,0.9938362961581961f,0.11085764041579725f,5.992653705965379f,-1.2246467991473532e-16f,0.11085764041579725f,-0.9938362961581961f,0.08314323031184793f,0f,0f,0f,1f],start_interpolation:0}
execute if entity @s[tag=aj.gojo.bone.bottom2] run data modify entity @s {} merge value {transformation:[-0.9519528129164404f,-0.11538976098608777f,-0.283674188180825f,-0.42178211811949295f,0.2908372048905948f,-0.6307520745395898f,-0.7194202810009117f,6.016934863995514f,-0.09591434841514992f,-0.7673571681580734f,0.6340058471690305f,0.24930891856822437f,0f,0f,0f,1f],start_interpolation:0}
execute if entity @s[tag=aj.gojo.bone.rightarm] run data modify entity @s {} merge value {transformation:[-0.951009013583077f,0.19937621908220252f,-0.23628580014090683f,-0.3125f,0.08228734669985446f,-0.5734709435246748f,-0.815082737828509f,5.868424168945604f,-0.29801115525570665f,-0.7945943620473312f,0.5289698962566343f,0.06928602525987324f,0f,0f,0f,1f],start_interpolation:0}
execute if entity @s[tag=aj.gojo.bone.bottom] run data modify entity @s {} merge value {transformation:[-0.9445668674758406f,-0.03949808736844249f,0.32593455472090194f,0.38140995105935066f,-0.26456841121292374f,0.6794205067416046f,-0.6843912118132802f,5.715104567961011f,-0.19441447645467932f,-0.7326852503723655f,-0.6522080459727838f,0.26460824263138216f,0f,0f,0f,1f],start_interpolation:0}
execute if entity @s[tag=aj.gojo.bone.leftarm] run data modify entity @s {} merge value {transformation:[-0.9445668674758406f,-0.03949808736844249f,0.32593455472090194f,0.3125f,-0.26456841121292374f,0.6794205067416046f,-0.6843912118132802f,5.868424168945604f,-0.19441447645467932f,-0.7326852503723655f,-0.6522080459727838f,0.06928602525987332f,0f,0f,0f,1f],start_interpolation:0}
execute if entity @s[tag=aj.gojo.bone.head] run data modify entity @s {} merge value {transformation:[-1f,-4.9482547151046296e-17f,1.120226555392393e-16f,-1.0182109087217578e-17f,0f,0.9147344002959368f,0.40405566066475634f,5.992653705965379f,-1.2246467991473532e-16f,0.40405566066475634f,-0.9147344002959368f,0.08314323031184793f,0f,0f,0f,1f],start_interpolation:0}
execute if entity @s[tag=aj.gojo.bone.bottom3] run data modify entity @s {} merge value {transformation:[-0.8717498538369898f,0.05356150849617081f,0.4870147401699475f,-0.2404158678295056f,0.06632897461021317f,0.997757260056725f,0.008995395002700857f,5.018121416256696f,-0.4854406858333411f,0.04014492261434249f,-0.8733474255563726f,0.174300556806624f,0f,0f,0f,1f],start_interpolation:0}
execute if entity @s[tag=aj.gojo.bone.rightleg] run data modify entity @s {} merge value {transformation:[-0.8717498538369898f,0.37189577997767814f,0.3189760510915847f,-0.11875f,0.06632897461021317f,0.7346227957803202f,-0.6752257511729418f,5.247276483846732f,-0.4854406858333411f,-0.5674705954978638f,-0.6650747805945998f,-1.4542680739874818e-17f,0f,0f,0f,1f],start_interpolation:0}
execute if entity @s[tag=aj.gojo.bone.bottom4] run data modify entity @s {} merge value {transformation:[-0.9478524272146729f,-0.0017144234865956176f,0.3187049371681617f,0.09648750326514205f,0f,0.9999855316431542f,0.005379266154261764f,4.947552159144561f,-0.3187095483716377f,0.0050987504809507644f,-0.9478387133475188f,0.08581971172730606f,0f,0f,0f,1f],start_interpolation:0}
execute if entity @s[tag=aj.gojo.bone.leftleg] run data modify entity @s {} merge value {transformation:[-0.9478524272146729f,0.0901970380958389f,0.3056800133178338f,0.11875f,0f,0.9591178390469477f,-0.283007015499463f,5.247276483846732f,-0.3187095483716377f,-0.26824888655994655f,-0.9091021717255414f,1.4542680739874818e-17f,0f,0f,0f,1f],start_interpolation:0}
execute if entity @s[tag=aj.gojo.locator_origin.purple] at @s on origin run tp @s ^0 ^5.49728 ^0.5 ~0 ~0
execute if entity @s[tag=aj.gojo.bone.purple] run data modify entity @s {} merge value {transformation:[-1f,0f,1.2246467991473532e-16f,-6.123233995736766e-17f,0f,1f,0f,5.497276483846732f,-1.2246467991473532e-16f,0f,-1f,0.5f,0f,0f,0f,1f],start_interpolation:0}
execute if entity @s[tag=aj.gojo.locator_origin.blue] at @s on origin run tp @s ^-1.0625 ^6.27853 ^-0.53125 ~0 ~0
execute if entity @s[tag=aj.gojo.bone.blue] run data modify entity @s {} merge value {transformation:[-1f,0f,1.2246467991473532e-16f,-1.0625f,0f,1f,0f,6.278526483846732f,-1.2246467991473532e-16f,0f,-1f,-0.5312500000000001f,0f,0f,0f,1f],start_interpolation:0}
execute if entity @s[tag=aj.gojo.locator_origin.red] at @s on origin run tp @s ^1.0625 ^6.27853 ^-0.53125 ~0 ~0
execute if entity @s[tag=aj.gojo.bone.red] run data modify entity @s {} merge value {transformation:[-1f,0f,1.2246467991473532e-16f,1.0625f,0f,1f,0f,6.278526483846732f,-1.2246467991473532e-16f,0f,-1f,-0.5312499999999999f,0f,0f,0f,1f],start_interpolation:0}
execute if entity @s[tag=aj.gojo.camera_origin.camera] at @s on origin run tp @s ^0 ^6.29104 ^5.00979 ~-180 ~0