execute if entity @s[tag=aj.gojo.locator_origin.head] at @s on origin run tp @s ^0 ^6.02987 ^0.09763 ~0 ~7.47965
execute if entity @s[tag=aj.gojo.bone.torso] run data modify entity @s {} merge value {transformation:[-1f,-1.5941722858764055e-17f,1.2142264738883325e-16f,-1.195629214407304e-17f,0f,0.9914911587028393f,0.13017404585439085f,6.029869308170631f,-1.2246467991473532e-16f,0.13017404585439085f,-0.9914911587028393f,0.09763053439079314f,0f,0f,0f,1f],start_interpolation:0}
execute if entity @s[tag=aj.gojo.bone.bottom2] run data modify entity @s {} merge value {transformation:[-0.9338470903686034f,-0.29258044253879223f,-0.20573355694659592f,-0.3899201162352821f,0.3550495776928906f,-0.8278286196230618f,-0.4343265751863181f,6.112240560607046f,-0.04323666488287207f,-0.47864022101864884f,0.8769459103234506f,0.2149609129169134f,0f,0f,0f,1f],start_interpolation:0}
execute if entity @s[tag=aj.gojo.bone.rightarm] run data modify entity @s {} merge value {transformation:[-0.9814024369217695f,0.06432985571068614f,-0.1808616224306709f,-0.3125f,0.053958937897655934f,-0.8117408546226637f,-0.5815197485532411f,5.9059329133327765f,-0.18422184947765874f,-0.5804639994010914f,0.7931732821863838f,0.08135877865899424f,0f,0f,0f,1f],start_interpolation:0}
execute if entity @s[tag=aj.gojo.bone.bottom] run data modify entity @s {} merge value {transformation:[-0.9438029586837654f,0.033865712185592464f,0.3287690507300427f,0.36302125687133724f,-0.24500791683324324f,0.5959454435360578f,-0.7647353457357949f,5.772259547250839f,-0.22182672487508198f,-0.8023105021541062f,-0.554157705228774f,0.2958005745022135f,0f,0f,0f,1f],start_interpolation:0}
execute if entity @s[tag=aj.gojo.bone.leftarm] run data modify entity @s {} merge value {transformation:[-0.9438029586837654f,0.033865712185592464f,0.3287690507300427f,0.3125f,-0.24500791683324324f,0.5959454435360578f,-0.7647353457357949f,5.9059329133327765f,-0.22182672487508198f,-0.8023105021541062f,-0.554157705228774f,0.08135877865899432f,0f,0f,0f,1f],start_interpolation:0}
execute if entity @s[tag=aj.gojo.bone.head] run data modify entity @s {} merge value {transformation:[-1f,-5.4537401669258217e-17f,1.0965067097735685e-16f,-1.195629214407304e-17f,0f,0.8953656764848438f,0.44533168018100633f,6.029869308170631f,-1.2246467991473532e-16f,0.44533168018100633f,-0.8953656764848438f,0.09763053439079314f,0f,0f,0f,1f],start_interpolation:0}
execute if entity @s[tag=aj.gojo.bone.bottom3] run data modify entity @s {} merge value {transformation:[-0.8740229270311367f,0.05449270285371241f,0.4828192916191536f,-0.23926510264488848f,0.06558352477948842f,0.9978284132336086f,0.006104016808387791f,5.056663458377466f,-0.48143818326076143f,0.037000041613434176f,-0.8756987339371809f,0.1745308316888376f,0f,0f,0f,1f],start_interpolation:0}
execute if entity @s[tag=aj.gojo.bone.rightleg] run data modify entity @s {} merge value {transformation:[-0.8740229270311367f,0.3681678699230204f,0.31707466404660933f,-0.11875f,0.06558352477948842f,0.7359916089469027f,-0.6738064654166267f,5.2862509391435015f,-0.48143818326076143f,-0.5681274250694957f,-0.6674192869422355f,-1.4542680739874818e-17f,0f,0f,0f,1f],start_interpolation:0}
execute if entity @s[tag=aj.gojo.bone.bottom4] run data modify entity @s {} merge value {transformation:[-0.9500176964005268f,-0.0007422913467411418f,0.31219517217502446f,0.09664650979569664f,-6.938893903907228e-18f,0.9999971733984486f,0.0023776448668562655f,4.986937026482519f,-0.31219605462887673f,0.0022588046992693678f,-0.9500150110790324f,0.08728075336728969f,0f,0f,0f,1f],start_interpolation:0}
execute if entity @s[tag=aj.gojo.bone.leftleg] run data modify entity @s {} merge value {transformation:[-0.9500176964005268f,0.08973152258178127f,0.2990227924105316f,0.11875f,-6.938893903907228e-18f,0.9578045205151459f,-0.2874204246061011f,5.2862509391435015f,-0.31219605462887673f,-0.2730544896827494f,-0.90993124418181f,1.4542680739874818e-17f,0f,0f,0f,1f],start_interpolation:0}
execute if entity @s[tag=aj.gojo.locator_origin.purple] at @s on origin run tp @s ^0 ^5.53625 ^0.5 ~0 ~0
execute if entity @s[tag=aj.gojo.bone.purple] run data modify entity @s {} merge value {transformation:[-1f,0f,1.2246467991473532e-16f,-6.123233995736766e-17f,0f,1f,0f,5.5362509391435015f,-1.2246467991473532e-16f,0f,-1f,0.5f,0f,0f,0f,1f],start_interpolation:0}
execute if entity @s[tag=aj.gojo.locator_origin.blue] at @s on origin run tp @s ^-1.0625 ^6.3175 ^-0.53125 ~0 ~0
execute if entity @s[tag=aj.gojo.bone.blue] run data modify entity @s {} merge value {transformation:[-1f,0f,1.2246467991473532e-16f,-1.0625f,0f,1f,0f,6.3175009391435015f,-1.2246467991473532e-16f,0f,-1f,-0.5312500000000001f,0f,0f,0f,1f],start_interpolation:0}
execute if entity @s[tag=aj.gojo.locator_origin.red] at @s on origin run tp @s ^1.0625 ^6.3175 ^-0.53125 ~0 ~0
execute if entity @s[tag=aj.gojo.bone.red] run data modify entity @s {} merge value {transformation:[-1f,0f,1.2246467991473532e-16f,1.0625f,0f,1f,0f,6.3175009391435015f,-1.2246467991473532e-16f,0f,-1f,-0.5312499999999999f,0f,0f,0f,1f],start_interpolation:0}
execute if entity @s[tag=aj.gojo.camera_origin.camera] at @s on origin run tp @s ^0 ^6.26985 ^4.92745 ~-180 ~0