execute if entity @s[tag=aj.gojo.locator_origin.head] at @s on origin run tp @s ^0 ^6.08524 ^0.1417 ~0 ~10.8904
execute if entity @s[tag=aj.gojo.bone.torso] run data modify entity @s {} merge value {transformation:[-1f,-2.3137363612017056e-17f,1.202591378303698e-16f,-1.735302270901279e-17f,0f,0.9819903821583408f,0.18893091157488176f,6.085242786618755f,-1.2246467991473532e-16f,0.18893091157488176f,-0.9819903821583408f,0.14169818368116133f,0f,0f,0f,1f],start_interpolation:0}
execute if entity @s[tag=aj.gojo.bone.bottom2] run data modify entity @s {} merge value {transformation:[-0.9395633411541733f,-0.3223983897318927f,0.11523890947717771f,-0.3940700659858535f,0.3410499942523811f,-0.8517329460636444f,0.39778875048220763f,6.204321075326846f,-0.030093676738767255f,0.41304995689144886f,0.910211021539684f,0.08241342222779562f,0f,0f,0f,1f],start_interpolation:0}
execute if entity @s[tag=aj.gojo.bone.rightarm] run data modify entity @s {} merge value {transformation:[-0.9876208885635352f,0.07937504180252998f,0.13529443156249857f,-0.3125f,-0.05290209045309384f,-0.9805338685248051f,0.18908913639200262f,5.962493988848963f,0.14766973047536067f,0.17959102264486193f,0.9725948361402642f,0.11808181973430106f,0f,0f,0f,1f],start_interpolation:0}
execute if entity @s[tag=aj.gojo.bone.bottom] run data modify entity @s {} merge value {transformation:[-0.9433193831952986f,0.17570199496053315f,0.2815623381330147f,0.32753196270957285f,-0.20097121027711745f,0.37273770971908193f,-0.9059123425547991f,5.881870262061512f,-0.2641195069050977f,-0.9111505960708481f,-0.3162996638505103f,0.3623769379335818f,0f,0f,0f,1f],start_interpolation:0}
execute if entity @s[tag=aj.gojo.bone.leftarm] run data modify entity @s {} merge value {transformation:[-0.9433193831952986f,0.17570199496053315f,0.2815623381330147f,0.3125f,-0.20097121027711745f,0.37273770971908193f,-0.9059123425547991f,5.962493988848963f,-0.2641195069050977f,-0.9111505960708481f,-0.3162996638505103f,0.11808181973430114f,0f,0f,0f,1f],start_interpolation:0}
execute if entity @s[tag=aj.gojo.bone.head] run data modify entity @s {} merge value {transformation:[-1f,-6.911455430310968e-17f,1.0109785462659964e-16f,-1.735302270901279e-17f,0f,0.8255266310007744f,0.5643631645567516f,6.085242786618755f,-1.2246467991473532e-16f,0.5643631645567516f,-0.8255266310007744f,0.14169818368116133f,0f,0f,0f,1f],start_interpolation:0}
execute if entity @s[tag=aj.gojo.bone.bottom3] run data modify entity @s {} merge value {transformation:[-0.8779745629510005f,0.06091862371179413f,0.47481531998879356f,-0.23922144031007608f,0.0642579686635206f,0.9978908160065587f,-0.009210471920721386f,5.122748938544548f,-0.47437493638917894f,0.02242410789363164f,-0.8800372600696731f,0.17917997876611408f,0f,0f,0f,1f],start_interpolation:0}
execute if entity @s[tag=aj.gojo.bone.rightleg] run data modify entity @s {} merge value {transformation:[-0.8779745629510005f,0.3679491177332234f,0.3062255926116268f,-0.11875f,0.0642579686635206f,0.7244885560307146f,-0.6862851052177719f,5.34875f,-0.47437493638917894f,-0.5828634307793488f,-0.6597261862211398f,-1.4542680739874818e-17f,0f,0f,0f,1f],start_interpolation:0}
execute if entity @s[tag=aj.gojo.bone.bottom4] run data modify entity @s {} merge value {transformation:[-0.9537169507482269f,-0.002204268897090758f,0.3006977204006267f,0.0951424045320862f,0f,0.9999731328638828f,0.007330317209460591f,5.05212311306151f,-0.30070579950427323f,0.006991047777024029f,-0.9536913271050939f,0.09565816160372276f,0f,0f,0f,1f],start_interpolation:0}
execute if entity @s[tag=aj.gojo.bone.leftleg] run data modify entity @s {} merge value {transformation:[-0.9537169507482269f,0.09461864451228874f,0.2854317606121668f,0.11875f,0f,0.9492060382031662f,-0.31465520341899533f,5.34875f,-0.30070579950427323f,-0.3000920011418273f,-0.9052738883869287f,1.4542680739874818e-17f,0f,0f,0f,1f],start_interpolation:0}
execute if entity @s[tag=aj.gojo.locator_origin.purple] at @s on origin run tp @s ^0 ^5.59875 ^0.5 ~0 ~0
execute if entity @s[tag=aj.gojo.bone.purple] run data modify entity @s {} merge value {transformation:[-1f,0f,1.2246467991473532e-16f,-6.123233995736766e-17f,0f,1f,0f,5.59875f,-1.2246467991473532e-16f,0f,-1f,0.5f,0f,0f,0f,1f],start_interpolation:0}
execute if entity @s[tag=aj.gojo.locator_origin.blue] at @s on origin run tp @s ^-1.0625 ^6.38 ^-0.53125 ~0 ~0
execute if entity @s[tag=aj.gojo.bone.blue] run data modify entity @s {} merge value {transformation:[-1f,0f,1.2246467991473532e-16f,-1.0625f,0f,1f,0f,6.38f,-1.2246467991473532e-16f,0f,-1f,-0.5312500000000001f,0f,0f,0f,1f],start_interpolation:0}
execute if entity @s[tag=aj.gojo.locator_origin.red] at @s on origin run tp @s ^1.0625 ^6.38 ^-0.53125 ~0 ~0
execute if entity @s[tag=aj.gojo.bone.red] run data modify entity @s {} merge value {transformation:[-1f,0f,1.2246467991473532e-16f,1.0625f,0f,1f,0f,6.38f,-1.2246467991473532e-16f,0f,-1f,-0.5312499999999999f,0f,0f,0f,1f],start_interpolation:0}
execute if entity @s[tag=aj.gojo.camera_origin.camera] at @s on origin run tp @s ^0 ^5.92688 ^1.92188 ~-180 ~0