execute if entity @s[tag=aj.gojo.locator_origin.head] at @s on origin run tp @s ^0 ^2.22822 ^0.29513 ~0 ~38.75
execute if entity @s[tag=aj.gojo.bone.torso] run data modify entity @s {} merge value {transformation:[-1f,-7.665351767214052e-17f,9.55083035924386e-17f,-3.6142535358812175e-17f,0f,0.7798844830928819f,0.625923472184059f,2.2282239091946616f,-1.2246467991473532e-16f,0.625923472184059f,-0.7798844830928819f,0.29512619788804423f,0f,0f,0f,1f],start_interpolation:0}
execute if entity @s[tag=aj.gojo.bone.bottom2] run data modify entity @s {} merge value {transformation:[-0.9782091639199286f,-0.07996383002615681f,-0.1916053692113614f,-0.39354664262881744f,-0.0715238955861958f,0.9961556892519886f,-0.05057840577826314f,1.887932787372366f,0.1949132216737725f,-0.035771897607529884f,-0.9801679485467311f,0.24660362136685485f,0f,0f,0f,1f],start_interpolation:0}
execute if entity @s[tag=aj.gojo.bone.rightarm] run data modify entity @s {} merge value {transformation:[-0.9778899027147671f,0.07971409483657767f,-0.19333132506887893f,-0.31250000000000006f,0.0919901953134098f,0.9942197945710941f,-0.055360672405708355f,2.1307383488080514f,0.1878008044037729f,-0.07192122890632885f,-0.9795704133434713f,0.21688576386503683f,0f,0f,0f,1f],start_interpolation:0}
execute if entity @s[tag=aj.gojo.bone.bottom] run data modify entity @s {} merge value {transformation:[-0.9798258635089894f,0.08526896034152384f,0.1807497762132476f,0.3951137045224978f,0.07459334618358152f,0.9950886951873638f,-0.06507166369047618f,1.888656601974872f,-0.18541065207802873f,-0.05027616843580776f,-0.9813741371074616f,0.24815321779505675f,0f,0f,0f,1f],start_interpolation:0}
execute if entity @s[tag=aj.gojo.bone.leftarm] run data modify entity @s {} merge value {transformation:[-0.9798054278968261f,-0.08550346111578476f,0.1807497762132476f,0.31249999999999994f,-0.09865826477677692f,0.9929915535269115f,-0.06507166369047618f,2.1307383488080514f,-0.17391914861553626f,-0.08159002856619518f,-0.9813741371074616f,0.21688576386503694f,0f,0f,0f,1f],start_interpolation:0}
execute if entity @s[tag=aj.gojo.bone.head] run data modify entity @s {} merge value {transformation:[-1f,-1.0853095848790954e-16f,5.673296111004816e-17f,-3.6142535358812175e-17f,0f,0.46325978355186037f,0.8862225301488806f,2.2282239091946616f,-1.2246467991473532e-16f,0.8862225301488806f,-0.46325978355186037f,0.29512619788804423f,0f,0f,0f,1f],start_interpolation:0}
execute if entity @s[tag=aj.gojo.bone.bottom3] run data modify entity @s {} merge value {transformation:[-0.9713553719707781f,0.05409958866587197f,0.23139139104490208f,-0.1722776526036933f,0.014416001255069533f,0.9853623843766091f,-0.16986215106214092f,1.3917141994810818f,-0.2371938453065871f,-0.16166077434500675f,-0.9579169451402598f,0.003248739217169616f,0f,0f,0f,1f],start_interpolation:0}
execute if entity @s[tag=aj.gojo.bone.rightleg] run data modify entity @s {} merge value {transformation:[-0.9713553719707781f,0.1518613808924031f,0.18277544237934104f,-0.11874999999999997f,0.014416001255069533f,0.8053966316856398f,-0.5925609205619619f,1.643310546875f,-0.2371938453065871f,-0.5729523424010746f,-0.7845155786125579f,-0.17431640625000003f,0f,0f,0f,1f],start_interpolation:0}
execute if entity @s[tag=aj.gojo.bone.bottom4] run data modify entity @s {} merge value {transformation:[-0.9970338925138033f,-0.013312935637232091f,-0.07580358120493182f,0.1375285837054953f,3.469446951953614e-18f,0.9849259121150988f,-0.17297672572990958f,1.3767047691506085f,0.07696373937623989f,-0.17246365816878428f,-0.9820045159938253f,-0.012254576758944202f,0f,0f,0f,1f],start_interpolation:0}
execute if entity @s[tag=aj.gojo.bone.leftleg] run data modify entity @s {} merge value {transformation:[-0.9970338925138033f,-0.04015079000730885f,-0.06566072829753539f,0.11875000000000002f,3.469446951953614e-18f,0.8531384887180529f,-0.5216845014641288f,1.643310546875f,0.07696373937623989f,-0.5201371291589033f,-0.8506079882599038f,-0.17431640624999997f,0f,0f,0f,1f],start_interpolation:0}
execute if entity @s[tag=aj.gojo.locator_origin.purple] at @s on origin run tp @s ^0 ^1.89331 ^0.32568 ~0 ~0
execute if entity @s[tag=aj.gojo.bone.purple] run data modify entity @s {} merge value {transformation:[-1f,0f,1.2246467991473532e-16f,-3.988473706207444e-17f,0f,1f,0f,1.893310546875f,-1.2246467991473532e-16f,0f,-1f,0.32568359375f,0f,0f,0f,1f],start_interpolation:0}
execute if entity @s[tag=aj.gojo.locator_origin.blue] at @s on origin run tp @s ^-1.0625 ^2.67456 ^-0.70557 ~0 ~0
execute if entity @s[tag=aj.gojo.bone.blue] run data modify entity @s {} merge value {transformation:[-1f,0f,1.2246467991473532e-16f,-1.0625f,0f,1f,0f,2.674560546875f,-1.2246467991473532e-16f,0f,-1f,-0.7055664062500001f,0f,0f,0f,1f],start_interpolation:0}
execute if entity @s[tag=aj.gojo.locator_origin.red] at @s on origin run tp @s ^1.0625 ^2.67456 ^-0.70557 ~0 ~0
execute if entity @s[tag=aj.gojo.bone.red] run data modify entity @s {} merge value {transformation:[-1f,0f,1.2246467991473532e-16f,1.0625f,0f,1f,0f,2.674560546875f,-1.2246467991473532e-16f,0f,-1f,-0.7055664062499999f,0f,0f,0f,1f],start_interpolation:0}
execute if entity @s[tag=aj.gojo.camera_origin.camera] at @s on origin run tp @s ^0 ^1.755 ^2 ~-180 ~15