execute if entity @s[tag=aj.gojo.locator_origin.head] at @s on origin run tp @s ^0 ^6.41794 ^0.05865 ~0 ~3.30755
execute if entity @s[tag=aj.gojo.bone.torso] run data modify entity @s {} merge value {transformation:[-1f,-7.065677641933261e-18f,1.222606806216899e-16f,-7.182870251622876e-18f,0f,0.9983342193586964f,0.05769563638146656f,6.417940117644022f,-1.2246467991473532e-16f,0.05769563638146656f,-0.9983342193586964f,0.05865258666109992f,0f,0f,0f,1f],start_interpolation:0}
execute if entity @s[tag=aj.gojo.bone.bottom2] run data modify entity @s {} merge value {transformation:[-0.9544188204360794f,0.2978564777033257f,-0.019137238243050112f,-0.4525954776535032f,0.2903283236864073f,0.9115977203466153f,-0.2910310305178726f,6.085588248886122f,-0.06924001489632806f,-0.28332157515625667f,-0.9565221928361799f,0.11225441036120992f,0f,0f,0f,1f],start_interpolation:0}
execute if entity @s[tag=aj.gojo.bone.rightarm] run data modify entity @s {} merge value {transformation:[-0.9460846561459737f,0.3238607465775194f,-0.006167676337684384f,-0.3125f,0.3127807980917285f,0.9084355648751836f,-0.2773319253439957f,6.293148340224185f,-0.0842139878538957f,-0.2643086099546474f,-0.9607543718108111f,0.05144063211341656f,0f,0f,0f,1f],start_interpolation:0}
execute if entity @s[tag=aj.gojo.bone.bottom] run data modify entity @s {} merge value {transformation:[-0.9389389388556683f,-0.33684692518561604f,0.07019841945220497f,0.4553954149748833f,-0.34214910368903667f,0.9356268564075054f,-0.08681230565880732f,6.080625945102874f,-0.03643706828739891f,-0.10552978045085346f,-0.9937483612527943f,0.08010039399409244f,0f,0f,0f,1f],start_interpolation:0}
execute if entity @s[tag=aj.gojo.bone.leftarm] run data modify entity @s {} merge value {transformation:[-0.9389389388556683f,-0.33684692518561604f,0.07019841945220497f,0.3125f,-0.34214910368903667f,0.9356268564075054f,-0.08681230565880732f,6.293148340224185f,-0.03643706828739891f,-0.10552978045085346f,-0.9937483612527943f,0.051440632113416644f,0f,0f,0f,1f],start_interpolation:0}
execute if entity @s[tag=aj.gojo.bone.head] run data modify entity @s {} merge value {transformation:[-1f,-2.8606337483990454e-17f,1.190767621426222e-16f,-7.182870251622876e-18f,0f,0.9723355519773381f,0.23358847223466636f,6.417940117644022f,-1.2246467991473532e-16f,0.23358847223466636f,-0.9723355519773381f,0.05865258666109992f,0f,0f,0f,1f],start_interpolation:0}
execute if entity @s[tag=aj.gojo.bone.bottom3] run data modify entity @s {} merge value {transformation:[-0.8701712456846195f,0.05436470091191012f,0.48974124032843724f,-0.2418046977338755f,0.06683953653270303f,0.9977316240473209f,0.008005169079346341f,5.441600275924882f,-0.4881951244530931f,0.03969994547419459f,-0.8718310815688869f,0.19075480352577145f,0f,0f,0f,1f],start_interpolation:0}
execute if entity @s[tag=aj.gojo.bone.rightleg] run data modify entity @s {} merge value {transformation:[-0.8701712456846195f,0.3763716078347092f,0.3180352433294043f,-0.11875f,0.06683953653270303f,0.7296221577710311f,-0.6805762141344921f,5.669189453125f,-0.4881951244530931f,-0.5709605237715306f,-0.6600527257384583f,0.015380859374999986f,0f,0f,0f,1f],start_interpolation:0}
execute if entity @s[tag=aj.gojo.bone.bottom4] run data modify entity @s {} merge value {transformation:[-0.9463331128804711f,-0.0033727236857941517f,0.32317528401920975f,0.0958106506056528f,0f,0.9999455472550572f,0.010435637248580765f,5.369713687024703f,-0.32319288275882196f,0.009875589082340874f,-0.9462815824448445f,0.10188729999073845f,0f,0f,0f,1f],start_interpolation:0}
execute if entity @s[tag=aj.gojo.bone.leftleg] run data modify entity @s {} merge value {transformation:[-0.9463331128804711f,0.09233258031952048f,0.3097229957195573f,0.11875f,0f,0.9583224515209503f,-0.28568877981271124f,5.669189453125f,-0.32319288275882196f,-0.2703567523151865f,-0.9068922686910653f,0.015380859375000014f,0f,0f,0f,1f],start_interpolation:0}
execute if entity @s[tag=aj.gojo.locator_origin.purple] at @s on origin run tp @s ^0 ^5.91919 ^0.51538 ~0 ~0
execute if entity @s[tag=aj.gojo.bone.purple] run data modify entity @s {} merge value {transformation:[-1f,0f,1.2246467991473532e-16f,-6.31159519775406e-17f,0f,1f,0f,5.919189453125f,-1.2246467991473532e-16f,0f,-1f,0.515380859375f,0f,0f,0f,1f],start_interpolation:0}
execute if entity @s[tag=aj.gojo.locator_origin.blue] at @s on origin run tp @s ^-1.0625 ^6.70044 ^-0.51587 ~0 ~0
execute if entity @s[tag=aj.gojo.bone.blue] run data modify entity @s {} merge value {transformation:[-1f,0f,1.2246467991473532e-16f,-1.0625f,0f,1f,0f,6.700439453125f,-1.2246467991473532e-16f,0f,-1f,-0.5158691406250001f,0f,0f,0f,1f],start_interpolation:0}
execute if entity @s[tag=aj.gojo.locator_origin.red] at @s on origin run tp @s ^1.0625 ^6.70044 ^-0.51587 ~0 ~0
execute if entity @s[tag=aj.gojo.bone.red] run data modify entity @s {} merge value {transformation:[-1f,0f,1.2246467991473532e-16f,1.0625f,0f,1f,0f,6.700439453125f,-1.2246467991473532e-16f,0f,-1f,-0.5158691406249999f,0f,0f,0f,1f],start_interpolation:0}
execute if entity @s[tag=aj.gojo.camera_origin.camera] at @s on origin run tp @s ^0 ^7.56164 ^5.38672 ~-180 ~0