execute if entity @s[tag=aj.gojo.locator_origin.head] at @s on origin run tp @s ^0 ^6.09907 ^0.13612 ~0 ~10.4569
execute if entity @s[tag=aj.gojo.bone.torso] run data modify entity @s {} merge value {transformation:[-1f,-2.2226834184218994e-17f,1.2043075051151102e-16f,-1.6670125638164246e-17f,0f,0.983391706044221f,0.18149587456313265f,6.099073779533166f,-1.2246467991473532e-16f,0.18149587456313265f,-0.983391706044221f,0.1361219059223495f,0f,0f,0f,1f],start_interpolation:0}
execute if entity @s[tag=aj.gojo.bone.bottom2] run data modify entity @s {} merge value {transformation:[-0.9380781391403034f,-0.3270587539858677f,0.11420147244356033f,-0.3926888545814396f,0.34479095684820205f,-0.849496797975344f,0.3993424424041844f,6.218290638006494f,-0.033594656461511746f,0.4139900502075497f,0.9096612761827251f,0.07677677034754879f,0f,0f,0f,1f],start_interpolation:0}
execute if entity @s[tag=aj.gojo.bone.rightarm] run data modify entity @s {} merge value {transformation:[-0.9883507275800174f,0.07366773643075403f,0.13317621372159155f,-0.3125f,-0.04729394399001924f,-0.980386772912929f,0.19132448447400213f,5.976149816277639f,0.1446586400942543f,0.1827972650411999f,0.9724500181189463f,0.11343492160195787f,0f,0f,0f,1f],start_interpolation:0}
execute if entity @s[tag=aj.gojo.bone.bottom] run data modify entity @s {} merge value {transformation:[-0.9419889271754668f,0.17938334820852672f,0.2836872846362905f,0.32652847089633497f,-0.201043654262752f,0.3752579127776068f,-0.9048552082949366f,5.894900566474659f,-0.2687718552220308f,-0.9093971152820381f,-0.3174249148337527f,0.35758244137384443f,0f,0f,0f,1f],start_interpolation:0}
execute if entity @s[tag=aj.gojo.bone.leftarm] run data modify entity @s {} merge value {transformation:[-0.9419889271754668f,0.17938334820852672f,0.2836872846362905f,0.3125f,-0.201043654262752f,0.3752579127776068f,-0.9048552082949366f,5.976149816277639f,-0.2687718552220308f,-0.9093971152820381f,-0.3174249148337527f,0.11343492160195795f,0f,0f,0f,1f],start_interpolation:0}
execute if entity @s[tag=aj.gojo.bone.head] run data modify entity @s {} merge value {transformation:[-1f,-6.750981388946062e-17f,1.0217643003760197e-16f,-1.6670125638164246e-17f,0f,0.8343338675995493f,0.5512594646592273f,6.099073779533166f,-1.2246467991473532e-16f,0.5512594646592273f,-0.8343338675995493f,0.1361219059223495f,0f,0f,0f,1f],start_interpolation:0}
execute if entity @s[tag=aj.gojo.bone.bottom3] run data modify entity @s {} merge value {transformation:[-0.8779745629510005f,0.05922369505793265f,0.4750297051287263f,-0.23853547147863174f,0.06425796866352063f,0.9979173318188795f,-0.00564909893048976f,5.134003938703328f,-0.474374936389179f,0.02556467874183943f,-0.8799516276060799f,0.17770381187094778f,0f,0f,0f,1f],start_interpolation:0}
execute if entity @s[tag=aj.gojo.bone.rightleg] run data modify entity @s {} merge value {transformation:[-0.8779745629510005f,0.3657540174726016f,0.30884407961567184f,-0.11875f,0.06425796866352063f,0.729368555522619f,-0.681096486320467f,5.36153f,-0.474374936389179f,-0.5781396967148166f,-0.6638696489584853f,-1.4542680739874818e-17f,0f,0f,0f,1f],start_interpolation:0}
execute if entity @s[tag=aj.gojo.bone.bottom4] run data modify entity @s {} merge value {transformation:[-0.9537169507482269f,-0.0011311123023411834f,0.3007036721432973f,0.09577981665661651f,0f,0.9999929254408149f,0.003761524733496613f,5.064208826957751f,-0.3007057995042732f,0.0035874298989944098f,-0.953710203621213f,0.09363654862259908f,0f,0f,0f,1f],start_interpolation:0}
execute if entity @s[tag=aj.gojo.bone.leftleg] run data modify entity @s {} merge value {transformation:[-0.9537169507482269f,0.09257892571379168f,0.2860998433574971f,0.11875f,0f,0.9514277537351968f,-0.30787209912948843f,5.36153f,-0.3007057995042732f,-0.29362283960223157f,-0.9073927761495669f,1.4542680739874818e-17f,0f,0f,0f,1f],start_interpolation:0}
execute if entity @s[tag=aj.gojo.locator_origin.purple] at @s on origin run tp @s ^0 ^5.61153 ^0.5 ~0 ~0
execute if entity @s[tag=aj.gojo.bone.purple] run data modify entity @s {} merge value {transformation:[-1f,0f,1.2246467991473532e-16f,-6.123233995736766e-17f,0f,1f,0f,5.61153f,-1.2246467991473532e-16f,0f,-1f,0.5f,0f,0f,0f,1f],start_interpolation:0}
execute if entity @s[tag=aj.gojo.locator_origin.blue] at @s on origin run tp @s ^-1.0625 ^6.39278 ^-0.53125 ~0 ~0
execute if entity @s[tag=aj.gojo.bone.blue] run data modify entity @s {} merge value {transformation:[-1f,0f,1.2246467991473532e-16f,-1.0625f,0f,1f,0f,6.39278f,-1.2246467991473532e-16f,0f,-1f,-0.5312500000000001f,0f,0f,0f,1f],start_interpolation:0}
execute if entity @s[tag=aj.gojo.locator_origin.red] at @s on origin run tp @s ^1.0625 ^6.39278 ^-0.53125 ~0 ~0
execute if entity @s[tag=aj.gojo.bone.red] run data modify entity @s {} merge value {transformation:[-1f,0f,1.2246467991473532e-16f,1.0625f,0f,1f,0f,6.39278f,-1.2246467991473532e-16f,0f,-1f,-0.5312499999999999f,0f,0f,0f,1f],start_interpolation:0}
execute if entity @s[tag=aj.gojo.camera_origin.camera] at @s on origin run tp @s ^0 ^5.92688 ^1.92188 ~-180 ~0