execute if entity @s[tag=aj.gojo.locator_origin.head] at @s on origin run tp @s ^0 ^5.96922 ^0.06886 ~0 ~5.26765
execute if entity @s[tag=aj.gojo.bone.torso] run data modify entity @s {} merge value {transformation:[-1f,-1.1243283396863478e-17f,1.219474739593912e-16f,-8.432462547647608e-18f,0f,0.9957766928741885f,0.09180837613499247f,5.969221700722509f,-1.2246467991473532e-16f,0.09180837613499247f,-0.9957766928741885f,0.06885628210124435f,0f,0f,0f,1f],start_interpolation:0}
execute if entity @s[tag=aj.gojo.bone.bottom2] run data modify entity @s {} merge value {transformation:[-0.9617083061230662f,0.07375657434696606f,-0.2639642052902318f,-0.4524156322070966f,0.2210587595810429f,-0.36059695836053274f,-0.9061472608983727f,5.923127203320601f,-0.16201900736146327f,-0.9298009471718843f,0.33048455318195047f,0.25908997548906626f,0f,0f,0f,1f],start_interpolation:0}
execute if entity @s[tag=aj.gojo.bone.rightarm] run data modify entity @s {} merge value {transformation:[-0.9224083715967195f,0.3290604359292065f,-0.20219304022238013f,-0.3125f,0.10632776526658574f,-0.28692841551281834f,-0.9520328201825387f,5.844749614113235f,-0.37129126348690494f,-0.8996617774905104f,0.22967691172800464f,0.057380235084370255f,0f,0f,0f,1f],start_interpolation:0}
execute if entity @s[tag=aj.gojo.bone.bottom] run data modify entity @s {} merge value {transformation:[-0.9447001561414125f,-0.11514803200447299f,0.30705462984929555f,0.4003307677599565f,-0.28385515183768983f,0.756005566326507f,-0.5898150866657615f,5.673489169521464f,-0.1642189628562825f,-0.6443574430460429f,-0.7468839386608688f,0.22873328102439874f,0f,0f,0f,1f],start_interpolation:0}
execute if entity @s[tag=aj.gojo.bone.leftarm] run data modify entity @s {} merge value {transformation:[-0.9447001561414125f,-0.11514803200447299f,0.30705462984929555f,0.3125f,-0.28385515183768983f,0.756005566326507f,-0.5898150866657615f,5.844749614113235f,-0.1642189628562825f,-0.6443574430460429f,-0.7468839386608688f,0.05738023508437034f,0f,0f,0f,1f],start_interpolation:0}
execute if entity @s[tag=aj.gojo.bone.head] run data modify entity @s {} merge value {transformation:[-1f,-4.428278136164825e-17f,1.1417807627340303e-16f,-8.432462547647608e-18f,0f,0.932334746254171f,0.3615963508211481f,5.969221700722509f,-1.2246467991473532e-16f,0.3615963508211481f,-0.932334746254171f,0.06885628210124435f,0f,0f,0f,1f],start_interpolation:0}
execute if entity @s[tag=aj.gojo.bone.bottom3] run data modify entity @s {} merge value {transformation:[-0.8695108543028737f,0.05277649422227737f,0.4910860575368563f,-0.2416020311435429f,0.06705141244040766f,0.9976832402639593f,0.011500442867685368f,4.993791321145694f,-0.48934137607526407f,0.04292777369038003f,-0.8710351450468312f,0.17420019914846743f,0f,0f,0f,1f],start_interpolation:0}
execute if entity @s[tag=aj.gojo.bone.rightleg] run data modify entity @s {} merge value {transformation:[-0.8695108543028737f,0.3757362825732798f,0.320582470212423f,-0.11875f,0.06705141244040766f,0.7328541799965618f,-0.6770737470551589f,5.222389181066867f,-0.48934137607526407f,-0.5672274647966011f,-0.662418312579889f,-1.4542680739874818e-17f,0f,0f,0f,1f],start_interpolation:0}
execute if entity @s[tag=aj.gojo.bone.bottom4] run data modify entity @s {} merge value {transformation:[-0.9456938045546674f,-0.0028035318977894658f,0.3250467170051355f,0.09629004763470528f,0f,0.9999628066574467f,0.008624691400968443f,4.9223245703594225f,-0.3250588070286953f,0.008156317224091825f,-0.945658631041044f,0.08457004458281119f,0f,0f,0f,1f],start_interpolation:0}
execute if entity @s[tag=aj.gojo.bone.leftleg] run data modify entity @s {} merge value {transformation:[-0.9456938045546674f,0.09078572366003648f,0.31212366204189335f,0.11875f,0f,0.9602067542638214f,-0.27929015211091385f,5.222389181066867f,-0.3250588070286953f,-0.26412296652442185f,-0.9080615785988418f,1.4542680739874818e-17f,0f,0f,0f,1f],start_interpolation:0}
execute if entity @s[tag=aj.gojo.locator_origin.purple] at @s on origin run tp @s ^0 ^5.47239 ^0.5 ~0 ~0
execute if entity @s[tag=aj.gojo.bone.purple] run data modify entity @s {} merge value {transformation:[-1f,0f,1.2246467991473532e-16f,-6.123233995736766e-17f,0f,1f,0f,5.472389181066867f,-1.2246467991473532e-16f,0f,-1f,0.5f,0f,0f,0f,1f],start_interpolation:0}
execute if entity @s[tag=aj.gojo.locator_origin.blue] at @s on origin run tp @s ^-1.0625 ^6.25364 ^-0.53125 ~0 ~0
execute if entity @s[tag=aj.gojo.bone.blue] run data modify entity @s {} merge value {transformation:[-1f,0f,1.2246467991473532e-16f,-1.0625f,0f,1f,0f,6.253639181066867f,-1.2246467991473532e-16f,0f,-1f,-0.5312500000000001f,0f,0f,0f,1f],start_interpolation:0}
execute if entity @s[tag=aj.gojo.locator_origin.red] at @s on origin run tp @s ^1.0625 ^6.25364 ^-0.53125 ~0 ~0
execute if entity @s[tag=aj.gojo.bone.red] run data modify entity @s {} merge value {transformation:[-1f,0f,1.2246467991473532e-16f,1.0625f,0f,1f,0f,6.253639181066867f,-1.2246467991473532e-16f,0f,-1f,-0.5312499999999999f,0f,0f,0f,1f],start_interpolation:0}
execute if entity @s[tag=aj.gojo.camera_origin.camera] at @s on origin run tp @s ^0 ^6.38426 ^5.25868 ~-180 ~0