execute if entity @s[tag=aj.gojo.locator_origin.head] at @s on origin run tp @s ^0 ^5.96364 ^0.18964 ~0 ~14.6467
execute if entity @s[tag=aj.gojo.bone.torso] run data modify entity @s {} merge value {transformation:[-1f,-3.096617862011566e-17f,1.1848499317755674e-16f,-2.3224633965086743e-17f,0f,0.9675033916721998f,0.25285803744945495f,5.96363754375415f,-1.2246467991473532e-16f,0.25285803744945495f,-0.9675033916721998f,0.18964352808709123f,0f,0f,0f,1f],start_interpolation:0}
execute if entity @s[tag=aj.gojo.bone.bottom2] run data modify entity @s {} merge value {transformation:[-0.9498693335771896f,-0.28760235741045387f,0.12260967800942682f,-0.4061281346736694f,0.3125994301110674f,-0.8667934325408166f,0.38852379798198433f,6.0812249773918055f,-0.005463096545166371f,0.4073745565398743f,0.9132448331417373f,0.13072920141155148f,0f,0f,0f,1f],start_interpolation:0}
execute if entity @s[tag=aj.gojo.bone.rightarm] run data modify entity @s {} merge value {transformation:[-0.9799574069742518f,0.12952318695111478f,0.1513513282344334f,-0.3125f,-0.10312286325194146f,-0.9798821461997069f,0.17087028598846218f,5.842699619795125f,0.1704381283370068f,0.15183782006168303f,0.9735995690261448f,0.1580362734059093f,0f,0f,0f,1f],start_interpolation:0}
execute if entity @s[tag=aj.gojo.bone.bottom] run data modify entity @s {} merge value {transformation:[-0.9531055186028918f,0.1426666242455116f,0.26690092681574296f,0.33640243885130283f,-0.20343993758351278f,0.35089374806182944f,-0.9140491066497126f,5.767691178878637f,-0.22405816701189218f,-0.9254835557142609f,-0.30541467858922505f,0.4034107977727178f,0f,0f,0f,1f],start_interpolation:0}
execute if entity @s[tag=aj.gojo.bone.leftarm] run data modify entity @s {} merge value {transformation:[-0.9531055186028918f,0.1426666242455116f,0.26690092681574296f,0.3125f,-0.20343993758351278f,0.35089374806182944f,-0.9140491066497126f,5.842699619795125f,-0.22405816701189218f,-0.9254835557142609f,-0.30541467858922505f,0.15803627340590937f,0f,0f,0f,1f],start_interpolation:0}
execute if entity @s[tag=aj.gojo.bone.head] run data modify entity @s {} merge value {transformation:[-1f,-8.225682184549222e-17f,9.072713533721612e-17f,-2.3224633965086743e-17f,0f,0.7408432815109129f,0.6716779229959416f,5.96363754375415f,-1.2246467991473532e-16f,0.6716779229959416f,-0.7408432815109129f,0.18964352808709123f,0f,0f,0f,1f],start_interpolation:0}
execute if entity @s[tag=aj.gojo.bone.bottom3] run data modify entity @s {} merge value {transformation:[-0.8779745629510005f,0.07557055565919679f,0.47270472594248497f,-0.24491647396273655f,0.06425796866352065f,0.9971289187016574f,-0.040060366350068655f,5.02569773766874f,-0.474374936389179f,-0.004796937171148152f,-0.880309837000325f,0.19157462413271836f,0f,0f,0f,1f],start_interpolation:0}
execute if entity @s[tag=aj.gojo.bone.rightleg] run data modify entity @s {} merge value {transformation:[-0.8779745629510005f,0.386173225421737f,0.2828973431801223f,-0.11875f,0.06425796866352065f,0.6806843988333027f,-0.7297531518590266f,5.23801f,-0.474374936389179f,-0.6225262959524824f,-0.6224382945910741f,-1.4542680739874818e-17f,0f,0f,0f,1f],start_interpolation:0}
execute if entity @s[tag=aj.gojo.bone.bottom4] run data modify entity @s {} merge value {transformation:[-0.9537169507482269f,-0.011500642093175653f,0.30048579515003515f,0.08968569548826805f,6.938893903907228e-18f,0.9992683734247865f,0.038245494806335434f,4.948027982108313f,-0.30070579950427323f,0.03647537668655543f,-0.9530191860818278f,0.11296463164510469f,0f,0f,0f,1f],start_interpolation:0}
execute if entity @s[tag=aj.gojo.bone.leftleg] run data modify entity @s {} merge value {transformation:[-0.9537169507482269f,0.11208011345250678f,0.27903767850234384f,0.11875f,6.938893903907228e-18f,0.9279424572534009f,-0.3727234846726461f,5.23801f,-0.30070579950427323f,-0.3554727052742495f,-0.8849944508015304f,1.4542680739874818e-17f,0f,0f,0f,1f],start_interpolation:0}
execute if entity @s[tag=aj.gojo.locator_origin.purple] at @s on origin run tp @s ^0 ^5.48801 ^0.5 ~0 ~0
execute if entity @s[tag=aj.gojo.bone.purple] run data modify entity @s {} merge value {transformation:[-1f,0f,1.2246467991473532e-16f,-6.123233995736766e-17f,0f,1f,0f,5.48801f,-1.2246467991473532e-16f,0f,-1f,0.5f,0f,0f,0f,1f],start_interpolation:0}
execute if entity @s[tag=aj.gojo.locator_origin.blue] at @s on origin run tp @s ^-1.0625 ^6.26926 ^-0.53125 ~0 ~0
execute if entity @s[tag=aj.gojo.bone.blue] run data modify entity @s {} merge value {transformation:[-1f,0f,1.2246467991473532e-16f,-1.0625f,0f,1f,0f,6.26926f,-1.2246467991473532e-16f,0f,-1f,-0.5312500000000001f,0f,0f,0f,1f],start_interpolation:0}
execute if entity @s[tag=aj.gojo.locator_origin.red] at @s on origin run tp @s ^1.0625 ^6.26926 ^-0.53125 ~0 ~0
execute if entity @s[tag=aj.gojo.bone.red] run data modify entity @s {} merge value {transformation:[-1f,0f,1.2246467991473532e-16f,1.0625f,0f,1f,0f,6.26926f,-1.2246467991473532e-16f,0f,-1f,-0.5312499999999999f,0f,0f,0f,1f],start_interpolation:0}
execute if entity @s[tag=aj.gojo.camera_origin.camera] at @s on origin run tp @s ^0 ^5.98868 ^2.58724 ~-180 ~0