execute if entity @s[tag=aj.gojo.locator_origin.head] at @s on origin run tp @s ^0 ^6.07737 ^0.14486 ~0 ~11.13666
execute if entity @s[tag=aj.gojo.bone.torso] run data modify entity @s {} merge value {transformation:[-1f,-2.365402615716739e-17f,1.2015858218693584e-16f,-1.7740519617875542e-17f,0f,0.9811692830177234f,0.19314978141972236f,6.077366962263293f,-1.2246467991473532e-16f,0.19314978141972236f,-0.9811692830177234f,0.14486233606479176f,0f,0f,0f,1f],start_interpolation:0}
execute if entity @s[tag=aj.gojo.bone.bottom2] run data modify entity @s {} merge value {transformation:[-0.9403667728119596f,-0.3198383935790022f,0.11581767820166158f,-0.39485581423353333f,0.33899295795351225f,-0.8529369722570543f,0.396966366100325f,6.196363481585524f,-0.02817990505925494f,0.41255535792154274f,0.9104965511198158f,0.08561042047452741f,0f,0f,0f,1f],start_interpolation:0}
execute if entity @s[tag=aj.gojo.bone.rightarm] run data modify entity @s {} merge value {transformation:[-0.9871919776121724f,0.08262526253109014f,0.1364736799893536f,-0.3125f,-0.05610661226622466f,-0.9805973718643435f,0.1878319524275627f,5.9547208018860776f,0.14934539630727017f,0.17776912072801362f,0.972673682340287f,0.12071861338732644f,0f,0f,0f,1f],start_interpolation:0}
execute if entity @s[tag=aj.gojo.bone.bottom] run data modify entity @s {} merge value {transformation:[-0.944056703374732f,0.1735967343864563f,0.28039456953299124f,0.3281043603643067f,-0.20096313203435393f,0.37130636690156155f,-0.9065017382560863f,5.874454405912834f,-0.261478030389125f,-0.9121380135202792f,-0.31564772122589885f,0.3650954936667166f,0f,0f,0f,1f],start_interpolation:0}
execute if entity @s[tag=aj.gojo.bone.leftarm] run data modify entity @s {} merge value {transformation:[-0.944056703374732f,0.1735967343864563f,0.28039456953299124f,0.3125f,-0.20096313203435393f,0.37130636690156155f,-0.9065017382560863f,5.9547208018860776f,-0.261478030389125f,-0.9121380135202792f,-0.31564772122589885f,0.12071861338732652f,0f,0f,0f,1f],start_interpolation:0}
execute if entity @s[tag=aj.gojo.bone.head] run data modify entity @s {} merge value {transformation:[-1f,-7.001851944363086e-17f,1.0047390089739952e-16f,-1.7740519617875542e-17f,0f,0.8204316621523314f,0.5717446000951498f,6.077366962263293f,-1.2246467991473532e-16f,0.5717446000951498f,-0.8204316621523314f,0.14486233606479176f,0f,0f,0f,1f],start_interpolation:0}
execute if entity @s[tag=aj.gojo.bone.bottom3] run data modify entity @s {} merge value {transformation:[-0.8779745629510005f,0.061881126309638324f,0.4746908394077667f,-0.23960851523772908f,0.0642579686635206f,0.9978700921555597f,-0.01123354995952297f,5.116360395359814f,-0.47437493638917894f,0.020639897967424103f,-0.8800809135174202f,0.18001442416952296f,0f,0f,0f,1f],start_interpolation:0}
execute if entity @s[tag=aj.gojo.bone.rightleg] run data modify entity @s {} merge value {transformation:[-0.8779745629510005f,0.369187757501713f,0.30473113809037616f,-0.11875f,0.0642579686635206f,0.7216998942218671f,-0.6892170747619243f,5.34149f,-0.47437493638917894f,-0.5855336560702572f,-0.6573574045637276f,-1.4542680739874818e-17f,0f,0f,0f,1f],start_interpolation:0}
execute if entity @s[tag=aj.gojo.bone.bottom4] run data modify entity @s {} merge value {transformation:[-0.9537169507482269f,-0.0028138908276827135f,0.3006926335544555f,0.09478097542575432f,-6.938893903907228e-18f,0.9999562165084962f,0.009357620745331585f,5.045264252837097f,-0.30070579950427323f,0.008924521523495987f,-0.9536751936902168f,0.09680446827878766f,0f,0f,0f,1f],start_interpolation:0}
execute if entity @s[tag=aj.gojo.bone.leftleg] run data modify entity @s {} merge value {transformation:[-0.9537169507482269f,0.09577521765255069f,0.2850457604299891f,0.11875f,-6.938893903907228e-18f,0.947922390921291f,-0.3185013984114718f,5.34149f,-0.30070579950427323f,-0.303760182502035f,-0.9040496522154224f,1.4542680739874818e-17f,0f,0f,0f,1f],start_interpolation:0}
execute if entity @s[tag=aj.gojo.locator_origin.purple] at @s on origin run tp @s ^0 ^5.59149 ^0.5 ~0 ~0
execute if entity @s[tag=aj.gojo.bone.purple] run data modify entity @s {} merge value {transformation:[-1f,0f,1.2246467991473532e-16f,-6.123233995736766e-17f,0f,1f,0f,5.59149f,-1.2246467991473532e-16f,0f,-1f,0.5f,0f,0f,0f,1f],start_interpolation:0}
execute if entity @s[tag=aj.gojo.locator_origin.blue] at @s on origin run tp @s ^-1.0625 ^6.37274 ^-0.53125 ~0 ~0
execute if entity @s[tag=aj.gojo.bone.blue] run data modify entity @s {} merge value {transformation:[-1f,0f,1.2246467991473532e-16f,-1.0625f,0f,1f,0f,6.37274f,-1.2246467991473532e-16f,0f,-1f,-0.5312500000000001f,0f,0f,0f,1f],start_interpolation:0}
execute if entity @s[tag=aj.gojo.locator_origin.red] at @s on origin run tp @s ^1.0625 ^6.37274 ^-0.53125 ~0 ~0
execute if entity @s[tag=aj.gojo.bone.red] run data modify entity @s {} merge value {transformation:[-1f,0f,1.2246467991473532e-16f,1.0625f,0f,1f,0f,6.37274f,-1.2246467991473532e-16f,0f,-1f,-0.5312499999999999f,0f,0f,0f,1f],start_interpolation:0}
execute if entity @s[tag=aj.gojo.camera_origin.camera] at @s on origin run tp @s ^0 ^5.93047 ^1.95289 ~-180 ~0