execute if entity @s[tag=aj.gojo.locator_origin.head] at @s on origin run tp @s ^0 ^5.94549 ^0.197 ~0 ~15.2285
execute if entity @s[tag=aj.gojo.bone.torso] run data modify entity @s {} merge value {transformation:[-1f,-3.2167697426707533e-17f,1.1816444925984452e-16f,-2.412577307003065e-17f,0f,0.9648859519505152f,0.26266918305836373f,5.945488827388812f,-1.2246467991473532e-16f,0.26266918305836373f,-0.9648859519505152f,0.1970018872937728f,0f,0f,0f,1f],start_interpolation:0}
execute if entity @s[tag=aj.gojo.bone.bottom2] run data modify entity @s {} merge value {transformation:[-0.9499607094249863f,-0.28646143833072674f,0.12455719528902233f,-0.4084018567646469f,0.3123165566599618f,-0.8636881552845664f,0.3956022482964514f,6.062505176613267f,-0.005746214827275553f,0.41470786678170657f,0.9099364627513972f,0.13692033237756057f,0f,0f,0f,1f],start_interpolation:0}
execute if entity @s[tag=aj.gojo.bone.rightarm] run data modify entity @s {} merge value {transformation:[-0.9782284811060191f,0.13905030678208277f,0.15405859579010678f,-0.3125f,-0.11172341182843928f,-0.978439225830188f,0.1737082629187081f,5.824878083394998f,0.17489116044678701f,0.1527144182473637f,0.9726722924278994f,0.16416823941147732f,0f,0f,0f,1f],start_interpolation:0}
execute if entity @s[tag=aj.gojo.bone.bottom] run data modify entity @s {} merge value {transformation:[-0.9542692647354323f,0.13941030577749303f,0.26445214505525083f,0.33728925260159126f,-0.20372970062380927f,0.3441134647174829f,-0.9165588538025602f,5.751582823504615f,-0.21877929395861614f,-0.9285206998463501f,-0.2999748831015921f,0.4099721202454784f,0f,0f,0f,1f],start_interpolation:0}
execute if entity @s[tag=aj.gojo.bone.leftarm] run data modify entity @s {} merge value {transformation:[-0.9542692647354323f,0.13941030577749303f,0.26445214505525083f,0.3125f,-0.20372970062380927f,0.3441134647174829f,-0.9165588538025602f,5.824878083394998f,-0.21877929395861614f,-0.9285206998463501f,-0.2999748831015921f,0.16416823941147737f,0f,0f,0f,1f],start_interpolation:0}
execute if entity @s[tag=aj.gojo.bone.head] run data modify entity @s {} merge value {transformation:[-1f,-8.419563229436169e-17f,8.893083452420322e-17f,-2.412577307003065e-17f,0f,0.7261753722470866f,0.6875095117464233f,5.945488827388812f,-1.2246467991473532e-16f,0.6875095117464233f,-0.7261753722470866f,0.1970018872937728f,0f,0f,0f,1f],start_interpolation:0}
execute if entity @s[tag=aj.gojo.bone.bottom3] run data modify entity @s {} merge value {transformation:[-0.8779745629510005f,0.0777719460913476f,0.4723475322388846f,-0.24573494312751148f,0.06425796866352068f,0.9969314668398812f,-0.04470530044324722f,5.011646144886883f,-0.47437493638917905f,-0.008898023693355628f,-0.8802779361656836f,0.19337852303360167f,0f,0f,0f,1f],start_interpolation:0}
execute if entity @s[tag=aj.gojo.bone.rightleg] run data modify entity @s {} merge value {transformation:[-0.8779745629510005f,0.3887923267490167f,0.27928693752498596f,-0.11875f,0.06425796866352068f,0.6738554586982062f,-0.7360636754017063f,5.221824363425926f,-0.47437493638917905f,-0.6282987724353091f,-0.6166109569915592f,-1.4542680739874818e-17f,0f,0f,0f,1f],start_interpolation:0}
execute if entity @s[tag=aj.gojo.bone.bottom4] run data modify entity @s {} merge value {transformation:[-0.9537169507482269f,-0.012900403822389966f,0.3004289557228521f,0.08887474639026138f,-6.938893903907228e-18f,0.9990793533683836f,0.04290041576736081f,4.932940185907322f,-0.3007057995042732f,0.04091485371147846f,-0.9528389144500051f,0.11553663358932381f,0f,0f,0f,1f],start_interpolation:0}
execute if entity @s[tag=aj.gojo.bone.leftleg] run data modify entity @s {} merge value {transformation:[-0.9537169507482269f,0.11467515056612813f,0.2779812722075716f,0.11875f,-6.938893903907228e-18f,0.9244293680595318f,-0.3813533053076302f,5.221824363425926f,-0.3007057995042732f,-0.3637031114957507f,-0.881643958087847f,1.4542680739874818e-17f,0f,0f,0f,1f],start_interpolation:0}
execute if entity @s[tag=aj.gojo.locator_origin.purple] at @s on origin run tp @s ^0 ^5.47182 ^0.5 ~0 ~0
execute if entity @s[tag=aj.gojo.bone.purple] run data modify entity @s {} merge value {transformation:[-1f,0f,1.2246467991473532e-16f,-6.123233995736766e-17f,0f,1f,0f,5.471824363425926f,-1.2246467991473532e-16f,0f,-1f,0.5f,0f,0f,0f,1f],start_interpolation:0}
execute if entity @s[tag=aj.gojo.locator_origin.blue] at @s on origin run tp @s ^-1.0625 ^6.25307 ^-0.53125 ~0 ~0
execute if entity @s[tag=aj.gojo.bone.blue] run data modify entity @s {} merge value {transformation:[-1f,0f,1.2246467991473532e-16f,-1.0625f,0f,1f,0f,6.253074363425926f,-1.2246467991473532e-16f,0f,-1f,-0.5312500000000001f,0f,0f,0f,1f],start_interpolation:0}
execute if entity @s[tag=aj.gojo.locator_origin.red] at @s on origin run tp @s ^1.0625 ^6.25307 ^-0.53125 ~0 ~0
execute if entity @s[tag=aj.gojo.bone.red] run data modify entity @s {} merge value {transformation:[-1f,0f,1.2246467991473532e-16f,1.0625f,0f,1f,0f,6.253074363425926f,-1.2246467991473532e-16f,0f,-1f,-0.5312499999999999f,0f,0f,0f,1f],start_interpolation:0}
execute if entity @s[tag=aj.gojo.camera_origin.camera] at @s on origin run tp @s ^0 ^6.03544 ^3.12156 ~-180 ~0