execute if entity @s[tag=aj.gojo.locator_origin.head] at @s on origin run tp @s ^0 ^6.09967 ^0.14296 ~0 ~10.98866
execute if entity @s[tag=aj.gojo.bone.torso] run data modify entity @s {} merge value {transformation:[-1f,-2.334356372047552e-17f,1.2021928239449226e-16f,-1.7507672790356637e-17f,0f,0.9816649378269195f,0.19061466323782675f,6.099674629296115f,-1.2246467991473532e-16f,0.19061466323782675f,-0.9816649378269195f,0.14296099742837007f,0f,0f,0f,1f],start_interpolation:0}
execute if entity @s[tag=aj.gojo.bone.bottom2] run data modify entity @s {} merge value {transformation:[-0.9451737815960982f,-0.301335637897634f,0.12587039332645858f,-0.40141472497814334f,0.3231958403241145f,-0.8078946792049224f,0.49279877851874165f,6.212060341587187f,-0.046807813242243174f,0.5064612726015688f,0.8609912937854122f,0.06228952533974842f,0f,0f,0f,1f],start_interpolation:0}
execute if entity @s[tag=aj.gojo.bone.rightarm] run data modify entity @s {} merge value {transformation:[-0.9823869442233061f,0.11006216385674672f,0.15100401288298748f,-0.3125f,-0.06317605142887363f,-0.9561693309349659f,0.285917815298793f,5.97696651206775f,0.1758541394038f,0.271342091586523f,0.9462815601014315f,0.11913416452364167f,0f,0f,0f,1f],start_interpolation:0}
execute if entity @s[tag=aj.gojo.bone.bottom] run data modify entity @s {} merge value {transformation:[-0.9409962439388031f,0.2119517271232971f,0.26382292217037545f,0.31832433346535094f,-0.191320044111387f,0.30986169890318493f,-0.9313336503498886f,5.911458590098915f,-0.27914639459301904f,-0.9268560799402908f,-0.25102808102567953f,0.36829483417077813f,0f,0f,0f,1f],start_interpolation:0}
execute if entity @s[tag=aj.gojo.bone.leftarm] run data modify entity @s {} merge value {transformation:[-0.9409962439388031f,0.2119517271232971f,0.26382292217037545f,0.3125f,-0.191320044111387f,0.30986169890318493f,-0.9313336503498886f,5.97696651206775f,-0.27914639459301904f,-0.9268560799402908f,-0.25102808102567953f,0.11913416452364176f,0f,0f,0f,1f],start_interpolation:0}
execute if entity @s[tag=aj.gojo.bone.head] run data modify entity @s {} merge value {transformation:[-1f,-7.019388693889474e-17f,1.003514626850463e-16f,-1.7507672790356637e-17f,0f,0.8194318782763723f,0.5731765843651121f,6.099674629296115f,-1.2246467991473532e-16f,0.5731765843651121f,-0.8194318782763723f,0.14296099742837007f,0f,0f,0f,1f],start_interpolation:0}
execute if entity @s[tag=aj.gojo.bone.bottom3] run data modify entity @s {} merge value {transformation:[-0.8779745629510005f,0.06017155948710595f,0.47491057078137267f,-0.23891977141352666f,0.0642579686635206f,0.9979040712020442f,-0.007640558986327317f,5.136751187708579f,-0.47437493638917894f,0.023808572138522055f,-0.8800008929645966f,0.1785303940300303f,0f,0f,0f,1f],start_interpolation:0}
execute if entity @s[tag=aj.gojo.bone.rightleg] run data modify entity @s {} merge value {transformation:[-0.8779745629510005f,0.3669837772642653f,0.3073818049850246f,-0.11875f,0.0642579686635206f,0.7266443216687813f,-0.684002151494975f,5.363425925925926f,-0.47437493638917894f,-0.5807847596238807f,-0.6615568627974422f,-1.4542680739874818e-17f,0f,0f,0f,1f],start_interpolation:0}
execute if entity @s[tag=aj.gojo.bone.bottom4] run data modify entity @s {} merge value {transformation:[-0.9537169507482269f,-0.0017312025778998819f,0.3007008160832598f,0.09542320485044342f,0f,0.9999834275859607f,0.005757130659780618f,5.066491119073435f,-0.3007057995042732f,0.00549067309790513f,-0.9537011453560428f,0.09476757677351899f,0f,0f,0f,1f],start_interpolation:0}
execute if entity @s[tag=aj.gojo.bone.leftleg] run data modify entity @s {} merge value {transformation:[-0.9537169507482269f,0.09372008349354558f,0.2857280591847203f,0.11875f,0f,0.9501913819279695f,-0.3116670301937883f,5.363425925925926f,-0.3007057995042732f,-0.29724212968517527f,-0.9062136273995869f,1.4542680739874818e-17f,0f,0f,0f,1f],start_interpolation:0}
execute if entity @s[tag=aj.gojo.locator_origin.purple] at @s on origin run tp @s ^0 ^5.61343 ^0.5 ~0 ~0
execute if entity @s[tag=aj.gojo.bone.purple] run data modify entity @s {} merge value {transformation:[-1f,0f,1.2246467991473532e-16f,-6.123233995736766e-17f,0f,1f,0f,5.613425925925926f,-1.2246467991473532e-16f,0f,-1f,0.5f,0f,0f,0f,1f],start_interpolation:0}
execute if entity @s[tag=aj.gojo.locator_origin.blue] at @s on origin run tp @s ^-1.0625 ^6.39468 ^-0.53125 ~0 ~0
execute if entity @s[tag=aj.gojo.bone.blue] run data modify entity @s {} merge value {transformation:[-1f,0f,1.2246467991473532e-16f,-1.0625f,0f,1f,0f,6.394675925925926f,-1.2246467991473532e-16f,0f,-1f,-0.5312500000000001f,0f,0f,0f,1f],start_interpolation:0}
execute if entity @s[tag=aj.gojo.locator_origin.red] at @s on origin run tp @s ^1.0625 ^6.39468 ^-0.53125 ~0 ~0
execute if entity @s[tag=aj.gojo.bone.red] run data modify entity @s {} merge value {transformation:[-1f,0f,1.2246467991473532e-16f,1.0625f,0f,1f,0f,6.394675925925926f,-1.2246467991473532e-16f,0f,-1f,-0.5312499999999999f,0f,0f,0f,1f],start_interpolation:0}
execute if entity @s[tag=aj.gojo.camera_origin.camera] at @s on origin run tp @s ^0 ^6.173 ^4.38188 ~-180 ~0