execute if entity @s[tag=aj.gojo.locator_origin.head] at @s on origin run tp @s ^0 ^6.03736 ^0.16887 ~0 ~13.01207
execute if entity @s[tag=aj.gojo.bone.torso] run data modify entity @s {} merge value {transformation:[-1f,-2.757369474552891e-17f,1.193201122388802e-16f,-2.0680271059146682e-17f,0f,0.9743226563116444f,0.22515630437058906f,6.037360011620308f,-1.2246467991473532e-16f,0.22515630437058906f,-0.9743226563116444f,0.1688672282779418f,0f,0f,0f,1f],start_interpolation:0}
execute if entity @s[tag=aj.gojo.bone.bottom2] run data modify entity @s {} merge value {transformation:[-0.9511903135029537f,-0.2809064907074175f,0.12778314042390754f,-0.4094076741983992f,0.30618290695745193f,-0.807247711888522f,0.5045821629207975f,6.147765704889045f,-0.03858775693451058f,0.5190786791317761f,0.853854970053799f,0.08504362313484659f,0f,0f,0f,1f],start_interpolation:0}
execute if entity @s[tag=aj.gojo.bone.rightarm] run data modify entity @s {} merge value {transformation:[-0.9768951747899002f,0.14340690309612172f,0.15846222772821916f,-0.3125f,-0.09232059708099548f,-0.9518642505010151f,0.2922864279653597f,5.915569679581353f,0.19275042108078239f,0.27090387365728175f,0.9431110042888169f,0.14072269023161812f,0f,0f,0f,1f],start_interpolation:0}
execute if entity @s[tag=aj.gojo.bone.bottom] run data modify entity @s {} merge value {transformation:[-0.9467930576865381f,0.19940047378276174f,0.252630870979352f,0.3218244476597182f,-0.18990144022978797f,0.28763084211651035f,-0.9387257009702034f,5.855530809066587f,-0.2598467796899322f,-0.9367539429960023f,-0.23446044733859617f,0.3911515997112396f,0f,0f,0f,1f],start_interpolation:0}
execute if entity @s[tag=aj.gojo.bone.leftarm] run data modify entity @s {} merge value {transformation:[-0.9467930576865381f,0.19940047378276174f,0.252630870979352f,0.3125f,-0.18990144022978797f,0.28763084211651035f,-0.9387257009702034f,5.915569679581353f,-0.2598467796899322f,-0.9367539429960023f,-0.23446044733859617f,0.14072269023161818f,0f,0f,0f,1f],start_interpolation:0}
execute if entity @s[tag=aj.gojo.bone.head] run data modify entity @s {} merge value {transformation:[-1f,-7.750171728609769e-17f,9.482131429338217e-17f,-2.0680271059146682e-17f,0f,0.7742747897548947f,0.6328495476414702f,6.037360011620308f,-1.2246467991473532e-16f,0.6328495476414702f,-0.7742747897548947f,0.1688672282779418f,0f,0f,0f,1f],start_interpolation:0}
execute if entity @s[tag=aj.gojo.bone.bottom3] run data modify entity @s {} merge value {transformation:[-0.8779745629510005f,0.0678912372128195f,0.47386859647027924f,-0.24198466057894136f,0.06425796866352065f,0.9976476288300391f,-0.023877230849466524f,5.087018817933007f,-0.47437493638917894f,0.009486232103073144f,-0.8802717938945047f,0.18516133952029157f,0f,0f,0f,1f],start_interpolation:0}
execute if entity @s[tag=aj.gojo.bone.rightleg] run data modify entity @s {} merge value {transformation:[-0.8779745629510005f,0.3767914225935924f,0.29527765013779234f,-0.11875f,0.06425796866352065f,0.7040026040246858f,-0.707284417324247f,5.306618019386574f,-0.47437493638917894f,-0.6020037851927167f,-0.6423082300106423f,-1.4542680739874818e-17f,0f,0f,0f,1f],start_interpolation:0}
execute if entity @s[tag=aj.gojo.bone.bottom4] run data modify entity @s {} merge value {transformation:[-0.9537169507482269f,-0.006623913288799979f,0.3006328352463294f,0.09253328205201525f,0f,0.9997573566653382f,0.022027886724232837f,5.013009644785291f,-0.3007057995042732f,0.021008368958062684f,-0.9534855376869739f,0.10393324090024478f,0f,0f,0f,1f],start_interpolation:0}
execute if entity @s[tag=aj.gojo.bone.leftleg] run data modify entity @s {} merge value {transformation:[-0.9537169507482269f,0.10296783644851576f,0.28252717128201293f,0.11875f,0f,0.9395467987241065f,-0.34242052071580514f,5.306618019386574f,-0.3007057995042732f,-0.3265722548906978f,-0.896061707964413f,1.4542680739874818e-17f,0f,0f,0f,1f],start_interpolation:0}
execute if entity @s[tag=aj.gojo.locator_origin.purple] at @s on origin run tp @s ^0 ^5.55662 ^0.5 ~0 ~0
execute if entity @s[tag=aj.gojo.bone.purple] run data modify entity @s {} merge value {transformation:[-1f,0f,1.2246467991473532e-16f,-6.123233995736766e-17f,0f,1f,0f,5.556618019386574f,-1.2246467991473532e-16f,0f,-1f,0.5f,0f,0f,0f,1f],start_interpolation:0}
execute if entity @s[tag=aj.gojo.locator_origin.blue] at @s on origin run tp @s ^-1.0625 ^6.33787 ^-0.53125 ~0 ~0
execute if entity @s[tag=aj.gojo.bone.blue] run data modify entity @s {} merge value {transformation:[-1f,0f,1.2246467991473532e-16f,-1.0625f,0f,1f,0f,6.337868019386574f,-1.2246467991473532e-16f,0f,-1f,-0.5312500000000001f,0f,0f,0f,1f],start_interpolation:0}
execute if entity @s[tag=aj.gojo.locator_origin.red] at @s on origin run tp @s ^1.0625 ^6.33787 ^-0.53125 ~0 ~0
execute if entity @s[tag=aj.gojo.bone.red] run data modify entity @s {} merge value {transformation:[-1f,0f,1.2246467991473532e-16f,1.0625f,0f,1f,0f,6.337868019386574f,-1.2246467991473532e-16f,0f,-1f,-0.5312499999999999f,0f,0f,0f,1f],start_interpolation:0}
execute if entity @s[tag=aj.gojo.camera_origin.camera] at @s on origin run tp @s ^0 ^6.11402 ^3.90968 ~-180 ~0