execute if entity @s[tag=aj.gojo.locator_origin.head] at @s on origin run tp @s ^0 ^6.10945 ^0.13622 ~0 ~10.4649
execute if entity @s[tag=aj.gojo.bone.torso] run data modify entity @s {} merge value {transformation:[-1f,-2.2243647633767663e-17f,1.2042764618875252e-16f,-1.6682735725325747e-17f,0f,0.9833663573252217f,0.18163316679759875f,6.1094504045679905f,-1.2246467991473532e-16f,0.18163316679759875f,-0.9833663573252217f,0.13622487509819906f,0f,0f,0f,1f],start_interpolation:0}
execute if entity @s[tag=aj.gojo.bone.bottom2] run data modify entity @s {} merge value {transformation:[-0.9412313469124771f,-0.31508076127453055f,0.12168675139055318f,-0.3968133376472886f,0.33490435149466213f,-0.8238246708309492f,0.4573313755694187f,6.224917362328074f,-0.043847770060330554f,0.4712080491724854f,0.8809315225690336f,0.06383380352170251f,0f,0f,0f,1f],start_interpolation:0}
execute if entity @s[tag=aj.gojo.bone.rightarm] run data modify entity @s {} merge value {transformation:[-0.9854740914627396f,0.09088482772346955f,0.14345997053311815f,-0.3125f,-0.052718084397926274f,-0.9667305308024258f,0.25030558202299863f,5.9865296099023375f,0.16143611316276477f,0.23910673119787784f,0.9574791655502294f,0.11352072924849918f,0f,0f,0f,1f],start_interpolation:0}
execute if entity @s[tag=aj.gojo.bone.bottom] run data modify entity @s {} merge value {transformation:[-0.9403856220942359f,0.20205267392284781f,0.27358654703596863f,0.3207609329001778f,-0.19528824115583354f,0.33780386655221817f,-0.9207339738538122f,5.914284158336523f,-0.2784553548141927f,-0.9192732263603671f,-0.27820738788231986f,0.3607424955144781f,0f,0f,0f,1f],start_interpolation:0}
execute if entity @s[tag=aj.gojo.bone.leftarm] run data modify entity @s {} merge value {transformation:[-0.9403856220942359f,0.20205267392284781f,0.27358654703596863f,0.3125f,-0.19528824115583354f,0.33780386655221817f,-0.9207339738538122f,5.9865296099023375f,-0.2784553548141927f,-0.9192732263603671f,-0.27820738788231986f,0.11352072924849926f,0f,0f,0f,1f],start_interpolation:0}
execute if entity @s[tag=aj.gojo.bone.head] run data modify entity @s {} merge value {transformation:[-1f,-6.798004334952331e-17f,1.0186418179524885e-16f,-1.6682735725325747e-17f,0f,0.8317841672078077f,0.5550991795908312f,6.1094504045679905f,-1.2246467991473532e-16f,0.5550991795908312f,-0.8317841672078077f,0.13622487509819906f,0f,0f,0f,1f],start_interpolation:0}
execute if entity @s[tag=aj.gojo.bone.bottom3] run data modify entity @s {} merge value {transformation:[-0.8779745629510005f,0.05857031129461368f,0.4751107086204768f,-0.238269560654429f,0.06425796866352063f,0.9979241574434095f,-0.004276617132671412f,5.1438149757291765f,-0.474374936389179f,0.026774887968271655f,-0.8799156352174049f,0.1771324745208403f,0f,0f,0f,1f],start_interpolation:0}
execute if entity @s[tag=aj.gojo.bone.rightleg] run data modify entity @s {} merge value {transformation:[-0.8779745629510005f,0.3649031028351528f,0.3098489831390083f,-0.11875f,0.06425796866352063f,0.7312392740769443f,-0.6790876508306284f,5.371925636574074f,-0.474374936389179f,-0.5763114171944727f,-0.6654574142175149f,-1.4542680739874818e-17f,0f,0f,0f,1f],start_interpolation:0}
execute if entity @s[tag=aj.gojo.bone.bottom4] run data modify entity @s {} merge value {transformation:[-0.9537169507482269f,-0.000717541193444915f,0.30070494340821846f,0.09602585387144157f,6.938893903907228e-18f,0.9999971530444169f,0.002386190072249439f,5.074340945416817f,-0.30070579950427323f,0.002275749919611436f,-0.9537142355584293f,0.09285621827087204f,0f,0f,0f,1f],start_interpolation:0}
execute if entity @s[tag=aj.gojo.bone.leftleg] run data modify entity @s {} merge value {transformation:[-0.9537169507482269f,0.09179160662635154f,0.2863534159189607f,0.11875f,6.938893903907228e-18f,0.9522710117032227f,-0.30525386200623345f,5.371925636574074f,-0.30070579950427323f,-0.291125782476705f,-0.9081970055675267f,1.4542680739874818e-17f,0f,0f,0f,1f],start_interpolation:0}
execute if entity @s[tag=aj.gojo.locator_origin.purple] at @s on origin run tp @s ^0 ^5.62193 ^0.5 ~0 ~0
execute if entity @s[tag=aj.gojo.bone.purple] run data modify entity @s {} merge value {transformation:[-1f,0f,1.2246467991473532e-16f,-6.123233995736766e-17f,0f,1f,0f,5.621925636574074f,-1.2246467991473532e-16f,0f,-1f,0.5f,0f,0f,0f,1f],start_interpolation:0}
execute if entity @s[tag=aj.gojo.locator_origin.blue] at @s on origin run tp @s ^-1.0625 ^6.40318 ^-0.53125 ~0 ~0
execute if entity @s[tag=aj.gojo.bone.blue] run data modify entity @s {} merge value {transformation:[-1f,0f,1.2246467991473532e-16f,-1.0625f,0f,1f,0f,6.403175636574074f,-1.2246467991473532e-16f,0f,-1f,-0.5312500000000001f,0f,0f,0f,1f],start_interpolation:0}
execute if entity @s[tag=aj.gojo.locator_origin.red] at @s on origin run tp @s ^1.0625 ^6.40318 ^-0.53125 ~0 ~0
execute if entity @s[tag=aj.gojo.bone.red] run data modify entity @s {} merge value {transformation:[-1f,0f,1.2246467991473532e-16f,1.0625f,0f,1f,0f,6.403175636574074f,-1.2246467991473532e-16f,0f,-1f,-0.5312499999999999f,0f,0f,0f,1f],start_interpolation:0}
execute if entity @s[tag=aj.gojo.camera_origin.camera] at @s on origin run tp @s ^0 ^6.19117 ^4.50584 ~-180 ~0