execute if entity @s[tag=aj.gojo.locator_origin.head] at @s on origin run tp @s ^0 ^6.09797 ^0.0509 ~0 ~3.49921
execute if entity @s[tag=aj.gojo.bone.torso] run data modify entity @s {} merge value {transformation:[-1f,-7.474606538667286e-18f,1.2223636154479848e-16f,-6.2338255773914416e-18f,0f,0.9981356390259151f,0.06103479422696731f,6.097966963644437f,-1.2246467991473532e-16f,0.06103479422696731f,-0.9981356390259151f,0.05090304879522548f,0f,0f,0f,1f],start_interpolation:0}
execute if entity @s[tag=aj.gojo.bone.bottom2] run data modify entity @s {} merge value {transformation:[-0.9650623354336384f,0.24311757477092522f,-0.09771659820560413f,-0.46576217221045235f,0.1577219803456878f,0.24120362900138229f,-0.957572235537559f,5.9114239401470465f,-0.20923304147100286f,-0.9395289533559181f,-0.27112152286885394f,0.24101260291043472f,0f,0f,0f,1f],start_interpolation:0}
execute if entity @s[tag=aj.gojo.bone.rightarm] run data modify entity @s {} merge value {transformation:[-0.9227948950363396f,0.38234996508272456f,-0.047519321292610286f,-0.3125f,0.16834982026502882f,0.2891917295428595f,-0.9423515700526753f,5.973200008766197f,-0.3465658951939783f,-0.8775970873728154f,-0.3312331996088972f,0.04327369951685453f,0f,0f,0f,1f],start_interpolation:0}
execute if entity @s[tag=aj.gojo.bone.bottom] run data modify entity @s {} merge value {transformation:[-0.9429297292094493f,-0.24608324661063402f,0.2243358230656989f,0.4329539197282491f,-0.31682877305324436f,0.870351314696081f,-0.3769723034552795f,5.775413978408005f,-0.10248441022209412f,-0.4265344355903441f,-0.8986463825760699f,0.15631258405332152f,0f,0f,0f,1f],start_interpolation:0}
execute if entity @s[tag=aj.gojo.bone.leftarm] run data modify entity @s {} merge value {transformation:[-0.9429297292094493f,-0.24608324661063402f,0.2243358230656989f,0.3125f,-0.31682877305324436f,0.870351314696081f,-0.3769723034552795f,5.973200008766197f,-0.10248441022209412f,-0.4265344355903441f,-0.8986463825760699f,0.04327369951685461f,0f,0f,0f,1f],start_interpolation:0}
execute if entity @s[tag=aj.gojo.bone.head] run data modify entity @s {} merge value {transformation:[-1f,-3.484306761905943e-17f,1.174034005704785e-16f,-6.2338255773914416e-18f,0f,0.958671517797779f,0.28451523854321525f,6.097966963644437f,-1.2246467991473532e-16f,0.28451523854321525f,-0.958671517797779f,0.05090304879522548f,0f,0f,0f,1f],start_interpolation:0}
execute if entity @s[tag=aj.gojo.bone.bottom3] run data modify entity @s {} merge value {transformation:[-0.866426382488108f,0.05202486588345617f,0.496587089097551f,-0.24336712455280704f,0.06802786616154169f,0.9975826343969376f,0.014180866517012503f,5.121841985297114f,-0.494648898870783f,0.04606843691155971f,-0.8678710537668876f,0.17948020344524077f,0f,0f,0f,1f],start_interpolation:0}
execute if entity @s[tag=aj.gojo.bone.rightleg] run data modify entity @s {} merge value {transformation:[-0.866426382488108f,0.3814462709192204f,0.3221863841480446f,-0.11875f,0.06802786616154169f,0.7294349543724652f,-0.6806591340495968f,5.349365234375f,-0.494648898870783f,-0.5678233790021862f,-0.6579506646432252f,0.005126953124999985f,0f,0f,0f,1f],start_interpolation:0}
execute if entity @s[tag=aj.gojo.bone.bottom4] run data modify entity @s {} merge value {transformation:[-0.9426793132855067f,-0.004598823634797883f,0.33366834300655723f,0.09590073881890102f,0f,0.9999050332368736f,0.01378131008164818f,5.048968545069291f,-0.3337000334185862f,0.012991355923942655f,-0.9425897900824578f,0.08840391763288483f,0f,0f,0f,1f],start_interpolation:0}
execute if entity @s[tag=aj.gojo.bone.leftleg] run data modify entity @s {} merge value {transformation:[-0.9426793132855067f,0.09197122204522687f,0.3207756328324723f,0.11875f,0f,0.9612694057782675f,-0.27561046699045466f,5.349365234375f,-0.3337000334185862f,-0.25981228575685966f,-0.9061687833214243f,0.005126953125000015f,0f,0f,0f,1f],start_interpolation:0}
execute if entity @s[tag=aj.gojo.locator_origin.purple] at @s on origin run tp @s ^0 ^5.59937 ^0.50513 ~0 ~0
execute if entity @s[tag=aj.gojo.bone.purple] run data modify entity @s {} merge value {transformation:[-1f,0f,1.2246467991473532e-16f,-6.186021063075864e-17f,0f,1f,0f,5.599365234375f,-1.2246467991473532e-16f,0f,-1f,0.505126953125f,0f,0f,0f,1f],start_interpolation:0}
execute if entity @s[tag=aj.gojo.locator_origin.blue] at @s on origin run tp @s ^-1.0625 ^6.38062 ^-0.52612 ~0 ~0
execute if entity @s[tag=aj.gojo.bone.blue] run data modify entity @s {} merge value {transformation:[-1f,0f,1.2246467991473532e-16f,-1.0625f,0f,1f,0f,6.380615234375f,-1.2246467991473532e-16f,0f,-1f,-0.5261230468750001f,0f,0f,0f,1f],start_interpolation:0}
execute if entity @s[tag=aj.gojo.locator_origin.red] at @s on origin run tp @s ^1.0625 ^6.38062 ^-0.52612 ~0 ~0
execute if entity @s[tag=aj.gojo.bone.red] run data modify entity @s {} merge value {transformation:[-1f,0f,1.2246467991473532e-16f,1.0625f,0f,1f,0f,6.380615234375f,-1.2246467991473532e-16f,0f,-1f,-0.5261230468749999f,0f,0f,0f,1f],start_interpolation:0}
execute if entity @s[tag=aj.gojo.camera_origin.camera] at @s on origin run tp @s ^0 ^6.81694 ^5.69026 ~-180 ~0