execute if entity @s[tag=aj.gojo.locator_origin.head] at @s on origin run tp @s ^0 ^6.06898 ^0.14822 ~0 ~11.39852
execute if entity @s[tag=aj.gojo.bone.torso] run data modify entity @s {} merge value {transformation:[-1f,-2.420294530663995e-17f,1.2004922017698562e-16f,-1.8152208979979963e-17f,0f,0.9802762744374016f,0.19763204642751675f,6.068977205828052f,-1.2246467991473532e-16f,0.19763204642751675f,-0.9802762744374016f,0.14822403482063756f,0f,0f,0f,1f],start_interpolation:0}
execute if entity @s[tag=aj.gojo.bone.bottom2] run data modify entity @s {} merge value {transformation:[-0.941197323736178f,-0.3171653557638168f,0.116420508910876f,-0.39569220149107626f,0.33684039016910156f,-0.8541782871705341f,0.396128773604166f,6.187884340498462f,-0.026194452515435826f,0.4120504712163601f,0.9107844200620653f,0.0890058566586788f,0f,0f,0f,1f],start_interpolation:0}
execute if entity @s[tag=aj.gojo.bone.rightarm] run data modify entity @s {} merge value {transformation:[-0.9867245300315794f,0.08608767345641016f,0.13770843951196685f,-0.3125f,-0.059528725021063655f,-0.9806488571556069f,0.18650509338023272f,5.946442671523377f,0.151099413404967f,0.17583154278531826f,0.9727549721437614f,0.12352002901719793f,0f,0f,0f,1f],start_interpolation:0}
execute if entity @s[tag=aj.gojo.bone.bottom] run data modify entity @s {} merge value {transformation:[-0.9448260402200586f,0.17134737388425486f,0.2791842244559201f,0.32871478404268994f,-0.20098080976274113f,0.3697845083783534f,-0.9071196897160222f,5.86655784503896f,-0.2586705778189648f,-0.9131809759441712f,-0.31494449883186404f,0.3679821841169261f,0f,0f,0f,1f],start_interpolation:0}
execute if entity @s[tag=aj.gojo.bone.leftarm] run data modify entity @s {} merge value {transformation:[-0.9448260402200586f,0.17134737388425486f,0.2791842244559201f,0.3125f,-0.20098080976274113f,0.3697845083783534f,-0.9071196897160222f,5.946442671523377f,-0.2586705778189648f,-0.9131809759441712f,-0.31494449883186404f,0.12352002901719801f,0f,0f,0f,1f],start_interpolation:0}
execute if entity @s[tag=aj.gojo.bone.head] run data modify entity @s {} merge value {transformation:[-1f,-7.097357970964269e-17f,9.980154713138254e-17f,-1.8152208979979963e-17f,0f,0.8149414770109086f,0.5795432589956325f,6.068977205828052f,-1.2246467991473532e-16f,0.5795432589956325f,-0.8149414770109086f,0.14822403482063756f,0f,0f,0f,1f],start_interpolation:0}
execute if entity @s[tag=aj.gojo.bone.bottom3] run data modify entity @s {} merge value {transformation:[-0.8779745629510005f,0.06290433479829438f,0.47455633119218166f,-0.2400180345303936f,0.0642579686635206f,0.9978435556899329f,-0.01338476115998577f,5.109571135916748f,-0.47437493638917894f,0.01874254602918035f,-0.8801233644746098f,0.18089844013952877f,0f,0f,0f,1f],start_interpolation:0}
execute if entity @s[tag=aj.gojo.bone.rightleg] run data modify entity @s {} merge value {transformation:[-0.8779745629510005f,0.3704982192382395f,0.30313649788881064f,-0.11875f,0.0642579686635206f,0.7187215244396774f,-0.6923223842765336f,5.33377f,-0.47437493638917894f,-0.5883625071742757f,-0.6548266792651036f,-1.4542680739874818e-17f,0f,0f,0f,1f],start_interpolation:0}
execute if entity @s[tag=aj.gojo.bone.bottom4] run data modify entity @s {} merge value {transformation:[-0.9537169507482269f,-0.0034621261949222687f,0.3006858685367748f,0.09439718581938321f,0f,0.9999337193777729f,0.011513333632506395f,5.037976151915616f,-0.30070579950427323f,0.010980461444941025f,-0.9536537377953027f,0.09802169339955535f,0f,0f,0f,1f],start_interpolation:0}
execute if entity @s[tag=aj.gojo.bone.leftleg] run data modify entity @s {} merge value {transformation:[-0.9537169507482269f,0.09700334439293828f,0.2846301618453132f,0.11875f,0f,0.9465403138700303f,-0.3225855455826012f,5.33377f,-0.30070579950427323f,-0.30765530288849163f,-0.902731541904395f,1.4542680739874818e-17f,0f,0f,0f,1f],start_interpolation:0}
execute if entity @s[tag=aj.gojo.locator_origin.purple] at @s on origin run tp @s ^0 ^5.58377 ^0.5 ~0 ~0
execute if entity @s[tag=aj.gojo.bone.purple] run data modify entity @s {} merge value {transformation:[-1f,0f,1.2246467991473532e-16f,-6.123233995736766e-17f,0f,1f,0f,5.58377f,-1.2246467991473532e-16f,0f,-1f,0.5f,0f,0f,0f,1f],start_interpolation:0}
execute if entity @s[tag=aj.gojo.locator_origin.blue] at @s on origin run tp @s ^-1.0625 ^6.36502 ^-0.53125 ~0 ~0
execute if entity @s[tag=aj.gojo.bone.blue] run data modify entity @s {} merge value {transformation:[-1f,0f,1.2246467991473532e-16f,-1.0625f,0f,1f,0f,6.36502f,-1.2246467991473532e-16f,0f,-1f,-0.5312500000000001f,0f,0f,0f,1f],start_interpolation:0}
execute if entity @s[tag=aj.gojo.locator_origin.red] at @s on origin run tp @s ^1.0625 ^6.36502 ^-0.53125 ~0 ~0
execute if entity @s[tag=aj.gojo.bone.red] run data modify entity @s {} merge value {transformation:[-1f,0f,1.2246467991473532e-16f,1.0625f,0f,1f,0f,6.36502f,-1.2246467991473532e-16f,0f,-1f,-0.5312499999999999f,0f,0f,0f,1f],start_interpolation:0}
execute if entity @s[tag=aj.gojo.camera_origin.camera] at @s on origin run tp @s ^0 ^5.9342 ^1.98689 ~-180 ~0