execute if entity @s[tag=aj.gojo.locator_origin.head] at @s on origin run tp @s ^0 ^6.1759 ^0.05015 ~0 ~3.21369
execute if entity @s[tag=aj.gojo.bone.torso] run data modify entity @s {} merge value {transformation:[-1f,-6.865384012674367e-18f,1.222720913740216e-16f,-6.141228703259417e-18f,0f,0.9984273952224609f,0.056060114781292976f,6.175903879750178f,-1.2246467991473532e-16f,0.056060114781292976f,-0.9984273952224609f,0.05014693793782158f,0f,0f,0f,1f],start_interpolation:0}
execute if entity @s[tag=aj.gojo.bone.bottom2] run data modify entity @s {} merge value {transformation:[-0.965689827918984f,0.2519581448363276f,-0.06293051330189059f,-0.46240639638654246f,0.16400014011801178f,0.4037703886098659f,-0.9000407920328447f,5.953242086847384f,-0.20136313042629178f,-0.8794808505774722f,-0.43123812815247475f,0.22849870184976445f,0f,0f,0f,1f],start_interpolation:0}
execute if entity @s[tag=aj.gojo.bone.rightarm] run data modify entity @s {} merge value {transformation:[-0.9299648098806546f,0.36713438307600615f,-0.0194370045798832f,-0.3125f,0.19180372622678546f,0.43938440555664565f,-0.8775834289451651f,6.051100455347371f,-0.3136507340803754f,-0.819849796558512f,-0.4790297778779604f,0.04313942359015992f,0f,0f,0f,1f],start_interpolation:0}
execute if entity @s[tag=aj.gojo.bone.bottom] run data modify entity @s {} merge value {transformation:[-0.9421777474782446f,-0.2707287035588019f,0.19750205372651575f,0.43906828510709073f,-0.3232999594639344f,0.8894316294952289f,-0.323092111732986f,5.84894879544006f,-0.0881942649350823f,-0.3682626040244005f,-0.9255292681000035f,0.14071721615470276f,0f,0f,0f,1f],start_interpolation:0}
execute if entity @s[tag=aj.gojo.bone.leftarm] run data modify entity @s {} merge value {transformation:[-0.9421777474782446f,-0.2707287035588019f,0.19750205372651575f,0.3125f,-0.3232999594639344f,0.8894316294952289f,-0.323092111732986f,6.051100455347371f,-0.0881942649350823f,-0.3682626040244005f,-0.9255292681000035f,0.04313942359016f,0f,0f,0f,1f],start_interpolation:0}
execute if entity @s[tag=aj.gojo.bone.head] run data modify entity @s {} merge value {transformation:[-1f,-3.2950268764020325e-17f,1.1794862277702697e-16f,-6.141228703259417e-18f,0f,0.9631235949756891f,0.2690593629686664f,6.175903879750178f,-1.2246467991473532e-16f,0.2690593629686664f,-0.9631235949756891f,0.05014693793782158f,0f,0f,0f,1f],start_interpolation:0}
execute if entity @s[tag=aj.gojo.bone.bottom3] run data modify entity @s {} merge value {transformation:[-0.866185679290741f,0.05208149973216511f,0.497000891726852f,-0.24355137767572277f,0.06810316577550724f,0.9975778758007682f,0.014154169851353593f,5.199743695725852f,-0.4950599234466383f,0.04610747334733989f,-0.8676345850059997f,0.18256278674198903f,0f,0f,0f,1f],start_interpolation:0}
execute if entity @s[tag=aj.gojo.bone.rightleg] run data modify entity @s {} merge value {transformation:[-0.866185679290741f,0.3820406949764981f,0.32212928518455425f,-0.11875f,0.06810316577550724f,0.7288489036594503f,-0.6812791164022064f,5.427083333333333f,-0.4950599234466383f,-0.5681761901173717f,-0.6573366634995472f,0.008101851851851832f,0f,0f,0f,1f],start_interpolation:0}
execute if entity @s[tag=aj.gojo.bone.bottom4] run data modify entity @s {} merge value {transformation:[-0.9424421264248033f,-0.004820269188204593f,0.3343345679777196f,0.09582432275696764f,0f,0.9998960840230082f,0.01441600344940619f,5.126701474370189f,-0.3343693142916903f,0.01358624894540561f,-0.9423441916304777f,0.09141130286909317f,0f,0f,0f,1f],start_interpolation:0}
execute if entity @s[tag=aj.gojo.bone.leftleg] run data modify entity @s {} merge value {transformation:[-0.9424421264248033f,0.09221100970619958f,0.32140312386294306f,0.11875f,0f,0.961221948682061f,-0.27577593327167105f,5.427083333333333f,-0.3343693142916903f,-0.25990285696933835f,-0.9058960572821148f,0.00810185185185186f,0f,0f,0f,1f],start_interpolation:0}
execute if entity @s[tag=aj.gojo.locator_origin.purple] at @s on origin run tp @s ^0 ^5.67708 ^0.5081 ~0 ~0
execute if entity @s[tag=aj.gojo.bone.purple] run data modify entity @s {} merge value {transformation:[-1f,0f,1.2246467991473532e-16f,-6.22245306511213e-17f,0f,1f,0f,5.677083333333333f,-1.2246467991473532e-16f,0f,-1f,0.5081018518518519f,0f,0f,0f,1f],start_interpolation:0}
execute if entity @s[tag=aj.gojo.locator_origin.blue] at @s on origin run tp @s ^-1.0625 ^6.45833 ^-0.52315 ~0 ~0
execute if entity @s[tag=aj.gojo.bone.blue] run data modify entity @s {} merge value {transformation:[-1f,0f,1.2246467991473532e-16f,-1.0625f,0f,1f,0f,6.458333333333333f,-1.2246467991473532e-16f,0f,-1f,-0.5231481481481483f,0f,0f,0f,1f],start_interpolation:0}
execute if entity @s[tag=aj.gojo.locator_origin.red] at @s on origin run tp @s ^1.0625 ^6.45833 ^-0.52315 ~0 ~0
execute if entity @s[tag=aj.gojo.bone.red] run data modify entity @s {} merge value {transformation:[-1f,0f,1.2246467991473532e-16f,1.0625f,0f,1f,0f,6.458333333333333f,-1.2246467991473532e-16f,0f,-1f,-0.523148148148148f,0f,0f,0f,1f],start_interpolation:0}
execute if entity @s[tag=aj.gojo.camera_origin.camera] at @s on origin run tp @s ^0 ^6.92114 ^5.71667 ~-180 ~0