execute if entity @s[tag=aj.gojo.locator_origin.head] at @s on origin run tp @s ^0 ^6.03107 ^0.05301 ~0 ~3.859
execute if entity @s[tag=aj.gojo.bone.torso] run data modify entity @s {} merge value {transformation:[-1f,-8.242045961880453e-18f,1.2218701446954512e-16f,-6.491594063208351e-18f,0f,0.9977326895772436f,0.06730141268175352f,6.0310686144051555f,-1.2246467991473532e-16f,0.06730141268175352f,-0.9977326895772436f,0.05300788821501883f,0f,0f,0f,1f],start_interpolation:0}
execute if entity @s[tag=aj.gojo.bone.bottom2] run data modify entity @s {} merge value {transformation:[-0.9642885002153208f,0.22468572966384062f,-0.14022842521370193f,-0.46736146763049446f,0.16110591187841147f,0.0773602983373011f,-0.9839005383670589f,5.88148791417445f,-0.21022029756974664f,-0.9713556028183451f,-0.11079584542344524f,0.2490602494153728f,0f,0f,0f,1f],start_interpolation:0}
execute if entity @s[tag=aj.gojo.bone.rightarm] run data modify entity @s {} merge value {transformation:[-0.9168749229380908f,0.39022713978745516f,-0.0840425788548392f,-0.3125f,0.14784861840875446f,0.1364186107363885f,-0.9795564040316287f,5.9063520282079995f,-0.37078452195566697f,-0.9105562816312096f,-0.18277334668942286f,0.0445952116297996f,0f,0f,0f,1f],start_interpolation:0}
execute if entity @s[tag=aj.gojo.bone.bottom] run data modify entity @s {} merge value {transformation:[-0.9435909221322051f,-0.21772091999238072f,0.24946697710792567f,0.425904662631358f,-0.3095693494716435f,0.8474089739030027f,-0.43135234880125956f,5.713847869074226f,-0.1174861248718266f,-0.484247490387231f,-0.867007138676649f,0.1729999670310966f,0f,0f,0f,1f],start_interpolation:0}
execute if entity @s[tag=aj.gojo.bone.leftarm] run data modify entity @s {} merge value {transformation:[-0.9435909221322051f,-0.21772091999238072f,0.24946697710792567f,0.3125f,-0.3095693494716435f,0.8474089739030027f,-0.43135234880125956f,5.9063520282079995f,-0.1174861248718266f,-0.484247490387231f,-0.867007138676649f,0.04459521162979968f,0f,0f,0f,1f],start_interpolation:0}
execute if entity @s[tag=aj.gojo.bone.head] run data modify entity @s {} merge value {transformation:[-1f,-3.696922780915755e-17f,1.1675133413290483e-16f,-6.491594063208351e-18f,0f,0.9533469912646786f,0.3018766540270792f,6.0310686144051555f,-1.2246467991473532e-16f,0.3018766540270792f,-0.9533469912646786f,0.05300788821501883f,0f,0f,0f,1f],start_interpolation:0}
execute if entity @s[tag=aj.gojo.bone.bottom3] run data modify entity @s {} merge value {transformation:[-0.8669205331034011f,0.052078685936245206f,0.4957182665132168f,-0.24305763636068717f,0.06787287505062992f,0.9975972470856127f,0.013892639762417669f,5.05501497997833f,-0.4938036675806249f,0.04568963863241493f,-0.8683722674092966f,0.17680456357888297f,0f,0f,0f,1f],start_interpolation:0}
execute if entity @s[tag=aj.gojo.bone.rightleg] run data modify entity @s {} merge value {transformation:[-0.8669205331034011f,0.3804460256921309f,0.32203976589666256f,-0.11875f,0.06787287505062992f,0.7301706326814679f,-0.679885372693005f,5.282769097222222f,-0.4938036675806249f,-0.5675488249521863f,-0.6588218797059766f,0.0025318287037036777f,0f,0f,0f,1f],start_interpolation:0}
execute if entity @s[tag=aj.gojo.bone.bottom4] run data modify entity @s {} merge value {transformation:[-0.9431653712952052f,-0.004260488639714385f,0.33229644991502516f,0.09598901963780462f,-6.938893903907228e-18f,0.9999178166416568f,0.012820294949100919f,4.982401149788879f,-0.332323761397794f,0.012091658245782844f,-0.9430878587975191f,0.08593654336440164f,0f,0f,0f,1f],start_interpolation:0}
execute if entity @s[tag=aj.gojo.bone.leftleg] run data modify entity @s {} merge value {transformation:[-0.9431653712952052f,0.09169844458492929f,0.31942209950202666f,0.11875f,-6.938893903907228e-18f,0.9611774317866966f,-0.27593105048894045f,5.282769097222222f,-0.332323761397794f,-0.2602486116862775f,-0.9065492693316715f,0.002531828703703707f,0f,0f,0f,1f],start_interpolation:0}
execute if entity @s[tag=aj.gojo.locator_origin.purple] at @s on origin run tp @s ^0 ^5.53277 ^0.50253 ~0 ~0
execute if entity @s[tag=aj.gojo.bone.purple] run data modify entity @s {} merge value {transformation:[-1f,0f,1.2246467991473532e-16f,-6.154239954916567e-17f,0f,1f,0f,5.532769097222222f,-1.2246467991473532e-16f,0f,-1f,0.5025318287037037f,0f,0f,0f,1f],start_interpolation:0}
execute if entity @s[tag=aj.gojo.locator_origin.blue] at @s on origin run tp @s ^-1.0625 ^6.31402 ^-0.52872 ~0 ~0
execute if entity @s[tag=aj.gojo.bone.blue] run data modify entity @s {} merge value {transformation:[-1f,0f,1.2246467991473532e-16f,-1.0625f,0f,1f,0f,6.314019097222222f,-1.2246467991473532e-16f,0f,-1f,-0.5287181712962964f,0f,0f,0f,1f],start_interpolation:0}
execute if entity @s[tag=aj.gojo.locator_origin.red] at @s on origin run tp @s ^1.0625 ^6.31402 ^-0.52872 ~0 ~0
execute if entity @s[tag=aj.gojo.bone.red] run data modify entity @s {} merge value {transformation:[-1f,0f,1.2246467991473532e-16f,1.0625f,0f,1f,0f,6.314019097222222f,-1.2246467991473532e-16f,0f,-1f,-0.5287181712962962f,0f,0f,0f,1f],start_interpolation:0}
execute if entity @s[tag=aj.gojo.camera_origin.camera] at @s on origin run tp @s ^0 ^6.7052 ^5.63574 ~-180 ~0