execute if entity @s[tag=aj.gojo.locator_origin.head] at @s on origin run tp @s ^0 ^6.09251 ^0.13877 ~0 ~10.6628
execute if entity @s[tag=aj.gojo.bone.torso] run data modify entity @s {} merge value {transformation:[-1f,-2.2659461879974606e-17f,1.2035010018246163e-16f,-1.6994596409980953e-17f,0f,0.9827331461304114f,0.1850285477882358f,6.092509859597809f,-1.2246467991473532e-16f,0.1850285477882358f,-0.9827331461304114f,0.13877141084117683f,0f,0f,0f,1f],start_interpolation:0}
execute if entity @s[tag=aj.gojo.bone.bottom2] run data modify entity @s {} merge value {transformation:[-0.9387970642244448f,-0.3248151660655506f,0.11469603348578604f,-0.393344557397714f,0.34298972147942836f,-0.8505811836557199f,0.39858462209460344f,6.21166175544318f,-0.03190804229387735f,0.41352963364750844f,0.9099313814416605f,0.07945535050409436f,0f,0f,0f,1f],start_interpolation:0}
execute if entity @s[tag=aj.gojo.bone.rightarm] run data modify entity @s {} merge value {transformation:[-0.9880080900874179f,0.07637620706900154f,0.134189004451057f,-0.3125f,-0.04995231468997273f,-0.9804622351191865f,0.19025922254177918f,5.969668216331507f,0.14609852901014f,0.18127459970674695f,0.9725197886532855f,0.11564284236764734f,0f,0f,0f,1f],start_interpolation:0}
execute if entity @s[tag=aj.gojo.bone.bottom] run data modify entity @s {} merge value {transformation:[-0.9426260125894198f,0.17763883253025103f,0.28266702242578706f,0.32700441765427596f,-0.20099998308794964f,0.3740608106944363f,-0.9053604346895574f,5.8887155126008945f,-0.2665618262025059f,-0.9102323632347455f,-0.3168940481165187f,0.35986104731399043f,0f,0f,0f,1f],start_interpolation:0}
execute if entity @s[tag=aj.gojo.bone.leftarm] run data modify entity @s {} merge value {transformation:[-0.9426260125894198f,0.17763883253025103f,0.28266702242578706f,0.3125f,-0.20099998308794964f,0.3740608106944363f,-0.9053604346895574f,5.969668216331507f,-0.2665618262025059f,-0.9102323632347455f,-0.3168940481165187f,0.11564284236764742f,0f,0f,0f,1f],start_interpolation:0}
execute if entity @s[tag=aj.gojo.bone.head] run data modify entity @s {} merge value {transformation:[-1f,-6.827412570707513e-17f,1.0166730834222511e-16f,-1.6994596409980953e-17f,0f,0.8301765734659974f,0.5575005442761966f,6.092509859597809f,-1.2246467991473532e-16f,0.5575005442761966f,-0.8301765734659974f,0.13877141084117683f,0f,0f,0f,1f],start_interpolation:0}
execute if entity @s[tag=aj.gojo.bone.bottom3] run data modify entity @s {} merge value {transformation:[-0.8779745629510005f,0.06002881523299902f,0.47492863479971603f,-0.23886200804645216f,0.06425796866352065f,0.9979063226122934f,-0.007340623519008382f,5.128656810838231f,-0.47437493638917905f,0.02407306860647962f,-0.8799936971897188f,0.17840608568403693f,0f,0f,0f,1f],start_interpolation:0}
execute if entity @s[tag=aj.gojo.bone.rightleg] run data modify entity @s {} merge value {transformation:[-0.8779745629510005f,0.3667989344896269f,0.3076023544582745f,-0.11875f,0.06425796866352065f,0.7270553646909306f,-0.683565220105131f,5.35546f,-0.47437493638917905f,-0.5803869729167019f,-0.6619058704939473f,-1.4542680739874818e-17f,0f,0f,0f,1f],start_interpolation:0}
execute if entity @s[tag=aj.gojo.bone.bottom4] run data modify entity @s {} merge value {transformation:[-0.9537169507482269f,-0.0016408223332916583f,0.3007013228397486f,0.09547688506368805f,6.938893903907228e-18f,0.9999851128094903f,0.005456570295606755f,5.058466699157781f,-0.3007057995042732f,0.005204023583869455f,-0.9537027525822889f,0.0945973248882026f,0f,0f,0f,1f],start_interpolation:0}
execute if entity @s[tag=aj.gojo.bone.leftleg] run data modify entity @s {} merge value {transformation:[-0.9537169507482269f,0.09354830681116279f,0.2857843455269527f,0.11875f,6.938893903907228e-18f,0.9503785626951022f,-0.3110957852006223f,5.35546f,-0.3007057995042732f,-0.29669732365216284f,-0.9063921448700555f,1.4542680739874818e-17f,0f,0f,0f,1f],start_interpolation:0}
execute if entity @s[tag=aj.gojo.locator_origin.purple] at @s on origin run tp @s ^0 ^5.60546 ^0.5 ~0 ~0
execute if entity @s[tag=aj.gojo.bone.purple] run data modify entity @s {} merge value {transformation:[-1f,0f,1.2246467991473532e-16f,-6.123233995736766e-17f,0f,1f,0f,5.60546f,-1.2246467991473532e-16f,0f,-1f,0.5f,0f,0f,0f,1f],start_interpolation:0}
execute if entity @s[tag=aj.gojo.locator_origin.blue] at @s on origin run tp @s ^-1.0625 ^6.38671 ^-0.53125 ~0 ~0
execute if entity @s[tag=aj.gojo.bone.blue] run data modify entity @s {} merge value {transformation:[-1f,0f,1.2246467991473532e-16f,-1.0625f,0f,1f,0f,6.38671f,-1.2246467991473532e-16f,0f,-1f,-0.5312500000000001f,0f,0f,0f,1f],start_interpolation:0}
execute if entity @s[tag=aj.gojo.locator_origin.red] at @s on origin run tp @s ^1.0625 ^6.38671 ^-0.53125 ~0 ~0
execute if entity @s[tag=aj.gojo.bone.red] run data modify entity @s {} merge value {transformation:[-1f,0f,1.2246467991473532e-16f,1.0625f,0f,1f,0f,6.38671f,-1.2246467991473532e-16f,0f,-1f,-0.5312499999999999f,0f,0f,0f,1f],start_interpolation:0}
execute if entity @s[tag=aj.gojo.camera_origin.camera] at @s on origin run tp @s ^0 ^5.92688 ^1.92188 ~-180 ~0