execute if entity @s[tag=aj.gojo.locator_origin.head] at @s on origin run tp @s ^0 ^6.06773 ^0.15769 ~0 ~12.13704
execute if entity @s[tag=aj.gojo.bone.torso] run data modify entity @s {} merge value {transformation:[-1f,-2.5748269489893554e-17f,1.197272919801262e-16f,-1.9311202117420166e-17f,0f,0.9776475312186748f,0.21025057598501462f,6.067726389154746f,-1.2246467991473532e-16f,0.21025057598501462f,-0.9776475312186748f,0.15768793198876097f,0f,0f,0f,1f],start_interpolation:0}
execute if entity @s[tag=aj.gojo.bone.bottom2] run data modify entity @s {} merge value {transformation:[-0.949920030247407f,-0.28505970590428525f,0.12803476170371791f,-0.40739549619062687f,0.30923758584323463f,-0.7985131191571423f,0.5164774090275195f,6.177449523799569f,-0.044989461395014765f,0.5302053966187953f,0.8466747815777275f,0.07132334704123247f,0f,0f,0f,1f],start_interpolation:0}
execute if entity @s[tag=aj.gojo.bone.rightarm] run data modify entity @s {} merge value {transformation:[-0.9782535412875032f,0.13501859944063163f,0.15744836221297945f,-0.3125f,-0.08135448166272322f,-0.9480549246043075f,0.307527735735999f,5.945520447752412f,0.19079165933512116f,0.28803096663138683f,0.9384224555015401f,0.1314066099906341f,0f,0f,0f,1f],start_interpolation:0}
execute if entity @s[tag=aj.gojo.bone.bottom] run data modify entity @s {} merge value {transformation:[-0.943897042698337f,0.2116149990350298f,0.25353000802417497f,0.3185898154098886f,-0.1884637814982821f,0.28524671599384765f,-0.9397423657993144f,5.8859877550975925f,-0.27118218202658834f,-0.9348012640118375f,-0.22936176872610814f,0.3820558123702553f,0f,0f,0f,1f],start_interpolation:0}
execute if entity @s[tag=aj.gojo.bone.leftarm] run data modify entity @s {} merge value {transformation:[-0.943897042698337f,0.2116149990350298f,0.25353000802417497f,0.3125f,-0.1884637814982821f,0.28524671599384765f,-0.9397423657993144f,5.945520447752412f,-0.27118218202658834f,-0.9348012640118375f,-0.22936176872610814f,0.13140660999063417f,0f,0f,0f,1f],start_interpolation:0}
execute if entity @s[tag=aj.gojo.bone.head] run data modify entity @s {} merge value {transformation:[-1f,-7.452288015943585e-17f,9.717992673058021e-17f,-1.9311202117420166e-17f,0f,0.7935343218815472f,0.6085254965866206f,6.067726389154746f,-1.2246467991473532e-16f,0.6085254965866206f,-0.7935343218815472f,0.15768793198876097f,0f,0f,0f,1f],start_interpolation:0}
execute if entity @s[tag=aj.gojo.bone.bottom3] run data modify entity @s {} merge value {transformation:[-0.8779745629510005f,0.06434233965043437f,0.4743635000074391f,-0.24059012448379263f,0.06425796866352063f,0.9977984058834304f,-0.016408981678434242f,5.111607436300998f,-0.47437493638917894f,0.0160749664010017f,-0.8801761273637052f,0.1821354692743698f,0f,0f,0f,1f],start_interpolation:0}
execute if entity @s[tag=aj.gojo.bone.rightleg] run data modify entity @s {} merge value {transformation:[-0.8779745629510005f,0.3723289070891164f,0.30088511388372746f,-0.11875f,0.06425796866352063f,0.714511733580447f,-0.6966662730742048f,5.3344907407407405f,-0.47437493638917894f,-0.5923210004057671f,-0.65124822625791f,-1.4542680739874818e-17f,0f,0f,0f,1f],start_interpolation:0}
execute if entity @s[tag=aj.gojo.bone.bottom4] run data modify entity @s {} merge value {transformation:[-0.9537169507482269f,-0.004373434371227475f,0.3006739944313521f,0.09385858135980815f,1.3877787807814457e-17f,0.9998942319271076f,0.014543897651582594f,5.039313385344614f,-0.30070579950427323f,0.013870761720261693f,-0.9536160779442614f,0.0997299285040732f,0f,0f,0f,1f],start_interpolation:0}
execute if entity @s[tag=aj.gojo.bone.leftleg] run data modify entity @s {} merge value {transformation:[-0.9537169507482269f,0.09872687866357843f,0.2840369364798375f,0.11875f,1.3877787807814457e-17f,0.9445675372676048f,-0.328317175213561f,5.3344907407407405f,-0.30070579950427323f,-0.3131216552229487f,-0.9008500714186222f,1.4542680739874818e-17f,0f,0f,0f,1f],start_interpolation:0}
execute if entity @s[tag=aj.gojo.locator_origin.purple] at @s on origin run tp @s ^0 ^5.58449 ^0.5 ~0 ~0
execute if entity @s[tag=aj.gojo.bone.purple] run data modify entity @s {} merge value {transformation:[-1f,0f,1.2246467991473532e-16f,-6.123233995736766e-17f,0f,1f,0f,5.5844907407407405f,-1.2246467991473532e-16f,0f,-1f,0.5f,0f,0f,0f,1f],start_interpolation:0}
execute if entity @s[tag=aj.gojo.locator_origin.blue] at @s on origin run tp @s ^-1.0625 ^6.36574 ^-0.53125 ~0 ~0
execute if entity @s[tag=aj.gojo.bone.blue] run data modify entity @s {} merge value {transformation:[-1f,0f,1.2246467991473532e-16f,-1.0625f,0f,1f,0f,6.3657407407407405f,-1.2246467991473532e-16f,0f,-1f,-0.5312500000000001f,0f,0f,0f,1f],start_interpolation:0}
execute if entity @s[tag=aj.gojo.locator_origin.red] at @s on origin run tp @s ^1.0625 ^6.36574 ^-0.53125 ~0 ~0
execute if entity @s[tag=aj.gojo.bone.red] run data modify entity @s {} merge value {transformation:[-1f,0f,1.2246467991473532e-16f,1.0625f,0f,1f,0f,6.3657407407407405f,-1.2246467991473532e-16f,0f,-1f,-0.5312499999999999f,0f,0f,0f,1f],start_interpolation:0}
execute if entity @s[tag=aj.gojo.camera_origin.camera] at @s on origin run tp @s ^0 ^6.13843 ^4.118 ~-180 ~0