execute if entity @s[tag=aj.gojo.locator_origin.head] at @s on origin run tp @s ^0 ^5.948 ^0.19567 ~0 ~15.12294
execute if entity @s[tag=aj.gojo.bone.torso] run data modify entity @s {} merge value {transformation:[-1f,-3.194993303154315e-17f,1.1822351545229267e-16f,-2.3962449773657362e-17f,0f,0.9653682640137915f,0.26089100182834707f,5.947996198010343f,-1.2246467991473532e-16f,0.26089100182834707f,-0.9653682640137915f,0.19566825137126032f,0f,0f,0f,1f],start_interpolation:0}
execute if entity @s[tag=aj.gojo.bone.bottom2] run data modify entity @s {} merge value {transformation:[-0.9506100714799277f,-0.2847735715703849f,0.12346863948377154f,-0.4076657574010242f,0.3103683585735941f,-0.8676740762260854f,0.38834672580252805f,6.0653570429523525f,-0.0034603464074779433f,0.40748706774603005f,0.9132044215959998f,0.1367784876672185f,0f,0f,0f,1f],start_interpolation:0}
execute if entity @s[tag=aj.gojo.bone.rightarm] run data modify entity @s {} merge value {transformation:[-0.9788153446950025f,0.13595919343034601f,0.15308696453771958f,-0.3125f,-0.10967596507797739f,-0.9795465030444273f,0.1687004180719475f,5.827325165008619f,0.17289217354703348f,0.14833659728875181f,0.9737066037729122f,0.16305687614271688f,0f,0f,0f,1f],start_interpolation:0}
execute if entity @s[tag=aj.gojo.bone.bottom] run data modify entity @s {} merge value {transformation:[-0.9541222953406723f,0.13836335928845148f,0.26553008556519897f,0.3375418036366791f,-0.20414661045184135f,0.34811715943311206f,-0.9149527882624572f,5.7530550383035814f,-0.21903152050531705f,-0.9271839214064465f,-0.3038999323963279f,0.4085423265259108f,0f,0f,0f,1f],start_interpolation:0}
execute if entity @s[tag=aj.gojo.bone.leftarm] run data modify entity @s {} merge value {transformation:[-0.9541222953406723f,0.13836335928845148f,0.26553008556519897f,0.3125f,-0.20414661045184135f,0.34811715943311206f,-0.9149527882624572f,5.827325165008619f,-0.21903152050531705f,-0.9271839214064465f,-0.3038999323963279f,0.16305687614271694f,0f,0f,0f,1f],start_interpolation:0}
execute if entity @s[tag=aj.gojo.bone.head] run data modify entity @s {} merge value {transformation:[-1f,-8.38180507716556e-17f,8.928679740845642e-17f,-2.3962449773657362e-17f,0f,0.7290820297788829f,0.6844263246350948f,5.947996198010343f,-1.2246467991473532e-16f,0.6844263246350948f,-0.7290820297788829f,0.19566825137126032f,0f,0f,0f,1f],start_interpolation:0}
execute if entity @s[tag=aj.gojo.bone.bottom3] run data modify entity @s {} merge value {transformation:[-0.8779745629510005f,0.07742330710490636f,0.47240480345561575f,-0.24560598033858713f,0.06425796866352063f,0.9969641902226871f,-0.0439694993928727f,5.013452476932907f,-0.47437493638917905f,-0.00824832895568417f,-0.8802842636303352f,0.19309387673883444f,0f,0f,0f,1f],start_interpolation:0}
execute if entity @s[tag=aj.gojo.bone.rightleg] run data modify entity @s {} merge value {transformation:[-0.8779745629510005f,0.3883796458244588f,0.2798605322661049f,-0.11875f,0.06425796866352063f,0.6749412331879664f,-0.7350681908543896f,5.22397f,-0.47437493638917905f,-0.6273879042920539f,-0.6175377213367514f,-1.4542680739874818e-17f,0f,0f,0f,1f],start_interpolation:0}
execute if entity @s[tag=aj.gojo.bone.bottom4] run data modify entity @s {} merge value {transformation:[-0.9537169507482269f,-0.012678667631583887f,0.30043839508723247f,0.08900301357373827f,0f,0.9991107440645255f,0.04216302995314769f,4.934910225261792f,-0.3007057995042732f,0.040211596361222235f,-0.9528688522890114f,0.11512982205689472f,0f,0f,0f,1f],start_interpolation:0}
execute if entity @s[tag=aj.gojo.bone.leftleg] run data modify entity @s {} merge value {transformation:[-0.9537169507482269f,0.11426469557900208f,0.27815024213496947f,0.11875f,0f,0.9249912791622656f,-0.379988333339006f,5.22397f,-0.3007057995042732f,-0.3624013145919776f,-0.8821798622313379f,1.4542680739874818e-17f,0f,0f,0f,1f],start_interpolation:0}
execute if entity @s[tag=aj.gojo.locator_origin.purple] at @s on origin run tp @s ^0 ^5.47397 ^0.5 ~0 ~0
execute if entity @s[tag=aj.gojo.bone.purple] run data modify entity @s {} merge value {transformation:[-1f,0f,1.2246467991473532e-16f,-6.123233995736766e-17f,0f,1f,0f,5.47397f,-1.2246467991473532e-16f,0f,-1f,0.5f,0f,0f,0f,1f],start_interpolation:0}
execute if entity @s[tag=aj.gojo.locator_origin.blue] at @s on origin run tp @s ^-1.0625 ^6.25522 ^-0.53125 ~0 ~0
execute if entity @s[tag=aj.gojo.bone.blue] run data modify entity @s {} merge value {transformation:[-1f,0f,1.2246467991473532e-16f,-1.0625f,0f,1f,0f,6.25522f,-1.2246467991473532e-16f,0f,-1f,-0.5312500000000001f,0f,0f,0f,1f],start_interpolation:0}
execute if entity @s[tag=aj.gojo.locator_origin.red] at @s on origin run tp @s ^1.0625 ^6.25522 ^-0.53125 ~0 ~0
execute if entity @s[tag=aj.gojo.bone.red] run data modify entity @s {} merge value {transformation:[-1f,0f,1.2246467991473532e-16f,1.0625f,0f,1f,0f,6.25522f,-1.2246467991473532e-16f,0f,-1f,-0.5312499999999999f,0f,0f,0f,1f],start_interpolation:0}
execute if entity @s[tag=aj.gojo.camera_origin.camera] at @s on origin run tp @s ^0 ^6.00522 ^2.77926 ~-180 ~0