execute if entity @s[tag=aj.gojo.locator_origin.head] at @s on origin run tp @s ^0 ^6.02678 ^0.17246 ~0 ~13.29375
execute if entity @s[tag=aj.gojo.bone.torso] run data modify entity @s {} merge value {transformation:[-1f,-2.815996673608236e-17f,1.1918311163936488e-16f,-2.1119975052061772e-17f,0f,0.9732039615205363f,0.22994357847249045f,6.026777971140402f,-1.2246467991473532e-16f,0.22994357847249045f,-0.9732039615205363f,0.17245768385436783f,0f,0f,0f,1f],start_interpolation:0}
execute if entity @s[tag=aj.gojo.bone.bottom2] run data modify entity @s {} merge value {transformation:[-0.9512979842536744f,-0.2806262331337128f,0.12759726655410392f,-0.40971215464291805f,0.3061907760390856f,-0.8121097247194218f,0.4967142072507368f,6.137743307214904f,-0.035768055908568616f,0.5115923301744549f,0.8584835082185293f,0.09036755260111488f,0f,0f,0f,1f],start_interpolation:0}
execute if entity @s[tag=aj.gojo.bone.rightarm] run data modify entity @s {} merge value {transformation:[-0.9767171320956888f,0.14466933554775f,0.1584122066727981f,-0.3125f,-0.09543127050468636f,-0.9543211426844438f,0.28313252945452816f,5.905127475950335f,0.19213671299528928f,0.2614229140255888f,0.9459077880754212f,0.1437147365453065f,0f,0f,0f,1f],start_interpolation:0}
execute if entity @s[tag=aj.gojo.bone.bottom] run data modify entity @s {} merge value {transformation:[-0.947772984196521f,0.19391109210733093f,0.2532288664132971f,0.3232580384854498f,-0.19088795591423408f,0.2911909721267873f,-0.9374271203878953f,5.844260230163278f,-0.25551547646689954f,-0.9368064400448997f,-0.23896764462222594f,0.3938860638357127f,0f,0f,0f,1f],start_interpolation:0}
execute if entity @s[tag=aj.gojo.bone.leftarm] run data modify entity @s {} merge value {transformation:[-0.947772984196521f,0.19391109210733093f,0.2532288664132971f,0.3125f,-0.19088795591423408f,0.2911909721267873f,-0.9374271203878953f,5.905127475950335f,-0.25551547646689954f,-0.9368064400448997f,-0.23896764462222594f,0.14371473654530656f,0f,0f,0f,1f],start_interpolation:0}
execute if entity @s[tag=aj.gojo.bone.head] run data modify entity @s {} merge value {transformation:[-1f,-7.841545884602987e-17f,9.406706990538813e-17f,-2.1119975052061772e-17f,0f,0.7681159169393271f,0.6403108137025775f,6.026777971140402f,-1.2246467991473532e-16f,0.6403108137025775f,-0.7681159169393271f,0.17245768385436783f,0f,0f,0f,1f],start_interpolation:0}
execute if entity @s[tag=aj.gojo.bone.bottom3] run data modify entity @s {} merge value {transformation:[-0.8779745629510005f,0.06908233846803102f,0.47369641894655273f,-0.242447129676074f,0.06425796866352063f,0.9975844482372307f,-0.026385262902958284f,5.078389906088215f,-0.47437493638917894f,0.007273179979117361f,-0.8802928606882792f,0.18616819370735416f,0f,0f,0f,1f],start_interpolation:0}
execute if entity @s[tag=aj.gojo.bone.rightleg] run data modify entity @s {} merge value {transformation:[-0.8779745629510005f,0.37827132370441685f,0.2933794002207855f,-0.11875f,0.06425796866352063f,0.700437459890983f,-0.71081522088705f,5.296875f,-0.47437493638917894f,-0.605225718591317f,-0.6392732195872017f,-1.4542680739874818e-17f,0f,0f,0f,1f],start_interpolation:0}
execute if entity @s[tag=aj.gojo.bone.bottom4] run data modify entity @s {} merge value {transformation:[-0.9537169507482269f,-0.007379689743799447f,0.3006152325395196f,0.09208976559703524f,0f,0.9996988186962042f,0.024541228522912406f,5.003808367914144f,-0.30070579950427323f,0.023405385634487297f,-0.9534297090335485f,0.10533989538362189f,0f,0f,0f,1f],start_interpolation:0}
execute if entity @s[tag=aj.gojo.bone.leftleg] run data modify entity @s {} merge value {transformation:[-0.9537169507482269f,0.10438708910445173f,0.28200587491008666f,0.11875f,0f,0.9378132226747398f,-0.3471402589392637f,5.296875f,-0.30070579950427323f,-0.33107354923750454f,-0.8944083671007207f,1.4542680739874818e-17f,0f,0f,0f,1f],start_interpolation:0}
execute if entity @s[tag=aj.gojo.locator_origin.purple] at @s on origin run tp @s ^0 ^5.54688 ^0.5 ~0 ~0
execute if entity @s[tag=aj.gojo.bone.purple] run data modify entity @s {} merge value {transformation:[-1f,0f,1.2246467991473532e-16f,-6.123233995736766e-17f,0f,1f,0f,5.546875f,-1.2246467991473532e-16f,0f,-1f,0.5f,0f,0f,0f,1f],start_interpolation:0}
execute if entity @s[tag=aj.gojo.locator_origin.blue] at @s on origin run tp @s ^-1.0625 ^6.32813 ^-0.53125 ~0 ~0
execute if entity @s[tag=aj.gojo.bone.blue] run data modify entity @s {} merge value {transformation:[-1f,0f,1.2246467991473532e-16f,-1.0625f,0f,1f,0f,6.328125f,-1.2246467991473532e-16f,0f,-1f,-0.5312500000000001f,0f,0f,0f,1f],start_interpolation:0}
execute if entity @s[tag=aj.gojo.locator_origin.red] at @s on origin run tp @s ^1.0625 ^6.32813 ^-0.53125 ~0 ~0
execute if entity @s[tag=aj.gojo.bone.red] run data modify entity @s {} merge value {transformation:[-1f,0f,1.2246467991473532e-16f,1.0625f,0f,1f,0f,6.328125f,-1.2246467991473532e-16f,0f,-1f,-0.5312499999999999f,0f,0f,0f,1f],start_interpolation:0}
execute if entity @s[tag=aj.gojo.camera_origin.camera] at @s on origin run tp @s ^0 ^6.10618 ^3.83885 ~-180 ~0