execute if entity @s[tag=aj.gojo.locator_origin.head] at @s on origin run tp @s ^0 ^6.09303 ^0.14653 ~0 ~11.26669
execute if entity @s[tag=aj.gojo.bone.torso] run data modify entity @s {} merge value {transformation:[-1f,-2.3926664936781418e-17f,1.2010458996899982e-16f,-1.7944998702586065e-17f,0f,0.9807284031005618f,0.19537604600314223f,6.093026951920328f,-1.2246467991473532e-16f,0.19537604600314223f,-0.9807284031005618f,0.1465320345023567f,0f,0f,0f,1f],start_interpolation:0}
execute if entity @s[tag=aj.gojo.bone.bottom2] run data modify entity @s {} merge value {transformation:[-0.9467425490271636f,-0.29591209593618556f,0.1269432051753942f,-0.4033080967610934f,0.3185088540883056f,-0.8028234721058007f,0.5040104984058776f,6.204298948270233f,-0.04722981821797574f,0.5176007188119433f,0.8543177629877872f,0.06321847644355597f,0f,0f,0f,1f],start_interpolation:0}
execute if entity @s[tag=aj.gojo.bone.rightarm] run data modify entity @s {} merge value {transformation:[-0.9810896446004765f,0.1179599758942546f,0.15345537900229306f,-0.3125f,-0.06807615425544399f,-0.9524712255137572f,0.2969245725602898f,5.970435901532759f,0.18118704832161578f,0.2808629713140355f,0.9424899176464181f,0.12211002875196385f,0f,0f,0f,1f],start_interpolation:0}
execute if entity @s[tag=aj.gojo.bone.bottom] run data modify entity @s {} merge value {transformation:[-0.9415456635254956f,0.21409378350422084f,0.26010693062888945f,0.3178231580942883f,-0.19000813148180873f,0.3000835845706121f,-0.9347977065879244f,5.907290513607719f,-0.278188197929254f,-0.9295771587857027f,-0.24186283798213837f,0.371891080818968f,0f,0f,0f,1f],start_interpolation:0}
execute if entity @s[tag=aj.gojo.bone.leftarm] run data modify entity @s {} merge value {transformation:[-0.9415456635254956f,0.21409378350422084f,0.26010693062888945f,0.3125f,-0.19000813148180873f,0.3000835845706121f,-0.9347977065879244f,5.970435901532759f,-0.278188197929254f,-0.9295771587857027f,-0.24186283798213837f,0.12211002875196393f,0f,0f,0f,1f],start_interpolation:0}
execute if entity @s[tag=aj.gojo.bone.head] run data modify entity @s {} merge value {transformation:[-1f,-7.129754895650056e-17f,9.957036376057879e-17f,-1.7944998702586065e-17f,0f,0.8130537215293712f,0.5821886686523876f,6.093026951920328f,-1.2246467991473532e-16f,0.5821886686523876f,-0.8130537215293712f,0.1465320345023567f,0f,0f,0f,1f],start_interpolation:0}
execute if entity @s[tag=aj.gojo.bone.bottom3] run data modify entity @s {} merge value {transformation:[-0.8779745629510005f,0.061113548641657994f,0.4747902705231261f,-0.239299974954315f,0.06425796866352063f,0.9978869506581312f,-0.009620143941482528f,5.131655756062569f,-0.47437493638917894f,0.022062816652470618f,-0.8800463918721115f,0.17934919430993285f,0f,0f,0f,1f],start_interpolation:0}
execute if entity @s[tag=aj.gojo.bone.rightleg] run data modify entity @s {} merge value {transformation:[-0.8779745629510005f,0.36820042859478797f,0.3059233747094426f,-0.11875f,0.06425796866352063f,0.7239248186767533f,-0.6868797350097526f,5.357480649594907f,-0.47437493638917894f,-0.5834049205195688f,-0.6592473878896435f,-1.4542680739874818e-17f,0f,0f,0f,1f],start_interpolation:0}
execute if entity @s[tag=aj.gojo.bone.bottom4] run data modify entity @s {} merge value {transformation:[-0.9537169507482269f,-0.002327716762136639f,0.3006967901228402f,0.09506917651555814f,0f,0.9999700392162445f,0.007740844260316904f,5.060934598973878f,-0.3007057995042732f,0.0073825743841663405f,-0.9536883766409016f,0.09589041120033047f,0f,0f,0f,1f],start_interpolation:0}
execute if entity @s[tag=aj.gojo.bone.leftleg] run data modify entity @s {} merge value {transformation:[-0.9537169507482269f,0.09485297416517847f,0.28535397517386035f,0.11875f,0f,0.9489473619872947f,-0.3154344689113006f,5.357480649594907f,-0.3007057995042732f,-0.300835199850972f,-0.9050271844950966f,1.4542680739874818e-17f,0f,0f,0f,1f],start_interpolation:0}
execute if entity @s[tag=aj.gojo.locator_origin.purple] at @s on origin run tp @s ^0 ^5.60748 ^0.5 ~0 ~0
execute if entity @s[tag=aj.gojo.bone.purple] run data modify entity @s {} merge value {transformation:[-1f,0f,1.2246467991473532e-16f,-6.123233995736766e-17f,0f,1f,0f,5.607480649594907f,-1.2246467991473532e-16f,0f,-1f,0.5f,0f,0f,0f,1f],start_interpolation:0}
execute if entity @s[tag=aj.gojo.locator_origin.blue] at @s on origin run tp @s ^-1.0625 ^6.38873 ^-0.53125 ~0 ~0
execute if entity @s[tag=aj.gojo.bone.blue] run data modify entity @s {} merge value {transformation:[-1f,0f,1.2246467991473532e-16f,-1.0625f,0f,1f,0f,6.388730649594907f,-1.2246467991473532e-16f,0f,-1f,-0.5312500000000001f,0f,0f,0f,1f],start_interpolation:0}
execute if entity @s[tag=aj.gojo.locator_origin.red] at @s on origin run tp @s ^1.0625 ^6.38873 ^-0.53125 ~0 ~0
execute if entity @s[tag=aj.gojo.bone.red] run data modify entity @s {} merge value {transformation:[-1f,0f,1.2246467991473532e-16f,1.0625f,0f,1f,0f,6.388730649594907f,-1.2246467991473532e-16f,0f,-1f,-0.5312499999999999f,0f,0f,0f,1f],start_interpolation:0}
execute if entity @s[tag=aj.gojo.camera_origin.camera] at @s on origin run tp @s ^0 ^6.16414 ^4.31773 ~-180 ~0