execute if entity @s[tag=aj.gojo.locator_origin.head] at @s on origin run tp @s ^0 ^6.11361 ^0.13024 ~0 ~10
execute if entity @s[tag=aj.gojo.bone.torso] run data modify entity @s {} merge value {transformation:[-1f,-2.1265768495757713e-17f,1.2060416625018976e-16f,-1.5949326371818283e-17f,0f,0.984807753012208f,0.17364817766693033f,6.113605814759156f,-1.2246467991473532e-16f,0.17364817766693033f,-0.984807753012208f,0.13023613325019776f,0f,0f,0f,1f],start_interpolation:0}
execute if entity @s[tag=aj.gojo.bone.bottom2] run data modify entity @s {} merge value {transformation:[-0.9363094680419843f,-0.3324527457946106f,0.11313598838813567f,-0.3912359090767668f,0.3491573176440145f,-0.8468005743702954f,0.4012704259994431f,6.232961343720268f,-0.03759983498066363f,0.4152155573431248f,0.9089457042913319f,0.07082396887726566f,0f,0f,0f,1f],start_interpolation:0}
execute if entity @s[tag=aj.gojo.bone.rightarm] run data modify entity @s {} merge value {transformation:[-0.9890851558445665f,0.06767234734592566f,0.13088547624783287f,-0.3125f,-0.041429471658633935f,-0.9801833602652094f,0.19371158751424594f,5.99050484563263f,0.14140068375370776f,0.1861747395966899f,0.9722884412406069f,0.10853011104183141f,0f,0f,0f,1f],start_interpolation:0}
execute if entity @s[tag=aj.gojo.bone.bottom] run data modify entity @s {} merge value {transformation:[-0.9405417769749348f,0.18322802600645077f,0.2860221254564261f,0.32547685455932074f,-0.20120046555805854f,0.3779152573655752f,-0.9037136885704073f,5.908601060388615f,-0.2736778003858783f,-0.9075282633263222f,-0.3185795235727759f,0.35251703939752943f,0f,0f,0f,1f],start_interpolation:0}
execute if entity @s[tag=aj.gojo.bone.leftarm] run data modify entity @s {} merge value {transformation:[-0.9405417769749348f,0.18322802600645077f,0.2860221254564261f,0.3125f,-0.20120046555805854f,0.3779152573655752f,-0.9037136885704073f,5.99050484563263f,-0.2736778003858783f,-0.9075282633263222f,-0.3185795235727759f,0.1085301110418315f,0f,0f,0f,1f],start_interpolation:0}
execute if entity @s[tag=aj.gojo.bone.head] run data modify entity @s {} merge value {transformation:[-1f,-6.580022455450642e-17f,1.0328566345430087e-16f,-1.5949326371818283e-17f,0f,0.8433914458128856f,0.5372996083468238f,6.113605814759156f,-1.2246467991473532e-16f,0.5372996083468238f,-0.8433914458128856f,0.13023613325019776f,0f,0f,0f,1f],start_interpolation:0}
execute if entity @s[tag=aj.gojo.bone.bottom3] run data modify entity @s {} merge value {transformation:[-0.8779745629510005f,0.057436440091409524f,0.4752491158967321f,-0.2378061642885315f,0.06425796866352068f,0.9979315212190026f,-0.001895368239983375f,5.145879174160252f,-0.47437493638917894f,0.02887445769452751f,-0.8798492401648191f,0.1761379840108717f,0f,0f,0f,1f],start_interpolation:0}
execute if entity @s[tag=aj.gojo.bone.rightleg] run data modify entity @s {} merge value {transformation:[-0.8779745629510005f,0.3634202344642808f,0.31158690600364886f,-0.11875f,0.06425796866352068f,0.7344718020604637f,-0.675590175654807f,5.375f,-0.47437493638917894f,-0.5731290475625731f,-0.6682002054517646f,-1.4542680739874818e-17f,0f,0f,0f,1f],start_interpolation:0}
execute if entity @s[tag=aj.gojo.bone.bottom4] run data modify entity @s {} merge value {transformation:[-0.9537169507482269f,1.3877787807814457e-17f,0.3007057995042731f,0.09645323786233138f,6.938893903907228e-18f,1f,0f,5.076963452891179f,-0.3007057995042732f,5.551115123125783e-17f,-0.9537169507482269f,0.09150072942675265f,0f,0f,0f,1f],start_interpolation:0}
execute if entity @s[tag=aj.gojo.bone.leftleg] run data modify entity @s {} merge value {transformation:[-0.9537169507482269f,0.09042397785550411f,0.2867882181755231f,0.11875f,6.938893903907228e-18f,0.9537169507482269f,-0.30070579950427306f,5.375f,-0.3007057995042732f,-0.28678821817552297f,-0.909576022144496f,1.4542680739874818e-17f,0f,0f,0f,1f],start_interpolation:0}
execute if entity @s[tag=aj.gojo.locator_origin.purple] at @s on origin run tp @s ^0 ^5.625 ^0.5 ~0 ~0
execute if entity @s[tag=aj.gojo.bone.purple] run data modify entity @s {} merge value {transformation:[-1f,0f,1.2246467991473532e-16f,-6.123233995736766e-17f,0f,1f,0f,5.625f,-1.2246467991473532e-16f,0f,-1f,0.5f,0f,0f,0f,1f],start_interpolation:0}
execute if entity @s[tag=aj.gojo.locator_origin.blue] at @s on origin run tp @s ^-1.0625 ^6.40625 ^-0.53125 ~0 ~0
execute if entity @s[tag=aj.gojo.bone.blue] run data modify entity @s {} merge value {transformation:[-1f,0f,1.2246467991473532e-16f,-1.0625f,0f,1f,0f,6.40625f,-1.2246467991473532e-16f,0f,-1f,-0.5312500000000001f,0f,0f,0f,1f],start_interpolation:0}
execute if entity @s[tag=aj.gojo.locator_origin.red] at @s on origin run tp @s ^1.0625 ^6.40625 ^-0.53125 ~0 ~0
execute if entity @s[tag=aj.gojo.bone.red] run data modify entity @s {} merge value {transformation:[-1f,0f,1.2246467991473532e-16f,1.0625f,0f,1f,0f,6.40625f,-1.2246467991473532e-16f,0f,-1f,-0.5312499999999999f,0f,0f,0f,1f],start_interpolation:0}
execute if entity @s[tag=aj.gojo.camera_origin.camera] at @s on origin run tp @s ^0 ^5.92688 ^1.92188 ~-180 ~0