execute if entity @s[tag=aj.gojo.locator_origin.head] at @s on origin run tp @s ^0 ^6.05798 ^0.16145 ~0 ~12.43135
execute if entity @s[tag=aj.gojo.bone.torso] run data modify entity @s {} merge value {transformation:[-1f,-2.6362928997723378e-17f,1.1959345216724691e-16f,-1.9772196748292534e-17f,0f,0.9765546462091154f,0.21526965175655768f,6.0579775080943365f,-1.2246467991473532e-16f,0.21526965175655768f,-0.9765546462091154f,0.16145223881741827f,0f,0f,0f,1f],start_interpolation:0}
execute if entity @s[tag=aj.gojo.bone.bottom2] run data modify entity @s {} merge value {transformation:[-0.9505259272011187f,-0.28303672263864593f,0.12802607295558036f,-0.4082714213520376f,0.30761961599221155f,-0.8002326885470274f,0.5147793857931765f,6.167722996196455f,-0.04325082167147383f,0.5286944843846679f,0.8477095661876017f,0.07541676513830751f,0f,0f,0f,1f],start_interpolation:0}
execute if entity @s[tag=aj.gojo.bone.rightarm] run data modify entity @s {} merge value {transformation:[-0.9776493869036397f,0.13867333868224038f,0.15802335721550148f,-0.3125f,-0.08527688974661173f,-0.9485784979496819f,0.3048387857584223f,5.935908177318197f,0.19217057100940702f,0.2845497115905158f,0.9392028179640818f,0.13454353234784852f,0f,0f,0f,1f],start_interpolation:0}
execute if entity @s[tag=aj.gojo.bone.bottom] run data modify entity @s {} merge value {transformation:[-0.9448335965606568f,0.20840756802581467f,0.25269697346786635f,0.3194502077785874f,-0.18865367371384412f,0.28442746830484833f,-0.9399525555409515f,5.8765921648491f,-0.2677671865717018f,-0.9357709660292203f,-0.2294197745012743f,0.385221723015885f,0f,0f,0f,1f],start_interpolation:0}
execute if entity @s[tag=aj.gojo.bone.leftarm] run data modify entity @s {} merge value {transformation:[-0.9448335965606568f,0.20840756802581467f,0.25269697346786635f,0.3125f,-0.18865367371384412f,0.28442746830484833f,-0.9399525555409515f,5.935908177318197f,-0.2677671865717018f,-0.9357709660292203f,-0.2294197745012743f,0.13454353234784858f,0f,0f,0f,1f],start_interpolation:0}
execute if entity @s[tag=aj.gojo.bone.head] run data modify entity @s {} merge value {transformation:[-1f,-7.555038252657316e-17f,9.63832844776886e-17f,-1.9772196748292534e-17f,0f,0.7870292442261262f,0.6169156901334676f,6.0579775080943365f,-1.2246467991473532e-16f,0.6169156901334676f,-0.7870292442261262f,0.16145223881741827f,0f,0f,0f,1f],start_interpolation:0}
execute if entity @s[tag=aj.gojo.bone.bottom3] run data modify entity @s {} merge value {transformation:[-0.8779745629510005f,0.06550775495149402f,0.4742039654539115f,-0.24105080376587384f,0.06425796866352063f,0.9977550733182858f,-0.018860729860218584f,5.103750820589247f,-0.47437493638917894f,0.013912142496292246f,-0.8802129696936563f,0.1831333885455765f,0f,0f,0f,1f],start_interpolation:0}
execute if entity @s[tag=aj.gojo.bone.rightleg] run data modify entity @s {} merge value {transformation:[-0.8779745629510005f,0.3738030807917763f,0.29905170723735436f,-0.11875f,0.06425796866352063f,0.711079408487681f,-0.7001692568858245f,5.3255615234375f,-0.47437493638917894f,-0.5955143420736285f,-0.6483294595422732f,-1.4542680739874818e-17f,0f,0f,0f,1f],start_interpolation:0}
execute if entity @s[tag=aj.gojo.bone.bottom4] run data modify entity @s {} merge value {transformation:[-0.9537169507482269f,-0.005112239560180504f,0.30066234027923f,0.09342274418376753f,0f,0.9998554759332383f,0.017000801343400262f,5.030891945642786f,-0.30070579950427323f,0.01621395241750412f,-0.9535791156959652f,0.10111222742628034f,0f,0f,0f,1f],start_interpolation:0}
execute if entity @s[tag=aj.gojo.bone.leftleg] run data modify entity @s {} merge value {transformation:[-0.9537169507482269f,0.10012155762690847f,0.283548323137108f,0.11875f,0f,0.9429426489430863f,-0.3329551933882329f,5.3255615234375f,-0.30070579950427323f,-0.3175450117740116f,-0.8993003878804561f,1.4542680739874818e-17f,0f,0f,0f,1f],start_interpolation:0}
execute if entity @s[tag=aj.gojo.locator_origin.purple] at @s on origin run tp @s ^0 ^5.57556 ^0.5 ~0 ~0
execute if entity @s[tag=aj.gojo.bone.purple] run data modify entity @s {} merge value {transformation:[-1f,0f,1.2246467991473532e-16f,-6.123233995736766e-17f,0f,1f,0f,5.5755615234375f,-1.2246467991473532e-16f,0f,-1f,0.5f,0f,0f,0f,1f],start_interpolation:0}
execute if entity @s[tag=aj.gojo.locator_origin.blue] at @s on origin run tp @s ^-1.0625 ^6.35681 ^-0.53125 ~0 ~0
execute if entity @s[tag=aj.gojo.bone.blue] run data modify entity @s {} merge value {transformation:[-1f,0f,1.2246467991473532e-16f,-1.0625f,0f,1f,0f,6.3568115234375f,-1.2246467991473532e-16f,0f,-1f,-0.5312500000000001f,0f,0f,0f,1f],start_interpolation:0}
execute if entity @s[tag=aj.gojo.locator_origin.red] at @s on origin run tp @s ^1.0625 ^6.35681 ^-0.53125 ~0 ~0
execute if entity @s[tag=aj.gojo.bone.red] run data modify entity @s {} merge value {transformation:[-1f,0f,1.2246467991473532e-16f,1.0625f,0f,1f,0f,6.3568115234375f,-1.2246467991473532e-16f,0f,-1f,-0.5312499999999999f,0f,0f,0f,1f],start_interpolation:0}
execute if entity @s[tag=aj.gojo.camera_origin.camera] at @s on origin run tp @s ^0 ^6.13015 ^4.04936 ~-180 ~0