execute if entity @s[tag=aj.toji.locator_origin.head] at @s on origin run tp @s ^0.00069 ^1.49918 ^-0.03506 ~1.12 ~-2.68
execute if entity @s[tag=aj.toji.bone.blade2] run data modify entity @s {} merge value {transformation:[0.13970599867832198f,-0.20198060604646303f,0.9693740602648682f,-0.5225312472981916f,0.9892334375054392f,0.0715585647071593f,-0.1276580508163249f,0.8406770520598548f,-0.04358256594631382f,0.9767718293430431f,0.20980312997517556f,0.31297145241416285f,0f,0f,0f,1f],start_interpolation:0}
execute if entity @s[tag=aj.toji.bone.chain2] run data modify entity @s {} merge value {transformation:[-1.5045493227027642f,0.2168353521153126f,0.31349073230128155f,-0.43357633253489175f,0.1981359330378379f,1.535372731128234f,-0.11106485563923688f,0.9495054101168041f,-0.32563194131563744f,-0.06764377422917452f,-1.5160312767928483f,-0.029371609150372686f,0f,0f,0f,1f],start_interpolation:0}
execute if entity @s[tag=aj.toji.bone.bottom2] run data modify entity @s {} merge value {transformation:[-0.9693740602648682f,0.1397059986783222f,0.20198060604646326f,-0.40738145778270635f,0.12765805081632509f,0.9892334375054392f,-0.07155856470715932f,1.134986679649074f,-0.20980312997517578f,-0.043582565946313774f,-0.9767718293430431f,-0.03754334026530652f,0f,0f,0f,1f],start_interpolation:0}
execute if entity @s[tag=aj.toji.bone.rightarm] run data modify entity @s {} merge value {transformation:[-0.9693740602648682f,0.1397059986783222f,0.20198060604646326f,-0.31186907934657154f,0.12765805081632509f,0.9892334375054392f,-0.07155856470715932f,1.3743164108494135f,-0.20980312997517578f,-0.043582565946313774f,-0.9767718293430431f,-0.035326286128436475f,0f,0f,0f,1f],start_interpolation:0}
execute if entity @s[tag=aj.toji.bone.chain] run data modify entity @s {} merge value {transformation:[-0.7623934971494136f,1.3016414051768799f,0.3653060106876949f,0.38450423987160176f,-1.3083947348821185f,-0.6048208026659875f,-0.5755499005354215f,1.3429209799827444f,-0.34032638282705907f,-0.5906641368855416f,1.3943659864469662f,0.2224698959521368f,0f,0f,0f,1f],start_interpolation:0}
execute if entity @s[tag=aj.toji.bone.blade] run data modify entity @s {} merge value {transformation:[-0.8386414422616139f,-0.23536494648334716f,-0.4912065484989508f,0.03319090933326152f,0.389683201717683f,0.37082409698926466f,-0.8429925808636469f,1.5968031688334121f,0.38056212846316767f,-0.8983834543550923f,-0.21927068960669563f,0.03575881225663169f,0f,0f,0f,1f],start_interpolation:0}
execute if entity @s[tag=aj.toji.bone.bottom] run data modify entity @s {} merge value {transformation:[-0.491206548498951f,0.8386414422616137f,0.23536494648334705f,0.38450423987160176f,-0.8429925808636467f,-0.38968320171768317f,-0.37082409698926483f,1.3429209799827444f,-0.21927068960669574f,-0.3805621284631677f,0.8983834543550923f,0.2224698959521368f,0f,0f,0f,1f],start_interpolation:0}
execute if entity @s[tag=aj.toji.bone.leftarm] run data modify entity @s {} merge value {transformation:[-0.491206548498951f,-0.1631692646530362f,0.8556237010417229f,0.3130115144271583f,-0.8429925808636467f,0.33632986868258796f,-0.41981630273347087f,1.3743164108494135f,-0.21927068960669574f,-0.9275009490585662f,-0.30275791348016573f,-0.023109759412923245f,0f,0f,0f,1f],start_interpolation:0}
execute if entity @s[tag=aj.toji.locator_origin.mount] at @s on origin run tp @s ^-0.0001 ^1.73024 ^0.06038 ~-5.26024 ~22.34277
execute if entity @s[tag=aj.toji.bone.head] run data modify entity @s {} merge value {transformation:[-0.9963932703849393f,-0.003154048060762485f,-0.08479683197169414f,0.0006854610483520324f,-0.03527761675437743f,0.9242531742076547f,0.3801467607690558f,1.4991796930192962f,0.07717473995898269f,0.3817671043292034f,-0.9210309102111387f,-0.03506162732481583f,0f,0f,0f,1f],start_interpolation:0}
execute if entity @s[tag=aj.toji.bone.upper] run data modify entity @s {} merge value {transformation:[-0.9998089500379678f,0.0009139480644693765f,0.019525063966912497f,0f,5.421010862427522e-20f,0.9989062573590616f,-0.046757769503176075f,0.75f,-0.019546442744821167f,-0.046748836433087776f,-0.9987154163565194f,0f,0f,0f,0f,1f],start_interpolation:0}