execute if entity @s[tag=aj.toji.locator_origin.head] at @s on origin run tp @s ^-0.00235 ^1.49929 ^-0.03263 ~-4.12 ~-2.5
execute if entity @s[tag=aj.toji.bone.blade2] run data modify entity @s {} merge value {transformation:[0.13329518509194152f,-0.10921588730045725f,0.9850402446562673f,-0.48966621726099757f,0.9896623396164158f,0.06774239199350493f,-0.1264097380424484f,0.8391266302582104f,-0.05292303067915849f,0.9917070425726401f,0.11711658522839836f,0.35989198857319177f,0f,0f,0f,1f],start_interpolation:0}
execute if entity @s[tag=aj.toji.bone.chain2] run data modify entity @s {} merge value {transformation:[-1.5288645463935817f,0.2068852351947846f,0.1695121584142517f,-0.4335327487845632f,0.19619844758671712f,1.5360384229463122f,-0.1051418375732525f,0.9493284735341323f,-0.18177469998991033f,-0.08214095386661054f,-1.5392119723262854f,0.011094127864885263f,0f,0f,0f,1f],start_interpolation:0}
execute if entity @s[tag=aj.toji.bone.bottom2] run data modify entity @s {} merge value {transformation:[-0.9850402446562673f,0.13329518509194174f,0.10921588730045748f,-0.4085399015798241f,0.1264097380424486f,0.9896623396164158f,-0.06774239199350496f,1.1348901622122103f,-0.1171165852283986f,-0.05292303067915846f,-0.9917070425726401f,0.0011710596125430513f,0f,0f,0f,1f],start_interpolation:0}
execute if entity @s[tag=aj.toji.bone.rightarm] run data modify entity @s {} merge value {transformation:[-0.9850402446562673f,0.13329518509194174f,0.10921588730045748f,-0.313651090015822f,0.1264097380424486f,0.9896623396164158f,-0.06774239199350496f,1.374405138488661f,-0.1171165852283986f,-0.05292303067915846f,-0.9917070425726401f,-0.0047399114804716515f,0f,0f,0f,1f],start_interpolation:0}
execute if entity @s[tag=aj.toji.bone.chain] run data modify entity @s {} merge value {transformation:[-0.8109060688738067f,1.2111476123667833f,0.5333999270087881f,0.4068748296009378f,-1.2962524673738403f,-0.6008338724003682f,-0.6063751909624271f,1.339880850389699f,-0.26669001087774374f,-0.7622878671773082f,1.3254268441763997f,0.18653011165001399f,0f,0f,0f,1f],start_interpolation:0}
execute if entity @s[tag=aj.toji.bone.blade] run data modify entity @s {} merge value {transformation:[-0.7803367166926927f,-0.3436670670660649f,-0.5224629705495664f,0.037063337215301306f,0.38711444127808936f,0.3906846867945837f,-0.8351693749522731f,1.5997739643198248f,0.4911384916041716f,-0.8539662888653312f,-0.17182712110243883f,0.05076089483151805f,0f,0f,0f,1f],start_interpolation:0}
execute if entity @s[tag=aj.toji.bone.bottom] run data modify entity @s {} merge value {transformation:[-0.5224629705495667f,0.7803367166926926f,0.3436670670660648f,0.4068748296009378f,-0.8351693749522728f,-0.3871144412780895f,-0.39068468679458385f,1.339880850389699f,-0.17182712110243892f,-0.49113849160417167f,0.8539662888653312f,0.18653011165001399f,0f,0f,0f,1f],start_interpolation:0}
execute if entity @s[tag=aj.toji.bone.leftarm] run data modify entity @s {} merge value {transformation:[-0.5224629705495667f,-0.25794852371045607f,0.812708436968707f,0.30973376301397587f,-0.8351693749522728f,0.3468894961339164f,-0.4268018188969994f,1.374405138488661f,-0.17182712110243892f,-0.9017373434584781f,-0.3966676239196916f,-0.04964341928350796f,0f,0f,0f,1f],start_interpolation:0}
execute if entity @s[tag=aj.toji.locator_origin.mount] at @s on origin run tp @s ^0.00655 ^1.7296 ^0.06421 ~-13.98102 ~22.65291
execute if entity @s[tag=aj.toji.bone.head] run data modify entity @s {} merge value {transformation:[-0.9741770043656364f,0.03559572144141442f,-0.22296212409344335f,-0.002350396201107634f,-0.054488004572052946f,0.9212449916128633f,0.3851476636122456f,1.4992861661863932f,0.21911234908820348f,0.38735075841319944f,-0.8955161463836195f,-0.032629998458387766f,0f,0f,0f,1f],start_interpolation:0}
execute if entity @s[tag=aj.toji.bone.upper] run data modify entity @s {} merge value {transformation:[-0.9974157648476766f,-0.0031338616014768453f,-0.0717772313814568f,0f,0f,0.9990482215818578f,-0.04361938736533601f,0.75f,0.07184561248485809f,-0.04350666461118369f,-0.9964664460487797f,0f,0f,0f,0f,1f],start_interpolation:0}