execute if entity @s[tag=aj.toji.locator_origin.head] at @s on origin run tp @s ^-0.00285 ^1.49929 ^-0.03259 ~-5 ~-2.5
execute if entity @s[tag=aj.toji.bone.blade2] run data modify entity @s {} merge value {transformation:[0.13434046209480816f,-0.09642221446019969f,0.9862329323251909f,-0.4859672772516437f,0.9894012407150653f,0.06840838199600355f,-0.12808387152244555f,0.8396110834951878f,-0.05511646864271047f,0.9929869333638183f,0.10459027226791698f,0.36719578086984844f,0f,0f,0f,1f],start_interpolation:0}
execute if entity @s[tag=aj.toji.bone.chain2] run data modify entity @s {} merge value {transformation:[-1.5307156970463902f,0.2085075922096505f,0.14965531202676863f,-0.43410040365548835f,0.198796842258796f,1.5356331756931745f,-0.10617550955629723f,0.949547337645973f,-0.16233281841582986f,-0.08554535237254018f,-1.5411984694917598f,0.017654356105985522f,0f,0f,0f,1f],start_interpolation:0}
execute if entity @s[tag=aj.toji.bone.bottom2] run data modify entity @s {} merge value {transformation:[-0.9862329323251909f,0.13434046209480838f,0.09642221446019991f,-0.4089115670127118f,0.12808387152244574f,0.9894012407150653f,-0.06840838199600358f,1.1350600702800477f,-0.10459027226791721f,-0.05511646864271045f,-0.9929869333638183f,0.0073200182354773114f,0f,0f,0f,1f],start_interpolation:0}
execute if entity @s[tag=aj.toji.bone.rightarm] run data modify entity @s {} merge value {transformation:[-0.9862329323251909f,0.13434046209480838f,0.09642221446019991f,-0.31368689321868526f,0.12808387152244574f,0.9894012407150653f,-0.06840838199600358f,1.374405138488661f,-0.10459027226791721f,-0.05511646864271045f,-0.9929869333638183f,0.00007779309154452504f,0f,0f,0f,1f],start_interpolation:0}
execute if entity @s[tag=aj.toji.bone.chain] run data modify entity @s {} merge value {transformation:[-0.7965912528372323f,1.228182265209621f,0.515726063854527f,0.40652430924463956f,-1.306339219520914f,-0.6027468716827992f,-0.5823544675102958f,1.342025952968141f,-0.2605434571349079f,-0.7329578471592173f,1.3430757889423173f,0.181897909702769f,0f,0f,0f,1f],start_interpolation:0}
execute if entity @s[tag=aj.toji.bone.blade] run data modify entity @s {} merge value {transformation:[-0.7913120634907626f,-0.3322798800673464f,-0.5132400018280151f,0.037092177104798396f,0.3883469777285147f,0.3752082475234119f,-0.8416682219732065f,1.5969871736643115f,0.472241297498556f,-0.8653374210635063f,-0.16786692540235668f,0.036114074906086396f,0f,0f,0f,1f],start_interpolation:0}
execute if entity @s[tag=aj.toji.bone.bottom] run data modify entity @s {} merge value {transformation:[-0.5132400018280154f,0.7913120634907624f,0.33227988006734627f,0.40652430924463956f,-0.8416682219732062f,-0.38834697772851484f,-0.3752082475234121f,1.342025952968141f,-0.16786692540235676f,-0.47224129749855603f,0.8653374210635063f,0.181897909702769f,0f,0f,0f,1f],start_interpolation:0}
execute if entity @s[tag=aj.toji.bone.leftarm] run data modify entity @s {} merge value {transformation:[-0.5132400018280154f,-0.26204806416693177f,0.8172609819329087f,0.3089347930886557f,-0.8416682219732062f,0.33993379757538134f,-0.4195707537310499f,1.374405138488661f,-0.16786692540235676f,-0.9032030919634539f,-0.39502515112789505f,-0.054394546125741766f,0f,0f,0f,1f],start_interpolation:0}
execute if entity @s[tag=aj.toji.locator_origin.mount] at @s on origin run tp @s ^0.00782 ^1.73034 ^0.06227 ~-18.48632 ~21.9986
execute if entity @s[tag=aj.toji.bone.head] run data modify entity @s {} merge value {transformation:[-0.9548545892890876f,0.04267336980073483f,-0.29399268158139175f,-0.0028512600780177533f,-0.07402675690660816f,0.9242331548376232f,0.3745839221867165f,1.4992861661863932f,0.2877025418300259f,0.37943650194564027f,-0.8793492982972114f,-0.03259005182051835f,0f,0f,0f,1f],start_interpolation:0}
execute if entity @s[tag=aj.toji.bone.upper] run data modify entity @s {} merge value {transformation:[-0.9961946980917455f,-0.0038016801040236707f,-0.08707278979269369f,0f,2.168404344971009e-19f,0.9990482215818578f,-0.043619387365336f,0.75f,0.08715574274765807f,-0.0434534024273578f,-0.9952465414778341f,0f,0f,0f,0f,1f],start_interpolation:0}