execute if entity @s[tag=aj.toji.locator_origin.head] at @s on origin run tp @s ^0.00051 ^1.4999 ^-0.01229 ~2.36 ~-0.94
execute if entity @s[tag=aj.toji.bone.blade2] run data modify entity @s {} merge value {transformation:[0.049831410726468385f,-0.10652409995790742f,0.9930606459996126f,-0.4396223614456794f,0.998654610716506f,0.019595910830741477f,-0.04801009032877743f,0.812959196718007f,-0.014345696207356083f,0.9941170033788133f,0.10735727545655616f,0.3208787570654456f,0f,0f,0f,1f],start_interpolation:0}
execute if entity @s[tag=aj.toji.bone.chain2] run data modify entity @s {} merge value {transformation:[-1.5413128776452323f,0.07734250206503983f,0.1653342801430025f,-0.39568026304114695f,0.07451566103112364f,1.549995177049577f,-0.03041448660188002f,0.9410051278586644f,-0.1666274379481969f,-0.02226571598850055f,-1.5429524323275332f,-0.02354640416036452f,0f,0f,0f,1f],start_interpolation:0}
execute if entity @s[tag=aj.toji.bone.bottom2] run data modify entity @s {} merge value {transformation:[-0.9930606459996126f,0.04983141072646861f,0.10652409995790764f,-0.38633687352993407f,0.04801009032877764f,0.998654610716506f,-0.019595910830741487f,1.1282528673680092f,-0.10735727545655638f,-0.01434569620735606f,-0.9941170033788133f,-0.02623622219924378f,0f,0f,0f,1f],start_interpolation:0}
execute if entity @s[tag=aj.toji.bone.rightarm] run data modify entity @s {} merge value {transformation:[-0.9930606459996126f,0.04983141072646861f,0.10652409995790764f,-0.3118127304733411f,0.04801009032877764f,0.998654610716506f,-0.019595910830741487f,1.3749158894015872f,-0.10735727545655638f,-0.01434569620735606f,-0.9941170033788133f,-0.02311281653504802f,0f,0f,0f,1f],start_interpolation:0}
execute if entity @s[tag=aj.toji.bone.chain] run data modify entity @s {} merge value {transformation:[-1.4373974312658062f,-0.16320515919274448f,0.5623303070388833f,0.43868453140380015f,-0.5545312927258803f,0.8580297351351561f,-1.1684360027929512f,1.1833228768065192f,-0.1880062328470463f,-1.2830088554830308f,-0.8529388059960088f,0.12016273284994486f,0f,0f,0f,1f],start_interpolation:0}
execute if entity @s[tag=aj.toji.bone.blade] run data modify entity @s {} merge value {transformation:[0.10515231733223783f,-0.3623067750049183f,-0.9261084120907206f,0.3482315512586103f,-0.5528245273354027f,0.7528178273028409f,-0.35728190672271487f,1.264616787676814f,0.8266365780293352f,0.5495444656081667f,-0.12113153257259388f,0.5761756813969826f,0f,0f,0f,1f],start_interpolation:0}
execute if entity @s[tag=aj.toji.bone.bottom] run data modify entity @s {} merge value {transformation:[-0.9261084120907207f,-0.10515231733223804f,0.3623067750049181f,0.43868453140380015f,-0.3572819067227148f,0.5528245273354025f,-0.752817827302841f,1.1833228768065192f,-0.12113153257259357f,-0.8266365780293352f,-0.5495444656081667f,0.12016273284994486f,0f,0f,0f,1f],start_interpolation:0}
execute if entity @s[tag=aj.toji.bone.leftarm] run data modify entity @s {} merge value {transformation:[-0.9261084120907207f,-0.2725823911416885f,0.2608103699899289f,0.312657157862708f,-0.3572819067227148f,0.8556925270609509f,-0.37435269233788765f,1.3749158894015872f,-0.12113153257259357f,-0.4398740037459858f,-0.8898528039204525f,0.0026235111276613245f,0f,0f,0f,1f],start_interpolation:0}
execute if entity @s[tag=aj.toji.locator_origin.mount] at @s on origin run tp @s ^-0.00016 ^1.74783 ^0.0198 ~2.94637 ~7.37421
execute if entity @s[tag=aj.toji.bone.head] run data modify entity @s {} merge value {transformation:[-0.9986963196056432f,-0.0026666255969514854f,0.050975977813758795f,0.0005066564336201178f,0.0039032630793123533f,0.9917213606343309f,0.12834916204995228f,1.4998990672819046f,-0.05089622523799602f,0.12838080841588792f,-0.9904180643985682f,-0.012293583244432017f,0f,0f,0f,1f],start_interpolation:0}
execute if entity @s[tag=aj.toji.bone.upper] run data modify entity @s {} merge value {transformation:[-0.9991518213376787f,0.0006755419114934903f,0.04117258263365806f,0f,0f,0.9998654230425394f,-0.016405359001362033f,0.75f,-0.04117812426033495f,-0.016391444325909357f,-0.9990173585255219f,0f,0f,0f,0f,1f],start_interpolation:0}