execute if entity @s[tag=aj.toji.locator_origin.head] at @s on origin run tp @s ^0.00008 ^1.49998 ^-0.00497 ~0.92 ~-0.38
execute if entity @s[tag=aj.toji.bone.blade2] run data modify entity @s {} merge value {transformation:[0.01999934377607565f,-0.04256750388609437f,0.998893404654087f,-0.40145377785038444f,0.9997800771867311f,0.007157601563513257f,-0.019712077525006366f,0.8063162048114108f,-0.006310587058286473f,0.9990679538213431f,0.04270128965516679f,0.3360093680519149f,0f,0f,0f,1f],start_interpolation:0}
execute if entity @s[tag=aj.toji.bone.chain2] run data modify entity @s {} merge value {transformation:[-1.5503658051401978f,0.031040648152451097f,0.06606831332320932f,-0.3835737103465005f,0.030594786991937312f,1.551741994800239f,-0.011109194093369542f,0.9388144752654364f,-0.06627595998562381f,-0.00979455699671545f,-1.550636719993543f,-0.00907014697620915f,0f,0f,0f,1f],start_interpolation:0}
execute if entity @s[tag=aj.toji.bone.bottom2] run data modify entity @s {} merge value {transformation:[-0.998893404654087f,0.019999343776075873f,0.04256750388609459f,-0.3798238333884863f,0.01971207752500659f,0.9997800771867311f,-0.007157601563513262f,1.1262732397379485f,-0.042701289655167014f,-0.006310587058286464f,-0.9990679538213431f,-0.010253382049637862f,0f,0f,0f,1f],start_interpolation:0}
execute if entity @s[tag=aj.toji.bone.rightarm] run data modify entity @s {} merge value {transformation:[-0.998893404654087f,0.019999343776075873f,0.04256750388609459f,-0.3123931596535869f,0.01971207752500659f,0.9997800771867311f,-0.007157601563513262f,1.3749862541893183f,-0.042701289655167014f,-0.006310587058286464f,-0.9990679538213431f,-0.00916219821076154f,0f,0f,0f,1f],start_interpolation:0}
execute if entity @s[tag=aj.toji.bone.chain] run data modify entity @s {} merge value {transformation:[-1.5331261275834833f,-0.18135580516696143f,0.15999069493013643f,0.4082474699904239f,-0.22862417232451876f,1.4216484351369916f,-0.579318037275367f,1.1406843914645062f,-0.07885390517224611f,-0.5958090905784318f,-1.430998344804878f,0.04931203875401577f,0f,0f,0f,1f],start_interpolation:0}
execute if entity @s[tag=aj.toji.bone.blade] run data modify entity @s {} merge value {transformation:[0.11684669326193464f,-0.10308125310934986f,-0.9877859613960697f,0.41091912563345045f,-0.9159614078734979f,0.3732518897881558f,-0.14730148015539452f,0.9739700511128844f,0.38387699795657343f,0.9219855107467669f,-0.050805200647890396f,0.4908292431544169f,0f,0f,0f,1f],start_interpolation:0}
execute if entity @s[tag=aj.toji.bone.bottom] run data modify entity @s {} merge value {transformation:[-0.9877859613960697f,-0.11684669326193486f,0.10308125310934964f,0.4082474699904239f,-0.14730148015539463f,0.9159614078734979f,-0.3732518897881559f,1.1406843914645062f,-0.050805200647890104f,-0.38387699795657343f,-0.9219855107467669f,0.04931203875401577f,0f,0f,0f,1f],start_interpolation:0}
execute if entity @s[tag=aj.toji.bone.leftarm] run data modify entity @s {} merge value {transformation:[-0.9877859613960697f,-0.1359383065327016f,0.07615557291402746f,0.3125262707699941f,-0.14730148015539463f,0.9740328209380968f,-0.17193701660609087f,1.3749862541893183f,-0.050805200647890104f,-0.18105479986013778f,-0.9821598602237485f,0.0008730137484881974f,0f,0f,0f,1f],start_interpolation:0}
execute if entity @s[tag=aj.toji.locator_origin.mount] at @s on origin run tp @s ^0.00016 ^1.74964 ^0.00808 ~1.10906 ~2.99191
execute if entity @s[tag=aj.toji.bone.head] run data modify entity @s {} merge value {transformation:[-0.9998131219961838f,0.00032408924138840325f,0.01932915027640586f,0.00007986666984431825f,0.0013327795810346998f,0.9986360271550688f,0.05219491322465158f,1.4999835050271821f,-0.01928587003048194f,0.052210920640265925f,-0.9984498359872984f,-0.004973510677364006f,0f,0f,0f,1f],start_interpolation:0}
execute if entity @s[tag=aj.toji.bone.upper] run data modify entity @s {} merge value {transformation:[-0.9998710886777297f,0.00010648889312575766f,0.0160559860029628f,0f,6.776263578034403e-21f,0.9999780067029094f,-0.0066322025358171305f,0.75f,-0.01605633913479958f,-0.006631347569818674f,-0.999849098215824f,0f,0f,0f,0f,1f],start_interpolation:0}