execute if entity @s[tag=aj.toji.locator_origin.head] at @s on origin run tp @s ^-0.00112 ^1.49929 ^-0.0327 ~-1.96 ~-2.5
execute if entity @s[tag=aj.toji.bone.blade2] run data modify entity @s {} merge value {transformation:[0.13305609775448082f,-0.14374518944660095f,0.9806290814376815f,-0.500747654946013f,0.9899551152031979f,0.0669952775396871f,-0.12450101473644073f,0.838581306639314f,-0.04780109552482217f,0.9873443944735499f,0.1512154157759245f,0.341489544994532f,0f,0f,0f,1f],start_interpolation:0}
execute if entity @s[tag=aj.toji.bone.chain2] run data modify entity @s {} merge value {transformation:[-1.5220180534814016f,0.2065141517231008f,0.22310451278691226f,-0.43275094456295893f,0.19323594995551774f,1.5364928350549636f,-0.10398225368138941f,0.9490810890082895f,-0.2346989265688832f,-0.07419128367915102f,-1.5324407789224892f,-0.005096094714889591f,0f,0f,0f,1f],start_interpolation:0}
execute if entity @s[tag=aj.toji.bone.bottom2] run data modify entity @s {} merge value {transformation:[-0.9806290814376815f,0.13305609775448105f,0.14374518944660117f,-0.4078029262339937f,0.12450101473644094f,0.9899551152031979f,-0.06699527753968713f,1.1346976731088891f,-0.15121541577592473f,-0.04780109552482213f,-0.9873443944735499f,-0.01405880012579374f,0f,0f,0f,1f],start_interpolation:0}
execute if entity @s[tag=aj.toji.bone.rightarm] run data modify entity @s {} merge value {transformation:[-0.9806290814376815f,0.13305609775448105f,0.14374518944660117f,-0.3132495842055184f,0.12450101473644094f,0.9899551152031979f,-0.06699527753968713f,1.374405138488661f,-0.15121541577592473f,-0.04780109552482213f,-0.9873443944735499f,-0.016558110521003977f,0f,0f,0f,1f],start_interpolation:0}
execute if entity @s[tag=aj.toji.bone.chain] run data modify entity @s {} merge value {transformation:[-0.8213090770612947f,1.2072908630882053f,0.526177579769009f,0.4031746134816543f,-1.2844235996240536f,-0.5972885259739348f,-0.6344013769529384f,1.3373353072593595f,-0.29098125416704085f,-0.7711406241761175f,1.3151557782558518f,0.1999874017666329f,0f,0f,0f,1f],start_interpolation:0}
execute if entity @s[tag=aj.toji.bone.blade] run data modify entity @s {} merge value {transformation:[-0.7778518312514612f,-0.33901374266996565f,-0.5291655798515721f,0.03577134569407858f,0.38483019123152823f,0.4087418267616245f,-0.8275480910329475f,1.6027097898887201f,0.4968422813483709f,-0.8473486893460521f,-0.18747785503379802f,0.0683459432799276f,0f,0f,0f,1f],start_interpolation:0}
execute if entity @s[tag=aj.toji.bone.bottom] run data modify entity @s {} merge value {transformation:[-0.5291655798515724f,0.7778518312514611f,0.33901374266996553f,0.4031746134816543f,-0.8275480910329472f,-0.3848301912315284f,-0.4087418267616247f,1.3373353072593595f,-0.1874778550337981f,-0.49684228134837094f,0.8473486893460521f,0.1999874017666329f,0f,0f,0f,1f],start_interpolation:0}
execute if entity @s[tag=aj.toji.bone.leftarm] run data modify entity @s {} merge value {transformation:[-0.5291655798515724f,-0.23486802599421708f,0.8153654392147909f,0.31138475824237677f,-0.8275480910329472f,0.3551663476754434f,-0.4347654798930232f,1.374405138488661f,-0.1874778550337981f,-0.9048170399834796f,-0.3823063928676322f,-0.03793422416884937f,0f,0f,0f,1f],start_interpolation:0}
execute if entity @s[tag=aj.toji.locator_origin.mount] at @s on origin run tp @s ^0.00286 ^1.72911 ^0.06562 ~-5.00458 ~23.15505
execute if entity @s[tag=aj.toji.bone.head] run data modify entity @s {} merge value {transformation:[-0.9966508703811323f,0.015928152978898324f,-0.08020808258032436f,-0.001118895577884976f,-0.016953708017832615f,0.9192877664168353f,0.3932207704341063f,1.4992861661863932f,0.07999758966979817f,0.39326364751782844f,-0.9159389112751984f,-0.03269540081391201f,0f,0f,0f,1f],start_interpolation:0}
execute if entity @s[tag=aj.toji.bone.upper] run data modify entity @s {} merge value {transformation:[-0.9994149479166323f,-0.0014918607705133014f,-0.03416922931873858f,0f,0f,0.9990482215818578f,-0.04361938736533599f,0.75f,0.034201781836552626f,-0.043593867751882676f,-0.9984637263384365f,0f,0f,0f,0f,1f],start_interpolation:0}