execute if entity @s[tag=aj.toji.locator_origin.head] at @s on origin run tp @s ^-0.00103 ^1.49922 ^-0.03427 ~-1.72 ~-2.62
execute if entity @s[tag=aj.toji.bone.blade2] run data modify entity @s {} merge value {transformation:[0.13863719748625106f,-0.15492448625813757f,0.9781503621789496f,-0.5076058685523351f,0.9891081627177474f,0.07097274165333478f,-0.12894926284136415f,0.8406585388760623f,-0.04944461465397855f,0.9853736720147647f,0.16307653596351143f,0.33838491875160215f,0f,0f,0f,1f],start_interpolation:0}
execute if entity @s[tag=aj.toji.bone.chain2] run data modify entity @s {} merge value {transformation:[-1.5181708746319114f,0.21517648359845254f,0.24045571304648472f,-0.43500489989158864f,0.20014000170170093f,1.5351782942181706f,-0.11015560944111341f,0.9496711791512216f,-0.2531083735267004f,-0.07674216232752916f,-1.5293820534395828f,-0.007737463924030269f,0f,0f,0f,1f],start_interpolation:0}
execute if entity @s[tag=aj.toji.bone.bottom2] run data modify entity @s {} merge value {transformation:[-0.9781503621789496f,0.13863719748625128f,0.1549244862581378f,-0.40901042536291654f,0.12894926284136435f,0.9891081627177474f,-0.07097274165333481f,1.1351289596607992f,-0.16307653596351165f,-0.049444614653978515f,-0.9853736720147647f,-0.01700832917165124f,0f,0f,0f,1f],start_interpolation:0}
execute if entity @s[tag=aj.toji.bone.rightarm] run data modify entity @s {} merge value {transformation:[-0.9781503621789496f,0.13863719748625128f,0.1549244862581378f,-0.31321672835516934f,0.12894926284136435f,0.9891081627177474f,-0.07097274165333481f,1.3743466714126509f,-0.16307653596351165f,-0.049444614653978515f,-0.9853736720147647f,-0.01917719933742639f,0f,0f,0f,1f],start_interpolation:0}
execute if entity @s[tag=aj.toji.bone.chain] run data modify entity @s {} merge value {transformation:[-0.766063154152319f,1.286921975310752f,0.4073594812000638f,0.392902403037424f,-1.3144912609639712f,-0.6047020261690202f,-0.5616145101469004f,1.3440494638680953f,-0.30695706916548066f,-0.6221976877331403f,1.3883839773924156f,0.2046787666353205f,0f,0f,0f,1f],start_interpolation:0}
execute if entity @s[tag=aj.toji.bone.blade] run data modify entity @s {} merge value {transformation:[-0.8291577827505516f,-0.2624597999678264f,-0.49357089126592335f,0.03531271678636361f,0.3896066745786974f,0.3618455904302175f,-0.846920543976787f,1.5948152583010888f,0.4008790471300769f,-0.8945292740246436f,-0.19777099758312836f,0.025836983392268614f,0f,0f,0f,1f],start_interpolation:0}
execute if entity @s[tag=aj.toji.bone.bottom] run data modify entity @s {} merge value {transformation:[-0.4935708912659236f,0.8291577827505515f,0.2624597999678263f,0.392902403037424f,-0.8469205439767867f,-0.3896066745786976f,-0.3618455904302177f,1.3440494638680953f,-0.19777099758312847f,-0.40087904713007694f,0.8945292740246436f,0.2046787666353205f,0f,0f,0f,1f],start_interpolation:0}
execute if entity @s[tag=aj.toji.bone.leftarm] run data modify entity @s {} merge value {transformation:[-0.4935708912659236f,-0.20221019337837703f,0.8458716291428868f,0.31150167398870954f,-0.8469205439767867f,0.33291896617241923f,-0.4145968573840757f,1.3743466714126509f,-0.19777099758312847f,-0.9210190007033335f,-0.3355750778267171f,-0.037936670889458395f,0f,0f,0f,1f],start_interpolation:0}
execute if entity @s[tag=aj.toji.locator_origin.mount] at @s on origin run tp @s ^0.00369 ^1.73018 ^0.06131 ~-12.09393 ~22.2404
execute if entity @s[tag=aj.toji.bone.head] run data modify entity @s {} merge value {transformation:[-0.9808345326168239f,0.018857052989850534f,-0.1939279020122545f,-0.0010290326198759121f,-0.057073360064532376f,0.9238426368348478f,0.37849361148767047f,1.499216005695181f,0.1862961384389941f,0.3823077215000678f,-0.9050605255363564f,-0.034268322136130874f,0f,0f,0f,1f],start_interpolation:0}
execute if entity @s[tag=aj.toji.bone.upper] run data modify entity @s {} merge value {transformation:[-0.9995494437502062f,-0.001372043493167883f,-0.02998377886968704f,0f,0f,0.9989546742602414f,-0.04571169186996849f,0.75f,0.030015154483251212f,-0.04569109618150783f,-0.9985045889884927f,0f,0f,0f,0f,1f],start_interpolation:0}