execute if entity @s[tag=aj.toji.locator_origin.head] at @s on origin run tp @s ^0.00189 ^1.49929 ^-0.03266 ~3.32 ~-2.5
execute if entity @s[tag=aj.toji.bone.blade2] run data modify entity @s {} merge value {transformation:[0.13339443396089604f,-0.22953846767008118f,0.964115147089767f,-0.5266097203691071f,0.9904242406201805f,0.06579742885300789f,-0.12136936165388733f,0.8377026515678956f,-0.03557736050061698f,0.9710730097248118f,0.23611747331318936f,0.294778906972788f,0f,0f,0f,1f],start_interpolation:0}
execute if entity @s[tag=aj.toji.bone.chain2] run data modify entity @s {} merge value {transformation:[-1.4963870512122426f,0.20703927771014108f,0.35626283002960557f,-0.4290139633322648f,0.18837536340030464f,1.5372209567959054f,-0.10212309269893939f,0.9486801183207f,-0.3664739950381797f,-0.05521902827699919f,-1.5071862338437185f,-0.04450626844876308f,0f,0f,0f,1f],start_interpolation:0}
execute if entity @s[tag=aj.toji.bone.bottom2] run data modify entity @s {} merge value {transformation:[-0.964115147089767f,0.13339443396089626f,0.2295384676700814f,-0.4040025069645968f,0.12136936165388754f,0.9904242406201805f,-0.06579742885300792f,1.1343846634369839f,-0.23611747331318958f,-0.035577360500616925f,-0.9710730097248118f,-0.05117702354262875f,0f,0f,0f,1f],start_interpolation:0}
execute if entity @s[tag=aj.toji.bone.rightarm] run data modify entity @s {} merge value {transformation:[-0.964115147089767f,0.13339443396089626f,0.2295384676700814f,-0.3103967017812623f,0.12136936165388754f,0.9904242406201805f,-0.06579742885300792f,1.374405138488661f,-0.23611747331318958f,-0.035577360500616925f,-0.9710730097248118f,-0.04531402158570863f,0f,0f,0f,1f],start_interpolation:0}
execute if entity @s[tag=aj.toji.bone.chain] run data modify entity @s {} merge value {transformation:[-0.8258362930982541f,1.2256169782984196f,0.47415199368925653f,0.3890460189427144f,-1.264269078108405f,-0.5881748252360106f,-0.6816426825754267f,1.3329356896640285f,-0.3585816347106611f,-0.7489165982112765f,1.3112992845963847f,0.23375480524529313f,0f,0f,0f,1f],start_interpolation:0}
execute if entity @s[tag=aj.toji.bone.blade] run data modify entity @s {} merge value {transformation:[-0.789659261185559f,-0.30549390197428616f,-0.5320824438753848f,0.029386252518149025f,0.37895827666212745f,0.43917917803517403f,-0.8145626275060865f,1.6068976081408304f,0.48252344582739953f,-0.8448639685990128f,-0.23103246263237215f,0.098373970396951f,0f,0f,0f,1f],start_interpolation:0}
execute if entity @s[tag=aj.toji.bone.bottom] run data modify entity @s {} merge value {transformation:[-0.5320824438753852f,0.7896592611855588f,0.30549390197428605f,0.3890460189427144f,-0.8145626275060863f,-0.3789582766621276f,-0.4391791780351742f,1.3329356896640285f,-0.23103246263237223f,-0.4825234458273996f,0.8448639685990128f,0.23375480524529313f,0f,0f,0f,1f],start_interpolation:0}
execute if entity @s[tag=aj.toji.bone.leftarm] run data modify entity @s {} merge value {transformation:[-0.5320824438753852f,-0.1689461165371799f,0.8296658861412847f,0.3135543370662079f,-0.8145626275060863f,0.36951845217505214f,-0.44715080160113174f,1.374405138488661f,-0.23103246263237223f,-0.9137359154641779f,-0.3342314736838261f,-0.009118702535274605f,0f,0f,0f,1f],start_interpolation:0}
execute if entity @s[tag=aj.toji.locator_origin.mount] at @s on origin run tp @s ^-0.00568 ^1.72995 ^0.06345 ~14.24549 ~22.38803
execute if entity @s[tag=aj.toji.bone.head] run data modify entity @s {} merge value {transformation:[-0.973299354837993f,-0.030312953266608218f,0.22752909865817744f,0.001894581170967368f,0.060302299757491254f,0.9226571258305678f,0.38087722536013296f,1.4992861661863932f,-0.22147685774343076f,0.38442808562633957f,-0.896193644513151f,-0.03265963447258994f,0f,0f,0f,1f],start_interpolation:0}
execute if entity @s[tag=aj.toji.bone.upper] run data modify entity @s {} merge value {transformation:[-0.9983216621559523f,0.002526108227956491f,0.05785739060307847f,0f,0f,0.9990482215818578f,-0.04361938736533601f,0.75f,-0.05791251048069443f,-0.043546179296786586f,-0.9973714811435485f,0f,0f,0f,0f,1f],start_interpolation:0}