execute if entity @s[tag=aj.toji.locator_origin.head] at @s on origin run tp @s ^0.00331 ^1.49926 ^-0.03307 ~5.72 ~-2.54
execute if entity @s[tag=aj.toji.bone.blade2] run data modify entity @s {} merge value {transformation:[0.13632005929949934f,-0.2718738350832825f,0.9526287100595328f,-0.5399351105581025f,0.990195515639416f,0.06698967229819419f,-0.12257742293331027f,0.8383013486951487f,-0.030490691041234978f,0.9599984383333593f,0.2783402884193003f,0.271998146359329f,0f,0f,0f,1f],start_interpolation:0}
execute if entity @s[tag=aj.toji.bone.chain2] run data modify entity @s {} merge value {transformation:[-1.478559143738233f,0.21158009203776496f,0.42197084820217845f,-0.42736275126976764f,0.19025037517774232f,1.5368659565653437f,-0.10397355387948895f,0.9488365046193741f,-0.4320073226507894f,-0.0473240933869167f,-1.4899975761632347f,-0.06276266886306543f,0f,0f,0f,1f],start_interpolation:0}
execute if entity @s[tag=aj.toji.bone.bottom2] run data modify entity @s {} merge value {transformation:[-0.9526287100595326f,0.13632005929949956f,0.2718738350832827f,-0.40180274015111145f,0.12257742293331048f,0.990195515639416f,-0.06698967229819422f,1.1344981638017646f,-0.27834028841930053f,-0.030490691041234915f,-0.9599984383333592f,-0.06847967343329697f,0f,0f,0f,1f],start_interpolation:0}
execute if entity @s[tag=aj.toji.bone.rightarm] run data modify entity @s {} merge value {transformation:[-0.9526287100595326f,0.13632005929949956f,0.2718738350832827f,-0.30818343094751577f,0.12257742293331048f,0.990195515639416f,-0.06698967229819422f,1.3743859537782868f,-0.27834028841930053f,-0.030490691041234915f,-0.9599984383333592f,-0.058706078167399416f,0f,0f,0f,1f],start_interpolation:0}
execute if entity @s[tag=aj.toji.bone.chain] run data modify entity @s {} merge value {transformation:[-0.7953210476965433f,1.2750575996426492f,0.3881433012374553f,0.376391437753276f,-1.2731927282346505f,-0.5931179297596648f,-0.6604196179544698f,1.3349925295115135f,-0.3942174291839356f,-0.6568119309225788f,1.3498716159459292f,0.2504152795987597f,0f,0f,0f,1f],start_interpolation:0}
execute if entity @s[tag=aj.toji.bone.blade] run data modify entity @s {} merge value {transformation:[-0.8215136212462707f,-0.2500789054952733f,-0.5124216146232758f,0.025542792354442123f,0.38214309568407917f,0.4255052572055642f,-0.820312093359238f,1.6052728848046847f,0.42318084139978224f,-0.8697159404752296f,-0.2539924375950188f,0.0873447170538989f,0f,0f,0f,1f],start_interpolation:0}
execute if entity @s[tag=aj.toji.bone.bottom] run data modify entity @s {} merge value {transformation:[-0.5124216146232762f,0.8215136212462706f,0.2500789054952732f,0.376391437753276f,-0.8203120933592378f,-0.38214309568407934f,-0.42550525720556437f,1.3349925295115135f,-0.2539924375950189f,-0.4231808413997823f,0.8697159404752295f,0.2504152795987597f,0f,0f,0f,1f],start_interpolation:0}
execute if entity @s[tag=aj.toji.bone.leftarm] run data modify entity @s {} merge value {transformation:[-0.5124216146232762f,-0.12264197063041463f,0.8499311948074169f,0.3137045941817176f,-0.8203120933592378f,0.3626517204069025f,-0.44223500446538455f,1.3743859537782868f,-0.2539924375950189f,-0.9238196126548744f,-0.2864352717783515f,0.0035858490853524286f,0f,0f,0f,1f],start_interpolation:0}
execute if entity @s[tag=aj.toji.locator_origin.mount] at @s on origin run tp @s ^-0.00868 ^1.72939 ^0.06386 ~16.66777 ~22.70799
execute if entity @s[tag=aj.toji.bone.head] run data modify entity @s {} merge value {transformation:[-0.9631669258575176f,-0.0479837268461895f,0.2645884254689338f,0.003312697940521079f,0.060187275598187005f,0.9205187162245142f,0.3860346939543646f,1.4992631445339442f,-0.26208198104838715f,0.3877407059341621f,-0.8837251723083543f,-0.0330721374492282f,0f,0f,0f,1f],start_interpolation:0}
execute if entity @s[tag=aj.toji.bone.upper] run data modify entity @s {} merge value {transformation:[-0.9950208402067733f,0.0044169305873614385f,0.09956916329061662f,0f,0f,0.999017526045259f,-0.044316843913011966f,0.75f,-0.09966708360440295f,-0.04409618326563759f,-0.9940432581468456f,0f,0f,0f,0f,1f],start_interpolation:0}