execute if entity @s[tag=aj.toji.locator_origin.head] at @s on origin run tp @s ^0.00236 ^1.49949 ^-0.02764 ~4.88 ~-2.12
execute if entity @s[tag=aj.toji.bone.blade2] run data modify entity @s {} merge value {transformation:[0.1135011252906647f,-0.23005544678190507f,0.9665360758728723f,-0.5145550752424748f,0.9931652513031888f,0.05291229412935972f,-0.1040339979710575f,0.8307682917508172f,-0.027208053249483128f,0.9717380205260809f,0.23448868054221106f,0.28601261345542345f,0f,0f,0f,1f],start_interpolation:0}
execute if entity @s[tag=aj.toji.bone.chain2] run data modify entity @s {} merge value {transformation:[-1.5001445344276874f,0.17616320487821951f,0.3570652246927489f,-0.4194656238545843f,0.1614694343509125f,1.5414752337934912f,-0.08212428984661044f,0.9465645410711759f,-0.36394597292489045f,-0.04222916598096853f,-1.508218386024855f,-0.052372647833221084f,0f,0f,0f,1f],start_interpolation:0}
execute if entity @s[tag=aj.toji.bone.bottom2] run data modify entity @s {} merge value {transformation:[-0.9665360758728723f,0.1135011252906649f,0.2300554467819053f,-0.3981841628625846f,0.10403399797105771f,0.9931652513031888f,-0.052912294129359744f,1.1327830256905238f,-0.23448868054221128f,-0.027208053249483076f,-0.9717380205260809f,-0.057474157817499164f,0f,0f,0f,1f],start_interpolation:0}
execute if entity @s[tag=aj.toji.bone.rightarm] run data modify entity @s {} merge value {transformation:[-0.9665360758728723f,0.1135011252906649f,0.2300554467819053f,-0.30940037679786386f,0.10403399797105771f,0.9931652513031888f,-0.052912294129359744f,1.37457221364313f,-0.23448868054221128f,-0.027208053249483076f,-0.9717380205260809f,-0.04962062859598173f,0f,0f,0f,1f],start_interpolation:0}
execute if entity @s[tag=aj.toji.bone.chain] run data modify entity @s {} merge value {transformation:[-1.0067174297579633f,0.9041275446976623f,0.7602868361030646f,0.4123582211512027f,-1.1268926627503266f,-0.43533531959842015f,-0.9744530567250179f,1.3010347523870345f,-0.3543947190240149f,-1.1840604782021182f,0.9388119304199173f,0.229805618030621f,0f,0f,0f,1f],start_interpolation:0}
execute if entity @s[tag=aj.toji.bone.blade] run data modify entity @s {} merge value {transformation:[-0.5825251294696349f,-0.4898492366838538f,-0.6486233104480834f,0.05603648554604934f,0.28048450121777385f,0.6278355264805483f,-0.7260516484834321f,1.608198466158194f,0.7628846034053915f,-0.6048721162437051f,-0.2283348525255398f,0.2675352414310357f,0f,0f,0f,1f],start_interpolation:0}
execute if entity @s[tag=aj.toji.bone.bottom] run data modify entity @s {} merge value {transformation:[-0.6486233104480836f,0.5825251294696348f,0.4898492366838536f,0.4123582211512027f,-0.7260516484834318f,-0.280484501217774f,-0.6278355264805484f,1.3010347523870345f,-0.22833485252553978f,-0.7628846034053915f,0.6048721162437051f,0.229805618030621f,0f,0f,0f,1f],start_interpolation:0}
execute if entity @s[tag=aj.toji.bone.leftarm] run data modify entity @s {} merge value {transformation:[-0.6486233104480836f,-0.2339409351332748f,0.7242647582288798f,0.3133340304648788f,-0.7260516484834318f,0.47566275714524f,-0.4965822642820416f,1.37457221364313f,-0.22833485252553978f,-0.8479484538189554f,-0.47837915379767826f,0.003547576293035891f,0f,0f,0f,1f],start_interpolation:0}
execute if entity @s[tag=aj.toji.locator_origin.mount] at @s on origin run tp @s ^-0.00354 ^1.73886 ^0.04424 ~5.71441 ~16.76458
execute if entity @s[tag=aj.toji.bone.head] run data modify entity @s {} merge value {transformation:[-0.995165389231752f,-0.023590181575774097f,0.09533809001882587f,0.002360192200208951f,0.00493591732715445f,0.9574852898545736f,0.2884398662325347f,1.499486656371756f,-0.09808916757397446f,0.28751595267971664f,-0.952739781975813f,-0.0276438313817675f,0f,0f,0f,1f],start_interpolation:0}
execute if entity @s[tag=aj.toji.bone.upper] run data modify entity @s {} merge value {transformation:[-0.9963750516203883f,0.0031469229336119346f,0.08501090156279094f,0f,0f,0.9993155418290078f,-0.03699253788261197f,0.75f,-0.08506912782242819f,-0.03685844184235667f,-0.995693074574934f,0f,0f,0f,0f,1f],start_interpolation:0}