execute if entity @s[tag=aj.toji.locator_origin.head] at @s on origin run tp @s ^0.00221 ^1.49919 ^-0.03474 ~3.64 ~-2.66
execute if entity @s[tag=aj.toji.bone.blade2] run data modify entity @s {} merge value {transformation:[0.13842559850924663f,-0.24087513834111954f,0.9606339164356541f,-0.5328083897607384f,0.9896714524364852f,0.07014211472091192f,-0.1250219979633024f,0.8397822765376604f,-0.03726620331633494f,0.968018208233515f,0.2480967122288416f,0.2904654241132784f,0f,0f,0f,1f],start_interpolation:0}
execute if entity @s[tag=aj.toji.bone.chain2] run data modify entity @s {} merge value {transformation:[-1.490983891134505f,0.21484806435289358f,0.373858287633613f,-0.4306289061064644f,0.19404455933887593f,1.5360525668024616f,-0.10886640722308209f,0.9491591882082789f,-0.38506677210518164f,-0.05784025306389478f,-1.502444927362435f,-0.047989010771006355f,0f,0f,0f,1f],start_interpolation:0}
execute if entity @s[tag=aj.toji.bone.bottom2] run data modify entity @s {} merge value {transformation:[-0.9606339164356541f,0.13842559850924685f,0.24087513834111976f,-0.40467410638598067f,0.1250219979633026f,0.9896714524364852f,-0.07014211472091195f,1.13472258554012f,-0.24809671222884183f,-0.03726620331633489f,-0.968018208233515f,-0.05497642389281915f,0f,0f,0f,1f],start_interpolation:0}
execute if entity @s[tag=aj.toji.bone.rightarm] run data modify entity @s {} merge value {transformation:[-0.9606339164356541f,0.13842559850924685f,0.24087513834111976f,-0.3100280869814406f,0.1250219979633026f,0.9896714524364852f,-0.07014211472091195f,1.3743265737765349f,-0.24809671222884183f,-0.03726620331633489f,-0.968018208233515f,-0.048786930207600256f,0f,0f,0f,1f],start_interpolation:0}
execute if entity @s[tag=aj.toji.bone.chain] run data modify entity @s {} merge value {transformation:[-0.7775051937020109f,1.2912103862300566f,0.37043769498950535f,0.3797915059675602f,-1.2918155160713518f,-0.6013562479661546f,-0.6152609276400436f,1.3393343105897424f,-0.3683218970069758f,-0.6165298655659817f,1.3759333481900518f,0.23749992024178432f,0f,0f,0f,1f],start_interpolation:0}
execute if entity @s[tag=aj.toji.bone.blade] run data modify entity @s {} merge value {transformation:[-0.8319207857589627f,-0.23867126657041965f,-0.5009429435932417f,0.029511351763077287f,0.3874510054010122f,0.39640972519090034f,-0.8323106680728174f,1.601307181106379f,0.397227295935129f,-0.8865073921224493f,-0.23730806787026615f,0.06026482358185664f,0f,0f,0f,1f],start_interpolation:0}
execute if entity @s[tag=aj.toji.bone.bottom] run data modify entity @s {} merge value {transformation:[-0.5009429435932419f,0.8319207857589626f,0.23867126657041954f,0.3797915059675602f,-0.8323106680728172f,-0.38745100540101235f,-0.3964097251909005f,1.3393343105897424f,-0.23730806787026626f,-0.39722729593512907f,0.8865073921224493f,0.23749992024178432f,0f,0f,0f,1f],start_interpolation:0}
execute if entity @s[tag=aj.toji.bone.leftarm] run data modify entity @s {} merge value {transformation:[-0.5009429435932419f,-0.13908601298122292f,0.8542313786423004f,0.31371106874767685f,-0.8323106680728172f,0.3480467197653741f,-0.43141909168782017f,1.3743265737765349f,-0.23730806787026626f,-0.9271022391589561f,-0.2901143206912248f,-0.00910739378984634f,0f,0f,0f,1f],start_interpolation:0}
execute if entity @s[tag=aj.toji.locator_origin.mount] at @s on origin run tp @s ^-0.00339 ^1.73145 ^0.0576 ~1.16296 ~21.70084
execute if entity @s[tag=aj.toji.bone.head] run data modify entity @s {} merge value {transformation:[-0.9995716310678395f,-0.022381714303768157f,0.018857710073160443f,0.002209789059741745f,-0.013826245874744892f,0.9290242906878801f,0.36976033080482335f,1.4991918885318418f,-0.025795140809655927f,0.36934120563065503f,-0.9289357806295893f,-0.03473659439846796f,0f,0f,0f,1f],start_interpolation:0}
execute if entity @s[tag=aj.toji.bone.upper] run data modify entity @s {} merge value {transformation:[-0.9979826491665879f,0.0029463854129889934f,0.0634188518930881f,0f,2.168404344971009e-19f,0.9989225180424558f,-0.046409082599417104f,0.75f,-0.06348725826840626f,-0.04631545919795728f,-0.9969073408681687f,0f,0f,0f,0f,1f],start_interpolation:0}