execute if entity @s[tag=aj.toji.locator_origin.head] at @s on origin run tp @s ^-0.00234 ^1.49926 ^-0.03316 ~-4.04 ~-2.54
execute if entity @s[tag=aj.toji.bone.blade2] run data modify entity @s {} merge value {transformation:[0.13642529657640554f,-0.11464947980830784f,0.9839937170702483f,-0.49328831841314724f,0.9891978493831086f,0.06953398497520549f,-0.12904510726602733f,0.8401567614023058f,-0.05362604991860195f,0.9909694857628827f,0.12289721338165202f,0.3588033123808029f,0f,0f,0f,1f],start_interpolation:0}
execute if entity @s[tag=aj.toji.bone.chain2] run data modify entity @s {} merge value {transformation:[-1.527240248369448f,0.21174342906129645f,0.17794554678581148f,-0.4348605518251147f,0.20028876023581357f,1.5353174953967f,-0.10792253918026691f,0.9496772138773034f,-0.1907467166027728f,-0.0832320983111634f,-1.5380672226944743f,0.010167647595194593f,0f,0f,0f,1f],start_interpolation:0}
execute if entity @s[tag=aj.toji.bone.bottom2] run data modify entity @s {} merge value {transformation:[-0.9839937170702483f,0.13642529657640576f,0.11464947980830806f,-0.4092808087170386f,0.12904510726602753f,0.9891978493831086f,-0.06953398497520552f,1.1351518106366363f,-0.12289721338165226f,-0.05362604991860192f,-0.9909694857628827f,0.00011276323545673494f,0f,0f,0f,1f],start_interpolation:0}
execute if entity @s[tag=aj.toji.bone.rightarm] run data modify entity @s {} merge value {transformation:[-0.9839937170702483f,0.13642529657640576f,0.11464947980830806f,-0.31367487725604665f,0.12904510726602753f,0.9891978493831086f,-0.06953398497520552f,1.3743859537782868f,-0.12289721338165226f,-0.05362604991860192f,-0.9909694857628827f,-0.005612673407840479f,0f,0f,0f,1f],start_interpolation:0}
execute if entity @s[tag=aj.toji.bone.chain] run data modify entity @s {} merge value {transformation:[-0.779911840306657f,1.2579043953234985f,0.4673079575466466f,0.4012627217067327f,-1.3130219495590842f,-0.6038264404716358f,-0.5659767339516055f,1.3435356998349202f,-0.27689990057176983f,-0.6797299725805015f,1.3675731362710246f,0.1892767939166518f,0f,0f,0f,1f],start_interpolation:0}
execute if entity @s[tag=aj.toji.bone.blade] run data modify entity @s {} merge value {transformation:[-0.8104618922889656f,-0.3010843216407925f,-0.5024935346942215f,0.036398244782283706f,0.38904253882736245f,0.36465615073392016f,-0.8459738735414236f,1.595087508780194f,0.4379468279713297f,-0.8811209468591836f,-0.17840530506637509f,0.02699971081707947f,0f,0f,0f,1f],start_interpolation:0}
execute if entity @s[tag=aj.toji.bone.bottom] run data modify entity @s {} merge value {transformation:[-0.5024935346942219f,0.8104618922889655f,0.3010843216407924f,0.4012627217067327f,-0.8459738735414234f,-0.3890425388273626f,-0.3646561507339203f,1.3435356998349202f,-0.17840530506637517f,-0.4379468279713298f,0.8811209468591836f,0.1892767939166518f,0f,0f,0f,1f],start_interpolation:0}
execute if entity @s[tag=aj.toji.bone.leftarm] run data modify entity @s {} merge value {transformation:[-0.5024935346942219f,-0.2403392422830027f,0.8305042421380754f,0.3097720652175932f,-0.8459738735414234f,0.33489448415882195f,-0.4149384168347348f,1.3743859537782868f,-0.17840530506637517f,-0.9110887624698423f,-0.37160303285272717f,-0.04964572826745721f,0f,0f,0f,1f],start_interpolation:0}
execute if entity @s[tag=aj.toji.locator_origin.mount] at @s on origin run tp @s ^0.00657 ^1.7305 ^0.06145 ~-17.19515 ~21.91197
execute if entity @s[tag=aj.toji.bone.head] run data modify entity @s {} merge value {transformation:[-0.9609914304758864f,0.03565275243128861f,-0.27427058135349214f,-0.002341687223072073f,-0.07219200609600657f,0.9249452849970329f,0.37318163676364324f,1.4992631445339442f,0.26699023354374496f,0.3784244984218527f,-0.886290648820366f,-0.03315504100517861f,0f,0f,0f,1f],start_interpolation:0}
execute if entity @s[tag=aj.toji.bone.upper] run data modify entity @s {} merge value {transformation:[-0.9975151079578237f,-0.0031222496307627638f,-0.07038366964811114f,0f,0f,0.999017526045259f,-0.04431684391301195f,0.75f,0.07045288777538676f,-0.04420672134023815f,-0.9965350753447945f,0f,0f,0f,0f,1f],start_interpolation:0}