execute if entity @s[tag=aj.toji.locator_origin.head] at @s on origin run tp @s ^0.00285 ^1.49929 ^-0.03259 ~5 ~-2.5
execute if entity @s[tag=aj.toji.bone.blade2] run data modify entity @s {} merge value {transformation:[0.13379865685544054f,-0.2571712537585149f,0.9570584442258235f,-0.5344560125254317f,0.9905012255519768f,0.06560077361321784f,-0.12084643429319411f,0.8375578644516039f,-0.03170554531484998f,0.964136652524745f,0.2635057374226738f,0.2793658662541975f,0f,0f,0f,1f],start_interpolation:0}
execute if entity @s[tag=aj.toji.bone.chain2] run data modify entity @s {} merge value {transformation:[-1.4854344603088303f,0.20766666532771536f,0.3991512167710287f,-0.427287858227025f,0.1875637365592287f,1.537340443825464f,-0.10181786737884857f,0.9486137544529958f,-0.408982863291442f,-0.04920964845742333f,-1.4964204294394479f,-0.05699247863941213f,0f,0f,0f,1f],start_interpolation:0}
execute if entity @s[tag=aj.toji.bone.bottom2] run data modify entity @s {} merge value {transformation:[-0.9570584442258234f,0.13379865685544076f,0.25717125375851513f,-0.4022006100666298f,0.12084643429319432f,0.9905012255519768f,-0.06560077361321787f,1.1343327342439915f,-0.263505737422674f,-0.031705545314849926f,-0.9641366525247449f,-0.06293726838594649f,0f,0f,0f,1f],start_interpolation:0}
execute if entity @s[tag=aj.toji.bone.rightarm] run data modify entity @s {} merge value {transformation:[-0.9570584442258234f,0.13379865685544076f,0.25717125375851513f,-0.3089347930886557f,0.12084643429319432f,0.9905012255519768f,-0.06560077361321787f,1.374405138488661f,-0.263505737422674f,-0.031705545314849926f,-0.9641366525247449f,-0.05439454612574185f,0f,0f,0f,1f],start_interpolation:0}
execute if entity @s[tag=aj.toji.bone.chain] run data modify entity @s {} merge value {transformation:[-0.8207479792238863f,1.2390995245918948f,0.44717758929440804f,0.38301364392844167f,-1.2608144272685498f,-0.5862402768575978f,-0.6896607799436743f,1.3321747835138593f,-0.38168364937798566f,-0.7279542427633611f,1.3165724005353583f,0.24465221684580704f,0f,0f,0f,1f],start_interpolation:0}
execute if entity @s[tag=aj.toji.bone.blade] run data modify entity @s {} merge value {transformation:[-0.7983460024216236f,-0.2881144199480751f,-0.52880406715096f,0.026539142217643696f,0.3777118562303984f,0.44434520050062215f,-0.8123368121998711f,1.6075136434165436f,0.46901749869317216f,-0.8482614124254656f,-0.24591698214957455f,0.10375263323455192f,0f,0f,0f,1f],start_interpolation:0}
execute if entity @s[tag=aj.toji.bone.bottom] run data modify entity @s {} merge value {transformation:[-0.5288040671509603f,0.7983460024216235f,0.28811441994807496f,0.38301364392844167f,-0.8123368121998709f,-0.37771185623039855f,-0.4443452005006223f,1.3321747835138593f,-0.24591698214957464f,-0.4690174986931722f,0.8482614124254656f,0.24465221684580704f,0f,0f,0f,1f],start_interpolation:0}
execute if entity @s[tag=aj.toji.bone.leftarm] run data modify entity @s {} merge value {transformation:[-0.5288040671509603f,-0.14510598605128555f,0.8362478767546658f,0.31368689321868526f,-0.8123368121998709f,0.3720056229491746f,-0.44913329874230895f,1.374405138488661f,-0.24591698214957464f,-0.9168184494796561f,-0.31459302055857047f,0.00007779309154460137f,0f,0f,0f,1f],start_interpolation:0}
execute if entity @s[tag=aj.toji.locator_origin.mount] at @s on origin run tp @s ^-0.00311 ^1.73034 ^0.06268 ~-8.48632 ~21.9986
execute if entity @s[tag=aj.toji.bone.head] run data modify entity @s {} merge value {transformation:[-0.990307224630109f,-0.02386339167625443f,-0.13682886896819924f,0.002851260078017761f,-0.07402675690660816f,0.9242331548376232f,0.3745839221867165f,1.4992861661863932f,0.11752293438857328f,0.38108216179270293f,-0.9170412999729616f,-0.03259005182051835f,0f,0f,0f,1f],start_interpolation:0}
execute if entity @s[tag=aj.toji.bone.upper] run data modify entity @s {} merge value {transformation:[-0.9961946980917455f,0.003801680104023681f,0.08707278979269394f,0f,-2.168404344971009e-19f,0.9990482215818578f,-0.043619387365336f,0.75f,-0.08715574274765832f,-0.0434534024273578f,-0.9952465414778341f,0f,0f,0f,0f,1f],start_interpolation:0}