execute if entity @s[tag=aj.toji.locator_origin.head] at @s on origin run tp @s ^0.00007 ^1.49998 ^-0.00497 ~0.76 ~-0.38
execute if entity @s[tag=aj.toji.bone.blade2] run data modify entity @s {} merge value {transformation:[0.019981643336025392f,-0.039777417497931754f,0.9990087542092848f,-0.4005138985949034f,0.9997800771867311f,0.007157601563513274f,-0.019712077525006397f,0.8063162048114108f,-0.006366411083628049f,0.9991829290960955f,0.03991169017795454f,0.337129126895474f,0f,0f,0f,1f],start_interpolation:0}
execute if entity @s[tag=aj.toji.bone.chain2] run data modify entity @s {} merge value {transformation:[-1.5505448372623276f,0.031013175594456426f,0.06173786674158193f,-0.3835975433496983f,0.03059478699193736f,1.551741994800239f,-0.011109194093369568f,0.9388144752654364f,-0.06194626913036729f,-0.009881200536047689f,-1.5508151712012317f,-0.007998973135814116f,0f,0f,0f,1f],start_interpolation:0}
execute if entity @s[tag=aj.toji.bone.bottom2] run data modify entity @s {} merge value {transformation:[-0.9990087542092848f,0.019981643336025614f,0.039777417497931976f,-0.3798509852241935f,0.01971207752500662f,0.9997800771867311f,-0.007157601563513278f,1.1262732397379485f,-0.03991169017795476f,-0.00636641108362804f,-0.9991829290960955f,-0.009192675213994373f,0f,0f,0f,1f],start_interpolation:0}
execute if entity @s[tag=aj.toji.bone.rightarm] run data modify entity @s {} merge value {transformation:[-0.9990087542092848f,0.019981643336025614f,0.039777417497931976f,-0.3124175272521068f,0.01971207752500662f,0.9997800771867311f,-0.007157601563513278f,1.3749862541893183f,-0.03991169017795476f,-0.00636641108362804f,-0.9991829290960955f,-0.00828979734877921f,0f,0f,0f,1f],start_interpolation:0}
execute if entity @s[tag=aj.toji.bone.chain] run data modify entity @s {} merge value {transformation:[-1.533340351128259f,-0.1830189087350286f,0.15599397507089313f,0.4083835832034993f,-0.22862417232451915f,1.4216484351369911f,-0.5793180372753679f,1.1406843914645062f,-0.07457230747340299f,-0.5953003271703243f,-1.4314395429217779f,0.04817180596085388f,0f,0f,0f,1f],start_interpolation:0}
execute if entity @s[tag=aj.toji.bone.blade] run data modify entity @s {} merge value {transformation:[0.1179182230776021f,-0.10050618528057566f,-0.9879239846195493f,0.41228817545436625f,-0.9159614078734976f,0.37325188978815643f,-0.14730148015539477f,0.9739700511128848f,0.3835492040828935f,0.9222697726207427f,-0.04804658736541429f,0.48967982818103395f,0f,0f,0f,1f],start_interpolation:0}
execute if entity @s[tag=aj.toji.bone.bottom] run data modify entity @s {} merge value {transformation:[-0.9879239846195493f,-0.11791822307760232f,0.10050618528057544f,0.4083835832034993f,-0.14730148015539488f,0.9159614078734976f,-0.3732518897881565f,1.1406843914645062f,-0.048046587365414f,-0.3835492040828935f,-0.9222697726207427f,0.04817180596085388f,0f,0f,0f,1f],start_interpolation:0}
execute if entity @s[tag=aj.toji.bone.leftarm] run data modify entity @s {} merge value {transformation:[-0.9879239846195493f,-0.13644337621991778f,0.07341257180580532f,0.3125274901097981f,-0.14730148015539488f,0.9740328209380968f,-0.17193701660609115f,1.3749862541893183f,-0.048046587365414f,-0.1806744830380965f,-0.9823686968859778f,2.7349099137805033e-7f,0f,0f,0f,1f],start_interpolation:0}
execute if entity @s[tag=aj.toji.locator_origin.mount] at @s on origin run tp @s ^-0.00339 ^1.7495 ^0.01021 ~-1.42162 ~3.46125
execute if entity @s[tag=aj.toji.bone.head] run data modify entity @s {} merge value {transformation:[-0.9995974960124738f,-0.013841407344606151f,-0.024764115334754304f,0.00006597771461475634f,-0.015315794227779837f,0.9980583457176185f,0.06037354545314505f,1.4999835050271821f,0.023880377148710108f,0.06072852695505918f,-0.9978686154003963f,-0.004973714314672699f,0f,0f,0f,1f],start_interpolation:0}
execute if entity @s[tag=aj.toji.bone.upper] run data modify entity @s {} merge value {transformation:[-0.9999120277790478f,0.00008797028615300845f,0.013263821622047532f,0f,-6.776263578034403e-21f,0.9999780067029094f,-0.006632202535817145f,0.75f,-0.01326411334363294f,-0.006631619086230265f,-0.9998900364167563f,0f,0f,0f,0f,1f],start_interpolation:0}