execute if entity @s[tag=aj.toji.locator_origin.head] at @s on origin run tp @s ^0.00043 ^1.49929 ^-0.03271 ~0.76 ~-2.5
execute if entity @s[tag=aj.toji.bone.blade2] run data modify entity @s {} merge value {transformation:[0.13316417966778907f,-0.18785466511325094f,0.9731279083700112f,-0.5143970062211485f,0.9902259401133595f,0.06630387056039208f,-0.12270445906862627f,0.838074813071537f,-0.04147154180903091f,0.9799563365496949f,0.19484786289842312f,0.3177240795262723f,0f,0f,0f,1f],start_interpolation:0}
execute if entity @s[tag=aj.toji.bone.chain2] run data modify entity @s {} merge value {transformation:[-1.5103756077826216f,0.20668190385938132f,0.29156609481119194f,-0.4311907237474899f,0.19044754584609738f,1.5369131778842768f,-0.10290913243227526f,0.9488503183808554f,-0.30242012054026124f,-0.06436728884943334f,-1.5209738973531726f,-0.025438946103931305f,0f,0f,0f,1f],start_interpolation:0}
execute if entity @s[tag=aj.toji.bone.bottom2] run data modify entity @s {} merge value {transformation:[-0.9731279083700112f,0.1331641796677893f,0.18785466511325116f,-0.4062224400597794f,0.12270445906862648f,0.9902259401133595f,-0.06630387056039211f,1.1345176821521104f,-0.19484786289842335f,-0.04147154180903087f,-0.9799563365496949f,-0.03321486019312459f,0f,0f,0f,1f],start_interpolation:0}
execute if entity @s[tag=aj.toji.bone.rightarm] run data modify entity @s {} merge value {transformation:[-0.9731279083700112f,0.1331641796677893f,0.18785466511325116f,-0.3121109008697064f,0.12270445906862648f,0.9902259401133595f,-0.06630387056039211f,1.374405138488661f,-0.19484786289842335f,-0.04147154180903087f,-0.9799563365496949f,-0.03140475421423085f,0f,0f,0f,1f],start_interpolation:0}
execute if entity @s[tag=aj.toji.bone.chain] run data modify entity @s {} merge value {transformation:[-0.8264151573794931f,1.2135002617480546f,0.5034061739807548f,0.39662751569296345f,-1.2729739116770742f,-0.5925728077194868f,-0.661330145503835f,1.334844624188974f,-0.32486625163920435f,-0.7650080103501915f,1.3107964511155215f,0.21734296769683642f,0f,0f,0f,1f],start_interpolation:0}
execute if entity @s[tag=aj.toji.bone.blade] run data modify entity @s {} merge value {transformation:[-0.7818525176363305f,-0.3243422329003522f,-0.5324554034122905f,0.032991068424988335f,0.3817918761145685f,0.426091905827974f,-0.8201711108791889f,1.6052137791752363f,0.49289106707126423f,-0.8445399953495977f,-0.2093097997138497f,0.08540622128160777f,0f,0f,0f,1f],start_interpolation:0}
execute if entity @s[tag=aj.toji.bone.bottom] run data modify entity @s {} merge value {transformation:[-0.5324554034122908f,0.7818525176363303f,0.3243422329003521f,0.39662751569296345f,-0.8201711108791887f,-0.38179187611456866f,-0.4260919058279742f,1.334844624188974f,-0.20930979971384978f,-0.4928910670712643f,0.8445399953495977f,0.21734296769683642f,0f,0f,0f,1f],start_interpolation:0}
execute if entity @s[tag=aj.toji.bone.leftarm] run data modify entity @s {} merge value {transformation:[-0.5324554034122908f,-0.20205974594998705f,0.8219872884927607f,0.3128341164921985f,-0.8201711108791887f,0.36328483491854546f,-0.4419767840027375f,1.374405138488661f,-0.20930979971384978f,-0.9095031543567244f,-0.3591565396298893f,-0.023114683374460265f,0f,0f,0f,1f],start_interpolation:0}
execute if entity @s[tag=aj.toji.locator_origin.mount] at @s on origin run tp @s ^-0.00178 ^1.72929 ^0.06522 ~5.43126 ~23.01507
execute if entity @s[tag=aj.toji.bone.head] run data modify entity @s {} merge value {transformation:[-0.9961585133228679f,-0.008875259242080675f,0.0871174271185701f,0.00043392937349523506f,0.02599488653048158f,0.9200349191876804f,0.3909731619300562f,1.4992861661863932f,-0.08362106318769752f,0.3917358513701604f,-0.9162699059461981f,-0.03271166255321467f,0f,0f,0f,1f],start_interpolation:0}
execute if entity @s[tag=aj.toji.bone.upper] run data modify entity @s {} merge value {transformation:[-0.9999120277790478f,0.0005785724979936467f,0.013251488846816666f,0f,5.421010862427522e-20f,0.9990482215818578f,-0.043619387365336f,0.75f,-0.013264113343632927f,-0.04361555007095289f,-0.9989603330909669f,0f,0f,0f,0f,1f],start_interpolation:0}