execute if entity @s[tag=aj.toji.locator_origin.head] at @s on origin run tp @s ^0.00111 ^1.49972 ^-0.02039 ~3.12 ~-1.56
execute if entity @s[tag=aj.toji.bone.blade2] run data modify entity @s {} merge value {transformation:[0.0829464504886287f,-0.1622421172027308f,0.9832585528521544f,-0.47645998513154025f,0.9962965281807121f,0.03592755265822509f,-0.07811810862437574f,0.8216862770000257f,-0.022652026099154354f,0.9860967023398698f,0.16462132106151195f,0.308376848499294f,0f,0f,0f,1f],start_interpolation:0}
execute if entity @s[tag=aj.toji.bone.chain2] run data modify entity @s {} merge value {transformation:[-1.5260992122392814f,0.12873980336255947f,0.25181328607507214f,-0.4088534491540539f,0.12124581442741685f,1.546335236447147f,-0.05576255568828688f,0.9437710034730797f,-0.2555060087308887f,-0.0351578321747291f,-1.5305042567566731f,-0.03437675984702426f,0f,0f,0f,1f],start_interpolation:0}
execute if entity @s[tag=aj.toji.bone.bottom2] run data modify entity @s {} merge value {transformation:[-0.9832585528521544f,0.08294645048862892f,0.16224211720273102f,-0.393300989687436f,0.07811810862437595f,0.9962965281807121f,-0.0359275526582251f,1.1305766025069632f,-0.16462132106151217f,-0.022652026099154315f,-0.9860967023398698f,-0.0386240147406157f,0f,0f,0f,1f],start_interpolation:0}
execute if entity @s[tag=aj.toji.bone.rightarm] run data modify entity @s {} merge value {transformation:[-0.9832585528521544f,0.08294645048862892f,0.16224211720273102f,-0.3111107175120191f,0.07811810862437595f,0.9962965281807121f,-0.0359275526582251f,1.3747683527631178f,-0.16462132106151217f,-0.022652026099154315f,-0.9860967023398698f,-0.03399818869905977f,0f,0f,0f,1f],start_interpolation:0}
execute if entity @s[tag=aj.toji.bone.chain] run data modify entity @s {} merge value {transformation:[-1.2485839005747557f,0.28155510360270336f,0.8779109524729207f,0.4422399273634098f,-0.8807584089708699f,0.07259157139760213f,-1.2759144808333511f,1.2454566636173978f,-0.2725170487579478f,-1.5246048212597285f,0.1013768747740843f,0.18160134254732904f,0f,0f,0f,1f],start_interpolation:0}
execute if entity @s[tag=aj.toji.bone.blade] run data modify entity @s {} merge value {transformation:[-0.18140463050912448f,-0.5656339022644323f,-0.8044567413099095f,0.18924810001989906f,-0.046770408417247125f,0.8220657057718234f,-0.5674685051087486f,1.5139238785878462f,0.9822957237646572f,-0.06531664414974563f,-0.17558145423330881f,0.4759799093413455f,0f,0f,0f,1f],start_interpolation:0}
execute if entity @s[tag=aj.toji.bone.bottom] run data modify entity @s {} merge value {transformation:[-0.8044567413099096f,0.1814046305091243f,0.5656339022644321f,0.4422399273634098f,-0.5674685051087484f,0.046770408417247f,-0.8220657057718235f,1.2454566636173978f,-0.17558145423330862f,-0.9822957237646572f,0.06531664414974558f,0.18160134254732904f,0f,0f,0f,1f],start_interpolation:0}
execute if entity @s[tag=aj.toji.bone.leftarm] run data modify entity @s {} merge value {transformation:[-0.8044567413099096f,-0.3159940631106883f,0.5029881742544643f,0.31296286525386835f,-0.5674685051087484f,0.659113882860067f,-0.49350621589881527f,1.3747683527631178f,-0.17558145423330862f,-0.6824343495897052f,-0.7095452849743928f,0.00001891426032096452f,0f,0f,0f,1f],start_interpolation:0}
execute if entity @s[tag=aj.toji.locator_origin.mount] at @s on origin run tp @s ^-0.0073 ^1.74208 ^0.04037 ~-6.6961 ~13.7621
execute if entity @s[tag=aj.toji.bone.head] run data modify entity @s {} merge value {transformation:[-0.9929966035524119f,-0.03362908923318462f,-0.11325559452283407f,0.0011112886451095719f,-0.05996379210726069f,0.9694391232781285f,0.23789100423061507f,1.4997220233157416f,0.10179434645151622f,0.24301619414162476f,-0.9646662844815449f,-0.020387564663243284f,0f,0f,0f,1f],start_interpolation:0}
execute if entity @s[tag=aj.toji.bone.upper] run data modify entity @s {} merge value {transformation:[-0.9985177324254199f,0.0014817181934794292f,0.05440719201716656f,0f,0f,0.9996293644209887f,-0.027223772466175404f,0.75f,-0.05442736473500918f,-0.027183419550991045f,-0.9981476462275093f,0f,0f,0f,0f,1f],start_interpolation:0}