execute if entity @s[tag=aj.toji.locator_origin.head] at @s on origin run tp @s ^0.0004 ^1.4999 ^-0.0123 ~1.88 ~-0.94
execute if entity @s[tag=aj.toji.bone.blade2] run data modify entity @s {} merge value {transformation:[0.04970948123877554f,-0.0981921641298262f,0.9939251814792063f,-0.4369187781956087f,0.998654610716506f,0.0195959108307415f,-0.04801009032877748f,0.812959196718007f,-0.014762654559243983f,0.9949745218759196f,0.09903416000628035f,0.32455042547961227f,0f,0f,0f,1f],start_interpolation:0}
execute if entity @s[tag=aj.toji.bone.chain2] run data modify entity @s {} merge value {transformation:[-1.5426547087541849f,0.07715325733934988f,0.1524024214098348f,-0.39586363752633014f,0.07451566103112373f,1.549995177049577f,-0.030414486601880057f,0.9410051278586644f,-0.15370926917641464f,-0.0229128700971599f,-1.544283372494917f,-0.020230773431007938f,0f,0f,0f,1f],start_interpolation:0}
execute if entity @s[tag=aj.toji.bone.bottom2] run data modify entity @s {} merge value {transformation:[-0.9939251814792063f,0.04970948123877576f,0.09819216412982643f,-0.3865431097940597f,0.0480100903287777f,0.998654610716506f,-0.01959591083074151f,1.1282528673680092f,-0.09903416000628057f,-0.01476265455924396f,-0.9949745218759196f,-0.022998771160866183f,0f,0f,0f,1f],start_interpolation:0}
execute if entity @s[tag=aj.toji.bone.rightarm] run data modify entity @s {} merge value {transformation:[-0.9939251814792063f,0.04970948123877576f,0.09819216412982643f,-0.31199541564191535f,0.0480100903287777f,0.998654610716506f,-0.01959591083074151f,1.3749158894015872f,-0.09903416000628057f,-0.01476265455924396f,-0.9949745218759196f,-0.020499799800284636f,0f,0f,0f,1f],start_interpolation:0}
execute if entity @s[tag=aj.toji.bone.chain] run data modify entity @s {} merge value {transformation:[-1.4389220094249784f,-0.1739478161675513f,0.5551650940522407f,0.4396757983897505f,-0.554531292725881f,0.8580297351351549f,-1.168436002792952f,1.1833228768065192f,-0.17595786368121374f,-1.2815965841424313f,-0.8576197871634655f,0.11648344418531956f,0f,0f,0f,1f],start_interpolation:0}
execute if entity @s[tag=aj.toji.bone.blade] run data modify entity @s {} merge value {transformation:[0.1120737607522476f,-0.3576902619396989f,-0.9270906906362275f,0.35304623285271075f,-0.5528245273354019f,0.7528178273028413f,-0.3572819067227153f,1.2646167876768142f,0.8257266582394187f,0.5525603997831724f,-0.11336882492212458f,0.5732381587034876f,0f,0f,0f,1f],start_interpolation:0}
execute if entity @s[tag=aj.toji.bone.bottom] run data modify entity @s {} merge value {transformation:[-0.9270906906362276f,-0.11207376075224781f,0.35769026193969866f,0.4396757983897505f,-0.35728190672271526f,0.5528245273354018f,-0.7528178273028414f,1.1833228768065192f,-0.11336882492212427f,-0.8257266582394187f,-0.5525603997831724f,0.11648344418531956f,0f,0f,0f,1f],start_interpolation:0}
execute if entity @s[tag=aj.toji.bone.leftarm] run data modify entity @s {} merge value {transformation:[-0.9270906906362276f,-0.2762578624874244f,0.2533464914884783f,0.3126681646031302f,-0.35728190672271526f,0.8556925270609506f,-0.37435269233788787f,1.3749158894015872f,-0.11336882492212427f,-0.4375750136215774f,-0.8920065117418444f,0.0000041392222924346855f,0f,0f,0f,1f],start_interpolation:0}
execute if entity @s[tag=aj.toji.locator_origin.mount] at @s on origin run tp @s ^-0.00672 ^1.74702 ^0.02488 ~-3.92963 ~8.42435
execute if entity @s[tag=aj.toji.bone.head] run data modify entity @s {} merge value {transformation:[-0.9972926669780464f,-0.028488880655992383f,-0.06779174043188431f,0.0004036493767288961f,-0.03819561003313655f,0.9884724670431365f,0.14650350600532341f,1.4998990672819046f,0.0628365480115825f,0.1486962191066871f,-0.9868844930676357f,-0.012297396346795322f,0f,0f,0f,1f],start_interpolation:0}
execute if entity @s[tag=aj.toji.bone.upper] run data modify entity @s {} merge value {transformation:[-0.9994617283920728f,0.0005381991689718614f,0.032801887463755924f,0f,5.421010862427522e-20f,0.9998654230425394f,-0.01640535900136205f,0.75f,-0.032806302436123314f,-0.016396528462393763f,-0.9993272238735676f,0f,0f,0f,0f,1f],start_interpolation:0}