execute if entity @s[tag=aj.toji.locator_origin.head] at @s on origin run tp @s ^0.00332 ^1.49919 ^-0.03465 ~5.48 ~-2.66
execute if entity @s[tag=aj.toji.bone.blade2] run data modify entity @s {} merge value {transformation:[0.14258199722943685f,-0.2756555295071929f,0.9506231656751133f,-0.5448151073958934f,0.9892495407299527f,0.0712162896924131f,-0.12772465011901052f,0.8405642545349227f,-0.03249184869536088f,0.9586147657607593f,0.282846266784277f,0.27237286346704004f,0f,0f,0f,1f],start_interpolation:0}
execute if entity @s[tag=aj.toji.bone.chain2] run data modify entity @s {} merge value {transformation:[-1.4754463717249153f,0.2212991415331888f,0.42784035308928936f,-0.430095327374795f,0.1982393007055479f,1.5353977246746142f,-0.11053361629343289f,0.9495126903396187f,-0.4390009765714303f,-0.050430056829257934f,-1.487850001024512f,-0.06217903174044145f,0f,0f,0f,1f],start_interpolation:0}
execute if entity @s[tag=aj.toji.bone.bottom2] run data modify entity @s {} merge value {transformation:[-0.9506231656751132f,0.14258199722943707f,0.27565552950719313f,-0.4033612028942756f,0.1277246501190107f,0.9892495407299527f,-0.07121628969241313f,1.134996979226485f,-0.2828462667842772f,-0.032491848695360814f,-0.9586147657607592f,-0.0682712533708216f,0f,0f,0f,1f],start_interpolation:0}
execute if entity @s[tag=aj.toji.bone.rightarm] run data modify entity @s {} merge value {transformation:[-0.9506231656751132f,0.14258199722943707f,0.27565552950719313f,-0.30830175573222174f,0.1277246501190107f,0.9892495407299527f,-0.07121628969241313f,1.3743265737765349f,-0.2828462667842772f,-0.032491848695360814f,-0.9586147657607592f,-0.058716323870644474f,0f,0f,0f,1f],start_interpolation:0}
execute if entity @s[tag=aj.toji.bone.chain] run data modify entity @s {} merge value {transformation:[-0.7342709588555966f,1.3427987247930366f,0.2582642392717017f,0.36645893282009506f,-1.3082810833577792f,-0.6046057434404758f,-0.5760340055396884f,1.3428459255250962f,-0.39775550218770195f,-0.4902103153791214f,1.4179023523453316f,0.2512632339450803f,0f,0f,0f,1f],start_interpolation:0}
execute if entity @s[tag=aj.toji.bone.blade] run data modify entity @s {} merge value {transformation:[-0.8651589099337685f,-0.16639843604082805f,-0.4730873291955519f,0.03034813912640666f,0.38954464006903117f,0.371136003569195f,-0.8429193557204484f,1.596790863909403f,0.3158402031972862f,-0.913547824329878f,-0.2562720014095259f,0.038472836051081094f,0f,0f,0f,1f],start_interpolation:0}
execute if entity @s[tag=aj.toji.bone.bottom] run data modify entity @s {} merge value {transformation:[-0.47308732919555213f,0.8651589099337684f,0.16639843604082794f,0.36645893282009506f,-0.8429193557204482f,-0.38954464006903133f,-0.3711360035691952f,1.3428459255250962f,-0.25627200140952605f,-0.31584020319728623f,0.9135478243298779f,0.2512632339450803f,0f,0f,0f,1f],start_interpolation:0}
execute if entity @s[tag=aj.toji.bone.leftarm] run data modify entity @s {} merge value {transformation:[-0.47308732919555213f,-0.09219693640386357f,0.8761781233701065f,0.3138417406444072f,-0.8429193557204482f,0.3366524319358673f,-0.4197047769843596f,1.3743265737765349f,-0.25627200140952605f,-0.9371045112416269f,-0.23698058212467055f,0.0009701060465782188f,0f,0f,0f,1f],start_interpolation:0}
execute if entity @s[tag=aj.toji.locator_origin.mount] at @s on origin run tp @s ^-0.00355 ^1.7273 ^0.06743 ~-4.46183 ~23.93277
execute if entity @s[tag=aj.toji.bone.head] run data modify entity @s {} merge value {transformation:[-0.9970902331668123f,-0.027476707549994626f,-0.07110624069351343f,0.0033239909473112505f,-0.054072946693938084f,0.9124211969350244f,0.40566448676152544f,1.4991918885318418f,0.05373251677696034f,0.4083290216551713f,-0.9112520105409614f,-0.03464773069443975f,0f,0f,0f,1f],start_interpolation:0}
execute if entity @s[tag=aj.toji.bone.upper] run data modify entity @s {} merge value {transformation:[-0.9954295942026062f,0.004431987929748334f,0.09539539018540265f,0f,0f,0.9989225180424558f,-0.04640908259941711f,0.75f,-0.0954982878675563f,-0.046196974259253f,-0.9943570367748474f,0f,0f,0f,0f,1f],start_interpolation:0}