execute if entity @s[tag=aj.toji.locator_origin.head] at @s on origin run tp @s ^0.00357 ^1.49918 ^-0.03489 ~5.84 ~-2.68
execute if entity @s[tag=aj.toji.bone.blade2] run data modify entity @s {} merge value {transformation:[0.14384937389942926f,-0.28296727893615725f,0.9482810114518845f,-0.5475153304805397f,0.9890876743939613f,0.07192941657359031f,-0.12857578074166282f,0.8409461157687895f,-0.03182656108798787f,0.9564286058472163f,0.29022644939161335f,0.2686209049947792f,0f,0f,0f,1f],start_interpolation:0}
execute if entity @s[tag=aj.toji.bone.chain2] run data modify entity @s {} merge value {transformation:[-1.4718111531909457f,0.2232662157397395f,0.43918879751549444f,-0.4301062368115235f,0.19956032635945614f,1.5351464946322941f,-0.11164044864026001f,0.9496265395984093f,-0.4504556349932336f,-0.04939747502198108f,-1.4844568986587003f,-0.06508410003111385f,0f,0f,0f,1f],start_interpolation:0}
execute if entity @s[tag=aj.toji.bone.bottom2] run data modify entity @s {} merge value {transformation:[-0.9482810114518844f,0.14384937389942948f,0.2829672789361575f,-0.4031344792053805f,0.128575780741663f,0.9890876743939613f,-0.07192941657359034f,1.135080478547277f,-0.2902264493916136f,-0.03182656108798781f,-0.9564286058472162f,-0.07105158023511157f,0f,0f,0f,1f],start_interpolation:0}
execute if entity @s[tag=aj.toji.bone.rightarm] run data modify entity @s {} merge value {transformation:[-0.9482810114518844f,0.14384937389942948f,0.2829672789361575f,-0.3079045725147803f,0.128575780741663f,0.9890876743939613f,-0.07192941657359034f,1.3743164108494135f,-0.2902264493916136f,-0.03182656108798781f,-0.9564286058472162f,-0.06086906742013268f,0f,0f,0f,1f],start_interpolation:0}
execute if entity @s[tag=aj.toji.bone.chain] run data modify entity @s {} merge value {transformation:[-0.7211598051550352f,1.3557300817082854f,0.2255818135203036f,0.36298223937572577f,-1.3138272028377582f,-0.605264856137952f,-0.5625612932107291f,1.3440643455997174f,-0.40342197526086143f,-0.4523417657995576f,1.428845796578859f,0.2538770385646424f,0f,0f,0f,1f],start_interpolation:0}
execute if entity @s[tag=aj.toji.bone.blade] run data modify entity @s {} merge value {transformation:[-0.8734905224429221f,-0.14534130267079973f,-0.46463987446230426f,0.03143579920283962f,0.3899693032835125f,0.3624555983102682f,-0.8464926944458041f,1.5951570606327077f,0.29144167460911086f,-0.9205986340373857f,-0.2599228833895481f,0.030790379908538057f,0f,0f,0f,1f],start_interpolation:0}
execute if entity @s[tag=aj.toji.bone.bottom] run data modify entity @s {} merge value {transformation:[-0.4646398744623045f,0.873490522442922f,0.14534130267079962f,0.36298223937572577f,-0.8464926944458039f,-0.38996930328351265f,-0.36245559831026836f,1.3440643455997174f,-0.2599228833895483f,-0.2914416746091109f,0.9205986340373856f,0.2538770385646424f,0f,0f,0f,1f],start_interpolation:0}
execute if entity @s[tag=aj.toji.bone.leftarm] run data modify entity @s {} merge value {transformation:[-0.4646398744623045f,-0.0803624894876868f,0.881845597223797f,0.31385162484991f,-0.8464926944458039f,0.3326314346102351f,-0.41569994823071577f,1.3743164108494135f,-0.2599228833895483f,-0.9396266274390473f,-0.22258008827832054f,0.0027252014930337805f,0f,0f,0f,1f],start_interpolation:0}
execute if entity @s[tag=aj.toji.locator_origin.mount] at @s on origin run tp @s ^-0.00607 ^1.72646 ^0.0688 ~2.76696 ~24.59503
execute if entity @s[tag=aj.toji.bone.head] run data modify entity @s {} merge value {transformation:[-0.9982920125881357f,-0.03855348043844914f,0.04389404001469501f,0.0035682314010777993f,-0.016809539995955018f,0.9091167915023066f,0.41620199275553194f,1.4991796930192962f,-0.055950844210377354f,0.41475328636990155f,-0.9082120977379196f,-0.034886319556259336f,0f,0f,0f,1f],start_interpolation:0}
execute if entity @s[tag=aj.toji.bone.upper] run data modify entity @s {} merge value {transformation:[-0.9948099157835046f,0.004757641868103732f,0.10163954103925892f,0f,0f,0.9989062573590616f,-0.046757769503176075f,0.75f,-0.10175083026106634f,-0.046515092741679115f,-0.9937218497589839f,0f,0f,0f,0f,1f],start_interpolation:0}