execute if entity @s[tag=aj.toji.locator_origin.head] at @s on origin run tp @s ^-0.00656 ^1.32711 ^0.29797 ~-18.93267 ~22.11879
execute if entity @s[tag=aj.toji.bone.blade2] run data modify entity @s {} merge value {transformation:[-0.30773131599016934f,-1.4609852045729008f,-0.14430408579814125f,-0.9939038643008391f,-1.0051291391939228f,0.10220242679991265f,1.1087245273283586f,0.8865258364595162f,-1.0700546017387347f,0.3241556662705238f,-0.9999531255626288f,0.635708757447276f,0f,0f,0f,1f],start_interpolation:0}
execute if entity @s[tag=aj.toji.bone.chain2] run data modify entity @s {} merge value {transformation:[0.3239721809687776f,-0.21700816718719862f,-1.5023022848093848f,-0.5250122293447603f,1.0107740952771076f,1.176858822843418f,0.04797617141311763f,0.9640885022301958f,1.1324047102896515f,-0.9883690809008389f,0.38697390822141065f,0.4778855184825785f,0f,0f,0f,1f],start_interpolation:0}
execute if entity @s[tag=aj.toji.bone.bottom2] run data modify entity @s {} merge value {transformation:[0.20873375418122583f,-0.13981734261725548f,-0.9679263043067177f,-0.5512279810854958f,0.6512370009839081f,0.7582446106910612f,0.030910821850062362f,1.1062593667347698f,0.7296030348174936f,-0.636801555479735f,0.2493254710688283f,0.3584852268301282f,0f,0f,0f,1f],start_interpolation:0}
execute if entity @s[tag=aj.toji.bone.rightarm] run data modify entity @s {} merge value {transformation:[-0.40699834007721775f,0.8891512772939333f,-0.20919454405159904f,-0.3035027655071863f,0.7648582369144565f,0.4569403595586529f,0.4540896224651233f,1.1726908168172794f,0.49934379799743045f,0.024809552454165967f,-0.8660486461559335f,0.3334786275688303f,0f,0f,0f,1f],start_interpolation:0}
execute if entity @s[tag=aj.toji.bone.chain] run data modify entity @s {} merge value {transformation:[-1.5202486166513944f,-0.14052999167931435f,-0.2793888663122503f,0.41342746315764417f,-0.16017693634007885f,1.5407718249053066f,0.09658263950518604f,1.0827680360141327f,0.26860782982880244f,0.12343491656615735f,-1.5236719885651502f,0.011092413549147195f,0f,0f,0f,1f],start_interpolation:0}
execute if entity @s[tag=aj.toji.bone.blade] run data modify entity @s {} merge value {transformation:[0.13581422014645111f,0.2700134009997583f,-1.4692335624013475f,0.5248111383266116f,-1.4890680723917056f,-0.09334161133387109f,-0.15480187136222348f,0.7945188878580914f,-0.11929280527199093f,1.4725420560629638f,0.2595941442640771f,0.4666398186879729f,0f,0f,0f,1f],start_interpolation:0}
execute if entity @s[tag=aj.toji.bone.bottom] run data modify entity @s {} merge value {transformation:[-0.9794890416008983f,-0.09054281343096762f,-0.18000893399983908f,0.41342746315764417f,-0.1032012475748159f,0.992712048261137f,0.062227740889247374f,1.0827680360141327f,0.17306276284271832f,0.07952853684799399f,-0.9816947040419759f,0.011092413549147195f,0f,0f,0f,1f],start_interpolation:0}
execute if entity @s[tag=aj.toji.bone.leftarm] run data modify entity @s {} merge value {transformation:[-0.9054929749674213f,-0.25705527402619843f,-0.33764635105382806f,0.29257033371563074f,-0.4012291776535004f,0.777707833039438f,0.48392734312972774f,1.2521181706706486f,0.13819413621476367f,0.5736663773696498f,-0.8073470556033744f,0.16314614140498238f,0f,0f,0f,1f],start_interpolation:0}
execute if entity @s[tag=aj.toji.locator_origin.mount] at @s on origin run tp @s ^0.05824 ^1.56705 ^0.32505 ~39.76419 ~-4.91567
execute if entity @s[tag=aj.toji.bone.head] run data modify entity @s {} merge value {transformation:[-0.725743517574198f,0.2591806907972065f,0.6372767971744397f,-0.00655945907493336f,0.2675022930278216f,0.9597394674938563f,-0.08568942618238454f,1.3271103924927568f,-0.6338287386383539f,0.10828445896107033f,-0.7658561261905668f,0.2979748613842876f,0f,0f,0f,1f],start_interpolation:0}
execute if entity @s[tag=aj.toji.bone.upper] run data modify entity @s {} merge value {transformation:[-0.9537169587565072f,-0.00874594543324448f,-0.3005785604774854f,0f,-0.1270837661653903f,0.9176471899903422f,0.3765280216398895f,0.6388750000000001f,0.2725319778621566f,0.3972998151790501f,-0.8762871549333777f,0f,0f,0f,0f,1f],start_interpolation:0}
execute if entity @s[tag=aj.toji.bone.bottom3] run data modify entity @s {} merge value {transformation:[-0.88343873810983f,5.551115123125783e-17f,0.46854668498124197f,-0.24172921592243835f,0f,1f,-5.551115123125783e-17f,0.45229210737837583f,-0.4685466849812419f,-5.551115123125783e-17f,-0.8834387381098301f,0.21853660821942336f,0f,0f,0f,1f],start_interpolation:0}
execute if entity @s[tag=aj.toji.bone.rightleg] run data modify entity @s {} merge value {transformation:[-0.88343873810983f,0.3758647161896061f,0.2797529465986338f,-0.11875f,0f,0.5970652563891976f,-0.8021926698823056f,0.6388750000000001f,-0.4685466849812419f,-0.7086880800017796f,-0.5274705766736949f,-1.4542680739874818e-17f,0f,0f,0f,1f],start_interpolation:0}
execute if entity @s[tag=aj.toji.bone.bottom4] run data modify entity @s {} merge value {transformation:[-0.6320293026648511f,-0.30105101356966196f,-0.7140779003733846f,0.296078630572912f,-5.551115123125783e-17f,0.9214568408214985f,-0.388480746631366f,0.4206983065645399f,0.7749444887041794f,-0.24553121539214298f,-0.5823877245401684f,0.13656060823204075f,0f,0f,0f,1f],start_interpolation:0}
execute if entity @s[tag=aj.toji.bone.leftleg] run data modify entity @s {} merge value {transformation:[-0.6320293026648511f,-0.5548110317800214f,-0.541039443652836f,0.11875f,-5.551115123125783e-17f,0.6981654189934727f,-0.7159364830218311f,0.6388750000000001f,0.7749444887041794f,-0.4524928361166139f,-0.44126100291115816f,1.4542680739874818e-17f,0f,0f,0f,1f],start_interpolation:0}