execute if entity @s[tag=aj.toji.locator_origin.head] at @s on origin run tp @s ^-0.01534 ^1.43195 ^0.19856 ~-6.72147 ~15.12204
execute if entity @s[tag=aj.toji.bone.blade2] run data modify entity @s {} merge value {transformation:[0.6865759007499771f,1.0742443158007957f,-0.790324415970453f,-0.4137146655852116f,0.13892793496368372f,-0.9416800549777431f,-1.1592832712257355f,1.02692890393089f,-1.3263908026656712f,0.4574252114026895f,-0.5305182509368744f,0.5050011982194665f,0f,0f,0f,1f],start_interpolation:0}
execute if entity @s[tag=aj.toji.bone.chain2] run data modify entity @s {} merge value {transformation:[-0.9917266149693388f,0.19040182091262922f,-1.178638257212841f,-0.5157165774777218f,1.0470110766207756f,0.8750425580733326f,-0.7396154410266153f,1.0031218782750377f,0.573767200357404f,-1.2676791162454104f,-0.6875634746264472f,0.40253590428907793f,0f,0f,0f,1f],start_interpolation:0}
execute if entity @s[tag=aj.toji.bone.bottom2] run data modify entity @s {} merge value {transformation:[-0.6389647989064196f,0.12267499870880808f,-0.7593910918955217f,-0.4927150152198203f,0.6745843178227815f,0.5637858092284559f,-0.47653075395003397f,1.1088317175053732f,0.36967551163966966f,-0.8167596990574455f,-0.4429939165378451f,0.24939346071580692f,0f,0f,0f,1f],start_interpolation:0}
execute if entity @s[tag=aj.toji.bone.rightarm] run data modify entity @s {} merge value {transformation:[-0.8169251270890858f,0.47376989542772163f,-0.32890032368011834f,-0.32321472091982206f,0.48983941871913145f,0.8709859056704792f,0.037959135821022866f,1.2959632302530473f,0.30445144210429437f,-0.1300985715132223f,-0.9436014418655975f,0.19784060270598297f,0f,0f,0f,1f],start_interpolation:0}
execute if entity @s[tag=aj.toji.bone.chain] run data modify entity @s {} merge value {transformation:[-1.5479949159284645f,-0.05926694366658263f,-0.0957175180369838f,0.3912892405177506f,-0.07237710307525681f,1.534666815371234f,0.22027708541711838f,1.1023708383151318f,0.0862320637650048f,0.22416036402060213f,-1.5333880252539116f,0.0481280960470212f,0f,0f,0f,1f],start_interpolation:0}
execute if entity @s[tag=aj.toji.bone.blade] run data modify entity @s {} merge value {transformation:[0.05727812005360972f,0.09250552078742025f,-1.4960487778100595f,0.4316515710572377f,-1.4831679289493804f,-0.21288523691318825f,-0.06994834122709344f,0.7764473425009296f,-0.21663820415413892f,1.4819320512521024f,0.08333837035007145f,0.48989963200788167f,0f,0f,0f,1f],start_interpolation:0}
execute if entity @s[tag=aj.toji.bone.bottom] run data modify entity @s {} merge value {transformation:[-0.997365851873373f,-0.03818541336907337f,-0.061670347191613725f,0.3912892405177506f,-0.04663222748472921f,0.9887786192995869f,0.1419234912754588f,1.1023708383151318f,0.055558913566714496f,0.14442546943609263f,-0.9879547008347349f,0.0481280960470212f,0f,0f,0f,1f],start_interpolation:0}
execute if entity @s[tag=aj.toji.bone.leftarm] run data modify entity @s {} merge value {transformation:[-0.9844985819984322f,-0.12842709100260297f,-0.11945302147574807f,0.29765130639219783f,-0.15967103182954917f,0.9380885126714132f,0.30740055951221534f,1.3269135269936383f,0.07257894761956453f,0.3217086021394906f,-0.9440528966492775f,0.13309143080811664f,0f,0f,0f,1f],start_interpolation:0}
execute if entity @s[tag=aj.toji.locator_origin.mount] at @s on origin run tp @s ^-0.01022 ^1.67991 ^0.23 ~16.17803 ~6.61782
execute if entity @s[tag=aj.toji.bone.head] run data modify entity @s {} merge value {transformation:[-0.9607187434751329f,0.020489799671698998f,0.2767664431338732f,-0.015338048716574505f,0.05435411601120128f,0.9918487693576216f,0.11524603592493934f,1.4319510543480112f,-0.27214908783275893f,0.12576242218240385f,-0.954001408363013f,0.19855922010845975f,0f,0f,0f,1f],start_interpolation:0}
execute if entity @s[tag=aj.toji.bone.upper] run data modify entity @s {} merge value {transformation:[-0.9933856436992319f,-0.02045073162209934f,-0.11298995737844802f,0f,-0.04952047478494586f,0.9641014057973485f,0.26087583620690136f,0.7088749999999999f,0.10359867503658614f,0.26474562681127967f,-0.9587372255289592f,0f,0f,0f,0f,1f],start_interpolation:0}
execute if entity @s[tag=aj.toji.bone.bottom3] run data modify entity @s {} merge value {transformation:[-0.9837599706823283f,-6.938893903907228e-18f,0.17948905282246186f,-0.1438431456725314f,0f,0.9999999999999999f,0f,0.4147390692142476f,-0.17948905282246183f,0f,-0.9837599706823283f,0.10271173623815448f,0f,0f,0f,1f],start_interpolation:0}
execute if entity @s[tag=aj.toji.bone.rightleg] run data modify entity @s {} merge value {transformation:[-0.9837599706823283f,0.06062286673845389f,0.16894137477692125f,-0.11875f,0f,0.9412349785144075f,-0.33775244665432513f,0.7088749999999999f,-0.17948905282246183f,-0.3322673370185436f,-0.9259492948685155f,-1.4542680739874818e-17f,0f,0f,0f,1f],start_interpolation:0}
execute if entity @s[tag=aj.toji.bone.bottom4] run data modify entity @s {} merge value {transformation:[-0.9466492601156963f,-0.04741137840523482f,-0.3187590618635342f,0.15397623682576567f,0f,0.9891188127719618f,-0.14711891183863746f,0.40990248388786543f,0.3222656952305113f,-0.1392700090410725f,-0.9363485922770935f,0.0840824556532131f,0f,0f,0f,1f],start_interpolation:0}
execute if entity @s[tag=aj.toji.bone.leftleg] run data modify entity @s {} merge value {transformation:[-0.9466492601156963f,-0.09379097264013618f,-0.30831547443101526f,0.11875f,0f,0.9567120515588304f,-0.29103616682827205f,0.7088749999999999f,0.3222656952305113f,-0.2755091719948921f,-0.9056707557519367f,1.4542680739874818e-17f,0f,0f,0f,1f],start_interpolation:0}