execute if entity @s[tag=aj.toji.locator_origin.head] at @s on origin run tp @s ^0.04156 ^1.25664 ^0.42325 ~-22.09434 ~33.42973
execute if entity @s[tag=aj.toji.bone.blade2] run data modify entity @s {} merge value {transformation:[-0.869829053182868f,-0.16910522861407196f,-1.2102895686133865f,-0.16932450033338775f,-1.2220261008072155f,0.12892760857481067f,0.8602498943290224f,0.8334107296069688f,0.007044656479081701f,1.4848505289767595f,-0.2125306552300837f,1.1916132716554828f,0f,0f,0f,1f],start_interpolation:0}
execute if entity @s[tag=aj.toji.bone.chain2] run data modify entity @s {} merge value {transformation:[0.931399154103222f,-1.2365077353592098f,-0.11183429591923831f,-0.20330299828052162f,1.2415492514157733f,0.9271912968444949f,0.08851230974202753f,0.8898445454919034f,-0.003707513431717237f,-0.14257486827549243f,1.5455165268904407f,0.6748308007659228f,0f,0f,0f,1f],start_interpolation:0}
execute if entity @s[tag=aj.toji.bone.bottom2] run data modify entity @s {} merge value {transformation:[0.6000960992879819f,-0.7966761247951955f,-0.07205431146474414f,-0.3526797716796208f,0.7999243499054647f,0.597384996624641f,0.05702806533714525f,1.0018542323590236f,-0.0023887334862070786f,-0.09186031781508236f,0.9957690374596128f,0.6576069911755948f,0f,0f,0f,1f],start_interpolation:0}
execute if entity @s[tag=aj.toji.bone.rightarm] run data modify entity @s {} merge value {transformation:[0.027186901964492666f,0.3712596252180044f,-0.9281310053244419f,-0.26156404674790046f,0.7339670515527448f,0.6229196972648949f,0.27067215962189806f,1.1117112159532008f,0.6786407293970377f,-0.6885763149008235f,-0.2555570757405436f,0.4430478668630742f,0f,0f,0f,1f],start_interpolation:0}
execute if entity @s[tag=aj.toji.bone.chain] run data modify entity @s {} merge value {transformation:[-1.5151453086466355f,-0.07142962019169857f,-0.3289303522882504f,0.43902790152560933f,-0.15941035707951764f,1.488127084130947f,0.41113111429666405f,1.0564235591962226f,0.2964552333034174f,0.4351301695427539f,-1.460047500532713f,0.07443847659176564f,0f,0f,0f,1f],start_interpolation:0}
execute if entity @s[tag=aj.toji.bone.blade] run data modify entity @s {} merge value {transformation:[0.06903265307117144f,0.3178924210034094f,-1.4643015063430571f,0.5543213504711537f,-1.438189933656754f,-0.39733476817932634f,-0.15406101623792268f,0.6786624168937179f,-0.4205284860010507f,1.411052617964501f,0.2865070711120273f,0.4578720077703713f,0f,0f,0f,1f],start_interpolation:0}
execute if entity @s[tag=aj.toji.bone.bottom] run data modify entity @s {} merge value {transformation:[-0.9762010042287047f,-0.04602176871411451f,-0.21192828066893984f,0.43902790152560933f,-0.10270734415861539f,0.9587932891045028f,0.2648898454528842f,1.0564235591962226f,0.191004714074685f,0.2803523240007005f,-0.9407017453096673f,0.07443847659176564f,0f,0f,0f,1f],start_interpolation:0}
execute if entity @s[tag=aj.toji.bone.leftarm] run data modify entity @s {} merge value {transformation:[-0.9160309996752274f,-0.20377130791655068f,-0.34549162320377874f,0.33083313706677f,-0.3899232347584302f,0.65437124387693f,0.6478874486996038f,1.1956461679930532f,0.0940589104206809f,0.7282001986108888f,-0.6788795122210837f,0.2623672081457804f,0f,0f,0f,1f],start_interpolation:0}
execute if entity @s[tag=aj.toji.locator_origin.mount] at @s on origin run tp @s ^0.12628 ^1.48178 ^0.49131 ~38.88623 ~-0.05267
execute if entity @s[tag=aj.toji.bone.head] run data modify entity @s {} merge value {transformation:[-0.7007507210085693f,0.33888935542513804f,0.6277757814582405f,0.04156145419132175f,0.43470209683112876f,0.9005738403912447f,-0.000919246204813956f,1.2566394303677524f,-0.5656699691662888f,0.27225128609888993f,-0.7783936813726781f,0.4232490450053128f,0f,0f,0f,1f],start_interpolation:0}
execute if entity @s[tag=aj.toji.bone.upper] run data modify entity @s {} merge value {transformation:[-0.9478354941034728f,0.05541527225509566f,-0.3139060746760394f,0f,-0.13429592326376374f,0.8236859071570031f,0.550913905565723f,0.6388750000000001f,0.2890890539476701f,0.5643320600070837f,-0.7732766936458142f,0f,0f,0f,0f,1f],start_interpolation:0}
execute if entity @s[tag=aj.toji.bone.bottom3] run data modify entity @s {} merge value {transformation:[-0.88343873810983f,5.551115123125783e-17f,0.4685466849812421f,-0.24172921592243837f,-2.7755575615628914e-17f,1f,-1.1102230246251565e-16f,0.4522921073783759f,-0.468546684981242f,-1.6653345369377348e-16f,-0.8834387381098301f,0.21853660821942336f,0f,0f,0f,1f],start_interpolation:0}
execute if entity @s[tag=aj.toji.bone.rightleg] run data modify entity @s {} merge value {transformation:[-0.88343873810983f,0.37586471618960615f,0.2797529465986338f,-0.11875f,-2.7755575615628914e-17f,0.5970652563891975f,-0.8021926698823056f,0.6388750000000001f,-0.468546684981242f,-0.7086880800017796f,-0.5274705766736947f,-1.4542680739874818e-17f,0f,0f,0f,1f],start_interpolation:0}
execute if entity @s[tag=aj.toji.bone.bottom4] run data modify entity @s {} merge value {transformation:[-0.6320293026648511f,-0.30105101356966196f,-0.7140779003733846f,0.296078630572912f,-5.551115123125783e-17f,0.9214568408214985f,-0.388480746631366f,0.4206983065645399f,0.7749444887041794f,-0.24553121539214298f,-0.5823877245401684f,0.13656060823204075f,0f,0f,0f,1f],start_interpolation:0}
execute if entity @s[tag=aj.toji.bone.leftleg] run data modify entity @s {} merge value {transformation:[-0.6320293026648511f,-0.5548110317800214f,-0.541039443652836f,0.11875f,-5.551115123125783e-17f,0.6981654189934727f,-0.7159364830218311f,0.6388750000000001f,0.7749444887041794f,-0.4524928361166139f,-0.44126100291115816f,1.4542680739874818e-17f,0f,0f,0f,1f],start_interpolation:0}