execute if entity @s[tag=aj.toji.locator_origin.head] at @s on origin run tp @s ^0.07294 ^1.18655 ^0.50031 ~-23.49484 ~41.37252
execute if entity @s[tag=aj.toji.bone.blade2] run data modify entity @s {} merge value {transformation:[-0.9779161520244154f,0.45760343053428804f,-1.041287232214538f,0.03190454740281923f,-1.0725928008936638f,-0.8279452511365449f,0.6434682156808749f,0.48076300100313646f,-0.37845037069719834f,1.1640901002429729f,0.8669887862224398f,0.8569155048047428f,0f,0f,0f,1f],start_interpolation:0}
execute if entity @s[tag=aj.toji.bone.chain2] run data modify entity @s {} merge value {transformation:[1.1134762093575605f,-0.8176571624739412f,0.7075098370064499f,-0.21330231714555675f,1.0503690972319688f,0.5769166873563824f,-0.9863339034226433f,0.859668715503492f,0.25662845591619166f,1.1864091090833353f,0.9672320999167002f,0.5757312607246178f,0f,0f,0f,1f],start_interpolation:0}
execute if entity @s[tag=aj.toji.bone.bottom2] run data modify entity @s {} merge value {transformation:[0.7174074905927906f,-0.5268126684395862f,0.45584526411153814f,-0.3120796924779792f,0.6767478747266376f,0.3717047113168638f,-0.6354903001917701f,0.929363348875404f,0.16534450850976107f,0.7643978152483234f,0.6231830979329075f,0.7190558510836784f,0f,0f,0f,1f],start_interpolation:0}
execute if entity @s[tag=aj.toji.bone.rightarm] run data modify entity @s {} merge value {transformation:[0.2996699622254372f,0.3798470145636176f,-0.8751652182684777f,-0.2358473114761646f,0.595238851904363f,0.642442538787982f,0.4826575323552177f,1.0527715553283767f,0.7455793874051113f,-0.6655703042374708f,-0.033578969517538915f,0.5060645633114913f,0f,0f,0f,1f],start_interpolation:0}
execute if entity @s[tag=aj.toji.bone.chain] run data modify entity @s {} merge value {transformation:[-1.5171092528945016f,0.010269702466888802f,-0.32747018429811303f,0.4579462636695246f,-0.11453055262559954f,1.4368236855602319f,0.5756588596899194f,1.0190051242656393f,0.30696081331054853f,0.5868516877674166f,-1.4036890073187058f,0.12116244690353306f,0f,0f,0f,1f],start_interpolation:0}
execute if entity @s[tag=aj.toji.bone.blade] run data modify entity @s {} merge value {transformation:[-0.009925081578738497f,0.3164812519391156f,-1.4661995464215316f,0.559097662232815f,-1.388608125642103f,-0.5563414482909287f,-0.11068724549051186f,0.5983905721645884f,-0.5671586781107917f,1.3565853493549906f,0.2966601148773084f,0.4615579903013124f,0f,0f,0f,1f],start_interpolation:0}
execute if entity @s[tag=aj.toji.bone.bottom] run data modify entity @s {} merge value {transformation:[-0.9774663642810211f,0.006616721052492114f,-0.21098750129274396f,0.4579462636695246f,-0.07379149699367486f,0.9257387504280687f,0.37089429886061914f,1.0190051242656393f,0.19777340991820574f,0.37810578540719453f,-0.9043902329033271f,0.12116244690353306f,0f,0f,0f,1f],start_interpolation:0}
execute if entity @s[tag=aj.toji.bone.leftarm] run data modify entity @s {} merge value {transformation:[-0.9299825132367016f,-0.16960364983430273f,-0.3261397354460682f,0.3574214441336551f,-0.3634303929454633f,0.5575085825162754f,0.7463930130328119f,1.1356678703356167f,0.05523472238958338f,0.8126615423308627f,-0.5801123538237822f,0.3277800026355977f,0f,0f,0f,1f],start_interpolation:0}
execute if entity @s[tag=aj.toji.locator_origin.mount] at @s on origin run tp @s ^0.16949 ^1.39647 ^0.59575 ~38.67357 ~3.86523
execute if entity @s[tag=aj.toji.bone.head] run data modify entity @s {} merge value {transformation:[-0.6798236340594335f,0.3861811917460129f,0.6234612367387845f,0.0729444795944943f,0.5388293827036315f,0.8397135344135893f,0.06740976530044623f,1.1865464678983961f,-0.49749645517274677f,0.3817659849492447f,-0.7789428796941945f,0.5003067395682534f,0f,0f,0f,1f],start_interpolation:0}
execute if entity @s[tag=aj.toji.bone.upper] run data modify entity @s {} merge value {transformation:[-0.9492300089757116f,0.0972593061259924f,-0.2991705490716974f,0f,-0.1326341040115841f,0.7386140405311947f,0.6609519601175465f,0.6325859375f,0.2852552970814297f,0.6670756527576712f,-0.6882147113982032f,0f,0f,0f,0f,1f],start_interpolation:0}
execute if entity @s[tag=aj.toji.bone.bottom3] run data modify entity @s {} merge value {transformation:[-0.8701730048194073f,0f,0.4927463258955503f,-0.2523830994286088f,-2.7755575615628914e-17f,1f,-5.551115123125783e-17f,0.45946372936936497f,-0.49274632589555023f,-5.551115123125783e-17f,-0.8701730048194073f,0.22330742999075653f,0f,0f,0f,1f],start_interpolation:0}
execute if entity @s[tag=aj.toji.bone.rightleg] run data modify entity @s {} merge value {transformation:[-0.8701730048194073f,0.4102224580751599f,0.27297706235934466f,-0.11875f,-2.7755575615628914e-17f,0.5539910660180323f,-0.8325226115681209f,0.6325859375f,-0.49274632589555023f,-0.724438702488332f,-0.4820680705600177f,-1.4542680739874818e-17f,0f,0f,0f,1f],start_interpolation:0}
execute if entity @s[tag=aj.toji.bone.bottom4] run data modify entity @s {} merge value {transformation:[-0.5923647749840896f,-0.32966934240314105f,-0.7351340680702598f,0.3104566718165336f,0f,0.9124507149007701f,-0.4091866235314556f,0.4247319955481707f,0.8056698910583967f,-0.24238774217471f,-0.5405036624162665f,0.13319385607494616f,0f,0f,0f,1f],start_interpolation:0}
execute if entity @s[tag=aj.toji.bone.leftleg] run data modify entity @s {} merge value {transformation:[-0.5923647749840896f,-0.6016140543132257f,-0.5358773208588437f,0.11875f,0f,0.6651326142458538f,-0.7467252543382179f,0.6325859375f,0.8056698910583967f,-0.4423337372609955f,-0.39400113137232445f,1.4542680739874818e-17f,0f,0f,0f,1f],start_interpolation:0}