execute if entity @s[tag=aj.toji.locator_origin.head] at @s on origin run tp @s ^-0.01489 ^1.40677 ^0.19137 ~-6.15319 ~14.5866
execute if entity @s[tag=aj.toji.bone.blade2] run data modify entity @s {} merge value {transformation:[0.23699209563920237f,-0.07634660931211912f,-1.4791909754494459f,-0.5512792006573006f,-1.3319471393606213f,-0.6662362677618562f,-0.17901411527533045f,1.1022108570143547f,-0.6478823693801183f,1.3417527457640228f,-0.17305491810725515f,0.6125456579117987f,0f,0f,0f,1f],start_interpolation:0}
execute if entity @s[tag=aj.toji.bone.chain2] run data modify entity @s {} merge value {transformation:[-0.48667969823140783f,-0.28554522592809317f,-1.4458801709997176f,-0.42580590079133035f,1.460679861873272f,-0.2962252174950597f,-0.4331600573102231f,1.1244517245003547f,-0.1962648365305849f,-1.4965551169538631f,0.36161522295382437f,0.488784720209261f,0f,0f,0f,1f],start_interpolation:0}
execute if entity @s[tag=aj.toji.bone.bottom2] run data modify entity @s {} merge value {transformation:[-0.31356544315580637f,-0.18397544757783182f,-0.9315738014494824f,-0.46030129721217383f,0.9411091727505644f,-0.19085651596997133f,-0.2790829899448417f,1.088666127755985f,-0.12645251212708825f,-0.9642234310575224f,0.23298698928568548f,0.30799282688597557f,0f,0f,0f,1f],start_interpolation:0}
execute if entity @s[tag=aj.toji.bone.rightarm] run data modify entity @s {} merge value {transformation:[-0.8339500196293815f,0.3400754183294758f,-0.4345987512731557f,-0.32316056640296853f,0.47048965355699995f,0.8497302490176524f,-0.23790332027992536f,1.2716930866630856f,0.28838663397593245f,-0.40287369454015065f,-0.8686345236010373f,0.1892502386274421f,0f,0f,0f,1f],start_interpolation:0}
execute if entity @s[tag=aj.toji.bone.chain] run data modify entity @s {} merge value {transformation:[-1.5498114322275298f,0.0631222111269696f,-0.05534243047072028f,0.38994895038399857f,0.06263489532752041f,1.5507491648005243f,0.01471636398360843f,1.073341130485983f,0.05589336306999956f,0.012461458342816735f,-1.5510265367271467f,0.04870119373577632f,0f,0f,0f,1f],start_interpolation:0}
execute if entity @s[tag=aj.toji.bone.blade] run data modify entity @s {} merge value {transformation:[-0.0610040161227092f,0.053485301931434026f,-1.4978043371863374f,0.3971876732273185f,-1.4987106022233254f,-0.014222526266037663f,0.060533053202436155f,0.8089390758322478f,-0.01204328859976918f,1.4989786663671751f,0.05401774685959655f,0.531460437274445f,0f,0f,0f,1f],start_interpolation:0}
execute if entity @s[tag=aj.toji.bone.bottom] run data modify entity @s {} merge value {transformation:[-0.9985362247908915f,0.04066934408180591f,-0.03565686795428957f,0.38994895038399857f,0.04035536880162388f,0.9991404014822169f,0.009481684177358451f,1.073341130485983f,0.03601183123973126f,0.008028859066512795f,-0.9993191109114501f,0.04870119373577632f,0f,0f,0f,1f],start_interpolation:0}
execute if entity @s[tag=aj.toji.bone.leftarm] run data modify entity @s {} merge value {transformation:[-0.9867764924889022f,-0.11972621986599838f,-0.10926017640429697f,0.2983438646369426f,-0.1472002135803604f,0.944136015053467f,0.29485467980151797f,1.3001751209005772f,0.0678546313319567f,0.3070387880310206f,-0.9492749505023538f,0.12970180520177876f,0f,0f,0f,1f],start_interpolation:0}
execute if entity @s[tag=aj.toji.locator_origin.mount] at @s on origin run tp @s ^-0.01117 ^1.65474 ^0.22299 ~14.91149 ~6.80615
execute if entity @s[tag=aj.toji.bone.head] run data modify entity @s {} merge value {transformation:[-0.9666912992514826f,0.014864731561347067f,0.25551315368702576f,-0.014890021059615568f,0.0465761047117761f,0.9918598358682916f,0.11851047405695109f,1.4067709245381976f,-0.25167160829413837f,0.1264638515423862f,-0.9595146147045949f,0.1913712262975325f,0f,0f,0f,1f],start_interpolation:0}
execute if entity @s[tag=aj.toji.bone.upper] run data modify entity @s {} merge value {transformation:[-0.9944070896638578f,-0.019853361412820757f,-0.10373227109664614f,0f,-0.04557125477998676f,0.9666945660509301f,0.25184296040465665f,0.6817500000000001f,0.0952774934810614f,0.2551616350633767f,-0.9621926726117542f,0f,0f,0f,0f,1f],start_interpolation:0}
execute if entity @s[tag=aj.toji.bone.bottom3] run data modify entity @s {} merge value {transformation:[-0.9554845724739565f,0f,0.29504106792828144f,-0.17461333861115041f,0f,1f,0f,0.4189548180318222f,-0.2950410679282814f,5.551115123125783e-17f,-0.9554845724739565f,0.15972880840201692f,0f,0f,0f,1f],start_interpolation:0}
execute if entity @s[tag=aj.toji.bone.rightleg] run data modify entity @s {} merge value {transformation:[-0.9554845724739565f,0.15965299210620224f,0.24811318762975437f,-0.11875f,0f,0.8409445822981692f,-0.5411212521268758f,0.6817500000000001f,-0.2950410679282814f,-0.5170330082450199f,-0.803509574691456f,-1.4542680739874818e-17f,0f,0f,0f,1f],start_interpolation:0}
execute if entity @s[tag=aj.toji.bone.bottom4] run data modify entity @s {} merge value {transformation:[-0.8553642601605068f,-0.1256729540051667f,-0.5025517794931028f,0.2002951985884344f,-1.3877787807814457e-17f,0.9701265964901058f,-0.24259923079540746f,0.40603399173907717f,0.5180270093731301f,-0.20751071156482165f,-0.8298116184687898f,0.12258211890743077f,0f,0f,0f,1f],start_interpolation:0}
execute if entity @s[tag=aj.toji.bone.leftleg] run data modify entity @s {} merge value {transformation:[-0.8553642601605068f,-0.24383735027977993f,-0.45705068542624994f,0.11875f,-1.3877787807814457e-17f,0.8822912264349533f,-0.4707039321653326f,0.6817500000000001f,0.5180270093731301f,-0.402623320691241f,-0.7546803821456399f,1.4542680739874818e-17f,0f,0f,0f,1f],start_interpolation:0}