execute if entity @s[tag=aj.toji.locator_origin.head] at @s on origin run tp @s ^0.05837 ^1.21212 ^0.47395 ~-21.81834 ~38.60106
execute if entity @s[tag=aj.toji.bone.blade2] run data modify entity @s {} merge value {transformation:[-0.8759802364146142f,0.14994740968247905f,-1.2083767623305701f,-0.06106646328141635f,-1.1218234526770954f,-0.6782019219102811f,0.7290777010311322f,0.5380335108325583f,-0.47346675325162657f,1.329495365710884f,0.5082040004945334f,0.959868802113122f,0f,0f,0f,1f],start_interpolation:0}
execute if entity @s[tag=aj.toji.bone.chain2] run data modify entity @s {} merge value {transformation:[1.019264134810374f,-1.1014388116136309f,0.3961007969842072f,-0.22200702790985388f,1.0960825836987382f,0.7138650361702519f,-0.8354414123426342f,0.8767830007711395f,0.4106899886930173f,0.8283670249448062f,1.246637268327292f,0.5861381096314563f,0f,0f,0f,1f],start_interpolation:0}
execute if entity @s[tag=aj.toji.bone.bottom2] run data modify entity @s {} merge value {transformation:[0.6567070935691f,-0.7096518517779098f,0.2552058826206972f,-0.355066750118212f,0.7062008592958312f,0.4599398890761354f,-0.538270977079818f,0.9630217299729149f,0.26460563029885675f,0.5337129825147744f,0.8032025352981209f,0.6862092938529765f,0f,0f,0f,1f],start_interpolation:0}
execute if entity @s[tag=aj.toji.bone.rightarm] run data modify entity @s {} merge value {transformation:[0.17419873824999568f,0.46624143366035514f,-0.8673371461723787f,-0.2493938128437479f,0.6434581441619133f,0.612846483951819f,0.458672872338881f,1.07601721695075f,0.74539681801294f,-0.6379953860697034f,-0.1932497633891287f,0.4801231462097419f,0f,0f,0f,1f],start_interpolation:0}
execute if entity @s[tag=aj.toji.bone.chain] run data modify entity @s {} merge value {transformation:[-1.5218436755078584f,-0.012245400161104357f,-0.30463839400630055f,0.4516865190679414f,-0.11365914885821914f,1.461824277333206f,0.5090324682092358f,1.0290452446574148f,0.28290651955843765f,0.5214235380046203f,-1.4342398923531539f,0.11128891840949384f,0f,0f,0f,1f],start_interpolation:0}
execute if entity @s[tag=aj.toji.bone.blade] run data modify entity @s {} merge value {transformation:[0.011834480692610595f,0.2944156291067599f,-1.4707750957928294f,0.5494737746687303f,-1.4127697713824272f,-0.4919508417592613f,-0.10984508346029188f,0.6250703424538206f,-0.5039261038433912f,1.3861110369050613f,0.2734130121907046f,0.47220340117128246f,0f,0f,0f,1f],start_interpolation:0}
execute if entity @s[tag=aj.toji.bone.bottom] run data modify entity @s {} merge value {transformation:[-0.9805167305285529f,-0.007889653795073948f,-0.1962770860711735f,0.4516865190679414f,-0.07323005564019487f,0.9418465142549515f,0.32796722783950755f,1.0290452446574148f,0.18227534146046986f,0.3359507358955942f,-0.9240740246033742f,0.11128891840949384f,0f,0f,0f,1f],start_interpolation:0}
execute if entity @s[tag=aj.toji.bone.leftarm] run data modify entity @s {} merge value {transformation:[-0.9287520224381083f,-0.18784092514596196f,-0.31958640092693635f,0.34667928637906914f,-0.3663224110309917f,0.5971779073445639f,0.713573008287175f,1.1554445708041188f,0.05681172408547855f,0.779804035524231f,-0.6234405297913819f,0.309790660045894f,0f,0f,0f,1f],start_interpolation:0}
execute if entity @s[tag=aj.toji.locator_origin.mount] at @s on origin run tp @s ^0.1498 ^1.42786 ^0.56111 ~39.3169 ~2.52089
execute if entity @s[tag=aj.toji.bone.head] run data modify entity @s {} merge value {transformation:[-0.6823234092675446f,0.36571967360230045f,0.6329959601022279f,0.058371284121192746f,0.5033458782427322f,0.862964871420239f,0.04398360547639238f,1.2121192601529214f,-0.5301676074804714f,0.34862695110228825f,-0.772904623445581f,0.4739482837533815f,0f,0f,0f,1f],start_interpolation:0}
execute if entity @s[tag=aj.toji.bone.upper] run data modify entity @s {} merge value {transformation:[-0.9537169587565072f,0.077828378828257f,-0.29045947398768723f,0f,-0.1270837661653903f,0.7711069302038951f,0.6238940764013917f,0.6337890625f,0.27253197786215666f,0.6319310450045087f,-0.7255270328540835f,0f,0f,0f,0f,1f],start_interpolation:0}
execute if entity @s[tag=aj.toji.bone.bottom3] run data modify entity @s {} merge value {transformation:[-0.872762378831029f,-2.7755575615628914e-17f,0.4881452960924681f,-0.2503440398981388f,0f,1.0000000000000002f,-5.551115123125783e-17f,0.4580534346140709f,-0.48814529609246804f,-5.551115123125783e-17f,-0.8727623788310293f,0.2224754149447199f,0f,0f,0f,1f],start_interpolation:0}
execute if entity @s[tag=aj.toji.bone.rightleg] run data modify entity @s {} merge value {transformation:[-0.872762378831029f,0.40364568009742363f,0.27451046434679255f,-0.11875f,0f,0.5623540092349733f,-0.8268965886356963f,0.6337890625f,-0.48814529609246804f,-0.7216842337449532f,-0.4908014228450817f,-1.4542680739874818e-17f,0f,0f,0f,1f],start_interpolation:0}
execute if entity @s[tag=aj.toji.bone.bottom4] run data modify entity @s {} merge value {transformation:[-0.6000712399244811f,-0.32417139717495475f,-0.731318953856068f,0.3077258538853952f,0f,0.9142097557035308f,-0.40524131400498986f,0.42392688911030674f,0.7999465651001296f,-0.24317365776360025f,-0.5485909816560746f,0.13394516537912105f,0f,0f,0f,1f],start_interpolation:0}
execute if entity @s[tag=aj.toji.bone.leftleg] run data modify entity @s {} merge value {transformation:[-0.6000712399244811f,-0.5927213076347752f,-0.5372112791921054f,0.11875f,0f,0.6715589548470184f,-0.7409511253549591f,0.6337890625f,0.7999465651001296f,-0.4446234605151899f,-0.40298321471743886f,1.4542680739874818e-17f,0f,0f,0f,1f],start_interpolation:0}