execute if entity @s[tag=aj.toji.locator_origin.head] at @s on origin run tp @s ^-0.01159 ^1.47885 ^0.08145 ~-2.52941 ~6.19082
execute if entity @s[tag=aj.toji.bone.blade2] run data modify entity @s {} merge value {transformation:[0.688505522856498f,0.909191714800598f,0.9743359639949906f,-0.4125377524581866f,1.1954077389404159f,0.06338501867099366f,-0.9038709405050264f,0.9967874181674076f,-0.5890335157505584f,1.1913659241165264f,-0.6954759177545339f,0.5025554043027585f,0f,0f,0f,1f],start_interpolation:0}
execute if entity @s[tag=aj.toji.bone.chain2] run data modify entity @s {} merge value {transformation:[-1.4585635745557999f,0.3781917877900691f,-0.3721907363681561f,-0.48255205206063506f,0.48525468259096916f,1.3911414706240353f,-0.4880737396589233f,0.9500218690966271f,0.21466920043093438f,-0.5750296113847182f,-1.4255598037361303f,0.16319082750984437f,0f,0f,0f,1f],start_interpolation:0}
execute if entity @s[tag=aj.toji.bone.bottom2] run data modify entity @s {} merge value {transformation:[-0.9397456587742066f,0.24366719213319887f,-0.23980074289491932f,-0.4368644535356603f,0.31264731227337605f,0.8963059139591099f,-0.31446361749836665f,1.1180792279639602f,0.13831035732462885f,-0.37048887713377815f,-0.9184814842863658f,0.09372416304726096f,0f,0f,0f,1f],start_interpolation:0}
execute if entity @s[tag=aj.toji.bone.rightarm] run data modify entity @s {} merge value {transformation:[-0.9709934861087339f,0.21742137466640335f,-0.09949671237070717f,-0.3218220169872636f,0.2190231182842098f,0.9757050806063019f,-0.005335666416760074f,1.3483165532227726f,0.09591935983662955f,-0.026972977537182544f,-0.9950235850929916f,0.08098595867317597f,0f,0f,0f,1f],start_interpolation:0}
execute if entity @s[tag=aj.toji.bone.chain] run data modify entity @s {} merge value {transformation:[-1.551342088992579f,-0.032855318786573176f,-0.03494173090567346f,0.3800500192973474f,-0.034846550314008795f,1.5490469383773953f,0.09056475167494021f,1.1176237573850942f,0.03295625073434626f,0.09130599291483f,-1.5490447943189f,0.019924366311288917f,0f,0f,0f,1f],start_interpolation:0}
execute if entity @s[tag=aj.toji.bone.blade] run data modify entity @s {} merge value {transformation:[0.03175279131051334f,0.03376918960011361f,-1.499283629630412f,0.3969899177142943f,-1.4970654974922477f,-0.08752566604826437f,-0.033677202988034984f,0.8298281782940399f,-0.08824203342104374f,1.497063425382024f,0.031850336280173246f,0.48886367723842267f,0f,0f,0f,1f],start_interpolation:0}
execute if entity @s[tag=aj.toji.bone.bottom] run data modify entity @s {} merge value {transformation:[-0.9995224197536079f,-0.021168527540342447f,-0.02251279306674263f,0.3800500192973474f,-0.022451468658690226f,0.9980436649948318f,0.058350444032176235f,1.1176237573850942f,0.021233557520115708f,0.058828022280695835f,-0.998042283588016f,0.019924366311288917f,0f,0f,0f,1f],start_interpolation:0}
execute if entity @s[tag=aj.toji.bone.leftarm] run data modify entity @s {} merge value {transformation:[-0.9971238209539651f,-0.060913543939328664f,-0.045095740939872585f,0.30250139450289243f,-0.06622377772188318f,0.9896182833528535f,0.1275541630759029f,1.3608893421156898f,0.0368577936182734f,0.13017370478903523f,-0.9908058889767914f,0.05477140460968981f,0f,0f,0f,1f],start_interpolation:0}
execute if entity @s[tag=aj.toji.locator_origin.mount] at @s on origin run tp @s ^-0.01373 ^1.72853 ^0.09383 ~6.65404 ~2.87603
execute if entity @s[tag=aj.toji.bone.head] run data modify entity @s {} merge value {transformation:[-0.9932439758241789f,-0.008568017821788855f,0.11572810185768764f,-0.011592373490622726f,-0.0027692225581749386f,0.9987365928435638f,0.050175188307099355f,1.4788485372030773f,-0.11601179205322665f,0.04951572665159115f,-0.9920128310252665f,0.08145441796971947f,0f,0f,0f,1f],start_interpolation:0}
execute if entity @s[tag=aj.toji.bone.upper] run data modify entity @s {} merge value {transformation:[-0.9989174583842496f,-0.01545649798749697f,-0.043874913163599066f,0f,-0.020116462228667708f,0.99396471627077f,0.10784002390657339f,0.7333749999999999f,0.041943286501577845f,0.10860589062629263f,-0.9931996381587723f,0f,0f,0f,0f,1f],start_interpolation:0}
execute if entity @s[tag=aj.toji.bone.bottom3] run data modify entity @s {} merge value {transformation:[-0.997339981417629f,1.734723475976807e-18f,0.07289006424666812f,-0.1281456060820922f,0f,1f,0f,0.4239010659416115f,-0.07289006424666811f,-2.7755575615628914e-17f,-0.997339981417629f,0.0428126059096434f,0f,0f,0f,1f],start_interpolation:0}
execute if entity @s[tag=aj.toji.bone.rightleg] run data modify entity @s {} merge value {transformation:[-0.997339981417629f,0.010119139834342442f,0.0721842397957922f,-0.11875f,0f,0.9903165889868428f,-0.13882742372263718f,0.7333749999999999f,-0.07289006424666811f,-0.13845814019579228f,-0.9876823284577075f,-1.4542680739874818e-17f,0f,0f,0f,1f],start_interpolation:0}
execute if entity @s[tag=aj.toji.bone.bottom4] run data modify entity @s {} merge value {transformation:[-0.9912155402515417f,-0.007889731338497357f,-0.1320208502595352f,0.12986739727782903f,-1.734723475976807e-18f,0.9982190652782118f,-0.05965482139017071f,0.4230991860719331f,0.1322563902571225f,-0.059130786012867295f,-0.9894502500791317f,0.036064321275224465f,0f,0f,0f,1f],start_interpolation:0}
execute if entity @s[tag=aj.toji.bone.leftleg] run data modify entity @s {} merge value {transformation:[-0.9912155402515417f,-0.015751360484022092f,-0.1313150692294935f,0.11875f,-1.734723475976807e-18f,0.9928826045698137f,-0.11909716009486979f,0.7333749999999999f,0.1322563902571225f,-0.1180509558858607f,-0.9841606672950257f,1.4542680739874818e-17f,0f,0f,0f,1f],start_interpolation:0}