execute if entity @s[tag=aj.toji.locator_origin.head] at @s on origin run tp @s ^0.05837 ^1.21371 ^0.47395 ~-21.81834 ~38.60106
execute if entity @s[tag=aj.toji.bone.blade2] run data modify entity @s {} merge value {transformation:[-0.10118023408324564f,0.6613972397582846f,-1.3425037249374707f,0.3756842727838963f,-1.4757987253245106f,0.17938174650496957f,0.1996003791363608f,0.8968742100492394f,0.2485572017894716f,1.334307266060165f,0.6386262108445272f,0.9705050946335285f,0f,0f,0f,1f],start_interpolation:0}
execute if entity @s[tag=aj.toji.bone.chain2] run data modify entity @s {} merge value {transformation:[0.20010213491815754f,-1.259049650048437f,0.8852772378894739f,-0.025852623945218284f,1.5052221221241417f,0.3464384357248026f,0.15247769322677865f,0.8855394842000398f,-0.3212914133312681f,0.8388903757801565f,1.2657003747941842f,0.5756022825589969f,0f,0f,0f,1f],start_interpolation:0}
execute if entity @s[tag=aj.toji.bone.bottom2] run data modify entity @s {} merge value {transformation:[0.12892486545062498f,-0.811199774527852f,0.5703799653516073f,-0.17795258166919053f,0.969807541771259f,0.22320865657436945f,0.09824066140785738f,0.9273911073077341f,-0.2070065481865888f,0.5404931280194296f,0.8154848052365212f,0.6769447440626399f,0f,0f,0f,1f],start_interpolation:0}
execute if entity @s[tag=aj.toji.bone.rightarm] run data modify entity @s {} merge value {transformation:[0.17419873824999585f,-0.24221524013573056f,-0.9544561682120871f,-0.2493938128437479f,0.6434581441619135f,0.7617127246125412f,-0.07586396954447629f,1.0776031544507498f,0.7453968180129399f,-0.6009371869083571f,0.2885447644419405f,0.4801231462097419f,0f,0f,0f,1f],start_interpolation:0}
execute if entity @s[tag=aj.toji.bone.chain] run data modify entity @s {} merge value {transformation:[-1.5206499779339986f,0.007440331372034898f,-0.3106943187274525f,0.44819823107965495f,-0.09599099492745046f,1.4645266630854752f,0.5048861808523509f,1.026646965334892f,0.29558763017636547f,0.5138764133445987f,-1.4344063783690877f,0.11205273856983736f,0f,0f,0f,1f],start_interpolation:0}
execute if entity @s[tag=aj.toji.bone.blade] run data modify entity @s {} merge value {transformation:[-0.00719065582263808f,0.3002683348775376f,-1.4696214551845355f,0.5445804843761902f,-1.4153814730490497f,-0.48794369156200357f,-0.09276982060102551f,0.6235096872250685f,-0.49663223840014886f,1.386271936141937f,0.2856685821838697f,0.4742793652598589f,0f,0f,0f,1f],start_interpolation:0}
execute if entity @s[tag=aj.toji.bone.bottom] run data modify entity @s {} merge value {transformation:[-0.9797476367896902f,0.004793770548425169f,-0.20017888991835864f,0.44819823107965495f,-0.06184654706735063f,0.9435876486993665f,0.32529579437466905f,1.026646965334892f,0.1904457214559133f,0.33108815893343263f,-0.9241812907612913f,0.11205273856983736f,0f,0f,0f,1f],start_interpolation:0}
execute if entity @s[tag=aj.toji.bone.leftarm] run data modify entity @s {} merge value {transformation:[-0.9329794746618011f,-0.17283091013689283f,-0.3157194583186836f,0.34667928637906914f,-0.35307826790710467f,0.6098037388536839f,0.7095598190510697f,1.157030508304119f,0.06989303678842779f,0.7734784267071196f,-0.6299572103144547f,0.309790660045894f,0f,0f,0f,1f],start_interpolation:0}
execute if entity @s[tag=aj.toji.locator_origin.mount] at @s on origin run tp @s ^0.14147 ^1.43218 ^0.56262 ~37.00061 ~5.43933
execute if entity @s[tag=aj.toji.bone.head] run data modify entity @s {} merge value {transformation:[-0.7284037626214561f,0.33240177793352715f,0.5991135256573126f,0.058371284121192746f,0.4767662363515395f,0.8739041586345295f,0.09479175806188533f,1.2137051976529214f,-0.49205885265290494f,0.35468377401271833f,-0.7950330219418571f,0.4739482837533815f,0f,0f,0f,1f],start_interpolation:0}
execute if entity @s[tag=aj.toji.bone.upper] run data modify entity @s {} merge value {transformation:[-0.9537169587565072f,0.077828378828257f,-0.29045947398768723f,0f,-0.1270837661653903f,0.7711069302038951f,0.6238940764013917f,0.635375f,0.27253197786215666f,0.6319310450045087f,-0.7255270328540835f,0f,0f,0f,0f,1f],start_interpolation:0}
execute if entity @s[tag=aj.toji.bone.bottom3] run data modify entity @s {} merge value {transformation:[-0.87613846290369f,2.7755575615628914e-17f,0.48205953348187125f,-0.24765603547659212f,0f,1f,0f,0.4562217301851148f,-0.48205953348187125f,0f,-0.8761384629036901f,0.221320248581874f,0f,0f,0f,1f],start_interpolation:0}
execute if entity @s[tag=aj.toji.bone.rightleg] run data modify entity @s {} merge value {transformation:[-0.87613846290369f,0.394976544267021f,0.27636013333988924f,-0.11875f,0f,0.5732904634076328f,-0.8193522103258535f,0.635375f,-0.48205953348187125f,-0.7178659861316343f,-0.5022818254073076f,-1.4542680739874818e-17f,0f,0f,0f,1f],start_interpolation:0}
execute if entity @s[tag=aj.toji.bone.bottom4] run data modify entity @s {} merge value {transformation:[-0.6101451639012678f,-0.31693894247339716f,-0.7261353769867845f,0.3041104750078076f,0f,0.916502421906898f,-0.4000291372372649f,0.422889569149244f,0.7922896433551905f,-0.24407584350491376f,-0.5591995204302932f,0.1348582532922941f,0f,0f,0f,1f],start_interpolation:0}
execute if entity @s[tag=aj.toji.bone.leftleg] run data modify entity @s {} merge value {transformation:[-0.6101451639012678f,-0.5809506167469589f,-0.5387200199261423f,0.11875f,0f,0.6799533787224191f,-0.7332553462225601f,0.635375f,0.7922896433551905f,-0.44739220340244484f,-0.41487026570581126f,1.4542680739874818e-17f,0f,0f,0f,1f],start_interpolation:0}