execute if entity @s[tag=aj.toji.locator_origin.head] at @s on origin run tp @s ^0.07323 ^1.1922 ^0.49799 ~-23.78729 ~41.1113
execute if entity @s[tag=aj.toji.bone.blade2] run data modify entity @s {} merge value {transformation:[-1.0489175442280358f,0.531875330632306f,-0.9310642394998334f,-0.007106611823448183f,-1.0263657585128683f,-0.8750428520408949f,0.6564094277540822f,0.5131147944838463f,-0.31039541743223686f,1.0960878795775966f,0.9758309510771608f,0.8568948306485403f,0f,0f,0f,1f],start_interpolation:0}
execute if entity @s[tag=aj.toji.bone.chain2] run data modify entity @s {} merge value {transformation:[1.1394551130911792f,-0.814980005057979f,0.6681409358939008f,-0.2184297972450419f,1.024328501895162f,0.6252060223251569f,-0.9842922449479529f,0.8641011970698823f,0.24770110832754563f,1.1635667985187463f,0.9968546232672312f,0.5789659845717126f,0f,0f,0f,1f],start_interpolation:0}
execute if entity @s[tag=aj.toji.bone.bottom2] run data modify entity @s {} merge value {transformation:[0.73414557621982f,-0.5250877884937314f,0.43048006607929173f,-0.31688375758761655f,0.6599700414895002f,0.40281730297459767f,-0.6341748692282112f,0.9396294413776194f,0.15959266039895556f,0.7496806218644271f,0.6422687505614375f,0.7195311011712926f,0f,0f,0f,1f],start_interpolation:0}
execute if entity @s[tag=aj.toji.bone.rightarm] run data modify entity @s {} merge value {transformation:[0.30069411198160834f,0.40219030603562644f,-0.8647693384657906f,-0.23512956307756044f,0.6030433058926793f,0.6222831350250848f,0.49910166407394446f,1.0575100185155981f,0.7388652260308511f,-0.6715702923702934f,-0.055421297062213326f,0.505459451451791f,0f,0f,0f,1f],start_interpolation:0}
execute if entity @s[tag=aj.toji.bone.chain] run data modify entity @s {} merge value {transformation:[-1.5148659885059494f,0.011148326737165174f,-0.33766762546913637f,0.45540820497154944f,-0.11999066513973038f,1.4323538928289623f,0.5855998971893307f,1.022317742514521f,0.31582582345072546f,0.5976627093267498f,-1.3971456648227456f,0.11827882165843909f,0f,0f,0f,1f],start_interpolation:0}
execute if entity @s[tag=aj.toji.bone.blade] run data modify entity @s {} merge value {transformation:[-0.010774221813099552f,0.3263364970976885f,-1.4640315593614543f,0.5595994896748128f,-1.384288325955507f,-0.5659488939279437f,-0.11596413275249066f,0.5993461130334099f,-0.5776069137117581f,1.3502615821105728f,0.3052276414557345f,0.45481486680297356f,0f,0f,0f,1f],start_interpolation:0}
execute if entity @s[tag=aj.toji.bone.bottom] run data modify entity @s {} merge value {transformation:[-0.976021039574303f,0.0071828145420661516f,-0.21755766473179255f,0.45540820497154944f,-0.07730942183499406f,0.922858883970338f,0.3772992626186291f,1.022317742514521f,0.2034850943038231f,0.3850712758078388f,-0.9001743880737152f,0.11827882165843909f,0f,0f,0f,1f],start_interpolation:0}
execute if entity @s[tag=aj.toji.bone.leftarm] run data modify entity @s {} merge value {transformation:[-0.9307438509444316f,-0.16023960294480016f,-0.3286930993757283f,0.3571768135513224f,-0.3593869459414871f,0.5667844277045198f,0.7413477157167955f,1.141552165319308f,0.0675048666096032f,0.8081328369517927f,-0.5851191424182487f,0.32453108505948747f,0f,0f,0f,1f],start_interpolation:0}
execute if entity @s[tag=aj.toji.locator_origin.mount] at @s on origin run tp @s ^0.1651 ^1.40434 ^0.59314 ~37.28211 ~5.3996
execute if entity @s[tag=aj.toji.bone.head] run data modify entity @s {} merge value {transformation:[-0.7080048671920502f,0.3675013033921597f,0.6030521536628745f,0.0732283502842572f,0.5206235740844252f,0.848584719539189f,0.09410137019276077f,1.1921982478009436f,-0.4771584664866864f,0.3805873957051912f,-0.7921319537112577f,0.49799432190676707f,0f,0f,0f,1f],start_interpolation:0}
execute if entity @s[tag=aj.toji.bone.upper] run data modify entity @s {} merge value {transformation:[-0.9476902026062126f,0.0976378003790096f,-0.30389165803184576f,0f,-0.1344674348859353f,0.7413372470679249f,0.6575238361192294f,0.6361953124999999f,0.28948538622768577f,0.6639924292090228f,-0.6894289413084632f,0f,0f,0f,0f,1f],start_interpolation:0}
execute if entity @s[tag=aj.toji.bone.bottom3] run data modify entity @s {} merge value {transformation:[-0.8778680723477297f,0f,0.47890254494258133f,-0.24626599863225485f,0f,1f,5.551115123125783e-17f,0.45528666823945835f,-0.4789025449425813f,5.551115123125783e-17f,-0.8778680723477297f,0.2206967263568528f,0f,0f,0f,1f],start_interpolation:0}
execute if entity @s[tag=aj.toji.bone.rightleg] run data modify entity @s {} merge value {transformation:[-0.8778680723477297f,0.3904938341762609f,0.2772403524431535f,-0.11875f,0f,0.5789076616337331f,-0.8153931072199244f,0.6361953124999999f,-0.4789025449425813f,-0.7158075752407808f,-0.5082045529857371f,-1.4542680739874818e-17f,0f,0f,0f,1f],start_interpolation:0}
execute if entity @s[tag=aj.toji.bone.bottom4] run data modify entity @s {} merge value {transformation:[-0.6153175821751523f,-0.3132055082728469f,-0.7233855007212077f,0.3022340941145507f,0f,0.9176766281873445f,-0.39732808367733863f,0.42236381629919134f,0.7882793115806886f,-0.24448295577862666f,-0.564662564074883f,0.1352959383702493f,0f,0f,0f,1f],start_interpolation:0}
execute if entity @s[tag=aj.toji.bone.leftleg] run data modify entity @s {} merge value {transformation:[-0.6153175821751523f,-0.5748427495230591f,-0.5393886227822147f,0.11875f,0f,0.6842607878425875f,-0.7292373922263184f,0.6361953124999999f,0.7882793115806886f,-0.4487125890164115f,-0.42103769355256576f,1.4542680739874818e-17f,0f,0f,0f,1f],start_interpolation:0}