execute if entity @s[tag=aj.toji.locator_origin.head] at @s on origin run tp @s ^0.04427 ^1.23088 ^0.45031 ~-19.56006 ~36.28573
execute if entity @s[tag=aj.toji.bone.blade2] run data modify entity @s {} merge value {transformation:[0.14707211881265783f,0.5277929412325766f,-1.3963539676790475f,0.35855094706286084f,-1.4286687387076218f,0.4565281996611147f,0.022082525982197038f,1.0578967453783428f,0.43275330952810503f,1.327786358605647f,0.5474558968476133f,0.9712467869493938f,0f,0f,0f,1f],start_interpolation:0}
execute if entity @s[tag=aj.toji.bone.chain2] run data modify entity @s {} merge value {transformation:[-0.0061234334628533105f,-1.2945167171590373f,0.8562427495573457f,-0.05647762989807459f,1.4543619328247421f,0.29422195410379115f,0.45522245516311904f,0.916797956314076f,-0.5419931231335102f,0.8041284625793599f,1.2118512878059118f,0.5651385455011626f,0f,0f,0f,1f],start_interpolation:0}
execute if entity @s[tag=aj.toji.bone.bottom2] run data modify entity @s {} merge value {transformation:[-0.003945299412308173f,-0.8340510392434065f,0.5516731809228536f,-0.21286219975621332f,0.9370385607461426f,0.18956582277828155f,0.29329768923261357f,0.9523415480850038f,-0.3492036229585032f,0.518096190655158f,0.7807900914722653f,0.6622815812490047f,0f,0f,0f,1f],start_interpolation:0}
execute if entity @s[tag=aj.toji.bone.rightarm] run data modify entity @s {} merge value {transformation:[0.04146407360036659f,-0.19197664129946526f,-0.9805231765725071f,-0.26344786468110254f,0.6672924073121956f,0.7357336572085855f,-0.11583103553872909f,1.094569186930138f,0.7436407558384345f,-0.6494928443376848f,0.15861106963319366f,0.45343082292468134f,0f,0f,0f,1f],start_interpolation:0}
execute if entity @s[tag=aj.toji.bone.chain] run data modify entity @s {} merge value {transformation:[-1.526521210506996f,0.032274636544973194f,-0.2786647005260208f,0.4397038032577787f,-0.04218219403136583f,1.49783891850236f,0.404551492813329f,1.0241047964526049f,0.27733793463943435f,0.4054622000466663f,-1.4722930238082232f,0.10932807395296384f,0f,0f,0f,1f],start_interpolation:0}
execute if entity @s[tag=aj.toji.bone.blade] run data modify entity @s {} merge value {transformation:[-0.031191595050175762f,0.26931353607883857f,-1.475295666530251f,0.5219150095053432f,-1.4475758675459047f,-0.3909759393632172f,-0.040766684164541066f,0.6467348260787102f,-0.39185608595114046f,1.422887217640162f,0.2680312925374397f,0.5015659556814795f,0f,0f,0f,1f],start_interpolation:0}
execute if entity @s[tag=aj.toji.bone.bottom] run data modify entity @s {} merge value {transformation:[-0.9835304443535007f,0.020794396700116957f,-0.1795423573858926f,0.4397038032577787f,-0.02717778944302765f,0.9650505783639365f,0.2606506262421448f,1.0241047964526049f,0.17868752835829327f,0.2612373906340937f,-0.9485914784267746f,0.10932807395296384f,0f,0f,0f,1f],start_interpolation:0}
execute if entity @s[tag=aj.toji.bone.leftarm] run data modify entity @s {} merge value {transformation:[-0.9400148003720301f,-0.17488824533511696f,-0.29289294413682326f,0.3372308169007476f,-0.33287041296973874f,0.6580725703523441f,0.6753797304622153f,1.1678185382300823f,0.07462883659074368f,0.732362337776502f,-0.6768130782983208f,0.2970829606840108f,0f,0f,0f,1f],start_interpolation:0}
execute if entity @s[tag=aj.toji.locator_origin.mount] at @s on origin run tp @s ^0.1137 ^1.45585 ^0.5344 ~35.12763 ~7.30302
execute if entity @s[tag=aj.toji.bone.head] run data modify entity @s {} merge value {transformation:[-0.7727517850075204f,0.2777043548368298f,0.5707319599184465f,0.04426977133178705f,0.4172647978842971f,0.8998507644333055f,0.12711683678951566f,1.230882635096132f,-0.4782726912696017f,0.3363761184350871f,-0.8112375359487976f,0.45030827016521524f,0f,0f,0f,1f],start_interpolation:0}
execute if entity @s[tag=aj.toji.bone.upper] run data modify entity @s {} merge value {transformation:[-0.9610858905309602f,0.05902636177571607f,-0.26986996801762425f,0f,-0.11719896207991069f,0.7975101801281762f,0.5918123992274203f,0.6327499999999999f,0.2501565795850729f,0.6004110268869537f,-0.7595579533405274f,0f,0f,0f,0f,1f],start_interpolation:0}
execute if entity @s[tag=aj.toji.bone.bottom3] run data modify entity @s {} merge value {transformation:[-0.8705275311600722f,-2.7755575615628914e-17f,0.4921197186583255f,-0.25210507556608486f,2.7755575615628914e-17f,1f,1.1102230246251565e-16f,0.4592703748711934f,-0.49211971865832554f,1.1102230246251565e-16f,-0.8705275311600722f,0.22319622753517257f,0f,0f,0f,1f],start_interpolation:0}
execute if entity @s[tag=aj.toji.bone.rightleg] run data modify entity @s {} merge value {transformation:[-0.8705275311600722f,0.4093256911882702f,0.27319278179628814f,-0.11875f,2.7755575615628914e-17f,0.5551348004121809f,-0.8317603942069663f,0.6327499999999999f,-0.49211971865832554f,-0.7240703224857189f,-0.4832601272638553f,-1.4542680739874818e-17f,0f,0f,0f,1f],start_interpolation:0}
execute if entity @s[tag=aj.toji.bone.bottom4] run data modify entity @s {} merge value {transformation:[-0.5934188866037015f,-0.32891910555052084f,-0.7346197976000026f,0.3100849308989263f,0f,0.9126915874035029f,-0.40864907473634915f,0.4246212914267963f,0.8048937973559142f,-0.24250007894167702f,-0.5416084256095516f,0.13329927751324677f,0f,0f,0f,1f],start_interpolation:0}
execute if entity @s[tag=aj.toji.bone.leftleg] run data modify entity @s {} merge value {transformation:[-0.5934188866037015f,-0.6004034011444902f,-0.5360688210632585f,0.11875f,0f,0.6660118674342517f,-0.7459411454241822f,0.6327499999999999f,0.8048937973559142f,-0.4426555639895079f,-0.39522402083768565f,1.4542680739874818e-17f,0f,0f,0f,1f],start_interpolation:0}