execute if entity @s[tag=aj.toji.locator_origin.head] at @s on origin run tp @s ^0.00558 ^1.30605 ^0.34594 ~-12.87756 ~26.96077
execute if entity @s[tag=aj.toji.bone.blade2] run data modify entity @s {} merge value {transformation:[-0.04089624380044049f,0.01838686527800426f,-1.499329657022852f,-0.06535983065540418f,-1.3057384616735654f,0.7369214238183449f,0.044652937460982235f,1.2869193633912448f,0.7371394487811423f,1.306372358212922f,-0.004085920684761513f,1.0183025048773795f,0f,0f,0f,1f],start_interpolation:0}
execute if entity @s[tag=aj.toji.bone.chain2] run data modify entity @s {} merge value {transformation:[0.04231625226573338f,-1.5513897145583677f,0.019025298100156844f,-0.17558378387279833f,1.3510766027038976f,0.04620338667837712f,0.7625089732564819f,1.0289714702645496f,-0.7627345685304877f,-0.004227792930760383f,1.3517325095397599f,0.5563131975764145f,0f,0f,0f,1f],start_interpolation:0}
execute if entity @s[tag=aj.toji.bone.bottom2] run data modify entity @s {} merge value {transformation:[0.027264162533626873f,-0.9995531046819013f,0.012257910185335952f,-0.36299999100065483f,0.870492307782377f,0.02976862497398794f,0.4912809492122299f,1.0345530874471724f,-0.49142629918742825f,-0.002723947123174475f,0.8709149054752814f,0.5558024574908192f,0f,0f,0f,1f],start_interpolation:0}
execute if entity @s[tag=aj.toji.bone.rightarm] run data modify entity @s {} merge value {transformation:[-0.4158871520706807f,0.14158047565315807f,-0.8983278052339044f,-0.30161192508294776f,0.6788416384918929f,0.7056487961251381f,-0.20306109025804397f,1.1685376840727137f,0.6051544485436593f,-0.6942728177315953f,-0.3895809902534394f,0.3444121000239417f,0f,0f,0f,1f],start_interpolation:0}
execute if entity @s[tag=aj.toji.bone.chain] run data modify entity @s {} merge value {transformation:[-1.54033044369996f,0.08010651255754755f,-0.17299637125692213f,0.4134360900419166f,0.06444882648221231f,1.5442983054752362f,0.14125072064415212f,1.0352947570909479f,0.1794189136832042f,0.13299760886306963f,-1.5359307155795008f,0.08680210380151784f,0f,0f,0f,1f],start_interpolation:0}
execute if entity @s[tag=aj.toji.bone.blade] run data modify entity @s {} merge value {transformation:[-0.07741837455226105f,0.16719112389930696f,-1.488641502636203f,0.454606186666477f,-1.4924762146874764f,-0.1365107635755564f,0.06228611418415186f,0.7324169362797525f,-0.12853460185424176f,1.4843894163989804f,0.1733981447676601f,0.5446092483942303f,0f,0f,0f,1f],start_interpolation:0}
execute if entity @s[tag=aj.toji.bone.bottom] run data modify entity @s {} merge value {transformation:[-0.9924276684241353f,0.05161224970150714f,-0.11146074926620486f,0.4134360900419166f,0.041524076122767664f,0.9949841431249843f,0.09100717571703759f,1.0352947570909479f,0.11559876317844028f,0.08568973456949452f,-0.989592944265987f,0.08680210380151784f,0f,0f,0f,1f],start_interpolation:0}
execute if entity @s[tag=aj.toji.bone.leftarm] run data modify entity @s {} merge value {transformation:[-0.9620152246177291f,-0.16958085346118165f,-0.213937004146261f,0.3109149251380131f,-0.2595951791371385f,0.8107673115440228f,0.5246586599880294f,1.2217618862808823f,0.08448106635487657f,0.5602666335514322f,-0.8239928693602198f,0.2321488288365557f,0f,0f,0f,1f],start_interpolation:0}
execute if entity @s[tag=aj.toji.locator_origin.mount] at @s on origin run tp @s ^0.03701 ^1.54631 ^0.4075 ~27.09717 ~9.56592
execute if entity @s[tag=aj.toji.bone.head] run data modify entity @s {} merge value {transformation:[-0.8845591350104588f,0.12571351745245157f,0.4491672830909226f,0.005581800033039233f,0.2209651216052997f,0.96101919154255f,0.16618221481511988f,1.3060547422121576f,-0.4107670285009547f,0.2462482995202924f,-0.8778566074706394f,0.34593655731629847f,0f,0f,0f,1f],start_interpolation:0}
execute if entity @s[tag=aj.toji.bone.upper] run data modify entity @s {} merge value {transformation:[-0.9800429603535373f,0.007442400044052311f,-0.19864643601902135f,0f,-0.08515872353307014f,0.8872396562828768f,0.45338039671479047f,0.640625f,0.17962123389981763f,0.4612487430883979f,-0.8688991939987516f,0f,0f,0f,0f,1f],start_interpolation:0}
execute if entity @s[tag=aj.toji.bone.bottom3] run data modify entity @s {} merge value {transformation:[-0.8870108331782216f,5.551115123125783e-17f,0.461748613235034f,-0.2387718816713826f,0f,1f,0f,0.4503870534347748f,-0.46174861323503397f,5.551115123125783e-17f,-0.8870108331782217f,0.2170243859724228f,0f,0f,0f,1f],start_interpolation:0}
execute if entity @s[tag=aj.toji.bone.rightleg] run data modify entity @s {} merge value {transformation:[-0.8870108331782216f,0.36632980468485987f,0.2810947456357543f,-0.11875f,0f,0.6087614290087207f,-0.7933533402912352f,0.640625f,-0.46174861323503397f,-0.7037130073764537f,-0.5399779823517902f,-1.4542680739874818e-17f,0f,0f,0f,1f],start_interpolation:0}
execute if entity @s[tag=aj.toji.bone.bottom4] run data modify entity @s {} merge value {transformation:[-0.6427876096865394f,-0.2931525168369744f,-0.7077327819916304f,0.2920409289416977f,5.551115123125783e-17f,0.9238795325112866f,-0.3826834323650897f,0.4196541308792039f,0.7660444431189779f,-0.2459841687565965f,-0.5938583163412474f,0.13724955900302005f,0f,0f,0f,1f],start_interpolation:0}
execute if entity @s[tag=aj.toji.bone.leftleg] run data modify entity @s {} merge value {transformation:[-0.6427876096865394f,-0.5416752204197018f,-0.5416752204197017f,0.11875f,5.551115123125783e-17f,0.7071067811865475f,-0.7071067811865475f,0.640625f,0.7660444431189779f,-0.45451947767204365f,-0.45451947767204365f,1.4542680739874818e-17f,0f,0f,0f,1f],start_interpolation:0}