execute if entity @s[tag=aj.toji.locator_origin.head] at @s on origin run tp @s ^0.02966 ^1.28025 ^0.41652 ~-17.59258 ~33.0922
execute if entity @s[tag=aj.toji.bone.blade2] run data modify entity @s {} merge value {transformation:[-0.8935178960595536f,0.205729512578484f,-1.1871398978534624f,-0.3073459414647599f,-1.0074783048299798f,-0.9381428022590146f,0.5957143173254407f,0.7856038911461772f,-0.6607671562042267f,1.152199396903081f,0.6970102689759711f,0.8711449518796541f,0f,0f,0f,1f],start_interpolation:0}
execute if entity @s[tag=aj.toji.bone.chain2] run data modify entity @s {} merge value {transformation:[0.6171690600071729f,-1.373713139668768f,-0.37546935278708143f,-0.2597277232710536f,1.247865321122699f,0.7188417546445915f,-0.5788448373527568f,0.9407460713091463f,0.6862194731427527f,-0.071703663030364f,1.390296404727719f,0.6049746535913513f,0f,0f,0f,1f],start_interpolation:0}
execute if entity @s[tag=aj.toji.bone.bottom2] run data modify entity @s {} merge value {transformation:[0.39763912591066164f,-0.8850769222026962f,-0.241913140050737f,-0.4256796461840591f,0.8039937639448262f,0.4631463654085959f,-0.372947009301105f,1.027586014823258f,0.4421279826960017f,-0.04619833322761707f,0.8957614419722216f,0.5963124661111731f,0f,0f,0f,1f],start_interpolation:0}
execute if entity @s[tag=aj.toji.bone.rightarm] run data modify entity @s {} merge value {transformation:[-0.11048078516783248f,0.5657297065044798f,-0.817155979778068f,-0.27734217048494963f,0.6939400278509525f,0.6325048163556021f,0.3440710610225532f,1.1423409671714742f,0.7115063132923829f,-0.5290440023904639f,-0.4624621170212323f,0.41958232093278314f,0f,0f,0f,1f],start_interpolation:0}
execute if entity @s[tag=aj.toji.bone.chain] run data modify entity @s {} merge value {transformation:[-1.5308169856661016f,-0.035200098442056155f,-0.25361976081711635f,0.4308118363916047f,-0.11161550313562987f,1.4753321776315296f,0.4689345569649356f,1.0529321126315465f,0.23044307207430215f,0.48074795093249145f,-1.4576488163540215f,0.09923961162036973f,0f,0f,0f,1f],start_interpolation:0}
execute if entity @s[tag=aj.toji.bone.blade] run data modify entity @s {} merge value {transformation:[0.034018887084939844f,0.24510903058835368f,-1.4794472881605276f,0.5164985231608803f,-1.4258243864358406f,-0.4531984980063807f,-0.10787001645322575f,0.6592286752034907f,-0.46461546935757553f,1.4087344265434836f,0.22271008307851997f,0.474303243426206f,0f,0f,0f,1f],start_interpolation:0}
execute if entity @s[tag=aj.toji.bone.bottom] run data modify entity @s {} merge value {transformation:[-0.9862981921070184f,-0.02267925805662678f,-0.163406020392236f,0.4308118363916047f,-0.07191334430215078f,0.950549590957227f,0.30213233200425377f,1.0529321126315465f,0.14847338871901344f,0.30974364623838374f,-0.9391562843623225f,0.09923961162036973f,0f,0f,0f,1f],start_interpolation:0}
execute if entity @s[tag=aj.toji.bone.leftarm] run data modify entity @s {} merge value {transformation:[-0.9444889199183901f,-0.17999421084230363f,-0.27485043972067624f,0.3267827261861294f,-0.3181559423378768f,0.7097798352884992f,0.6284818070341643f,1.210492325057554f,0.08196021294805392f,0.6810394037653673f,-0.7276454177773831f,0.27462197587096493f,0f,0f,0f,1f],start_interpolation:0}
execute if entity @s[tag=aj.toji.locator_origin.mount] at @s on origin run tp @s ^0.08724 ^1.51157 ^0.49185 ~33.34998 ~7.6996
execute if entity @s[tag=aj.toji.bone.head] run data modify entity @s {} merge value {transformation:[-0.8063276438989294f,0.23029095035833536f,0.544795199012855f,0.029664333420707865f,0.3547919022380568f,0.9252957658508757f,0.13397929617945725f,1.280249975337417f,-0.4732424714569716f,0.3013201352075501f,-0.8277969191340356f,0.4165225780822488f,0f,0f,0f,1f],start_interpolation:0}
execute if entity @s[tag=aj.toji.bone.upper] run data modify entity @s {} merge value {transformation:[-0.9665998346737266f,0.03955244456094382f,-0.2532199907945222f,0f,-0.10904217261772811f,0.8306666337832225f,0.5459878644347834f,0.6572500000000001f,0.23193655209890923f,0.5553634374429984f,-0.7986093463965762f,0f,0f,0f,0f,1f],start_interpolation:0}
execute if entity @s[tag=aj.toji.bone.bottom3] run data modify entity @s {} merge value {transformation:[-0.9183082539637147f,-5.551115123125783e-17f,0.3958660767255937f,-0.21122840877916937f,-2.7755575615628914e-17f,1f,0f,0.43443570555717104f,-0.39586607672559376f,0f,-0.9183082539637147f,0.19873813575058288f,0f,0f,0f,1f],start_interpolation:0}
execute if entity @s[tag=aj.toji.bone.rightleg] run data modify entity @s {} merge value {transformation:[-0.9183082539637147f,0.2775647430140677f,0.2822547858542849f,-0.11875f,-2.7755575615628914e-17f,0.7130057422170532f,-0.7011581929675423f,0.6572500000000001f,-0.39586607672559376f,-0.6438793559363771f,-0.6547590582014445f,-1.4542680739874818e-17f,0f,0f,0f,1f],start_interpolation:0}
execute if entity @s[tag=aj.toji.bone.bottom4] run data modify entity @s {} merge value {transformation:[-0.7384553406258841f,-0.2204213788688666f,-0.6372582880109581f,0.2535604122221517f,0f,0.9450630751798048f,-0.32688802965494246f,0.41153486495730673f,0.6743023875837231f,-0.24139221128536462f,-0.6978868750948484f,0.1383674010287267f,0f,0f,0f,1f],start_interpolation:0}
execute if entity @s[tag=aj.toji.bone.leftleg] run data modify entity @s {} merge value {transformation:[-0.7384553406258841f,-0.4166242122983678f,-0.5301961671191844f,0.11875f,0f,0.7862884321366189f,-0.6178596130903343f,0.6572500000000001f,0.6743023875837231f,-0.4562617310435998f,-0.5806388919836393f,1.4542680739874818e-17f,0f,0f,0f,1f],start_interpolation:0}