execute if entity @s[tag=aj.toji.locator_origin.head] at @s on origin run tp @s ^0.06544 ^1.19807 ^0.4885 ~-22.49728 ~40.11863
execute if entity @s[tag=aj.toji.bone.blade2] run data modify entity @s {} merge value {transformation:[-0.9092915231909845f,0.31384995226292306f,-1.150950534696249f,0.0012562719376995046f,-1.1100145085519448f,-0.7528153620058397f,0.671667195515905f,0.5056704295616238f,-0.4371003507859562f,1.258875386284352f,0.6886044184800288f,0.9084147538893916f,0f,0f,0f,1f],start_interpolation:0}
execute if entity @s[tag=aj.toji.bone.chain2] run data modify entity @s {} merge value {transformation:[1.057612384739641f,-0.9746146150494539f,0.5835623954543733f,-0.21350414273164406f,1.08449856907939f,0.628999720195803f,-0.9149780758408743f,0.8671317554443769f,0.33805557371710165f,1.0312363345696849f,1.1096092667931334f,0.579047273682738f,0f,0f,0f,1f],start_interpolation:0}
execute if entity @s[tag=aj.toji.bone.bottom2] run data modify entity @s {} merge value {transformation:[0.6814146908389633f,-0.6279396177499836f,0.3759865098229519f,-0.331242821059766f,0.6987373330981304f,0.40526156468991326f,-0.5895160757095566f,0.9431182988237357f,0.21780761796538092f,0.6644207256287902f,0.7149160376653745f,0.7036261597381361f,0f,0f,0f,1f],start_interpolation:0}
execute if entity @s[tag=aj.toji.bone.rightarm] run data modify entity @s {} merge value {transformation:[0.23685271237224892f,0.41200211725975794f,-0.8798608117284155f,-0.24304558626809203f,0.6167892876213266f,0.6359531919373527f,0.46382595048171826f,1.063557266331741f,0.7506475653177637f,-0.6525471577121228f,-0.1034912539509727f,0.49357389747774527f,0f,0f,0f,1f],start_interpolation:0}
execute if entity @s[tag=aj.toji.bone.chain] run data modify entity @s {} merge value {transformation:[-1.5203613706368058f,-0.0005016831519329766f,-0.31219180738850244f,0.45534086371783633f,-0.11210354398601612f,1.449442347781948f,0.5436104758862192f,1.0230483638101993f,0.29137050590658636f,0.5550489189084882f,-1.4198544289881867f,0.11789478784516635f,0f,0f,0f,1f],start_interpolation:0}
execute if entity @s[tag=aj.toji.bone.blade] run data modify entity @s {} merge value {transformation:[0.0004848481468342282f,0.3017155722412369f,-1.4693425326959733f,0.5535215934993677f,-1.4008033428228222f,-0.5253685136081581f,-0.10834168009386749f,0.6103377577172715f,-0.5364231162605522f,1.3722083072100597f,0.2815929721513316f,0.4686765330280094f,0f,0f,0f,1f],start_interpolation:0}
execute if entity @s[tag=aj.toji.bone.bottom] run data modify entity @s {} merge value {transformation:[-0.9795616884639822f,-0.000323232097889703f,-0.2011437148274915f,0.45534086371783633f,-0.07222778672924528f,0.9338688952152148f,0.3502456757387721f,1.0230483638101993f,0.18772864810088785f,0.3576154108403682f,-0.9148055381400397f,0.11789478784516635f,0f,0f,0f,1f],start_interpolation:0}
execute if entity @s[tag=aj.toji.bone.leftarm] run data modify entity @s {} merge value {transformation:[-0.9297141943338454f,-0.18050863869081235f,-0.3210111340937546f,0.3521065668992679f,-0.3645056197874154f,0.575517385698413f,0.7320624235010675f,1.144146108998089f,0.052603897170845654f,0.7976191886588825f,-0.6008630957926981f,0.3205873285830648f,0f,0f,0f,1f],start_interpolation:0}
execute if entity @s[tag=aj.toji.locator_origin.mount] at @s on origin run tp @s ^0.16006 ^1.41046 ^0.58035 ~39.2543 ~3.03189
execute if entity @s[tag=aj.toji.bone.head] run data modify entity @s {} merge value {transformation:[-0.6763570731977164f,0.37851235960462665f,0.6318777596671341f,0.0654365883787055f,0.5248502429519978f,0.8495496962095158f,0.052891739842326396f,1.198072025197898f,-0.5167913815154501f,0.3674148980333504f,-0.7732612499630995f,0.4884967356364861f,0f,0f,0f,1f],start_interpolation:0}
execute if entity @s[tag=aj.toji.bone.upper] run data modify entity @s {} merge value {transformation:[-0.9522434450677758f,0.08724878450494067f,-0.2926090752657276f,0f,-0.12894214826615685f,0.7537627002638642f,0.6443723411905856f,0.6327499999999999f,0.27677851023148864f,0.6513289808486481f,-0.7065155447551732f,0f,0f,0f,0f,1f],start_interpolation:0}
execute if entity @s[tag=aj.toji.bone.bottom3] run data modify entity @s {} merge value {transformation:[-0.8705275311600722f,-2.7755575615628914e-17f,0.4921197186583255f,-0.25210507556608486f,2.7755575615628914e-17f,1f,1.1102230246251565e-16f,0.4592703748711934f,-0.49211971865832554f,1.1102230246251565e-16f,-0.8705275311600722f,0.22319622753517257f,0f,0f,0f,1f],start_interpolation:0}
execute if entity @s[tag=aj.toji.bone.rightleg] run data modify entity @s {} merge value {transformation:[-0.8705275311600722f,0.4093256911882702f,0.27319278179628814f,-0.11875f,2.7755575615628914e-17f,0.5551348004121809f,-0.8317603942069663f,0.6327499999999999f,-0.49211971865832554f,-0.7240703224857189f,-0.4832601272638553f,-1.4542680739874818e-17f,0f,0f,0f,1f],start_interpolation:0}
execute if entity @s[tag=aj.toji.bone.bottom4] run data modify entity @s {} merge value {transformation:[-0.5934188866037015f,-0.32891910555052084f,-0.7346197976000026f,0.3100849308989263f,0f,0.9126915874035029f,-0.40864907473634915f,0.4246212914267963f,0.8048937973559142f,-0.24250007894167702f,-0.5416084256095516f,0.13329927751324677f,0f,0f,0f,1f],start_interpolation:0}
execute if entity @s[tag=aj.toji.bone.leftleg] run data modify entity @s {} merge value {transformation:[-0.5934188866037015f,-0.6004034011444902f,-0.5360688210632585f,0.11875f,0f,0.6660118674342517f,-0.7459411454241822f,0.6327499999999999f,0.8048937973559142f,-0.4426555639895079f,-0.39522402083768565f,1.4542680739874818e-17f,0f,0f,0f,1f],start_interpolation:0}