execute if entity @s[tag=aj.toji.locator_origin.head] at @s on origin run tp @s ^-0.0136 ^1.45017 ^0.11315 ~-3.44647 ~8.60146
execute if entity @s[tag=aj.toji.bone.blade2] run data modify entity @s {} merge value {transformation:[1.0237234776063577f,0.8892870275105698f,-0.6412166748447514f,-0.4817979813672404f,-0.15946158229261276f,-0.747189980306033f,-1.290844350455548f,1.0694343001129232f,-1.0846945400297177f,0.9491447287066839f,-0.4154058723682591f,0.4623074365321072f,0f,0f,0f,1f],start_interpolation:0}
execute if entity @s[tag=aj.toji.bone.chain2] run data modify entity @s {} merge value {transformation:[-1.0876137885138981f,0.5461185555447156f,-0.9632307324495571f,-0.5134663531685137f,1.1072592589789914f,0.5437147475740542f,-0.9419733968042244f,1.0361728482950612f,0.005987825218862869f,-1.3472533058676635f,-0.7706071303776736f,0.33898301207684683f,0f,0f,0f,1f],start_interpolation:0}
execute if entity @s[tag=aj.toji.bone.bottom2] run data modify entity @s {} merge value {transformation:[-0.7007444543445249f,0.3518616196798167f,-0.6206050356721978f,-0.4474922994785481f,0.7134019386710279f,0.3503128574973772f,-0.6069090341825875f,1.1018565090758194f,0.0038579276577908415f,-0.8680289755925884f,-0.4964985538003802f,0.1762275791532365f,0f,0f,0f,1f],start_interpolation:0}
execute if entity @s[tag=aj.toji.bone.rightarm] run data modify entity @s {} merge value {transformation:[-0.9440597178406849f,0.2610419075974987f,-0.20151518957246214f,-0.32322809021413057f,0.29638580486867483f,0.9395611673891604f,-0.1714067309257885f,1.3182226881188175f,0.1445915067454315f,-0.22154443168849186f,-0.9643709664672144f,0.11180450205952408f,0f,0f,0f,1f],start_interpolation:0}
execute if entity @s[tag=aj.toji.bone.chain] run data modify entity @s {} merge value {transformation:[-1.5515743154270991f,0.03405741604174354f,-0.020491699065724782f,0.3823451667859894f,0.034009928075440364f,1.5517059799182746f,0.0038144841436041224f,1.0953935093443647f,0.02057041833176968f,0.003364210091243752f,-1.551943366747392f,0.02881047563834562f,0f,0f,0f,1f],start_interpolation:0}
execute if entity @s[tag=aj.toji.bone.blade] run data modify entity @s {} merge value {transformation:[-0.032914549731618246f,0.019804058157478648f,-1.4995080632315587f,0.38355873379853894f,-1.4996353094512183f,-0.003686481319993238f,0.03286865532123129f,0.8342486615452567f,-0.003251317135161742f,1.4998647302793586f,0.01988013583741466f,0.5133919740043414f,0f,0f,0f,1f],start_interpolation:0}
execute if entity @s[tag=aj.toji.bone.bottom] run data modify entity @s {} merge value {transformation:[-0.9996720421543724f,0.021943033154411942f,-0.01320270543831932f,0.3823451667859894f,0.021912436880820636f,0.9997568729674788f,0.0024576542133288304f,1.0953935093443647f,0.013253423891609994f,0.0021675447567744976f,-0.9999098201862391f,0.02881047563834562f,0f,0f,0f,1f],start_interpolation:0}
execute if entity @s[tag=aj.toji.bone.leftarm] run data modify entity @s {} merge value {transformation:[-0.9950228359953542f,-0.07836929873239457f,-0.061545177422403764f,0.3005639148531811f,-0.08809212279198168f,0.9804961947347532f,0.1756900395943691f,1.3350118003535543f,0.0465761070696648f,0.1802372467800739f,-0.982519822254683f,0.07678079402521815f,0f,0f,0f,1f],start_interpolation:0}
execute if entity @s[tag=aj.toji.locator_origin.mount] at @s on origin run tp @s ^-0.01508 ^1.6995 ^0.13129 ~8.85703 ~4.16453
execute if entity @s[tag=aj.toji.bone.head] run data modify entity @s {} merge value {transformation:[-0.9881211955003578f,-0.005913887590958999f,0.15356278499853124f,-0.013598505216569686f,0.0053168197484782485f,0.9973454526337385f,0.07262079274260982f,1.450165693083423f,-0.15358461651710378f,0.07257461019092283f,-0.9854667379089614f,0.11315117765084533f,0f,0f,0f,1f],start_interpolation:0}
execute if entity @s[tag=aj.toji.bone.upper] run data modify entity @s {} merge value {transformation:[-0.9980672081076988f,-0.01813134028875958f,-0.05943990746490621f,0f,-0.02686257957557882f,0.9883875907778974f,0.14956059713309927f,0.7088749999999999f,0.0560379328548895f,0.15086823686779377f,-0.9869642978273095f,0f,0f,0f,0f,1f],start_interpolation:0}
execute if entity @s[tag=aj.toji.bone.bottom3] run data modify entity @s {} merge value {transformation:[-0.9837599706823283f,6.938893903907228e-18f,0.17948905282246164f,-0.14384314567253137f,-3.469446951953614e-18f,1f,0f,0.4147390692142475f,-0.17948905282246164f,0f,-0.9837599706823283f,0.1027117362381544f,0f,0f,0f,1f],start_interpolation:0}
execute if entity @s[tag=aj.toji.bone.rightleg] run data modify entity @s {} merge value {transformation:[-0.9837599706823283f,0.06062286673845378f,0.16894137477692106f,-0.11875f,-3.469446951953614e-18f,0.9412349785144076f,-0.33775244665432486f,0.7088749999999999f,-0.17948905282246164f,-0.33226733701854333f,-0.9259492948685156f,-1.4542680739874818e-17f,0f,0f,0f,1f],start_interpolation:0}
execute if entity @s[tag=aj.toji.bone.bottom4] run data modify entity @s {} merge value {transformation:[-0.9466492601156964f,-0.047411378405234725f,-0.3187590618635338f,0.1539762368257656f,0f,0.9891188127719618f,-0.1471189118386373f,0.4099024838878654f,0.32226569523051096f,-0.13927000904107234f,-0.9363485922770935f,0.08408245565321303f,0f,0f,0f,1f],start_interpolation:0}
execute if entity @s[tag=aj.toji.bone.leftleg] run data modify entity @s {} merge value {transformation:[-0.9466492601156964f,-0.09379097264013599f,-0.3083154744310149f,0.11875f,0f,0.9567120515588305f,-0.29103616682827177f,0.7088749999999999f,0.32226569523051096f,-0.27550917199489183f,-0.9056707557519368f,1.4542680739874818e-17f,0f,0f,0f,1f],start_interpolation:0}