execute if entity @s[tag=aj.toji.locator_origin.head] at @s on origin run tp @s ^0 ^1.31691 ^0.31696 ~-19.18246 ~23.7695
execute if entity @s[tag=aj.toji.bone.blade2] run data modify entity @s {} merge value {transformation:[-0.34612752933903457f,-1.4246565422049924f,-0.3170953644980804f,-0.9320514322415449f,-1.0870496938116176f,0.03417538271973025f,1.0330319483927042f,0.8516842059132629f,-0.9739192454293745f,0.46817280994145144f,-1.040334332517101f,0.7437754882182632f,0f,0f,0f,1f],start_interpolation:0}
execute if entity @s[tag=aj.toji.bone.chain2] run data modify entity @s {} merge value {transformation:[0.3810596046449192f,-0.45385018893623946f,-1.4344951227946054f,-0.48545813760995205f,1.0706359715476235f,1.121491296844772f,-0.0704170514919521f,0.9605135894567272f,1.0571162981182567f,-0.9722345142583055f,0.5884112976046452f,0.5225166232807205f,0f,0f,0f,1f],start_interpolation:0}
execute if entity @s[tag=aj.toji.bone.bottom2] run data modify entity @s {} merge value {transformation:[0.2455149130598137f,-0.2924135445495234f,-0.9242384683777323f,-0.5402856772129877f,0.6898057266347103f,0.7225715738060274f,-0.04536937545790202f,1.0959957595453573f,0.6810950645594136f,-0.6264061299919284f,0.37911063469829487f,0.40506547390723385f,0f,0f,0f,1f],start_interpolation:0}
execute if entity @s[tag=aj.toji.bone.rightarm] run data modify entity @s {} merge value {transformation:[-0.3515077078426288f,0.8811195770205321f,-0.3163394099987854f,-0.29803655121769035f,0.7703545367782099f,0.46423905784076386f,0.4370766349741767f,1.1639083654569102f,0.5319738893897433f,-0.0900576935429643f,-0.8419580707144928f,0.3493026824346338f,0f,0f,0f,1f],start_interpolation:0}
execute if entity @s[tag=aj.toji.bone.chain] run data modify entity @s {} merge value {transformation:[-1.520815915633529f,-0.1288908562755375f,-0.2819020601830008f,0.4177992710917966f,-0.1550497667284432f,1.5385815421334497f,0.133000306972663f,1.078295119585737f,0.26840490719120014f,0.15848236175021502f,-1.5204620417560146f,0.02141150688353205f,0f,0f,0f,1f],start_interpolation:0}
execute if entity @s[tag=aj.toji.bone.blade] run data modify entity @s {} merge value {transformation:[0.12456565975622381f,0.27244225950571854f,-1.469781824504887f,0.5280189982167087f,-1.486951289041723f,-0.12853720942324479f,-0.14984675442211923f,0.7790266915132426f,-0.1531641616914829f,1.4694398255897052f,0.2593980311109582f,0.47008438610298625f,0f,0f,0f,1f],start_interpolation:0}
execute if entity @s[tag=aj.toji.bone.bottom] run data modify entity @s {} merge value {transformation:[-0.9798545496699247f,-0.0830437731708161f,-0.18162817300381257f,0.4177992710917966f,-0.09989783628141306f,0.9913008593611486f,0.08569147294882984f,1.078295119585737f,0.17293202074063901f,0.1021094411276553f,-0.9796265503931368f,0.02141150688353205f,0f,0f,0f,1f],start_interpolation:0}
execute if entity @s[tag=aj.toji.bone.leftarm] run data modify entity @s {} merge value {transformation:[-0.9067747478922378f,-0.2523572053736203f,-0.33775049590042805f,0.2980365480051267f,-0.40166405663910526f,0.7605784130579445f,0.5100847607942002f,1.2433357193102792f,0.12816217144378536f,0.5981942146880688f,-0.7910361175853721f,0.17897019627078584f,0f,0f,0f,1f],start_interpolation:0}
execute if entity @s[tag=aj.toji.locator_origin.mount] at @s on origin run tp @s ^0.06892 ^1.55491 ^0.35026 ~40.16381 ~-4.56548
execute if entity @s[tag=aj.toji.bone.head] run data modify entity @s {} merge value {transformation:[-0.7145947644097739f,0.2756757781026041f,0.6429286026034802f,-1.9275381679263687e-9f,0.2956378354064398f,0.9519781357594828f,-0.07959836249631569f,1.3169105133603136f,-0.6339973130497752f,0.13319344729912141f,-0.7617787819585431f,0.3169637272232517f,0f,0f,0f,1f],start_interpolation:0}
execute if entity @s[tag=aj.toji.bone.upper] run data modify entity @s {} merge value {transformation:[-0.9537169587565072f,-2.5700508905684917e-9f,-0.30070577410525173f,0f,-0.12708376616539033f,0.9063077678137516f,0.40305824191756134f,0.6371796875f,0.2725319778621567f,0.42261830296433567f,-0.8643610883433416f,0f,0f,0f,0f,1f],start_interpolation:0}
execute if entity @s[tag=aj.toji.bone.bottom3] run data modify entity @s {} merge value {transformation:[-0.879928586026148f,0f,0.4751059708044342f,-0.24459855334083075f,0f,0.9999999999999999f,5.551115123125783e-17f,0.45417587905012136f,-0.4751059708044342f,1.1102230246251565e-16f,-0.8799285860261479f,0.21992512411013937f,0f,0f,0f,1f],start_interpolation:0}
execute if entity @s[tag=aj.toji.bone.rightleg] run data modify entity @s {} merge value {transformation:[-0.879928586026148f,0.3851167989701354f,0.2782278466383626f,-0.11875f,0f,0.5856121870396116f,-0.8105913683174049f,0.6371796875f,-0.4751059708044342f,-0.7132625165685347f,-0.5152969037014457f,-1.4542680739874818e-17f,0f,0f,0f,1f],start_interpolation:0}
execute if entity @s[tag=aj.toji.bone.bottom4] run data modify entity @s {} merge value {transformation:[-0.6214896719174922f,-0.3087328619062597f,-0.7200240327093663f,0.29997725211903936f,0f,0.9190751671826969f,-0.39408227195358314f,0.42174271066756114f,0.7834223558846709f,-0.2449180619049322f,-0.5711957241198885f,0.1357899282078069f,0f,0f,0f,1f],start_interpolation:0}
execute if entity @s[tag=aj.toji.bone.leftleg] run data modify entity @s {} merge value {transformation:[-0.6214896719174922f,-0.5674974133425762f,-0.5400900605911697f,0.11875f,0f,0.6893983258638043f,-0.7243824599589528f,0.6371796875f,0.7834223558846709f,-0.45019621738267535f,-0.4284539393615641f,1.4542680739874818e-17f,0f,0f,0f,1f],start_interpolation:0}