execute if entity @s[tag=aj.toji.locator_origin.head] at @s on origin run tp @s ^0.02944 ^1.26983 ^0.39887 ~-20.39655 ~31.19196
execute if entity @s[tag=aj.toji.bone.blade2] run data modify entity @s {} merge value {transformation:[-0.698359110572925f,-0.8239805815458054f,-1.0408412722001514f,-0.5147041485462738f,-1.119807973917921f,-0.26599141302311646f,0.9619140656772861f,0.7089070684200859f,-0.7129689013061045f,1.2248692050310523f,-0.49129499929977216f,1.037912009112799f,0f,0f,0f,1f],start_interpolation:0}
execute if entity @s[tag=aj.toji.bone.chain2] run data modify entity @s {} merge value {transformation:[0.8104075712299819f,-1.135020011670458f,-0.681125403440385f,-0.3289728691939095f,1.0843897243236198f,1.027274815807374f,-0.42162548808199646f,0.9246007123027332f,0.7591450242776919f,-0.2557316944116055f,1.3293843711278175f,0.6020433785593299f,0f,0f,0f,1f],start_interpolation:0}
execute if entity @s[tag=aj.toji.bone.bottom2] run data modify entity @s {} merge value {transformation:[0.5221417908595856f,-0.7312880612104964f,-0.43884589751863723f,-0.4660893806708776f,0.6986672049333389f,0.6618683377013952f,-0.2716513211803467f,1.0487010256217448f,0.4891135726889827f,-0.1647667292853297f,0.8565161048877212f,0.5711496168183305f,0f,0f,0f,1f],start_interpolation:0}
execute if entity @s[tag=aj.toji.bone.rightarm] run data modify entity @s {} merge value {transformation:[-0.09024212624856076f,0.7477757354869303f,-0.6577900942300055f,-0.27350531390860994f,0.7450620997041575f,0.4889680188865849f,0.4536438515956768f,1.1243766491118812f,0.6608621839949469f,-0.449156683044023f,-0.6012648732815846f,0.4175565595576406f,0f,0f,0f,1f],start_interpolation:0}
execute if entity @s[tag=aj.toji.bone.chain] run data modify entity @s {} merge value {transformation:[-1.5217844281544544f,-0.071440257313028f,-0.29670038333777193f,0.4348182375744469f,-0.13394776659623947f,1.5122002231782603f,0.3229104433966342f,1.0567309451857705f,0.2742130989971336f,0.34221257759728824f,-1.4888453249695617f,0.06784848519192646f,0f,0f,0f,1f],start_interpolation:0}
execute if entity @s[tag=aj.toji.bone.blade] run data modify entity @s {} merge value {transformation:[0.06904293324212069f,0.28674399463516176f,-1.470717836605647f,0.5400402765662448f,-1.4614552492461037f,-0.3120745224772841f,-0.12945287509972098f,0.7025072610896976f,-0.330728934053755f,1.4388840724538046f,0.2650113171515919f,0.47585735393298834f,0f,0f,0f,1f],start_interpolation:0}
execute if entity @s[tag=aj.toji.bone.bottom] run data modify entity @s {} merge value {transformation:[-0.980478557737098f,-0.04602862216141401f,-0.19116266309010807f,0.4348182375744469f,-0.08630191673314758f,0.9743034994974025f,0.2080496816515227f,1.0567309451857705f,0.17667421143439477f,0.2204859560358367f,-0.9592560483025363f,0.06784848519192646f,0f,0f,0f,1f],start_interpolation:0}
execute if entity @s[tag=aj.toji.bone.leftarm] run data modify entity @s {} merge value {transformation:[-0.9176241055247302f,-0.21959578265977658f,-0.33127585664817033f,0.3225677853142071f,-0.3868095237464363f,0.6849946120545276f,0.6173821942648835f,1.2038040029652501f,0.09134765075793733f,0.6946654401179804f,-0.7135093082831496f,0.24722407339379263f,0f,0f,0f,1f],start_interpolation:0}
execute if entity @s[tag=aj.toji.locator_origin.mount] at @s on origin run tp @s ^0.10973 ^1.49858 ^0.45991 ~39.6302 ~-1.05189
execute if entity @s[tag=aj.toji.bone.head] run data modify entity @s {} merge value {transformation:[-0.700111801465338f,0.32117493194776287f,0.6377226109660132f,0.029437482843358287f,0.40303314349843006f,0.9150012433855257f,-0.018357827886652328f,1.2698333912462787f,-0.5894130560911702f,0.24417081662494405f,-0.7700473112854657f,0.39886837977085987f,0f,0f,0f,1f],start_interpolation:0}
execute if entity @s[tag=aj.toji.bone.upper] run data modify entity @s {} merge value {transformation:[-0.9537169587565072f,0.03924997712447772f,-0.2981331948575446f,0f,-0.1270837661653903f,0.845944521661705f,0.5179069246957116f,0.635375f,0.2725319778621567f,0.5318245063611465f,-0.8018036015610455f,0f,0f,0f,0f,1f],start_interpolation:0}
execute if entity @s[tag=aj.toji.bone.bottom3] run data modify entity @s {} merge value {transformation:[-0.87613846290369f,2.7755575615628914e-17f,0.48205953348187125f,-0.24765603547659212f,0f,1f,0f,0.4562217301851148f,-0.48205953348187125f,0f,-0.8761384629036901f,0.221320248581874f,0f,0f,0f,1f],start_interpolation:0}
execute if entity @s[tag=aj.toji.bone.rightleg] run data modify entity @s {} merge value {transformation:[-0.87613846290369f,0.394976544267021f,0.27636013333988924f,-0.11875f,0f,0.5732904634076328f,-0.8193522103258535f,0.635375f,-0.48205953348187125f,-0.7178659861316343f,-0.5022818254073076f,-1.4542680739874818e-17f,0f,0f,0f,1f],start_interpolation:0}
execute if entity @s[tag=aj.toji.bone.bottom4] run data modify entity @s {} merge value {transformation:[-0.6101451639012677f,-0.31693894247339705f,-0.7261353769867849f,0.3041104750078076f,0f,0.916502421906898f,-0.40002913723726485f,0.422889569149244f,0.7922896433551906f,-0.24407584350491376f,-0.5591995204302932f,0.1348582532922941f,0f,0f,0f,1f],start_interpolation:0}
execute if entity @s[tag=aj.toji.bone.leftleg] run data modify entity @s {} merge value {transformation:[-0.6101451639012677f,-0.5809506167469589f,-0.5387200199261426f,0.11875f,0f,0.6799533787224192f,-0.7332553462225601f,0.635375f,0.7922896433551906f,-0.44739220340244484f,-0.41487026570581126f,1.4542680739874818e-17f,0f,0f,0f,1f],start_interpolation:0}