execute if entity @s[tag=aj.toji.locator_origin.head] at @s on origin run tp @s ^0.05837 ^1.21896 ^0.47395 ~-21.81834 ~38.60106
execute if entity @s[tag=aj.toji.bone.blade2] run data modify entity @s {} merge value {transformation:[-0.98506064035365f,0.38280882393104604f,-1.0644777776668646f,-0.09748517090873254f,-1.0593012889437468f,-0.8074064656197271f,0.689909833614203f,0.5994756802039394f,-0.396908445448285f,1.204803802947181f,0.8005694737721618f,0.9192789846520633f,0f,0f,0f,1f],start_interpolation:0}
execute if entity @s[tag=aj.toji.bone.chain2] run data modify entity @s {} merge value {transformation:[1.019264134810374f,-1.1014388116136309f,0.3961007969842072f,-0.22200702790985388f,1.0960825836987382f,0.7138650361702519f,-0.8354414123426342f,0.8836189382711395f,0.4106899886930173f,0.8283670249448062f,1.246637268327292f,0.5861381096314563f,0f,0f,0f,1f],start_interpolation:0}
execute if entity @s[tag=aj.toji.bone.bottom2] run data modify entity @s {} merge value {transformation:[0.6567070935691f,-0.7096518517779098f,0.2552058826206972f,-0.355066750118212f,0.7062008592958312f,0.4599398890761354f,-0.538270977079818f,0.9698576674729149f,0.26460563029885675f,0.5337129825147744f,0.8032025352981209f,0.6862092938529765f,0f,0f,0f,1f],start_interpolation:0}
execute if entity @s[tag=aj.toji.bone.rightarm] run data modify entity @s {} merge value {transformation:[0.17419873824999568f,0.46624143366035514f,-0.8673371461723787f,-0.2493938128437479f,0.6434581441619133f,0.612846483951819f,0.458672872338881f,1.08285315445075f,0.74539681801294f,-0.6379953860697034f,-0.1932497633891287f,0.4801231462097419f,0f,0f,0f,1f],start_interpolation:0}
execute if entity @s[tag=aj.toji.bone.chain] run data modify entity @s {} merge value {transformation:[-1.5206306770848341f,-0.007280950610207079f,-0.31079254379383436f,0.44819823107965495f,-0.11727788306456123f,1.450444790404502f,0.539831901376203f,1.0318969653348917f,0.2879078249432027f,0.5523762950722659f,-1.4216019789624035f,0.11205273856983736f,0f,0f,0f,1f],start_interpolation:0}
execute if entity @s[tag=aj.toji.bone.blade] run data modify entity @s {} merge value {transformation:[0.007036623408521951f,0.3003632638007523f,-1.4696028020148733f,0.5470772872903704f,-1.4017721464311963f,-0.5217167369004915f,-0.11334238363286411f,0.6202013585028621f,-0.5338401777879616f,1.3738972145676918f,0.2782464885357125f,0.46382964570507246f,0f,0f,0f,1f],start_interpolation:0}
execute if entity @s[tag=aj.toji.bone.bottom] run data modify entity @s {} merge value {transformation:[-0.9797352013432488f,-0.004691082272348185f,-0.20024217586716841f,0.44819823107965495f,-0.07556158908857635f,0.9345147642874643f,0.34781115793366096f,1.0318969653348917f,0.18549765902380844f,0.35589345185864113f,-0.9159314763784612f,0.11205273856983736f,0f,0f,0f,1f],start_interpolation:0}
execute if entity @s[tag=aj.toji.bone.leftarm] run data modify entity @s {} merge value {transformation:[-0.9329794746618011f,-0.17283091013689283f,-0.3157194583186836f,0.34667928637906914f,-0.35307826790710467f,0.6098037388536839f,0.7095598190510697f,1.1622805083041188f,0.06989303678842779f,0.7734784267071196f,-0.6299572103144547f,0.309790660045894f,0f,0f,0f,1f],start_interpolation:0}
execute if entity @s[tag=aj.toji.locator_origin.mount] at @s on origin run tp @s ^0.14147 ^1.43743 ^0.56262 ~37.00061 ~5.43933
execute if entity @s[tag=aj.toji.bone.head] run data modify entity @s {} merge value {transformation:[-0.7284037626214561f,0.33240177793352715f,0.5991135256573126f,0.058371284121192746f,0.4767662363515395f,0.8739041586345295f,0.09479175806188533f,1.2189551976529214f,-0.49205885265290494f,0.35468377401271833f,-0.7950330219418571f,0.4739482837533815f,0f,0f,0f,1f],start_interpolation:0}
execute if entity @s[tag=aj.toji.bone.upper] run data modify entity @s {} merge value {transformation:[-0.9537169587565072f,0.077828378828257f,-0.29045947398768723f,0f,-0.1270837661653903f,0.7711069302038951f,0.6238940764013917f,0.640625f,0.27253197786215666f,0.6319310450045087f,-0.7255270328540835f,0f,0f,0f,0f,1f],start_interpolation:0}
execute if entity @s[tag=aj.toji.bone.bottom3] run data modify entity @s {} merge value {transformation:[-0.8870108331782216f,5.551115123125783e-17f,0.461748613235034f,-0.2387718816713826f,0f,1f,0f,0.4503870534347748f,-0.46174861323503397f,5.551115123125783e-17f,-0.8870108331782217f,0.2170243859724228f,0f,0f,0f,1f],start_interpolation:0}
execute if entity @s[tag=aj.toji.bone.rightleg] run data modify entity @s {} merge value {transformation:[-0.8870108331782216f,0.36632980468485987f,0.2810947456357543f,-0.11875f,0f,0.6087614290087207f,-0.7933533402912352f,0.640625f,-0.46174861323503397f,-0.7037130073764537f,-0.5399779823517902f,-1.4542680739874818e-17f,0f,0f,0f,1f],start_interpolation:0}
execute if entity @s[tag=aj.toji.bone.bottom4] run data modify entity @s {} merge value {transformation:[-0.6427876096865394f,-0.2931525168369744f,-0.7077327819916304f,0.2920409289416977f,5.551115123125783e-17f,0.9238795325112866f,-0.3826834323650897f,0.4196541308792039f,0.7660444431189779f,-0.2459841687565965f,-0.5938583163412474f,0.13724955900302005f,0f,0f,0f,1f],start_interpolation:0}
execute if entity @s[tag=aj.toji.bone.leftleg] run data modify entity @s {} merge value {transformation:[-0.6427876096865394f,-0.5416752204197018f,-0.5416752204197017f,0.11875f,5.551115123125783e-17f,0.7071067811865475f,-0.7071067811865475f,0.640625f,0.7660444431189779f,-0.45451947767204365f,-0.45451947767204365f,1.4542680739874818e-17f,0f,0f,0f,1f],start_interpolation:0}