execute if entity @s[tag=aj.toji.locator_origin.head] at @s on origin run tp @s ^-0.00725 ^1.4819 ^0.04643 ~-1.36767 ~3.53558
execute if entity @s[tag=aj.toji.bone.blade2] run data modify entity @s {} merge value {transformation:[0.753974557785692f,0.7872288093607787f,1.0304334854440051f,-0.43810706549846656f,1.1572161100389093f,0.12936789299410184f,-0.9455764500708981f,1.004460150527714f,-0.5851266878875764f,1.2702498769827444f,-0.542302507044765f,0.47728815369495303f,0f,0f,0f,1f],start_interpolation:0}
execute if entity @s[tag=aj.toji.bone.chain2] run data modify entity @s {} merge value {transformation:[-1.4683216652266764f,0.44553673385915465f,-0.23343345908242863f,-0.46461483834206563f,0.5013524250734269f,1.3543882173428956f,-0.5685428534480398f,0.9506390633345816f,0.0404957641002734f,-0.6132636049171369f,-1.4252124464742386f,0.1436468629064503f,0f,0f,0f,1f],start_interpolation:0}
execute if entity @s[tag=aj.toji.bone.bottom2] run data modify entity @s {} merge value {transformation:[-0.9460327507500733f,0.287057224499858f,-0.15040008101955132f,-0.41079160874834225f,0.3230190121278455f,0.8726259655363622f,-0.36630948946987796f,1.1142564318726496f,0.026091230561249974f,-0.3951228595439271f,-0.9182576836344086f,0.06956132674196394f,0f,0f,0f,1f],start_interpolation:0}
execute if entity @s[tag=aj.toji.bone.rightarm] run data modify entity @s {} merge value {transformation:[-0.9908489622424136f,0.12169622010742943f,-0.058381195899844376f,-0.31843949358133405f,0.12594686286996756f,0.989144978002649f,-0.07569412279267601f,1.353670997443939f,0.04853577810590362f,-0.08235437149115525f,-0.9954205321068835f,0.04593924773755615f,0f,0f,0f,1f],start_interpolation:0}
execute if entity @s[tag=aj.toji.bone.chain] run data modify entity @s {} merge value {transformation:[-1.5520444771973392f,0.009564002695077732f,-0.005398542840246304f,0.37755758180127563f,0.009550341300607414f,1.5520489607038972f,0.0039355012520963534f,1.1137464858598283f,0.005422674007474647f,0.003902184197585395f,-1.5520689550326712f,0.011739840881999895f,0f,0f,0f,1f],start_interpolation:0}
execute if entity @s[tag=aj.toji.bone.blade] run data modify entity @s {} merge value {transformation:[-0.009243063007323778f,0.0052173836845330075f,-1.4999624477611866f,0.3781561705668654f,-1.4999667808145047f,-0.0038034374516904327f,0.009229860048909511f,0.8525144374265641f,-0.0037712384191429305f,1.4999861041926486f,0.005240705081048991f,0.49627548600875143f,0f,0f,0f,1f],start_interpolation:0}
execute if entity @s[tag=aj.toji.bone.bottom] run data modify entity @s {} merge value {transformation:[-0.9999749651741244f,0.006162042004882296f,-0.0034782557896888937f,0.37755758180127563f,0.006153240032606118f,0.9999778538763364f,0.0025356249677936232f,1.1137464858598283f,0.0034938033873662157f,0.002514158946095288f,-0.9999907361284324f,0.011739840881999895f,0f,0f,0f,1f],start_interpolation:0}
execute if entity @s[tag=aj.toji.bone.leftarm] run data modify entity @s {} merge value {transformation:[-0.9990925875099765f,-0.03504153887704726f,-0.024209339845362197f,0.30635391036264026f,-0.036716935862005154f,0.9966828985886192f,0.07262965153360716f,1.3606224020156077f,0.021583980252151268f,0.07345263925902316f,-0.9970651140133018f,0.03145199946251514f,0f,0f,0f,1f],start_interpolation:0}
execute if entity @s[tag=aj.toji.locator_origin.mount] at @s on origin run tp @s ^-0.00914 ^1.73179 ^0.05369 ~3.69167 ~1.68836
execute if entity @s[tag=aj.toji.bone.head] run data modify entity @s {} merge value {transformation:[-0.9978982307694448f,-0.007550351431488561f,0.0643592512423248f,-0.007251349931216251f,-0.005662620915402997f,0.9995498243249992f,0.029463255356996274f,1.481901039675728f,-0.06455273620521526f,0.029036888351270475f,-0.9974917560377607f,0.04643474832004277f,0f,0f,0f,1f],start_interpolation:0}
execute if entity @s[tag=aj.toji.bone.upper] run data modify entity @s {} merge value {transformation:[-0.9996694463103589f,-0.009668466574955f,-0.02382265450425964f,0f,-0.011122247314670108f,0.9980347195676371f,0.061668421029074216f,0.7333750000000001f,0.023179597240065623f,0.06191299776005703f,-0.9978123505850944f,0f,0f,0f,0f,1f],start_interpolation:0}
execute if entity @s[tag=aj.toji.bone.bottom3] run data modify entity @s {} merge value {transformation:[-0.997339981417629f,1.734723475976807e-18f,0.07289006424666802f,-0.1281456060820922f,0f,1f,0f,0.4239010659416117f,-0.07289006424666801f,0f,-0.9973399814176291f,0.042812605909643336f,0f,0f,0f,1f],start_interpolation:0}
execute if entity @s[tag=aj.toji.bone.rightleg] run data modify entity @s {} merge value {transformation:[-0.997339981417629f,0.010119139834342414f,0.0721842397957921f,-0.11875f,0f,0.9903165889868428f,-0.13882742372263698f,0.7333750000000001f,-0.07289006424666801f,-0.13845814019579208f,-0.9876823284577076f,-1.4542680739874818e-17f,0f,0f,0f,1f],start_interpolation:0}
execute if entity @s[tag=aj.toji.bone.bottom4] run data modify entity @s {} merge value {transformation:[-0.9912155402515417f,-0.007889731338497347f,-0.13202085025953506f,0.12986739727782903f,-1.734723475976807e-18f,0.9982190652782118f,-0.05965482139017069f,0.4230991860719333f,0.13225639025712235f,-0.059130786012867274f,-0.9894502500791317f,0.03606432127522445f,0f,0f,0f,1f],start_interpolation:0}
execute if entity @s[tag=aj.toji.bone.leftleg] run data modify entity @s {} merge value {transformation:[-0.9912155402515417f,-0.01575136048402207f,-0.13131506922949335f,0.11875f,-1.734723475976807e-18f,0.9928826045698137f,-0.11909716009486974f,0.7333750000000001f,0.13225639025712235f,-0.11805095588586066f,-0.9841606672950257f,1.4542680739874818e-17f,0f,0f,0f,1f],start_interpolation:0}