execute if entity @s[tag=aj.toji.locator_origin.head] at @s on origin run tp @s ^-0.00656 ^1.32837 ^0.29797 ~-18.93267 ~22.11879
execute if entity @s[tag=aj.toji.bone.blade2] run data modify entity @s {} merge value {transformation:[-0.41082991564032095f,-1.4357770120791058f,-0.1405814781547091f,-0.9936441508085743f,-0.9239599247313336f,0.1496117222695799f,1.1721409429117295f,0.9079844115467228f,-1.1079335891223054f,0.40762814444629103f,-0.9253769275002698f,0.6388621059143635f,0f,0f,0f,1f],start_interpolation:0}
execute if entity @s[tag=aj.toji.bone.chain2] run data modify entity @s {} merge value {transformation:[0.426260780378681f,-0.1634411971050419f,-1.483425561263841f,-0.5328361339167149f,0.9474303785797911f,1.2216349921196883f,0.13764554981544116f,0.9630986032553109f,1.1531002118056448f,-0.9433226355434882f,0.4352757521573838f,0.46649856476499035f,0f,0f,0f,1f],start_interpolation:0}
execute if entity @s[tag=aj.toji.bone.bottom2] run data modify entity @s {} merge value {transformation:[0.27463781823055955f,-0.10530439545022832f,-0.9557641200089175f,-0.5525807080636327f,0.610424941903758f,0.7870936861979199f,0.0886843810891433f,1.1106786694174209f,0.7429370492170597f,-0.6077783423635896f,0.28044612219536136f,0.3525401255718173f,0f,0f,0f,1f],start_interpolation:0}
execute if entity @s[tag=aj.toji.bone.rightarm] run data modify entity @s {} merge value {transformation:[-0.4069983400772175f,0.8945621852064811f,-0.18469122332421437f,-0.3035027655071863f,0.7648582369144565f,0.44429439882804844f,0.46647011114768344f,1.1739486293172794f,0.4993437979974304f,0.0485899574874096f,-0.8650403386159937f,0.3334786275688303f,0f,0f,0f,1f],start_interpolation:0}
execute if entity @s[tag=aj.toji.bone.chain] run data modify entity @s {} merge value {transformation:[-1.5200145527309592f,-0.13972216044790686f,-0.28106253926303104f,0.41283114858820524f,-0.16055103440089702f,1.5403481181181753f,0.10253640316350653f,1.0833124772961138f,0.2697068750514444f,0.12949156922624916f,-1.5229749862228266f,0.011416149722894536f,0f,0f,0f,1f],start_interpolation:0}
execute if entity @s[tag=aj.toji.bone.blade] run data modify entity @s {} merge value {transformation:[0.13503349734562775f,0.2716309104287008f,-1.4690073529748866f,0.5246026244776599f,-1.4886585839531357f,-0.0990955842654023f,-0.1551634157968397f,0.7932732303469263f,-0.1251462145542273f,1.4718684430609867f,0.26065630877455f,0.46573069411057766f,0f,0f,0f,1f],start_interpolation:0}
execute if entity @s[tag=aj.toji.bone.bottom] run data modify entity @s {} merge value {transformation:[-0.979338235316591f,-0.09002233156375206f,-0.18108727361913407f,0.41283114858820524f,-0.10344227719789337f,0.9924390559687571f,0.06606372284360151f,1.0833124772961138f,0.17377087251636686f,0.08343080970281824f,-0.9812456287073245f,0.011416149722894536f,0f,0f,0f,1f],start_interpolation:0}
execute if entity @s[tag=aj.toji.bone.leftarm] run data modify entity @s {} merge value {transformation:[-0.9065395771146952f,-0.25440836521162413f,-0.33684177121470327f,0.29257033371563074f,-0.3982937565569614f,0.7798274626373792f,0.4829401743531912f,1.2533759831706486f,0.13981444350443062f,0.5719663558522438f,-0.8082737216813688f,0.16314614140498238f,0f,0f,0f,1f],start_interpolation:0}
execute if entity @s[tag=aj.toji.locator_origin.mount] at @s on origin run tp @s ^0.05667 ^1.5687 ^0.32518 ~39.21797 ~-4.49661
execute if entity @s[tag=aj.toji.bone.head] run data modify entity @s {} merge value {transformation:[-0.7339750317100953f,0.2529220978569261f,0.6303261578276884f,-0.00655945907493336f,0.2639438368963995f,0.9613464968490206f,-0.0784000252584332f,1.3283682049927568f,-0.6257909425603501f,0.10882704356807477f,-0.7723615544533926f,0.2979748613842876f,0f,0f,0f,1f],start_interpolation:0}
execute if entity @s[tag=aj.toji.bone.upper] run data modify entity @s {} merge value {transformation:[-0.9537169587565072f,-0.00874594543324448f,-0.3005785604774854f,0f,-0.1270837661653903f,0.9176471899903422f,0.3765280216398895f,0.6401328125000001f,0.2725319778621566f,0.3972998151790501f,-0.8762871549333777f,0f,0f,0f,0f,1f],start_interpolation:0}
execute if entity @s[tag=aj.toji.bone.bottom3] run data modify entity @s {} merge value {transformation:[-0.8860114596224432f,2.7755575615628914e-17f,0.4636633406014622f,-0.23960306699659167f,0f,1f,0f,0.45091875081928096f,-0.46366334060146225f,1.1102230246251565e-16f,-0.8860114596224432f,0.21745778339669133f,0f,0f,0f,1f],start_interpolation:0}
execute if entity @s[tag=aj.toji.bone.rightleg] run data modify entity @s {} merge value {transformation:[-0.8860114596224432f,0.3690095851966445f,0.2807411965684907f,-0.11875f,0f,0.6054849973783012f,-0.7958567194852341f,0.6401328125000001f,-0.46366334060146225f,-0.7051381736814416f,-0.53646664630664f,-1.4542680739874818e-17f,0f,0f,0f,1f],start_interpolation:0}
execute if entity @s[tag=aj.toji.bone.bottom4] run data modify entity @s {} merge value {transformation:[-0.6397744116347789f,-0.29537055017793884f,-0.7095385403943568f,0.29317773588526164f,0f,0.9232018328699233f,-0.38431546389081755f,0.419944297366009f,0.7685627509952409f,-0.24587519979289493f,-0.5906409094445046f,0.13706675474756672f,0f,0f,0f,1f],start_interpolation:0}
execute if entity @s[tag=aj.toji.bone.leftleg] run data modify entity @s {} merge value {transformation:[-0.6397744116347789f,-0.5453732666001415f,-0.5415318109725998f,0.11875f,0f,0.7046032484287715f,-0.7096014813285151f,0.6401328125000001f,0.7685627509952409f,-0.45398487021211825f,-0.4507871286994712f,1.4542680739874818e-17f,0f,0f,0f,1f],start_interpolation:0}