execute if entity @s[tag=aj.gojo.locator_origin.head] at @s on origin run tp @s ^0 ^1.47859 ^-0.17791 ~0 ~-13.72222
execute if entity @s[tag=aj.gojo.bone.torso] run data modify entity @s {} merge value {transformation:[-1f,2.9050452247565346e-17f,1.1896919370505333e-16f,2.178783918567401e-17f,0f,0.9714571890269449f,-0.23721494448678104f,1.4785928917702087f,-1.2246467991473532e-16f,-0.23721494448678104f,-0.9714571890269449f,-0.17791120836508578f,0f,0f,0f,1f],start_interpolation:0}
execute if entity @s[tag=aj.gojo.bone.bottom2] run data modify entity @s {} merge value {transformation:[-0.8212575191934112f,0.5520200511079814f,-0.14425654350158693f,-0.4702846484694046f,-0.5145159966570492f,-0.8258045127138509f,-0.23091166268822838f,1.2151669559891374f,-0.24659557245069724f,-0.1154156399981401f,0.9622213122205991f,-0.002149726940095409f,0f,0f,0f,1f],start_interpolation:0}
execute if entity @s[tag=aj.gojo.bone.rightarm] run data modify entity @s {} merge value {transformation:[-0.7101616172430586f,0.45359818956685377f,0.5384414172557642f,-0.3125f,-0.3043032478239118f,0.49189933665483393f,-0.8157417336157032f,1.3571607431418404f,-0.6348779494978087f,-0.7431579408310233f,-0.2112966261473446f,-0.14825934030423818f,0f,0f,0f,1f],start_interpolation:0}
execute if entity @s[tag=aj.gojo.bone.bottom] run data modify entity @s {} merge value {transformation:[-0.8212575656548581f,-0.5520199109357187f,0.14425681538553906f,0.4702846883984302f,0.5145158114213224f,-0.825804615582444f,-0.2309117075424923f,1.2151668898452463f,0.24659580420622412f,-0.11541557439640712f,0.9622212606956013f,-0.002149834340404333f,0f,0f,0f,1f],start_interpolation:0}
execute if entity @s[tag=aj.gojo.bone.leftarm] run data modify entity @s {} merge value {transformation:[-0.7101611658537227f,-0.4535984621302899f,-0.5384417829870908f,0.3125f,0.3043033814172491f,0.4918995678320645f,-0.8157415443782767f,1.3571607431418404f,0.6348783903798502f,-0.7431576214502977f,-0.21129642474265006f,-0.14825934030423812f,0f,0f,0f,1f],start_interpolation:0}
execute if entity @s[tag=aj.gojo.bone.head] run data modify entity @s {} merge value {transformation:[-1f,7.697597035789559e-17f,9.524861056245888e-17f,2.178783918567401e-17f,0f,0.7777639285774044f,-0.6285564981796323f,1.4785928917702087f,-1.2246467991473532e-16f,-0.6285564981796323f,-0.7777639285774044f,-0.17791120836508578f,0f,0f,0f,1f],start_interpolation:0}
execute if entity @s[tag=aj.gojo.locator_origin.purple] at @s on origin run tp @s ^0 ^1 ^0.5 ~0 ~0
execute if entity @s[tag=aj.gojo.locator_origin.blue] at @s on origin run tp @s ^-1.0625 ^1.78125 ^-0.53125 ~0 ~0
execute if entity @s[tag=aj.gojo.locator_origin.red] at @s on origin run tp @s ^1.0625 ^1.78125 ^-0.53125 ~0 ~0
execute if entity @s[tag=aj.gojo.camera_origin.camera] at @s on origin run tp @s ^0 ^1.755 ^4.84793 ~-180 ~0