execute if entity @s[tag=aj.gojo.locator_origin.head] at @s on origin run tp @s ^0 ^1.5 ^0 ~0 ~0
execute if entity @s[tag=aj.gojo.bone.bottom2] run data modify entity @s {} merge value {transformation:[-0.4455668688536494f,-0.8449888427578294f,0.2957431672832681f,-0.3119544283823914f,-0.1771468907898336f,-0.24059905547750723f,-0.9543223111647483f,1.2157895969721273f,0.8775472320413584f,-0.4776043866194237f,-0.04248417844839064f,0.2026277372901162f,0f,0f,0f,1f],start_interpolation:0}
execute if entity @s[tag=aj.gojo.bone.rightarm] run data modify entity @s {} merge value {transformation:[-0.9666231809654527f,-0.24383808171179755f,-0.07862961228023588f,-0.3125f,-0.09112852709547917f,0.6140594803376214f,-0.7839812154362494f,1.375f,0.23944773452600882f,-0.7506490155289628f,-0.6157847334221278f,-3.827021247335479e-17f,0f,0f,0f,1f],start_interpolation:0}
execute if entity @s[tag=aj.gojo.bone.bottom] run data modify entity @s {} merge value {transformation:[-0.4455669325382437f,0.8449888078051352f,-0.2957431712018327f,0.3119544295160529f,0.17714688794628758f,-0.24059905796864361f,-0.9543223110645307f,1.2157895986513856f,-0.8775472002800794f,-0.4776044472036014f,-0.04248415342144374f,0.2026277386126099f,0f,0f,0f,1f],start_interpolation:0}
execute if entity @s[tag=aj.gojo.bone.leftarm] run data modify entity @s {} merge value {transformation:[-0.9666231851297653f,0.24383807821822967f,0.07862957192067074f,0.3125f,0.09112855327443256f,0.6140594670758497f,-0.7839812227806432f,1.375f,-0.23944770775201907f,-0.7506490275124348f,-0.6157847292251893f,3.827021247335479e-17f,0f,0f,0f,1f],start_interpolation:0}
execute if entity @s[tag=aj.gojo.bone.head] run data modify entity @s {} merge value {transformation:[-1f,-4.532311636751533e-17f,1.1376912124717867e-16f,0f,0f,0.9289953750451898f,0.37009133081530976f,1.5f,-1.2246467991473532e-16f,0.37009133081530976f,-0.9289953750451898f,0f,0f,0f,0f,1f],start_interpolation:0}
execute if entity @s[tag=aj.gojo.locator_origin.purple] at @s on origin run tp @s ^0 ^1 ^0.5 ~0 ~0
execute if entity @s[tag=aj.gojo.locator_origin.blue] at @s on origin run tp @s ^-1.0625 ^1.78125 ^-0.53125 ~0 ~0
execute if entity @s[tag=aj.gojo.locator_origin.red] at @s on origin run tp @s ^1.0625 ^1.78125 ^-0.53125 ~0 ~0
execute if entity @s[tag=aj.gojo.camera_origin.camera] at @s on origin run tp @s ^0 ^1.755 ^4.23438 ~-180 ~0