execute if entity @s[tag=aj.gojo.locator_origin.head] at @s on origin run tp @s ^0 ^1.5 ^0 ~0 ~0
execute if entity @s[tag=aj.gojo.bone.bottom2] run data modify entity @s {} merge value {transformation:[-0.48787225136833506f,-0.810086767235897f,0.32517702239562635f,-0.318311956734175f,-0.1849572022858722f,-0.2681280607420783f,-0.9454618851996496f,1.2164101733403396f,0.8530952465389634f,-0.5214084508252488f,-0.01901914142749478f,0.20303137205609117f,0f,0f,0f,1f],start_interpolation:0}
execute if entity @s[tag=aj.gojo.bone.rightarm] run data modify entity @s {} merge value {transformation:[-0.9740496452010332f,-0.22026458436355825f,-0.05206535853031536f,-0.3125f,-0.09599372206358071f,0.6103608761227466f,-0.7862854483093613f,1.375f,0.20496949531118372f,-0.7608831143965689f,-0.6156658121237986f,-3.827021247335479e-17f,0f,0f,0f,1f],start_interpolation:0}
execute if entity @s[tag=aj.gojo.bone.bottom] run data modify entity @s {} merge value {transformation:[-0.48787331453938143f,0.8100860966466232f,-0.32517709787159926f,0.31831203976116523f,0.18495702108834694f,-0.2681282319151938f,-0.9454618721028134f,1.2164101862136156f,-0.8530946778116029f,-0.5214094046618931f,-0.019018502034796658f,0.20303137973479513f,0f,0f,0f,1f],start_interpolation:0}
execute if entity @s[tag=aj.gojo.bone.leftarm] run data modify entity @s {} merge value {transformation:[-0.9740497619463057f,0.22026428144191554f,0.052064455948582784f,0.3125f,0.09599420631478328f,0.6103607035668417f,-0.7862855231373556f,1.375f,-0.20496871372563208f,-0.7608833405077724f,-0.6156657928871745f,3.827021247335479e-17f,0f,0f,0f,1f],start_interpolation:0}
execute if entity @s[tag=aj.gojo.bone.head] run data modify entity @s {} merge value {transformation:[-1f,-4.242577441674474e-17f,1.1488103190587236e-16f,0f,0f,0.9380748145984378f,0.3464327383722655f,1.5f,-1.2246467991473532e-16f,0.3464327383722655f,-0.9380748145984378f,0f,0f,0f,0f,1f],start_interpolation:0}
execute if entity @s[tag=aj.gojo.locator_origin.purple] at @s on origin run tp @s ^0 ^1 ^0.5 ~0 ~0
execute if entity @s[tag=aj.gojo.locator_origin.blue] at @s on origin run tp @s ^-1.0625 ^1.78125 ^-0.53125 ~0 ~0
execute if entity @s[tag=aj.gojo.locator_origin.red] at @s on origin run tp @s ^1.0625 ^1.78125 ^-0.53125 ~0 ~0
execute if entity @s[tag=aj.gojo.camera_origin.camera] at @s on origin run tp @s ^0 ^1.755 ^2 ~-180 ~0