execute if entity @s[tag=aj.gojo.locator_origin.head] at @s on origin run tp @s ^0 ^1.5 ^0 ~0 ~0
execute if entity @s[tag=aj.gojo.bone.bottom2] run data modify entity @s {} merge value {transformation:[-0.43525059945207906f,-0.8013446305561532f,0.41037019720665385f,-0.314770959014911f,-0.13347528055863306f,-0.3933382180481175f,-0.9096534481342475f,1.229734449363528f,0.8903601884385893f,-0.4507014857991416f,0.06424099580521914f,0.21283564678745712f,0f,0f,0f,1f],start_interpolation:0}
execute if entity @s[tag=aj.gojo.bone.rightarm] run data modify entity @s {} merge value {transformation:[-0.9716336090556902f,-0.2338245662042786f,-0.03541471435427784f,-0.3125f,-0.10352516741184202f,0.5551809106929271f,-0.8252615925356774f,1.375f,0.21262800724684472f,-0.7981855853381175f,-0.5636391592966927f,-3.827021247335479e-17f,0f,0f,0f,1f],start_interpolation:0}
execute if entity @s[tag=aj.gojo.bone.bottom] run data modify entity @s {} merge value {transformation:[-0.4352519903032781f,0.8013438746554389f,-0.41037019810074343f,0.31477107894750583f,0.13347507579705725f,-0.39333843663046086f,-0.9096533836632912f,1.2297344663220537f,-0.8903595392188512f,-0.450702639021909f,0.06424190299704596f,0.21283565708234994f,0f,0f,0f,1f],start_interpolation:0}
execute if entity @s[tag=aj.gojo.bone.leftarm] run data modify entity @s {} merge value {transformation:[-0.9716337549943384f,0.2338241229585612f,0.03541363689684711f,0.3125f,0.10352575922561218f,0.5551806949053824f,-0.8252616634626483f,1.375f,-0.21262705221199546f,-0.7981858652764008f,-0.5636391231458306f,3.827021247335479e-17f,0f,0f,0f,1f],start_interpolation:0}
execute if entity @s[tag=aj.gojo.bone.head] run data modify entity @s {} merge value {transformation:[-1f,-4.4764109696954515e-17f,1.1399022900958485e-16f,0f,0f,0.9308008569405423f,0.365526694946829f,1.5f,-1.2246467991473532e-16f,0.365526694946829f,-0.9308008569405423f,0f,0f,0f,0f,1f],start_interpolation:0}
execute if entity @s[tag=aj.gojo.locator_origin.purple] at @s on origin run tp @s ^0 ^1 ^0.5 ~0 ~0
execute if entity @s[tag=aj.gojo.locator_origin.blue] at @s on origin run tp @s ^-1.0625 ^1.78125 ^-0.53125 ~0 ~0
execute if entity @s[tag=aj.gojo.locator_origin.red] at @s on origin run tp @s ^1.0625 ^1.78125 ^-0.53125 ~0 ~0
execute if entity @s[tag=aj.gojo.camera_origin.camera] at @s on origin run tp @s ^0 ^1.75041 ^1.97508 ~-180 ~0