execute if entity @s[tag=aj.gojo.locator_origin.head] at @s on origin run tp @s ^0 ^1.5 ^0 ~0 ~0
execute if entity @s[tag=aj.gojo.bone.bottom2] run data modify entity @s {} merge value {transformation:[-0.4553542020839004f,-0.8034770489476539f,0.38350643079211055f,-0.31632970633200147f,-0.15201994809917685f,-0.3542617829071294f,-0.9227071716158846f,1.225253409871356f,0.87723570722153f,-0.47845921559296095f,0.03917005220459374f,0.20968438686333923f,0f,0f,0f,1f],start_interpolation:0}
execute if entity @s[tag=aj.gojo.bone.rightarm] run data modify entity @s {} merge value {transformation:[-0.9728798762085503f,-0.22790114372413176f,-0.03957038232906582f,-0.3125f,-0.10132167718999856f,0.5736559412170764f,-0.8128054987743106f,1.375f,0.20793908771522862f,-0.7867527755245499f,-0.5811896471932166f,-3.827021247335479e-17f,0f,0f,0f,1f],start_interpolation:0}
execute if entity @s[tag=aj.gojo.bone.bottom] run data modify entity @s {} merge value {transformation:[-0.45535555993779125f,0.8034762663424262f,-0.3835064581701012f,0.31632982042203106f,0.15201973889114517f,-0.35426199808202413f,-0.9227071234700643f,1.2252534261174541f,-0.8772350386419872f,-0.4784603705003862f,0.039170918286712986f,0.20968439638173908f,0f,0f,0f,1f],start_interpolation:0}
execute if entity @s[tag=aj.gojo.bone.leftarm] run data modify entity @s {} merge value {transformation:[-0.9728800189328801f,0.22790072304509587f,0.039569296135785234f,0.3125f,0.10132226876903183f,0.5736557283379251f,-0.812805575274051f,1.375f,-0.2079381316946342f,-0.7867530526032976f,-0.5811896141593875f,3.827021247335479e-17f,0f,0f,0f,1f],start_interpolation:0}
execute if entity @s[tag=aj.gojo.bone.head] run data modify entity @s {} merge value {transformation:[-1f,-4.38075877082995e-17f,1.1436123943801162e-16f,0f,0f,0.9338303869951268f,0.35771610017516925f,1.5f,-1.2246467991473532e-16f,0.35771610017516925f,-0.9338303869951268f,0f,0f,0f,0f,1f],start_interpolation:0}
execute if entity @s[tag=aj.gojo.locator_origin.purple] at @s on origin run tp @s ^0 ^1 ^0.5 ~0 ~0
execute if entity @s[tag=aj.gojo.locator_origin.blue] at @s on origin run tp @s ^-1.0625 ^1.78125 ^-0.53125 ~0 ~0
execute if entity @s[tag=aj.gojo.locator_origin.red] at @s on origin run tp @s ^1.0625 ^1.78125 ^-0.53125 ~0 ~0
execute if entity @s[tag=aj.gojo.camera_origin.camera] at @s on origin run tp @s ^0 ^1.755 ^2 ~-180 ~0