execute if entity @s[tag=aj.gojo.locator_origin.head] at @s on origin run tp @s ^0 ^1.4872 ^-0.13796 ~0 ~-10.6
execute if entity @s[tag=aj.gojo.bone.torso] run data modify entity @s {} merge value {transformation:[-1f,2.252754327267002e-17f,1.2037486291047878e-16f,1.6895657454502515e-17f,0f,0.9829353491495543f,-0.1839513506127201f,1.4872015118621658f,-1.2246467991473532e-16f,-0.1839513506127201f,-0.9829353491495543f,-0.13796351295954007f,0f,0f,0f,1f],start_interpolation:0}
execute if entity @s[tag=aj.gojo.bone.bottom2] run data modify entity @s {} merge value {transformation:[-0.89612069539447f,0.44131789038454006f,0.04697040464239627f,-0.46930057417762033f,-0.41853760135534157f,-0.8051403393151707f,-0.42020865086188813f,1.233369898474963f,-0.14762782778815253f,-0.3962165489148457f,0.9062110520339955f,0.042091154204463035f,0f,0f,0f,1f],start_interpolation:0}
execute if entity @s[tag=aj.gojo.bone.rightarm] run data modify entity @s {} merge value {transformation:[-0.7624629045137936f,0.4365865705820329f,0.47753794155837415f,-0.3125f,-0.2696920475436202f,0.45643576708812866f,-0.8478989267680441f,1.3643345932184714f,-0.5881466813067292f,-0.7752796636763349f,-0.23027141454768035f,-0.11496959413295012f,0f,0f,0f,1f],start_interpolation:0}
execute if entity @s[tag=aj.gojo.bone.bottom] run data modify entity @s {} merge value {transformation:[-0.8961207154061201f,-0.4413178825122851f,-0.046970096815914075f,0.4693006256046264f,0.41853746408528164f,-0.8051403809658637f,-0.42020870778127073f,1.2333698417329275f,0.14762809548688538f,-0.3962164730460066f,0.906211041595664f,0.04209105554839919f,0f,0f,0f,1f],start_interpolation:0}
execute if entity @s[tag=aj.gojo.bone.leftarm] run data modify entity @s {} merge value {transformation:[-0.7624625271976233f,-0.43658687061909957f,-0.47753826969410024f,0.3125f,0.2696921630730651f,0.45643596517390955f,-0.84789878338911f,1.3643345932184714f,0.5881471174768986f,-0.7752793780946216f,-0.23027126200382014f,-0.11496959413295003f,0f,0f,0f,1f],start_interpolation:0}
execute if entity @s[tag=aj.gojo.bone.head] run data modify entity @s {} merge value {transformation:[-1f,5.4911107037605383e-17f,1.0946400390321571e-16f,1.6895657454502515e-17f,0f,0.893841424151264f,-0.44838321609003207f,1.4872015118621658f,-1.2246467991473532e-16f,-0.44838321609003207f,-0.893841424151264f,-0.13796351295954007f,0f,0f,0f,1f],start_interpolation:0}
execute if entity @s[tag=aj.gojo.locator_origin.purple] at @s on origin run tp @s ^0 ^1 ^0.5 ~0 ~0
execute if entity @s[tag=aj.gojo.locator_origin.blue] at @s on origin run tp @s ^-1.0625 ^1.78125 ^-0.53125 ~0 ~0
execute if entity @s[tag=aj.gojo.locator_origin.red] at @s on origin run tp @s ^1.0625 ^1.78125 ^-0.53125 ~0 ~0
execute if entity @s[tag=aj.gojo.camera_origin.camera] at @s on origin run tp @s ^0 ^1.755 ^4.30924 ~-180 ~0