execute if entity @s[tag=aj.gojo.locator_origin.head] at @s on origin run tp @s ^0 ^1.5 ^0 ~0 ~0
execute if entity @s[tag=aj.gojo.bone.bottom2] run data modify entity @s {} merge value {transformation:[-0.45680742911785077f,-0.8361006791336075f,0.3037476371184799f,-0.3136161841821003f,-0.17918459145590043f,-0.2479731983564205f,-0.9520515611465954f,1.2159637096194866f,0.8713322299143546f,-0.48933112229778253f,-0.03654035937522909f,0.20276208342507387f,0f,0f,0f,1f],start_interpolation:0}
execute if entity @s[tag=aj.gojo.bone.rightarm] run data modify entity @s {} merge value {transformation:[-0.9686940189864816f,-0.23770876801821916f,-0.07159915632937716f,-0.3125f,-0.09243901349639391f,0.6130354081479554f,-0.7846289678189835f,1.375f,0.23040600331508643f,-0.753446832871524f,-0.6158172973149083f,-3.827021247335479e-17f,0f,0f,0f,1f],start_interpolation:0}
execute if entity @s[tag=aj.gojo.bone.bottom] run data modify entity @s {} merge value {transformation:[-0.4568082950115259f,0.8361001759338127f,-0.30374772001137723f,0.31361624721052983f,0.17918443951960805f,-0.247973336723072f,-0.9520515537030911f,1.2159637225464917f,-0.871331807202461f,-0.48933191197578046f,-0.036539864250160425f,0.2027620932173854f,0f,0f,0f,1f],start_interpolation:0}
execute if entity @s[tag=aj.gojo.bone.leftarm] run data modify entity @s {} merge value {transformation:[-0.9686941270540966f,0.23770854292140475f,0.07159844155485824f,0.3125f,0.09243939820947963f,0.6130352602616638f,-0.7846290380393677f,1.375f,-0.2304053946190736f,-0.753447024214773f,-0.6158172909494601f,3.827021247335479e-17f,0f,0f,0f,1f],start_interpolation:0}
execute if entity @s[tag=aj.gojo.bone.head] run data modify entity @s {} merge value {transformation:[-1f,-4.4562602544886164e-17f,1.1406915569532846e-16f,0f,0f,0.9314453422386588f,0.36388126418092454f,1.5f,-1.2246467991473532e-16f,0.36388126418092454f,-0.9314453422386588f,0f,0f,0f,0f,1f],start_interpolation:0}
execute if entity @s[tag=aj.gojo.locator_origin.purple] at @s on origin run tp @s ^0 ^1 ^0.5 ~0 ~0
execute if entity @s[tag=aj.gojo.locator_origin.blue] at @s on origin run tp @s ^-1.0625 ^1.78125 ^-0.53125 ~0 ~0
execute if entity @s[tag=aj.gojo.locator_origin.red] at @s on origin run tp @s ^1.0625 ^1.78125 ^-0.53125 ~0 ~0
execute if entity @s[tag=aj.gojo.camera_origin.camera] at @s on origin run tp @s ^0 ^1.755 ^2 ~-180 ~0