execute if entity @s[tag=aj.gojo.locator_origin.head] at @s on origin run tp @s ^0 ^1.5 ^0 ~0 ~0
execute if entity @s[tag=aj.gojo.bone.bottom2] run data modify entity @s {} merge value {transformation:[-0.46918670698807063f,-0.8040737929565874f,0.36514267001556644f,-0.31741162387896404f,-0.16425917461357836f,-0.3268024832989369f,-0.9307089021089858f,1.222216131822358f,0.867688168376725f,-0.49665427853795285f,0.02125488341509374f,0.20745894913343338f,0f,0f,0f,1f],start_interpolation:0}
execute if entity @s[tag=aj.gojo.bone.rightarm] run data modify entity @s {} merge value {transformation:[-0.9737209859016671f,-0.2237837509595607f,-0.04228799381803955f,-0.3125f,-0.09980155497431983f,0.5861850839669879f,-0.8040066523103668f,1.375f,0.20471221565747622f,-0.7786577426193646f,-0.5931146842049371f,-3.827021247335479e-17f,0f,0f,0f,1f],start_interpolation:0}
execute if entity @s[tag=aj.gojo.bone.bottom] run data modify entity @s {} merge value {transformation:[-0.46918802387140596f,0.8040730038904097f,-0.3651427154829988f,0.3174117324518299f,0.16425896526069972f,-0.32680269309795645f,-0.930708865389928f,1.222216147348052f,-0.8676874959264592f,-0.4966554179696181f,0.02125571015738248f,0.20745895799687586f,0f,0f,0f,1f],start_interpolation:0}
execute if entity @s[tag=aj.gojo.bone.leftarm] run data modify entity @s {} merge value {transformation:[-0.9737211245322539f,0.22378335132574378f,0.04228691652345552f,0.3125f,0.09980213847395766f,0.5861848759893025f,-0.8040067315125111f,1.375f,-0.204711271784599f,-0.7786580140413536f,-0.5931146536492815f,3.827021247335479e-17f,0f,0f,0f,1f],start_interpolation:0}
execute if entity @s[tag=aj.gojo.bone.head] run data modify entity @s {} merge value {transformation:[-1f,-4.314819128659432e-17f,1.1461165479703206e-16f,0f,0f,0.9358751835780664f,0.35233171977941535f,1.5f,-1.2246467991473532e-16f,0.35233171977941535f,-0.9358751835780664f,0f,0f,0f,0f,1f],start_interpolation:0}
execute if entity @s[tag=aj.gojo.locator_origin.purple] at @s on origin run tp @s ^0 ^1 ^0.5 ~0 ~0
execute if entity @s[tag=aj.gojo.locator_origin.blue] at @s on origin run tp @s ^-1.0625 ^1.78125 ^-0.53125 ~0 ~0
execute if entity @s[tag=aj.gojo.locator_origin.red] at @s on origin run tp @s ^1.0625 ^1.78125 ^-0.53125 ~0 ~0
execute if entity @s[tag=aj.gojo.camera_origin.camera] at @s on origin run tp @s ^0 ^1.755 ^2 ~-180 ~0