execute if entity @s[tag=aj.gojo.locator_origin.head] at @s on origin run tp @s ^0 ^1.5 ^0 ~0 ~0
execute if entity @s[tag=aj.gojo.bone.bottom2] run data modify entity @s {} merge value {transformation:[-0.48247125053254286f,-0.8147776159854302f,0.3214948349486547f,-0.31748574858499157f,-0.183934162102865f,-0.2646126950363533f,-0.9466511213943154f,1.216333918581377f,0.8563817585756255f,-0.5158658334438291f,-0.02219742021547444f,0.2029937607866463f,0f,0f,0f,1f],start_interpolation:0}
execute if entity @s[tag=aj.gojo.bone.rightarm] run data modify entity @s {} merge value {transformation:[-0.9731585127753054f,-0.22334663385386017f,-0.05548684672159145f,-0.3125f,-0.09537195934531748f,0.610821335838162f,-0.7860034892133231f,1.375f,0.2094437833491144f,-0.7596140973093067f,-0.615726988839515f,-3.827021247335479e-17f,0f,0f,0f,1f],start_interpolation:0}
execute if entity @s[tag=aj.gojo.bone.bottom] run data modify entity @s {} merge value {transformation:[-0.48247227610297305f,0.814776978099733f,-0.32149491248025064f,0.3174858277896321f,0.18393398623197282f,-0.264612860172716f,-0.9466511094062222f,1.2163339314998896f,-0.8563812185591375f,-0.5158667562364163f,-0.02219680853827649f,0.20299376893877905f,0f,0f,0f,1f],start_interpolation:0}
execute if entity @s[tag=aj.gojo.bone.leftarm] run data modify entity @s {} merge value {transformation:[-0.9731586282710621f,0.22334634590923724f,0.05548598012629876f,0.3125f,0.09537242445665642f,0.6108211678862776f,-0.7860035632968233f,1.375f,-0.20944303491604593f,-0.7596143170261046f,-0.615726972362037f,3.827021247335479e-17f,0f,0f,0f,1f],start_interpolation:0}
execute if entity @s[tag=aj.gojo.bone.head] run data modify entity @s {} merge value {transformation:[-1f,-4.280185434162324e-17f,1.1474144452436115e-16f,0f,0f,0.936934997129365f,0.34950366400682675f,1.5f,-1.2246467991473532e-16f,0.34950366400682675f,-0.936934997129365f,0f,0f,0f,0f,1f],start_interpolation:0}
execute if entity @s[tag=aj.gojo.locator_origin.purple] at @s on origin run tp @s ^0 ^1 ^0.5 ~0 ~0
execute if entity @s[tag=aj.gojo.locator_origin.blue] at @s on origin run tp @s ^-1.0625 ^1.78125 ^-0.53125 ~0 ~0
execute if entity @s[tag=aj.gojo.locator_origin.red] at @s on origin run tp @s ^1.0625 ^1.78125 ^-0.53125 ~0 ~0
execute if entity @s[tag=aj.gojo.camera_origin.camera] at @s on origin run tp @s ^0 ^1.755 ^2 ~-180 ~0