execute if entity @s[tag=aj.gojo.locator_origin.head] at @s on origin run tp @s ^0 ^1.5 ^0 ~0 ~0
execute if entity @s[tag=aj.gojo.bone.bottom2] run data modify entity @s {} merge value {transformation:[-0.46089047225647345f,-0.8328131653053424f,0.3065977890939552f,-0.31422574854311097f,-0.17992817800790972f,-0.2506139604621043f,-0.9512194770820521f,1.2160234918127697f,0.8690257898025573f,-0.4935735755848314f,-0.034340968862945964f,0.20280468839886678f,0f,0f,0f,1f],start_interpolation:0}
execute if entity @s[tag=aj.gojo.bone.rightarm] run data modify entity @s {} merge value {transformation:[-0.9694293114351187f,-0.2354543336863357f,-0.06905119027761508f,-0.3125f,-0.09290339181470453f,0.6126801847952448f,-0.7848515470766354f,1.375f,0.22710299407923978f,-0.7544430050756573f,-0.6158246358929272f,-3.827021247335479e-17f,0f,0f,0f,1f],start_interpolation:0}
execute if entity @s[tag=aj.gojo.bone.bottom] run data modify entity @s {} merge value {transformation:[-0.4608913633858709f,0.8328126417199252f,-0.3065978717274353f,0.31422581407931516f,0.17992802208600223f,-0.2506141031811334f,-0.9512194689738722f,1.2160235047827415f,-0.8690253494717702f,-0.4935743865702472f,-0.03434045569400451f,0.2028046980082084f,0f,0f,0f,1f],start_interpolation:0}
execute if entity @s[tag=aj.gojo.bone.leftarm] run data modify entity @s {} merge value {transformation:[-0.9694294210488728f,0.23545409894495753f,0.06905045180783144f,0.3125f,0.09290378904225417f,0.6126800336084709f,-0.7848516180776564f,1.375f,-0.22710236367426878f,-0.7544432011142663f,-0.6158246282067802f,3.827021247335479e-17f,0f,0f,0f,1f],start_interpolation:0}
execute if entity @s[tag=aj.gojo.bone.head] run data modify entity @s {} merge value {transformation:[-1f,-4.428528069806728e-17f,1.1417710690025372e-16f,0f,0f,0.9323268307217091f,0.36161675945178984f,1.5f,-1.2246467991473532e-16f,0.36161675945178984f,-0.9323268307217091f,0f,0f,0f,0f,1f],start_interpolation:0}
execute if entity @s[tag=aj.gojo.locator_origin.purple] at @s on origin run tp @s ^0 ^1 ^0.5 ~0 ~0
execute if entity @s[tag=aj.gojo.locator_origin.blue] at @s on origin run tp @s ^-1.0625 ^1.78125 ^-0.53125 ~0 ~0
execute if entity @s[tag=aj.gojo.locator_origin.red] at @s on origin run tp @s ^1.0625 ^1.78125 ^-0.53125 ~0 ~0
execute if entity @s[tag=aj.gojo.camera_origin.camera] at @s on origin run tp @s ^0 ^1.755 ^2 ~-180 ~0