execute if entity @s[tag=aj.gojo.locator_origin.head] at @s on origin run tp @s ^0 ^1.5 ^0 ~0 ~0
execute if entity @s[tag=aj.gojo.bone.bottom2] run data modify entity @s {} merge value {transformation:[-0.4119746863077767f,-0.8697100731282642f,0.27181104933545014f,-0.30706737410200124f,-0.17129963470531806f,-0.21906012827869897f,-0.9605566591036391f,1.2152813914305147f,0.8949487655678583f,-0.44228616177509933f,-0.05873379019624886f,0.20215514500620527f,0f,0f,0f,1f],start_interpolation:0}
execute if entity @s[tag=aj.gojo.bone.rightarm] run data modify entity @s {} merge value {transformation:[-0.9600230941037731f,-0.2617362771179384f,-0.09924605799657674f,-0.3125f,-0.08737461124588754f,0.6170307814664695f,-0.782073329063527f,1.375f,0.26593483430541426f,-0.7421368714484676f,-0.6152329054428348f,-3.827021247335479e-17f,0f,0f,0f,1f],start_interpolation:0}
execute if entity @s[tag=aj.gojo.bone.bottom] run data modify entity @s {} merge value {transformation:[-0.41197487342216477f,0.8697099785452423f,-0.2718110683685002f,0.30706738164652714f,0.17129961237744634f,-0.21906014677169666f,-0.9605566588680231f,1.2152813958305317f,-0.8949486837065733f,-0.442286338603395f,-0.058733705967486505f,0.20215514868531612f,0f,0f,0f,1f],start_interpolation:0}
execute if entity @s[tag=aj.gojo.bone.leftarm] run data modify entity @s {} merge value {transformation:[-0.9600231146248392f,0.26173625207010137f,0.09924592555021693f,0.3125f,0.08737468895774646f,0.6170307444384364f,-0.7820733495953474f,1.375f,-0.26593473469172824f,-0.7421369110683322f,-0.6152329007086623f,3.827021247335479e-17f,0f,0f,0f,1f],start_interpolation:0}
execute if entity @s[tag=aj.gojo.bone.head] run data modify entity @s {} merge value {transformation:[-1f,-4.7544187745762314e-17f,1.1285897411466349e-16f,0f,0f,0.9215634597113249f,0.3882277549646513f,1.5f,-1.2246467991473532e-16f,0.3882277549646513f,-0.9215634597113249f,0f,0f,0f,0f,1f],start_interpolation:0}
execute if entity @s[tag=aj.gojo.locator_origin.purple] at @s on origin run tp @s ^0 ^1 ^0.5 ~0 ~0
execute if entity @s[tag=aj.gojo.locator_origin.blue] at @s on origin run tp @s ^-1.0625 ^1.78125 ^-0.53125 ~0 ~0
execute if entity @s[tag=aj.gojo.locator_origin.red] at @s on origin run tp @s ^1.0625 ^1.78125 ^-0.53125 ~0 ~0
execute if entity @s[tag=aj.gojo.camera_origin.camera] at @s on origin run tp @s ^0 ^1.755 ^4.23438 ~-180 ~0