execute if entity @s[tag=aj.gojo.locator_origin.head] at @s on origin run tp @s ^0 ^1.47968 ^-0.1734 ~0 ~-13.36806
execute if entity @s[tag=aj.gojo.bone.torso] run data modify entity @s {} merge value {transformation:[-1f,2.831450880002967e-17f,1.1914649142140788e-16f,2.1235881600022252e-17f,0f,0.9729049347482254f,-0.23120551019072058f,1.479678701061169f,-1.2246467991473532e-16f,-0.23120551019072058f,-0.9729049347482254f,-0.17340413264304044f,0f,0f,0f,1f],start_interpolation:0}
execute if entity @s[tag=aj.gojo.bone.bottom2] run data modify entity @s {} merge value {transformation:[-0.8432495760223964f,0.5296677338517719f,0.09155459712312168f,-0.4307757409067251f,-0.5184710932861228f,-0.7565328026720772f,-0.39855469374707436f,1.187642140781816f,-0.14183750549393162f,-0.38354948858975196f,0.9125633741487758f,0.008378697142892577f,0f,0f,0f,1f],start_interpolation:0}
execute if entity @s[tag=aj.gojo.bone.rightarm] run data modify entity @s {} merge value {transformation:[-0.8217631285234354f,0.26766218149604143f,0.5030529964090821f,-0.3125f,-0.25400440888583176f,0.6181926715218411f,-0.7438545430010146f,1.3580655842176408f,-0.5100854054625901f,-0.7390499154140194f,-0.44002056958805447f,-0.1445034438692004f,0f,0f,0f,1f],start_interpolation:0}
execute if entity @s[tag=aj.gojo.bone.bottom] run data modify entity @s {} merge value {transformation:[-0.8432496631083206f,-0.5296676168680399f,-0.09155447181342441f,0.4307757692643177f,0.518470950707612f,-0.7565329330132385f,-0.3985546318119159f,1.18764210171311f,0.14183750893204877f,-0.3835493930482981f,0.9125634137703705f,0.008378631652954271f,0f,0f,0f,1f],start_interpolation:0}
execute if entity @s[tag=aj.gojo.bone.leftarm] run data modify entity @s {} merge value {transformation:[-0.8217628433094344f,-0.2676623662299122f,-0.5030533640283089f,0.3125f,0.25400456037073094f,0.6181927899254402f,-0.7438543928720676f,1.3580655842176408f,0.5100857895166907f,-0.7390497494677911f,-0.4400204031005031f,-0.14450344386920033f,0f,0f,0f,1f],start_interpolation:0}
execute if entity @s[tag=aj.gojo.bone.head] run data modify entity @s {} merge value {transformation:[-1f,7.482624495529455e-17f,9.694653625843905e-17f,2.1235881600022252e-17f,0f,0.7916285440499007f,-0.6110026581328715f,1.479678701061169f,-1.2246467991473532e-16f,-0.6110026581328715f,-0.7916285440499007f,-0.17340413264304044f,0f,0f,0f,1f],start_interpolation:0}
execute if entity @s[tag=aj.gojo.locator_origin.purple] at @s on origin run tp @s ^0 ^1 ^0.5 ~0 ~0
execute if entity @s[tag=aj.gojo.locator_origin.blue] at @s on origin run tp @s ^-1.0625 ^1.78125 ^-0.53125 ~0 ~0
execute if entity @s[tag=aj.gojo.locator_origin.red] at @s on origin run tp @s ^1.0625 ^1.78125 ^-0.53125 ~0 ~0
execute if entity @s[tag=aj.gojo.camera_origin.camera] at @s on origin run tp @s ^0 ^1.755 ^4.91585 ~-180 ~0