execute if entity @s[tag=aj.gojo.locator_origin.head] at @s on origin run tp @s ^0 ^1.49959 ^-0.02487 ~0 ~-1.9
execute if entity @s[tag=aj.gojo.bone.torso] run data modify entity @s {} merge value {transformation:[-1f,4.060338308866825e-18f,1.223973507860204e-16f,3.045253731650119e-18f,0f,0.9994502159417572f,-0.033155178388526316f,1.4995876619563178f,-1.2246467991473532e-16f,-0.033155178388526316f,-0.9994502159417572f,-0.024866383791394737f,0f,0f,0f,1f],start_interpolation:0}
execute if entity @s[tag=aj.gojo.bone.bottom2] run data modify entity @s {} merge value {transformation:[-0.6652515436398032f,-0.6101419075449056f,0.43031062773573575f,-0.34839843186017183f,-0.20016269981301002f,-0.4094997131041256f,-0.8900813887343144f,1.2249549837648257f,0.7192880349960131f,-0.6782601548263784f,0.15029266477932784f,0.1859348379023619f,0f,0f,0f,1f],start_interpolation:0}
execute if entity @s[tag=aj.gojo.bone.rightarm] run data modify entity @s {} merge value {transformation:[-0.9922019433181795f,-0.10445675838885755f,0.06800065663300674f,-0.3125f,-0.11575065056621714f,0.5698679421535356f,-0.8135430630269009f,1.3746563849635982f,0.04622867691299137f,-0.8150701283525157f,-0.5775150173790183f,-0.020721986492828987f,0f,0f,0f,1f],start_interpolation:0}
execute if entity @s[tag=aj.gojo.bone.bottom] run data modify entity @s {} merge value {transformation:[-0.6652515207048695f,0.6101419318503263f,-0.4303106287297703f,0.3483984428251785f,0.2001626694402373f,-0.4094997362036838f,-0.8900813849371706f,1.2249549804653137f,-0.7192880646600615f,-0.6782601190156068f,0.1502926844211589f,0.18593483360747257f,0f,0f,0f,1f],start_interpolation:0}
execute if entity @s[tag=aj.gojo.bone.leftarm] run data modify entity @s {} merge value {transformation:[-0.9922019462513425f,0.10445671526212168f,-0.0680006800825994f,0.3125f,0.11575064555792287f,0.5698679566036577f,-0.8135430536175058f,1.3746563849635982f,-0.04622862649887082f,-0.8150701237764882f,-0.5775150278728756f,-0.02072198649282891f,0f,0f,0f,1f],start_interpolation:0}
execute if entity @s[tag=aj.gojo.bone.head] run data modify entity @s {} merge value {transformation:[-1f,-2.4708687474417562e-17f,1.1994614870811877e-16f,3.045253731650119e-18f,0f,0.9794346320231264f,0.20176174462400676f,1.4995876619563178f,-1.2246467991473532e-16f,0.20176174462400676f,-0.9794346320231264f,-0.024866383791394737f,0f,0f,0f,1f],start_interpolation:0}
execute if entity @s[tag=aj.gojo.locator_origin.purple] at @s on origin run tp @s ^0 ^1 ^0.5 ~0 ~0
execute if entity @s[tag=aj.gojo.locator_origin.blue] at @s on origin run tp @s ^-1.0625 ^1.78125 ^-0.53125 ~0 ~0
execute if entity @s[tag=aj.gojo.locator_origin.red] at @s on origin run tp @s ^1.0625 ^1.78125 ^-0.53125 ~0 ~0
execute if entity @s[tag=aj.gojo.camera_origin.camera] at @s on origin run tp @s ^0 ^1.755 ^4.23438 ~-180 ~0