execute if entity @s[tag=aj.gojo.locator_origin.head] at @s on origin run tp @s ^0 ^1.48059 ^-0.16951 ~0 ~-13.0625
execute if entity @s[tag=aj.gojo.bone.torso] run data modify entity @s {} merge value {transformation:[-1f,2.7678706835329457e-17f,1.1929579629870645e-16f,2.0759030126497094e-17f,0f,0.9741241015921066f,-0.22601379315734504f,1.48059307619408f,-1.2246467991473532e-16f,-0.22601379315734504f,-0.9741241015921066f,-0.16951034486800878f,0f,0f,0f,1f],start_interpolation:0}
execute if entity @s[tag=aj.gojo.bone.bottom2] run data modify entity @s {} merge value {transformation:[-0.7715315908577643f,0.5705459846396034f,-0.2814538749424366f,-0.4954765616170368f,-0.5019814731848716f,-0.8177417033035392f,-0.2816258284628252f,1.2257303442197818f,-0.39083705669707614f,-0.07599859268336442f,0.9173170711496188f,-0.017925907625827575f,0f,0f,0f,1f],start_interpolation:0}
execute if entity @s[tag=aj.gojo.bone.rightarm] run data modify entity @s {} merge value {transformation:[-0.6050309995146023f,0.5806484965894966f,0.5447796004208662f,-0.3125f,-0.3152885491793165f,0.4535667398063103f,-0.8335888334771985f,1.3588275634950666f,-0.7311160102082043f,-0.6761098549421035f,-0.09135011585873776f,-0.1412586207233407f,0f,0f,0f,1f],start_interpolation:0}
execute if entity @s[tag=aj.gojo.bone.bottom] run data modify entity @s {} merge value {transformation:[-0.7715315227718211f,-0.5705458964192048f,0.28145424041680567f,0.4954765974854297f,0.5019812771473893f,-0.81774176670562f,-0.2816259937907852f,1.2257302603146822f,0.39083744288754f,-0.07599857277855546f,0.9173169082562207f,-0.01792605138837601f,0f,0f,0f,1f],start_interpolation:0}
execute if entity @s[tag=aj.gojo.bone.leftarm] run data modify entity @s {} merge value {transformation:[-0.6050304067149032f,-0.5806487882629932f,-0.5447799479047635f,0.3125f,0.31528863350526937f,0.4535670543452205f,-0.8335886304376878f,1.3588275634950666f,0.7311164644109576f,-0.6761093934425979f,-0.09134989636503965f,-0.14125862072334064f,0f,0f,0f,1f],start_interpolation:0}
execute if entity @s[tag=aj.gojo.bone.head] run data modify entity @s {} merge value {transformation:[-1f,7.435661538217643e-17f,9.730720207428463e-17f,2.0759030126497094e-17f,0f,0.7945736039324456f,-0.6071678416499059f,1.48059307619408f,-1.2246467991473532e-16f,-0.6071678416499059f,-0.7945736039324456f,-0.16951034486800878f,0f,0f,0f,1f],start_interpolation:0}
execute if entity @s[tag=aj.gojo.locator_origin.purple] at @s on origin run tp @s ^0 ^1 ^0.5 ~0 ~0
execute if entity @s[tag=aj.gojo.locator_origin.blue] at @s on origin run tp @s ^-1.0625 ^1.78125 ^-0.53125 ~0 ~0
execute if entity @s[tag=aj.gojo.locator_origin.red] at @s on origin run tp @s ^1.0625 ^1.78125 ^-0.53125 ~0 ~0
execute if entity @s[tag=aj.gojo.camera_origin.camera] at @s on origin run tp @s ^0 ^1.755 ^4.4183 ~-180 ~0