execute if entity @s[tag=aj.gojo.locator_origin.head] at @s on origin run tp @s ^0 ^1.48012 ^-0.17155 ~0 ~-13.22222
execute if entity @s[tag=aj.gojo.bone.torso] run data modify entity @s {} merge value {transformation:[-1f,2.801115720327924e-17f,1.1921817352548124e-16f,2.100836790245943e-17f,0f,0.9734902635477067f,-0.22872845642336795f,1.4801176976607802f,-1.2246467991473532e-16f,-0.22872845642336795f,-0.9734902635477067f,-0.17154634231752597f,0f,0f,0f,1f],start_interpolation:0}
execute if entity @s[tag=aj.gojo.bone.bottom2] run data modify entity @s {} merge value {transformation:[-0.8495530888874665f,0.4979568176121436f,0.17406480676848662f,-0.4167768681166373f,-0.5162871588914009f,-0.7172325056935891f,-0.46800117771255784f,1.1769734396035136f,-0.10819943958084849f,-0.48745927067815825f,0.8664158012780632f,0.0073962629262396f,0f,0f,0f,1f],start_interpolation:0}
execute if entity @s[tag=aj.gojo.bone.rightarm] run data modify entity @s {} merge value {transformation:[-0.858691625711442f,0.20243456603868876f,0.4708173089487773f,-0.3125f,-0.2303170396328576f,0.6682526405469977f,-0.7073842447048999f,1.3584314147173167f,-0.45782393251969417f,-0.7158621758933019f,-0.5271988163278724f,-0.142955285264605f,0f,0f,0f,1f],start_interpolation:0}
execute if entity @s[tag=aj.gojo.bone.bottom] run data modify entity @s {} merge value {transformation:[-0.8495531756341054f,-0.49795669312050506f,-0.17406473952670096f,0.41677689037798593f,0.5162870328877078f,-0.7172326540633595f,-0.4680010893333864f,1.176973409229112f,0.10819935971166408f,-0.48745917954401113f,0.8664158625257651f,0.007396210828184896f,0f,0f,0f,1f],start_interpolation:0}
execute if entity @s[tag=aj.gojo.bone.leftarm] run data modify entity @s {} merge value {transformation:[-0.8586913976637324f,-0.20243471209601074f,-0.4708176620698412f,0.3125f,0.2303171879282349f,0.6682527249707597f,-0.7073841166678712f,1.3584314147173167f,0.45782428564148503f,-0.7158620557815306f,-0.5271986727687242f,-0.14295528526460494f,0f,0f,0f,1f],start_interpolation:0}
execute if entity @s[tag=aj.gojo.bone.head] run data modify entity @s {} merge value {transformation:[-1f,7.400167489109282e-17f,9.757740486368544e-17f,2.100836790245943e-17f,0f,0.7967799771462484f,-0.6042695325918923f,1.4801176976607802f,-1.2246467991473532e-16f,-0.6042695325918923f,-0.7967799771462484f,-0.17154634231752597f,0f,0f,0f,1f],start_interpolation:0}
execute if entity @s[tag=aj.gojo.locator_origin.purple] at @s on origin run tp @s ^0 ^1 ^0.5 ~0 ~0
execute if entity @s[tag=aj.gojo.locator_origin.blue] at @s on origin run tp @s ^-1.0625 ^1.78125 ^-0.53125 ~0 ~0
execute if entity @s[tag=aj.gojo.locator_origin.red] at @s on origin run tp @s ^1.0625 ^1.78125 ^-0.53125 ~0 ~0
execute if entity @s[tag=aj.gojo.camera_origin.camera] at @s on origin run tp @s ^0 ^1.755 ^4.93842 ~-180 ~0