execute if entity @s[tag=aj.gojo.locator_origin.head] at @s on origin run tp @s ^0 ^1.5 ^0 ~0 ~0
execute if entity @s[tag=aj.gojo.bone.bottom2] run data modify entity @s {} merge value {transformation:[-0.47602423626567547f,-0.8202831423144994f,0.31707490112326897f,-0.3165050159424743f,-0.18272386652303568f,-0.2604231229281291f,-0.9480462993162475f,1.2162421548419546f,0.8602400334154137f,-0.5092301674871696f,-0.025917589209586145f,0.20294372729422944f,0f,0f,0f,1f],start_interpolation:0}
execute if entity @s[tag=aj.gojo.bone.rightarm] run data modify entity @s {} merge value {transformation:[-0.9720724732834649f,-0.22699805455096903f,-0.05955661100702866f,-0.3125f,-0.0946319431040381f,0.6113733948561724f,-0.7856636477567183f,1.375f,0.21475544702968846f,-0.7580860474194957f,-0.6157805150205424f,-3.827021247335479e-17f,0f,0f,0f,1f],start_interpolation:0}
execute if entity @s[tag=aj.gojo.bone.bottom] run data modify entity @s {} merge value {transformation:[-0.47602522048007384f,0.8202825403674358f,-0.3170749807778018f,0.31650509091129153f,0.18272369659105642f,-0.26042328131189774f,-0.9480462885612937f,1.2162421678132223f,-0.8602395248830391f,-0.5092310561219635f,-0.025917008120399987f,0.20294373596183554f,0f,0f,0f,1f],start_interpolation:0}
execute if entity @s[tag=aj.gojo.bone.leftarm] run data modify entity @s {} merge value {transformation:[-0.9720725873175984f,0.22699778318423344f,0.05955578406094406f,0.3125f,0.09463238716721033f,0.6113732319553082f,-0.7856637210330868f,1.375f,-0.21475473518575855f,-0.7580862600509024f,-0.6157805015079076f,3.827021247335479e-17f,0f,0f,0f,1f],start_interpolation:0}
execute if entity @s[tag=aj.gojo.bone.head] run data modify entity @s {} merge value {transformation:[-1f,-4.3248192381155725e-17f,1.1457395726071924e-16f,0f,0f,0.9355673598337912f,0.35314829068484727f,1.5f,-1.2246467991473532e-16f,0.35314829068484727f,-0.9355673598337912f,0f,0f,0f,0f,1f],start_interpolation:0}
execute if entity @s[tag=aj.gojo.locator_origin.purple] at @s on origin run tp @s ^0 ^1 ^0.5 ~0 ~0
execute if entity @s[tag=aj.gojo.locator_origin.blue] at @s on origin run tp @s ^-1.0625 ^1.78125 ^-0.53125 ~0 ~0
execute if entity @s[tag=aj.gojo.locator_origin.red] at @s on origin run tp @s ^1.0625 ^1.78125 ^-0.53125 ~0 ~0
execute if entity @s[tag=aj.gojo.camera_origin.camera] at @s on origin run tp @s ^0 ^1.755 ^2 ~-180 ~0