execute if entity @s[tag=aj.gojo.locator_origin.head] at @s on origin run tp @s ^0 ^1.47831 ^-0.17906 ~0 ~-13.8125
execute if entity @s[tag=aj.gojo.bone.torso] run data modify entity @s {} merge value {transformation:[-1f,2.9237869260278076e-17f,1.189232728600145e-16f,2.1928401945208557e-17f,0f,0.9710822168711298f,-0.23874532053351727f,1.4783116626533475f,-1.2246467991473532e-16f,-0.23874532053351727f,-0.9710822168711298f,-0.17905899040013795f,0f,0f,0f,1f],start_interpolation:0}
execute if entity @s[tag=aj.gojo.bone.bottom2] run data modify entity @s {} merge value {transformation:[-0.813274694267532f,0.5443041498540588f,-0.2057116042319983f,-0.4803369983244724f,-0.511729833008263f,-0.8373230914170117f,-0.19241262585701996f,1.2219330376580537f,-0.27697806713418216f,-0.05121555458557871f,0.959510352885837f,-0.007745729483294189f,0f,0f,0f,1f],start_interpolation:0}
execute if entity @s[tag=aj.gojo.bone.rightarm] run data modify entity @s {} merge value {transformation:[-0.678967043177022f,0.5016062325036342f,0.5360922885035392f,-0.3125f,-0.3142001189768964f,0.461423361801385f,-0.8296787127670641f,1.356926385544456f,-0.6635375192966528f,-0.7317647632247798f,-0.15568651768289302f,-0.14921582533344832f,0f,0f,0f,1f],start_interpolation:0}
execute if entity @s[tag=aj.gojo.bone.bottom] run data modify entity @s {} merge value {transformation:[-0.8132747199570565f,-0.5443039964390917f,0.2057119085984196f,0.4803370395965643f,0.5117296355667958f,-0.8373231939621866f,-0.19241270471472682f,1.221932964054001f,0.2769783564855669f,-0.051215508524229736f,0.9595102718184724f,-0.007745848681998707f,0f,0f,0f,1f],start_interpolation:0}
execute if entity @s[tag=aj.gojo.bone.leftarm] run data modify entity @s {} merge value {transformation:[-0.6789665471964387f,-0.5016065215871476f,-0.5360926461810391f,0.3125f,0.31420024176083583f,0.461423625521611f,-0.8296785196013723f,1.356926385544456f,0.6635379686691476f,-0.7317643987730852f,-0.15568631546377693f,-0.14921582533344827f,0f,0f,0f,1f],start_interpolation:0}
execute if entity @s[tag=aj.gojo.bone.head] run data modify entity @s {} merge value {transformation:[-1f,7.757505561138061e-17f,9.4761324249452e-17f,2.1928401945208557e-17f,0f,0.7737849338717787f,-0.6334484005134492f,1.4783116626533475f,-1.2246467991473532e-16f,-0.6334484005134492f,-0.7737849338717787f,-0.17905899040013795f,0f,0f,0f,1f],start_interpolation:0}
execute if entity @s[tag=aj.gojo.locator_origin.purple] at @s on origin run tp @s ^0 ^1 ^0.5 ~0 ~0
execute if entity @s[tag=aj.gojo.locator_origin.blue] at @s on origin run tp @s ^-1.0625 ^1.78125 ^-0.53125 ~0 ~0
execute if entity @s[tag=aj.gojo.locator_origin.red] at @s on origin run tp @s ^1.0625 ^1.78125 ^-0.53125 ~0 ~0
execute if entity @s[tag=aj.gojo.camera_origin.camera] at @s on origin run tp @s ^0 ^1.755 ^4.82524 ~-180 ~0