execute if entity @s[tag=aj.gojo.locator_origin.head] at @s on origin run tp @s ^0 ^1.49881 ^-0.04219 ~0 ~-3.225
execute if entity @s[tag=aj.gojo.bone.torso] run data modify entity @s {} merge value {transformation:[-1f,6.889514067717969e-18f,1.2227073412116774e-16f,5.167135550788476e-18f,0f,0.9984163124118512f,-0.0562571516335544f,1.4988122343088883f,-1.2246467991473532e-16f,-0.0562571516335544f,-0.9984163124118512f,-0.0421928637251658f,0f,0f,0f,1f],start_interpolation:0}
execute if entity @s[tag=aj.gojo.bone.bottom2] run data modify entity @s {} merge value {transformation:[-0.7628646691201468f,-0.4484990480893397f,0.4657103181927206f,-0.36868928070087803f,-0.2177322922521053f,-0.5000169578626409f,-0.8381978828179142f,1.229704752617355f,0.608794009102301f,-0.740831725638654f,0.28379254530096676f,0.17081246770442912f,0f,0f,0f,1f],start_interpolation:0}
execute if entity @s[tag=aj.gojo.bone.rightarm] run data modify entity @s {} merge value {transformation:[-0.9892315667316118f,-0.022550768879390715f,0.14461109986674237f,-0.3125f,-0.13351177788999238f,0.5438438260877105f,-0.8284977356583019f,1.374010195257407f,-0.05996259289235226f,-0.8388833981246907f,-0.5409982733839339f,-0.035160719770971544f,0f,0f,0f,1f],start_interpolation:0}
execute if entity @s[tag=aj.gojo.bone.bottom] run data modify entity @s {} merge value {transformation:[-0.7628646680736588f,0.44849906320932187f,-0.465710305345745f,0.36868930193202815f,0.21773223893275903f,-0.5000169978247502f,-0.8381978728293528f,1.2297047461188753f,-0.6087940294830382f,-0.7408316895129988f,0.2837925958849549f,0.17081245735973644f,0f,0f,0f,1f],start_interpolation:0}
execute if entity @s[tag=aj.gojo.bone.leftarm] run data modify entity @s {} merge value {transformation:[-0.9892315581333971f,0.02255068180523664f,-0.1446111722623476f,0.3125f,0.13351178984795917f,0.5438438490921379f,-0.8284977186306807f,1.374010195257407f,0.05996270811567639f,-0.8388833855517507f,-0.5409982801087885f,-0.03516071977097146f,0f,0f,0f,1f],start_interpolation:0}
execute if entity @s[tag=aj.gojo.bone.head] run data modify entity @s {} merge value {transformation:[-1f,-1.2397091597756696e-17f,1.2183558571507508e-16f,5.167135550788476e-18f,0f,0.9948630560248208f,0.1012299350832259f,1.4988122343088883f,-1.2246467991473532e-16f,0.1012299350832259f,-0.9948630560248208f,-0.0421928637251658f,0f,0f,0f,1f],start_interpolation:0}
execute if entity @s[tag=aj.gojo.locator_origin.purple] at @s on origin run tp @s ^0 ^1 ^0.5 ~0 ~0
execute if entity @s[tag=aj.gojo.locator_origin.blue] at @s on origin run tp @s ^-1.0625 ^1.78125 ^-0.53125 ~0 ~0
execute if entity @s[tag=aj.gojo.locator_origin.red] at @s on origin run tp @s ^1.0625 ^1.78125 ^-0.53125 ~0 ~0
execute if entity @s[tag=aj.gojo.camera_origin.camera] at @s on origin run tp @s ^0 ^1.755 ^4.23438 ~-180 ~0