execute if entity @s[tag=aj.gojo.locator_origin.head] at @s on origin run tp @s ^0 ^1.49306 ^-0.10179 ~0 ~-7.8
execute if entity @s[tag=aj.gojo.bone.torso] run data modify entity @s {} merge value {transformation:[-1f,1.662036413761215e-17f,1.2133161715955058e-16f,1.2465273103209113e-17f,0f,0.9907478404714436f,-0.1357155724343043f,1.4930608803535828f,-1.2246467991473532e-16f,-0.1357155724343043f,-0.9907478404714436f,-0.10178667932572821f,0f,0f,0f,1f],start_interpolation:0}
execute if entity @s[tag=aj.gojo.bone.bottom2] run data modify entity @s {} merge value {transformation:[-0.9336632473623577f,0.1546624540079946f,0.32303632279513383f,-0.43515987981224863f,-0.3264244386469961f,-0.7386182003867624f,-0.5898222104256624f,1.2369662740967282f,0.14737715690964623f,-0.656142270683459f,0.7401062722633716f,0.09921701169512868f,0f,0f,0f,1f],start_interpolation:0}
execute if entity @s[tag=aj.gojo.bone.rightarm] run data modify entity @s {} merge value {transformation:[-0.8880805833625056f,0.26861937340836817f,0.3730368744296033f,-0.3125f,-0.2146128922611004f,0.4753512817264207f,-0.8532188848334139f,1.3692174002946522f,-0.406514678615468f,-0.8377856475201426f,-0.3645010629331799f,-0.08482223277144023f,0f,0f,0f,1f],start_interpolation:0}
execute if entity @s[tag=aj.gojo.bone.bottom] run data modify entity @s {} merge value {transformation:[-0.9336633044779311f,-0.15466248102167823f,-0.3230361447819257f,0.4351599296947014f,0.326424333664824f,-0.7386182528113875f,-0.5898222028758575f,1.236966243024192f,-0.1473770275953009f,-0.6561422053016195f,0.7401063559780457f,0.09921695612026003f,0f,0f,0f,1f],start_interpolation:0}
execute if entity @s[tag=aj.gojo.bone.leftarm] run data modify entity @s {} merge value {transformation:[-0.8880804027316745f,-0.2686196180958871f,-0.37303712825664737f,0.3125f,0.2146129847568999f,0.475351382892616f,-0.8532188052052135f,1.3692174002946522f,0.406515024393541f,-0.837785511665186f,-0.36450098955451604f,-0.08482223277144015f,0f,0f,0f,1f],start_interpolation:0}
execute if entity @s[tag=aj.gojo.bone.head] run data modify entity @s {} merge value {transformation:[-1f,3.029007690341303e-17f,1.186596353770055e-16f,1.2465273103209113e-17f,0f,0.968929453452383f,-0.24733724796816653f,1.4930608803535828f,-1.2246467991473532e-16f,-0.24733724796816653f,-0.968929453452383f,-0.10178667932572821f,0f,0f,0f,1f],start_interpolation:0}
execute if entity @s[tag=aj.gojo.locator_origin.purple] at @s on origin run tp @s ^0 ^1 ^0.5 ~0 ~0
execute if entity @s[tag=aj.gojo.locator_origin.blue] at @s on origin run tp @s ^-1.0625 ^1.78125 ^-0.53125 ~0 ~0
execute if entity @s[tag=aj.gojo.locator_origin.red] at @s on origin run tp @s ^1.0625 ^1.78125 ^-0.53125 ~0 ~0
execute if entity @s[tag=aj.gojo.camera_origin.camera] at @s on origin run tp @s ^0 ^1.755 ^4.2679 ~-180 ~0