execute if entity @s[tag=aj.gojo.locator_origin.head] at @s on origin run tp @s ^0 ^1.5 ^0 ~0 ~0
execute if entity @s[tag=aj.gojo.bone.bottom2] run data modify entity @s {} merge value {transformation:[-0.4093032126454559f,-0.8715555080140618f,0.26992939182026665f,-0.3066825518035548f,-0.17085138072014994f,-0.21739958929284675f,-0.9610136441702168f,1.2152432098005965f,0.8962592737730122f,-0.43946378124442964f,-0.05992411159308936f,0.20211426293477022f,0f,0f,0f,1f],start_interpolation:0}
execute if entity @s[tag=aj.gojo.bone.rightarm] run data modify entity @s {} merge value {transformation:[-0.959472313736027f,-0.26313787121978754f,-0.1008530609548036f,-0.3125f,-0.0870926708943807f,0.617253993074019f,-0.7819286250743492f,1.375f,0.2680069884359696f,-0.7414553046300886f,-0.6151554969155235f,-3.827021247335479e-17f,0f,0f,0f,1f],start_interpolation:0}
execute if entity @s[tag=aj.gojo.bone.bottom] run data modify entity @s {} merge value {transformation:[-0.4093037057432262f,0.8715552577937098f,-0.2699294520370138f,0.3066825812839862f,0.17085129691307793f,-0.21739966043107178f,-0.9610136429768175f,1.2152432196334666f,-0.8962590645611243f,-0.4394642422957694f,-0.05992385948371065f,0.20211427155547862f,0f,0f,0f,1f],start_interpolation:0}
execute if entity @s[tag=aj.gojo.bone.leftarm] run data modify entity @s {} merge value {transformation:[-0.959472381580716f,0.26313777025923435f,0.10085267892737125f,0.3125f,0.0870928807836934f,0.6172539012702107f,-0.7819286741663222f,1.375f,-0.26800667734335726f,-0.7414554168860751f,-0.6151554971465916f,3.827021247335479e-17f,0f,0f,0f,1f],start_interpolation:0}
execute if entity @s[tag=aj.gojo.bone.head] run data modify entity @s {} merge value {transformation:[-1f,-4.7717254007562035e-17f,1.1278591000916905e-16f,0f,0f,0.9209668460138466f,0.3896409482373583f,1.5f,-1.2246467991473532e-16f,0.3896409482373583f,-0.9209668460138466f,0f,0f,0f,0f,1f],start_interpolation:0}
execute if entity @s[tag=aj.gojo.locator_origin.purple] at @s on origin run tp @s ^0 ^1 ^0.5 ~0 ~0
execute if entity @s[tag=aj.gojo.locator_origin.blue] at @s on origin run tp @s ^-1.0625 ^1.78125 ^-0.53125 ~0 ~0
execute if entity @s[tag=aj.gojo.locator_origin.red] at @s on origin run tp @s ^1.0625 ^1.78125 ^-0.53125 ~0 ~0
execute if entity @s[tag=aj.gojo.camera_origin.camera] at @s on origin run tp @s ^0 ^1.755 ^2 ~-180 ~0