execute if entity @s[tag=aj.gojo.locator_origin.head] at @s on origin run tp @s ^0 ^1.5 ^0 ~0 ~0
execute if entity @s[tag=aj.gojo.bone.bottom2] run data modify entity @s {} merge value {transformation:[-0.4724782411328327f,-0.8232682617122885f,0.31463261260278114f,-0.31596810438196227f,-0.1820631473969292f,-0.25812162613936834f,-0.9488025276521413f,1.216191331346624f,0.8623324892499116f,-0.5055715531716506f,-0.027929958962662704f,0.2029138462809722f,0f,0f,0f,1f],start_interpolation:0}
execute if entity @s[tag=aj.gojo.bone.rightarm] run data modify entity @s {} merge value {transformation:[-0.971464878328316f,-0.2289938020542299f,-0.06178858143134932f,-0.3125f,-0.09422586797146305f,0.6116782076206385f,-0.7854751785556483f,1.375f,0.21766367629803257f,-0.7572394660493807f,-0.6158010353009111f,-3.827021247335479e-17f,0f,0f,0f,1f],start_interpolation:0}
execute if entity @s[tag=aj.gojo.bone.bottom] run data modify entity @s {} merge value {transformation:[-0.47247920332629245f,0.8232676786921937f,-0.3146326932232548f,0.3159681770996837f,0.18206298068896054f,-0.2581217808753746f,-0.9488025175453405f,1.216191344336574f,-0.8623319972532639f,-0.5055724235542243f,-0.027929394098421323f,0.20291385520456853f,0f,0f,0f,1f],start_interpolation:0}
execute if entity @s[tag=aj.gojo.bone.leftarm] run data modify entity @s {} merge value {transformation:[-0.9714649914812947f,0.22899353947158885f,0.0617877755427547f,0.3125f,0.09422630087163272f,0.6116780474357961f,-0.7854752513664454f,1.375f,-0.21766298387713173f,-0.7572396748489911f,-0.6158010232894207f,3.827021247335479e-17f,0f,0f,0f,1f],start_interpolation:0}
execute if entity @s[tag=aj.gojo.bone.head] run data modify entity @s {} merge value {transformation:[-1f,-4.349251623361016e-17f,1.1448143455725793e-16f,0f,0f,0.9348118546258756f,0.35514334634191136f,1.5f,-1.2246467991473532e-16f,0.35514334634191136f,-0.9348118546258756f,0f,0f,0f,0f,1f],start_interpolation:0}
execute if entity @s[tag=aj.gojo.locator_origin.purple] at @s on origin run tp @s ^0 ^1 ^0.5 ~0 ~0
execute if entity @s[tag=aj.gojo.locator_origin.blue] at @s on origin run tp @s ^-1.0625 ^1.78125 ^-0.53125 ~0 ~0
execute if entity @s[tag=aj.gojo.locator_origin.red] at @s on origin run tp @s ^1.0625 ^1.78125 ^-0.53125 ~0 ~0
execute if entity @s[tag=aj.gojo.camera_origin.camera] at @s on origin run tp @s ^0 ^1.755 ^2 ~-180 ~0