execute if entity @s[tag=aj.gojo.locator_origin.head] at @s on origin run tp @s ^0 ^1.5 ^0 ~0 ~0
execute if entity @s[tag=aj.gojo.bone.bottom2] run data modify entity @s {} merge value {transformation:[-0.4157259369046462f,-0.8670737827963612f,0.27450865300016036f,-0.3076063241758913f,-0.17193843275231174f,-0.2214570258462783f,-0.9598926820462793f,1.2153391249308934f,0.8930896487628959f,-0.44625087214539894f,-0.057017877740564105f,0.20221450716774894f,0f,0f,0f,1f],start_interpolation:0}
execute if entity @s[tag=aj.gojo.bone.rightarm] run data modify entity @s {} merge value {transformation:[-0.9607897414341743f,-0.2597721386549785f,-0.0969613775349288f,-0.3125f,-0.08779068664372017f,0.616695828615497f,-0.7822908987754296f,1.375f,0.2630130568878216f,-0.7431047644490405f,-0.6153206001424455f,-3.827021247335479e-17f,0f,0f,0f,1f],start_interpolation:0}
execute if entity @s[tag=aj.gojo.bone.bottom] run data modify entity @s {} merge value {transformation:[-0.4157261005101483f,0.8670736993417977f,-0.2745086688327999f,0.3076063303232395f,0.17193841469749782f,-0.22145704083198445f,-0.9598926818229483f,1.21533912883547f,-0.8930895760817821f,-0.4462510268623151f,-0.057017805275126066f,0.20221451039942234f,0f,0f,0f,1f],start_interpolation:0}
execute if entity @s[tag=aj.gojo.bone.leftarm] run data modify entity @s {} merge value {transformation:[-0.9607897584676566f,0.2597721183239563f,0.09696126321963094f,0.3125f,0.08779075448321469f,0.6166957960373167f,-0.7822909168443464f,1.375f,-0.2630129720202599f,-0.7431047985926242f,-0.6153205951840759f,3.827021247335479e-17f,0f,0f,0f,1f],start_interpolation:0}
execute if entity @s[tag=aj.gojo.bone.head] run data modify entity @s {} merge value {transformation:[-1f,-4.729929394785223e-17f,1.1296182814850885e-16f,0f,0f,0.92240332663391f,0.38622804534975996f,1.5f,-1.2246467991473532e-16f,0.38622804534975996f,-0.92240332663391f,0f,0f,0f,0f,1f],start_interpolation:0}
execute if entity @s[tag=aj.gojo.locator_origin.purple] at @s on origin run tp @s ^0 ^1 ^0.5 ~0 ~0
execute if entity @s[tag=aj.gojo.locator_origin.blue] at @s on origin run tp @s ^-1.0625 ^1.78125 ^-0.53125 ~0 ~0
execute if entity @s[tag=aj.gojo.locator_origin.red] at @s on origin run tp @s ^1.0625 ^1.78125 ^-0.53125 ~0 ~0
execute if entity @s[tag=aj.gojo.camera_origin.camera] at @s on origin run tp @s ^0 ^1.755 ^4.23438 ~-180 ~0