execute if entity @s[tag=aj.gojo.locator_origin.head] at @s on origin run tp @s ^0 ^1.5 ^0 ~0 ~0
execute if entity @s[tag=aj.gojo.bone.bottom2] run data modify entity @s {} merge value {transformation:[-0.4282007311582446f,-0.8580559687513998f,0.2835208781124261f,-0.309406794012668f,-0.17409788008606336f,-0.22953256251026755f,-0.9576036397680454f,1.2155354362837707f,0.8867547924793433f,-0.45940696254798596f,-0.051099714063290114f,0.20240487888268052f,0f,0f,0f,1f],start_interpolation:0}
execute if entity @s[tag=aj.gojo.bone.rightarm] run data modify entity @s {} merge value {transformation:[-0.963285326762046f,-0.2531941556398395f,-0.08929780957429376f,-0.3125f,-0.08920783309142218f,0.6155562965920616f,-0.7830277186926391f,1.375f,0.2532258710323079f,-0.7463130477726452f,-0.6155432502791613f,-3.827021247335479e-17f,0f,0f,0f,1f],start_interpolation:0}
execute if entity @s[tag=aj.gojo.bone.bottom] run data modify entity @s {} merge value {transformation:[-0.42820140337998197f,0.8580556079230991f,-0.28352095487835566f,0.3094068387551706f,0.17409776155571532f,-0.22953266635900238f,-0.9576036364255391f,1.215535448167877f,-0.8867544911443657f,-0.4594075845976505f,-0.05109935077326616f,0.20240488892932817f,0f,0f,0f,1f],start_interpolation:0}
execute if entity @s[tag=aj.gojo.bone.leftarm] run data modify entity @s {} merge value {transformation:[-0.9632854176912302f,0.25319399940212517f,0.08929727168390314f,0.3125f,0.08920812471333057f,0.6155561761501591f,-0.7830277801512059f,1.375f,-0.2532254223978371f,-0.7463132001178533f,-0.6155432501305542f,3.827021247335479e-17f,0f,0f,0f,1f],start_interpolation:0}
execute if entity @s[tag=aj.gojo.bone.head] run data modify entity @s {} merge value {transformation:[-1f,-4.647757082232463e-17f,1.1330239731388905e-16f,0f,0f,0.9251842849119811f,0.37951816682723644f,1.5f,-1.2246467991473532e-16f,0.37951816682723644f,-0.9251842849119811f,0f,0f,0f,0f,1f],start_interpolation:0}
execute if entity @s[tag=aj.gojo.locator_origin.purple] at @s on origin run tp @s ^0 ^1 ^0.5 ~0 ~0
execute if entity @s[tag=aj.gojo.locator_origin.blue] at @s on origin run tp @s ^-1.0625 ^1.78125 ^-0.53125 ~0 ~0
execute if entity @s[tag=aj.gojo.locator_origin.red] at @s on origin run tp @s ^1.0625 ^1.78125 ^-0.53125 ~0 ~0
execute if entity @s[tag=aj.gojo.camera_origin.camera] at @s on origin run tp @s ^0 ^1.755 ^2 ~-180 ~0