execute if entity @s[tag=aj.gojo.locator_origin.head] at @s on origin run tp @s ^0 ^1.5 ^0 ~0 ~0
execute if entity @s[tag=aj.gojo.bone.bottom2] run data modify entity @s {} merge value {transformation:[-0.5488767278986744f,-0.7938790197189954f,0.2617067817639639f,-0.3238012439464927f,-0.22646103016539523f,-0.1601494373042467f,-0.9607640498829881f,1.2053713593429172f,0.8046426159405631f,-0.5866074153819909f,-0.09188036150988904f,0.19366118907538524f,0f,0f,0f,1f],start_interpolation:0}
execute if entity @s[tag=aj.gojo.bone.rightarm] run data modify entity @s {} merge value {transformation:[-0.9783348942159057f,-0.1993787477680058f,-0.05575795636511838f,-0.3125f,-0.09093094722963205f,0.6557818258209233f,-0.7494543079860827f,1.375f,0.18599031586476325f,-0.7281471773353503f,-0.6597039415852292f,-3.827021247335479e-17f,0f,0f,0f,1f],start_interpolation:0}
execute if entity @s[tag=aj.gojo.bone.bottom] run data modify entity @s {} merge value {transformation:[-0.5488777270400625f,0.7938782846897287f,-0.261706915952615f,0.32380131604260626f,0.22646083945831652f,-0.16014960065968692f,-0.9607640676047254f,1.2053713697731325f,-0.8046419880612552f,-0.5866083655273231f,-0.09187979398210167f,0.19366119400401766f,0f,0f,0f,1f],start_interpolation:0}
execute if entity @s[tag=aj.gojo.bone.leftarm] run data modify entity @s {} merge value {transformation:[-0.9783350009187859f,0.19937848605927141f,0.05575701995221932f,0.3125f,0.09093144075980181f,0.6557816607175199f,-0.7494543925736363f,1.375f,-0.18598951330272878f,-0.7281473976903883f,-0.6597039246344754f,3.827021247335479e-17f,0f,0f,0f,1f],start_interpolation:0}
execute if entity @s[tag=aj.gojo.bone.head] run data modify entity @s {} merge value {transformation:[-1f,-3.9304256445719604e-17f,1.1598609076896973e-16f,0f,0f,0.9470983049947443f,0.3209436098072094f,1.5f,-1.2246467991473532e-16f,0.3209436098072094f,-0.9470983049947443f,0f,0f,0f,0f,1f],start_interpolation:0}
execute if entity @s[tag=aj.gojo.locator_origin.purple] at @s on origin run tp @s ^0 ^1 ^0.5 ~0 ~0
execute if entity @s[tag=aj.gojo.locator_origin.blue] at @s on origin run tp @s ^-1.0625 ^1.78125 ^-0.53125 ~0 ~0
execute if entity @s[tag=aj.gojo.locator_origin.red] at @s on origin run tp @s ^1.0625 ^1.78125 ^-0.53125 ~0 ~0
execute if entity @s[tag=aj.gojo.camera_origin.camera] at @s on origin run tp @s ^0 ^1.81063 ^2.37231 ~-180 ~0