execute if entity @s[tag=aj.gojo.locator_origin.head] at @s on origin run tp @s ^0 ^1.5 ^0 ~0 ~0
execute if entity @s[tag=aj.gojo.bone.bottom2] run data modify entity @s {} merge value {transformation:[-0.9977744923245583f,-0.057965946454908476f,-0.03295468886298987f,-0.3732295721998181f,-0.05438223312673433f,0.993415516644017f,-0.1008374137463394f,1.1250171786140712f,0.038582835388541674f,-0.09882084973570912f,-0.9943569804003455f,0.015058488382233698f,0f,0f,0f,1f],start_interpolation:0}
execute if entity @s[tag=aj.gojo.bone.rightarm] run data modify entity @s {} merge value {transformation:[-0.9998981094461834f,-0.0070562385622732786f,-0.01240887679447672f,-0.3125f,-0.006336419683168937f,0.9983471806229232f,-0.05712054558439694f,1.375f,0.012791423358913758f,-0.057036097689206505f,-0.9982901697647034f,-3.827021247335479e-17f,0f,0f,0f,1f],start_interpolation:0}
execute if entity @s[tag=aj.gojo.bone.bottom] run data modify entity @s {} merge value {transformation:[-0.9977744947807373f,0.05796593027310655f,0.0329546429599526f,0.37322956462916906f,0.0543822211094041f,0.9934155161293498f,-0.10083742529768255f,1.125017176733185f,-0.03858278880864481f,-0.09882086440135594f,-0.9943569807502316f,0.015058487689800497f,0f,0f,0f,1f],start_interpolation:0}
execute if entity @s[tag=aj.gojo.bone.leftarm] run data modify entity @s {} merge value {transformation:[-0.9998981099482394f,0.007056268970383588f,0.012408819047608164f,0.3125f,0.006336453194603359f,0.9983471797686095f,-0.0571205567985493f,1.375f,-0.012791367512947252f,-0.057036108880965025f,-0.9982901698408472f,3.827021247335479e-17f,0f,0f,0f,1f],start_interpolation:0}
execute if entity @s[tag=aj.gojo.bone.head] run data modify entity @s {} merge value {transformation:[-1f,-2.735659641067348e-18f,1.224341210322793e-16f,0f,0f,0.9997504677881222f,0.0223383561935737f,1.5f,-1.2246467991473532e-16f,0.0223383561935737f,-0.9997504677881222f,0f,0f,0f,0f,1f],start_interpolation:0}
execute if entity @s[tag=aj.gojo.locator_origin.purple] at @s on origin run tp @s ^0 ^1 ^0.5 ~0 ~0
execute if entity @s[tag=aj.gojo.locator_origin.blue] at @s on origin run tp @s ^-1.0625 ^1.78125 ^-0.53125 ~0 ~0
execute if entity @s[tag=aj.gojo.locator_origin.red] at @s on origin run tp @s ^1.0625 ^1.78125 ^-0.53125 ~0 ~0
execute if entity @s[tag=aj.gojo.camera_origin.camera] at @s on origin run tp @s ^0 ^3.29188 ^7.0244 ~-180 ~0