execute if entity @s[tag=aj.gojo.locator_origin.head] at @s on origin run tp @s ^0 ^1.4811 ^-0.1673 ~0 ~-12.88889
execute if entity @s[tag=aj.gojo.bone.torso] run data modify entity @s {} merge value {transformation:[-1f,2.7317103860276854e-17f,1.1937911736692236e-16f,2.048782789520764e-17f,0f,0.9748044697462056f,-0.22306108078913925f,1.4811033523096542f,-1.2246467991473532e-16f,-0.22306108078913925f,-0.9748044697462056f,-0.16729581059185444f,0f,0f,0f,1f],start_interpolation:0}
execute if entity @s[tag=aj.gojo.bone.bottom2] run data modify entity @s {} merge value {transformation:[-0.8624993293141635f,0.39446876425306054f,0.3170004747019816f,-0.392348804455562f,-0.5035766730996204f,-0.6070567709094521f,-0.6147297058080949f,1.1556506567048797f,-0.05005438285041823f,-0.6898380033903992f,0.7222313257092988f,-0.0031172170708553826f,0f,0f,0f,1f],start_interpolation:0}
execute if entity @s[tag=aj.gojo.bone.rightarm] run data modify entity @s {} merge value {transformation:[-0.922680138258357f,0.08872518325765873f,0.375218875217431f,-0.3125f,-0.17507739578596687f,0.7706391985995039f,-0.6127504639465549f,1.3592527935913785f,-0.34352477050184177f,-0.6310650263148871f,-0.6955197082857162f,-0.13941317549321205f,0f,0f,0f,1f],start_interpolation:0}
execute if entity @s[tag=aj.gojo.bone.bottom] run data modify entity @s {} merge value {transformation:[-0.8624993939468475f,-0.3944685907428185f,-0.3170005147609313f,0.3923488139842428f,0.5035765858129555f,-0.6070569588278523f,-0.6147295917390394f,1.1556506403852893f,0.0500541473035724f,-0.6898379372403737f,0.7222314052169554f,-0.0031172470318159007f,0f,0f,0f,1f],start_interpolation:0}
execute if entity @s[tag=aj.gojo.bone.leftarm] run data modify entity @s {} merge value {transformation:[-0.9226800116955151f,-0.08872525301309254f,-0.37521916994648175f,0.3125f,0.17507752211669736f,0.770639232295182f,-0.6127503854727222f,1.3592527935913785f,0.34352504605492945f,-0.6310649753593167f,-0.6955196184204321f,-0.139413175493212f,0f,0f,0f,1f],start_interpolation:0}
execute if entity @s[tag=aj.gojo.bone.head] run data modify entity @s {} merge value {transformation:[-1f,7.220818301870474e-17f,9.891196152011049e-17f,2.048782789520764e-17f,0f,0.8076774592394872f,-0.5896245600689022f,1.4811033523096542f,-1.2246467991473532e-16f,-0.5896245600689022f,-0.8076774592394872f,-0.16729581059185444f,0f,0f,0f,1f],start_interpolation:0}
execute if entity @s[tag=aj.gojo.locator_origin.purple] at @s on origin run tp @s ^0 ^1 ^0.5 ~0 ~0
execute if entity @s[tag=aj.gojo.locator_origin.blue] at @s on origin run tp @s ^-1.0625 ^1.78125 ^-0.53125 ~0 ~0
execute if entity @s[tag=aj.gojo.locator_origin.red] at @s on origin run tp @s ^1.0625 ^1.78125 ^-0.53125 ~0 ~0
execute if entity @s[tag=aj.gojo.camera_origin.camera] at @s on origin run tp @s ^0 ^1.755 ^4.98343 ~-180 ~0