execute if entity @s[tag=aj.gojo.locator_origin.head] at @s on origin run tp @s ^0 ^1.5 ^0 ~0 ~0
execute if entity @s[tag=aj.gojo.bone.bottom2] run data modify entity @s {} merge value {transformation:[-0.9872857582022189f,-0.1436863643895171f,-0.0679783814134518f,-0.3702100948015933f,-0.12349349429531462f,0.9626083753481173f,-0.24111091343278404f,1.126396376482233f,0.10008090985698982f,-0.22965048312202896f,-0.9681138709284233f,0.03566557628620906f,0f,0f,0f,1f],start_interpolation:0}
execute if entity @s[tag=aj.gojo.bone.rightarm] run data modify entity @s {} merge value {transformation:[-0.9994253475501044f,-0.019015957681152995f,-0.02806007889906432f,-0.3125f,-0.015042815894452045f,0.9906537900974557f,-0.13556836598377917f,1.375f,0.030375785822242322f,-0.13506835868927583f,-0.990370562020432f,-3.827021247335479e-17f,0f,0f,0f,1f],start_interpolation:0}
execute if entity @s[tag=aj.gojo.bone.bottom] run data modify entity @s {} merge value {transformation:[-0.9872857738264766f,0.14368630940645213f,0.06797827071210696f,0.37021007956019736f,0.12349346337504719f,0.9626083722518034f,-0.24111094163137708f,1.1263963727171844f,-0.1000807938792008f,-0.22965053050207998f,-0.9681138716786483f,0.035665574704223865f,0f,0f,0f,1f],start_interpolation:0}
execute if entity @s[tag=aj.gojo.bone.leftarm] run data modify entity @s {} merge value {transformation:[-0.9994253503816201f,0.0190160193546156f,0.028059936252258687f,0.3125f,0.015042895496369646f,0.9906537852571702f,-0.1355683925209923f,1.375f,-0.030375653238428273f,-0.13506838550728822f,-0.990370562429434f,3.827021247335479e-17f,0f,0f,0f,1f],start_interpolation:0}
execute if entity @s[tag=aj.gojo.bone.head] run data modify entity @s {} merge value {transformation:[-1f,-6.494683865807816e-18f,1.222923419846958e-16f,0f,0f,0.9985927540074452f,0.053033118367921815f,1.5f,-1.2246467991473532e-16f,0.053033118367921815f,-0.9985927540074452f,0f,0f,0f,0f,1f],start_interpolation:0}
execute if entity @s[tag=aj.gojo.locator_origin.purple] at @s on origin run tp @s ^0 ^1 ^0.5 ~0 ~0
execute if entity @s[tag=aj.gojo.locator_origin.blue] at @s on origin run tp @s ^-1.0625 ^1.78125 ^-0.53125 ~0 ~0
execute if entity @s[tag=aj.gojo.locator_origin.red] at @s on origin run tp @s ^1.0625 ^1.78125 ^-0.53125 ~0 ~0
execute if entity @s[tag=aj.gojo.camera_origin.camera] at @s on origin run tp @s ^0 ^3.07375 ^6.55185 ~-180 ~0