execute if entity @s[tag=aj.gojo.locator_origin.head] at @s on origin run tp @s ^0 ^1.5 ^0 ~0 ~0
execute if entity @s[tag=aj.gojo.bone.bottom2] run data modify entity @s {} merge value {transformation:[-0.42094441525414705f,-0.8633320215472645f,0.27832286977080745f,-0.3083555507140524f,-0.17284088198088954f,-0.224870136432693f,-0.9589366252557101f,1.2154241473473035f,0.890467196915424f,-0.45176458727068863f,-0.054561239957793384f,0.20229834598997867f,0f,0f,0f,1f],start_interpolation:0}
execute if entity @s[tag=aj.gojo.bone.rightarm] run data modify entity @s {} merge value {transformation:[-0.9618433682683533f,-0.25703863921087866f,-0.09374685525823608f,-0.3125f,-0.08839408390885072f,0.6162048896335729f,-0.7826097494419497f,1.375f,0.25892821562762136f,-0.7444613300530094f,-0.6154132816308079f,-3.827021247335479e-17f,0f,0f,0f,1f],start_interpolation:0}
execute if entity @s[tag=aj.gojo.bone.bottom] run data modify entity @s {} merge value {transformation:[-0.42094502833238484f,0.8633316993165967f,-0.2783229420607748f,0.30835559023760317f,0.17284077457409291f,-0.22487022949450972f,-0.9589366227919937f,1.2154241586630263f,-0.8904669279467234f,-0.45176515673766193f,-0.054560914498572144f,0.20229835572569124f,0f,0f,0f,1f],start_interpolation:0}
execute if entity @s[tag=aj.gojo.bone.leftarm] run data modify entity @s {} merge value {transformation:[-0.9618434522391108f,0.25703850210936496f,0.09374636962636645f,0.3125f,0.08839434811413413f,0.6162047783193616f,-0.7826098072461548f,1.375f,-0.2589278135045105f,-0.7444614695266373f,-0.6154132820991216f,3.827021247335479e-17f,0f,0f,0f,1f],start_interpolation:0}
execute if entity @s[tag=aj.gojo.bone.head] run data modify entity @s {} merge value {transformation:[-1f,-4.6955867725347024e-17f,1.1310501453418541e-16f,0f,0f,0.9235725322022115f,0.38342375742981183f,1.5f,-1.2246467991473532e-16f,0.38342375742981183f,-0.9235725322022115f,0f,0f,0f,0f,1f],start_interpolation:0}
execute if entity @s[tag=aj.gojo.locator_origin.purple] at @s on origin run tp @s ^0 ^1 ^0.5 ~0 ~0
execute if entity @s[tag=aj.gojo.locator_origin.blue] at @s on origin run tp @s ^-1.0625 ^1.78125 ^-0.53125 ~0 ~0
execute if entity @s[tag=aj.gojo.locator_origin.red] at @s on origin run tp @s ^1.0625 ^1.78125 ^-0.53125 ~0 ~0
execute if entity @s[tag=aj.gojo.camera_origin.camera] at @s on origin run tp @s ^0 ^1.755 ^2 ~-180 ~0