execute if entity @s[tag=aj.gojo.locator_origin.head] at @s on origin run tp @s ^0 ^1.5 ^0 ~0 ~0
execute if entity @s[tag=aj.gojo.bone.bottom2] run data modify entity @s {} merge value {transformation:[-0.40288058885536426f,-0.8759714597631205f,0.2652569184847454f,-0.305767177857902f,-0.16976636411808593f,-0.2132676376952019f,-0.9621311222104987f,1.2151410975719712f,0.8993701199938102f,-0.43265565568056075f,-0.06278909833676166f,0.20200507523453176f,0f,0f,0f,1f],start_interpolation:0}
execute if entity @s[tag=aj.gojo.bone.rightarm] run data modify entity @s {} merge value {transformation:[-0.9581341873519573f,-0.26646483540638144f,-0.10476340257577749f,-0.3125f,-0.0863721907816511f,0.6178425620167023f,-0.7815436092888325f,1.375f,0.27298117826506363f,-0.7397750063718612f,-0.6149912326696456f,-3.827021247335479e-17f,0f,0f,0f,1f],start_interpolation:0}
execute if entity @s[tag=aj.gojo.bone.bottom] run data modify entity @s {} merge value {transformation:[-0.40288090672311966f,0.8759713022181062f,-0.26525695596585663f,0.30576719404654085f,0.16976631607462428f,-0.21326767760044496f,-0.9621311218422173f,1.2151411045437925f,-0.8993699866708963f,-0.43265595498181714f,-0.06278894563825799f,0.202005081291324f,0f,0f,0f,1f],start_interpolation:0}
execute if entity @s[tag=aj.gojo.bone.leftarm] run data modify entity @s {} merge value {transformation:[-0.9581342283539835f,0.2664647809023325f,0.1047631662140303f,0.3125f,0.08637232403735377f,0.6178425008154914f,-0.781543642944171f,1.375f,-0.2729809921897548f,-0.7397750771178572f,-0.614991230163785f,3.827021247335479e-17f,0f,0f,0f,1f],start_interpolation:0}
execute if entity @s[tag=aj.gojo.bone.head] run data modify entity @s {} merge value {transformation:[-1f,-4.813455979774114e-17f,1.1260844541905487e-16f,0f,0f,0.9195177376649109f,0.3930485086088029f,1.5f,-1.2246467991473532e-16f,0.3930485086088029f,-0.9195177376649109f,0f,0f,0f,0f,1f],start_interpolation:0}
execute if entity @s[tag=aj.gojo.locator_origin.purple] at @s on origin run tp @s ^0 ^1 ^0.5 ~0 ~0
execute if entity @s[tag=aj.gojo.locator_origin.blue] at @s on origin run tp @s ^-1.0625 ^1.78125 ^-0.53125 ~0 ~0
execute if entity @s[tag=aj.gojo.locator_origin.red] at @s on origin run tp @s ^1.0625 ^1.78125 ^-0.53125 ~0 ~0
execute if entity @s[tag=aj.gojo.camera_origin.camera] at @s on origin run tp @s ^0 ^1.755 ^3.33956 ~-180 ~0