execute if entity @s[tag=aj.gojo.locator_origin.head] at @s on origin run tp @s ^0 ^1.5 ^0 ~0 ~0
execute if entity @s[tag=aj.gojo.bone.bottom2] run data modify entity @s {} merge value {transformation:[-0.485316377666336f,-0.8123155758346193f,0.3234368853815171f,-0.3179204505078597f,-0.1844720299982926f,-0.26646384290250646f,-0.946027003089202f,1.2163741566198996f,0.8546567051846811f,-0.5187874571364446f,-0.020530236256948386f,0.20301406485325996f,0f,0f,0f,1f],start_interpolation:0}
execute if entity @s[tag=aj.gojo.bone.rightarm] run data modify entity @s {} merge value {transformation:[-0.9736300799437966f,-0.2217257179545102f,-0.05368587734398334f,-0.3125f,-0.09569927344312538f,0.6105785551596208f,-0.7861523243250303f,1.375f,0.20708963395374033f,-0.7602838509246048f,-0.6156966375839313f,-3.827021247335479e-17f,0f,0f,0f,1f],start_interpolation:0}
execute if entity @s[tag=aj.gojo.bone.bottom] run data modify entity @s {} merge value {transformation:[-0.4853174225186246f,0.8123149211409103f,-0.3234369618514795f,0.3179205316797369f,0.18447185139290512f,-0.2664640111456798f,-0.9460269905281926f,1.2163741695126673f,-0.854656150415799f,-0.5187883958378325f,-0.020529610333750115f,0.2030140727597794f,0f,0f,0f,1f],start_interpolation:0}
execute if entity @s[tag=aj.gojo.bone.leftarm] run data modify entity @s {} merge value {transformation:[-0.9736301960759411f,0.2217254223000377f,0.05368499226966885f,0.3125f,0.0956997483781985f,0.6105783848547809f,-0.7861523987805906f,1.375f,-0.20708886848276986f,-0.760284073918425f,-0.6156966196890552f,3.827021247335479e-17f,0f,0f,0f,1f],start_interpolation:0}
execute if entity @s[tag=aj.gojo.bone.head] run data modify entity @s {} merge value {transformation:[-1f,-4.2603992460617667e-17f,1.1481505847681396e-16f,0f,0f,0.9375361006679859f,0.34788799913803903f,1.5f,-1.2246467991473532e-16f,0.34788799913803903f,-0.9375361006679859f,0f,0f,0f,0f,1f],start_interpolation:0}
execute if entity @s[tag=aj.gojo.locator_origin.purple] at @s on origin run tp @s ^0 ^1 ^0.5 ~0 ~0
execute if entity @s[tag=aj.gojo.locator_origin.blue] at @s on origin run tp @s ^-1.0625 ^1.78125 ^-0.53125 ~0 ~0
execute if entity @s[tag=aj.gojo.locator_origin.red] at @s on origin run tp @s ^1.0625 ^1.78125 ^-0.53125 ~0 ~0
execute if entity @s[tag=aj.gojo.camera_origin.camera] at @s on origin run tp @s ^0 ^1.755 ^2 ~-180 ~0