execute if entity @s[tag=aj.gojo.locator_origin.head] at @s on origin run tp @s ^0 ^1.5 ^0 ~0 ~0
execute if entity @s[tag=aj.gojo.bone.bottom2] run data modify entity @s {} merge value {transformation:[-0.42537570866413654f,-0.8601498042931909f,0.2814210735763561f,-0.30900038993615875f,-0.17359792956221481f,-0.2276331358801888f,-0.9581476474432652f,1.2154865700878383f,0.8882112729132613f,-0.45642685024408536f,-0.05249061864816723f,0.20235974996787012f,0f,0f,0f,1f],start_interpolation:0}
execute if entity @s[tag=aj.gojo.bone.rightarm] run data modify entity @s {} merge value {transformation:[-0.9627280056200076f,-0.2546804416603669f,-0.0910640424679408f,-0.3125f,-0.08886485512065116f,0.6158375058684842f,-0.782845581127f,1.375f,0.2554561111410494f,-0.7455749720862183f,-0.6155161543609775f,-3.827021247335479e-17f,0f,0f,0f,1f],start_interpolation:0}
execute if entity @s[tag=aj.gojo.bone.bottom] run data modify entity @s {} merge value {transformation:[-0.42537582854056394f,0.8601497416798568f,-0.28142108375440666f,0.3090003936656094f,0.17359791891077975f,-0.22763314479985092f,-0.9581476472540004f,1.2154865730448858f,-0.8882112175846887f,-0.4564269637922437f,-0.05249056753473724f,0.20235975236330897f,0f,0f,0f,1f],start_interpolation:0}
execute if entity @s[tag=aj.gojo.bone.leftarm] run data modify entity @s {} merge value {transformation:[-0.9627280165261985f,0.25468042946911207f,0.09106396126328088f,0.3125f,0.08886490467136113f,0.6158374816526168f,-0.7828455945520245f,1.375f,-0.25545605280220235f,-0.7455749962526852f,-0.6155161493003469f,3.827021247335479e-17f,0f,0f,0f,1f],start_interpolation:0}
execute if entity @s[tag=aj.gojo.bone.head] run data modify entity @s {} merge value {transformation:[-1f,-4.6665764567922985e-17f,1.1322501598105324e-16f,0f,0f,0.9245524183779756f,0.381054885379307f,1.5f,-1.2246467991473532e-16f,0.381054885379307f,-0.9245524183779756f,0f,0f,0f,0f,1f],start_interpolation:0}
execute if entity @s[tag=aj.gojo.locator_origin.purple] at @s on origin run tp @s ^0 ^1 ^0.5 ~0 ~0
execute if entity @s[tag=aj.gojo.locator_origin.blue] at @s on origin run tp @s ^-1.0625 ^1.78125 ^-0.53125 ~0 ~0
execute if entity @s[tag=aj.gojo.locator_origin.red] at @s on origin run tp @s ^1.0625 ^1.78125 ^-0.53125 ~0 ~0
execute if entity @s[tag=aj.gojo.camera_origin.camera] at @s on origin run tp @s ^0 ^1.755 ^4.23438 ~-180 ~0