execute if entity @s[tag=aj.gojo.locator_origin.head] at @s on origin run tp @s ^0 ^1.5 ^0 ~0 ~0
execute if entity @s[tag=aj.gojo.bone.bottom2] run data modify entity @s {} merge value {transformation:[-0.4935279078925228f,-0.8050966699290785f,0.32901300308701764f,-0.3191816518657292f,-0.18603765314279302f,-0.27181580617574796f,-0.9441960385037369f,1.2164894845957743f,0.8496000210359882f,-0.5271959024709284f,-0.015629608872647305f,0.20306654582828734f,0f,0f,0f,1f],start_interpolation:0}
execute if entity @s[tag=aj.gojo.bone.rightarm] run data modify entity @s {} merge value {transformation:[-0.974964291199794f,-0.21701446533703173f,-0.04847012192851866f,-0.3125f,-0.09664693377117942f,0.6098803281741076f,-0.7865782577079485f,1.375f,0.2002598339106284f,-0.7622012248354924f,-0.6155853245337828f,-3.827021247335479e-17f,0f,0f,0f,1f],start_interpolation:0}
execute if entity @s[tag=aj.gojo.bone.bottom] run data modify entity @s {} merge value {transformation:[-0.49352902001958865f,0.805095958179185f,-0.32901307652135126f,0.3191817396977526f,0.18603746490857215f,-0.2718159851078674f,-0.9441960240809275f,1.2164894974935625f,-0.8495994162244325f,-0.5271968971488545f,-0.015628934311848475f,0.20306655300607288f,0f,0f,0f,1f],start_interpolation:0}
execute if entity @s[tag=aj.gojo.bone.leftarm] run data modify entity @s {} merge value {transformation:[-0.9749644099572563f,0.21701414369830363f,0.04846917320927976f,0.3125f,0.09664744262165129f,0.6098801493703367f,-0.7865783338223284f,1.375f,-0.20025901016282327f,-0.7622014594835855f,-0.6155853019766624f,3.827021247335479e-17f,0f,0f,0f,1f],start_interpolation:0}
execute if entity @s[tag=aj.gojo.bone.head] run data modify entity @s {} merge value {transformation:[-1f,-4.202978631664815e-17f,1.1502649646405593e-16f,0f,0f,0.9392626228569891f,0.34319925015041824f,1.5f,-1.2246467991473532e-16f,0.34319925015041824f,-0.9392626228569891f,0f,0f,0f,0f,1f],start_interpolation:0}
execute if entity @s[tag=aj.gojo.locator_origin.purple] at @s on origin run tp @s ^0 ^1 ^0.5 ~0 ~0
execute if entity @s[tag=aj.gojo.locator_origin.blue] at @s on origin run tp @s ^-1.0625 ^1.78125 ^-0.53125 ~0 ~0
execute if entity @s[tag=aj.gojo.locator_origin.red] at @s on origin run tp @s ^1.0625 ^1.78125 ^-0.53125 ~0 ~0
execute if entity @s[tag=aj.gojo.camera_origin.camera] at @s on origin run tp @s ^0 ^1.755 ^2 ~-180 ~0