execute if entity @s[tag=aj.gojo.locator_origin.head] at @s on origin run tp @s ^0 ^1.49959 ^-0.02487 ~0 ~-1.9
execute if entity @s[tag=aj.gojo.bone.torso] run data modify entity @s {} merge value {transformation:[-1f,4.060338308866802e-18f,1.223973507860204e-16f,3.0452537316501017e-18f,0f,0.9994502159417572f,-0.03315517838852613f,1.4995876619563178f,-1.2246467991473532e-16f,-0.03315517838852613f,-0.9994502159417572f,-0.024866383791394595f,0f,0f,0f,1f],start_interpolation:0}
execute if entity @s[tag=aj.gojo.bone.bottom2] run data modify entity @s {} merge value {transformation:[-0.9966317420890187f,-0.06315883780127912f,0.052308047833953056f,-0.3731237806004352f,-0.07610335252419505f,0.9499456927861597f,-0.303004060189961f,1.124772485960228f,-0.030552420447249356f,-0.30596428217132654f,-0.9515526299896394f,-0.0037206852313455274f,0f,0f,0f,1f],start_interpolation:0}
execute if entity @s[tag=aj.gojo.bone.rightarm] run data modify entity @s {} merge value {transformation:[-0.9994104005763293f,-0.007357477742341466f,0.03353682664075058f,-0.3125f,-0.009888430877996514f,0.9970634882939823f,-0.07593825943361615f,1.3746563849635982f,-0.03287963130316235f,-0.07622511287172395f,-0.9965483741460126f,-0.02072198649282887f,0f,0f,0f,1f],start_interpolation:0}
execute if entity @s[tag=aj.gojo.bone.bottom] run data modify entity @s {} merge value {transformation:[-0.9966317415936086f,0.06315888087354941f,-0.0523080052658418f,0.3731237791072199f,0.07610338068390889f,0.9499456890262978f,-0.30300406490480003f,1.1247724854805026f,0.030552366464327813f,-0.30596428495357597f,-0.9515526308283091f,-0.00372068695775956f,0f,0f,0f,1f],start_interpolation:0}
execute if entity @s[tag=aj.gojo.bone.leftarm] run data modify entity @s {} merge value {transformation:[-0.9994103995954758f,0.0073574834699894f,-0.03353685461399499f,0.3125f,0.009888438710120474f,0.9970634882548526f,-0.07593825892751045f,1.3746563849635982f,0.03287965876172677f,-0.07622511283070862f,-0.9965483732431949f,-0.020721986492828793f,0f,0f,0f,1f],start_interpolation:0}
execute if entity @s[tag=aj.gojo.bone.head] run data modify entity @s {} merge value {transformation:[-1f,1.1354699211160425e-17f,1.2193715033755157e-16f,3.0452537316501017e-18f,0f,0.995692394104561f,-0.09271815530049976f,1.4995876619563178f,-1.2246467991473532e-16f,-0.09271815530049976f,-0.995692394104561f,-0.024866383791394595f,0f,0f,0f,1f],start_interpolation:0}
execute if entity @s[tag=aj.gojo.locator_origin.purple] at @s on origin run tp @s ^0 ^1 ^0.5 ~0 ~0
execute if entity @s[tag=aj.gojo.locator_origin.blue] at @s on origin run tp @s ^-1.0625 ^1.78125 ^-0.53125 ~0 ~0
execute if entity @s[tag=aj.gojo.locator_origin.red] at @s on origin run tp @s ^1.0625 ^1.78125 ^-0.53125 ~0 ~0
execute if entity @s[tag=aj.gojo.camera_origin.camera] at @s on origin run tp @s ^0 ^1.755 ^5.11649 ~-180 ~0