execute if entity @s[tag=aj.gojo.locator_origin.head] at @s on origin run tp @s ^0 ^1.5 ^0 ~0 ~0
execute if entity @s[tag=aj.gojo.bone.bottom2] run data modify entity @s {} merge value {transformation:[-0.49465004869112084f,-0.8040968027835562f,0.3297721350919974f,-0.3193547455676575f,-0.18625322889270846f,-0.2725488543938176f,-0.9439421892762596f,1.216505190747172f,0.8488999140398781f,-0.5283421748468318f,-0.014949321764129608f,0.20307303588392125f,0f,0f,0f,1f],start_interpolation:0}
execute if entity @s[tag=aj.gojo.bone.rightarm] run data modify entity @s {} merge value {transformation:[-0.9751434891386722f,-0.21636689001403792f,-0.04775504681297555f,-0.3125f,-0.09677697298218643f,0.609784993765765f,-0.7866361794873733f,1.375f,0.1993223346513416f,-0.7624615598728497f,-0.6155671991142798f,-3.827021247335479e-17f,0f,0f,0f,1f],start_interpolation:0}
execute if entity @s[tag=aj.gojo.bone.bottom] run data modify entity @s {} merge value {transformation:[-0.4946511750646083f,0.804096079840204f,-0.32977220833905735f,0.3193548347187456f,0.18625303852092479f,-0.27254903557944093f,-0.943942174524711f,1.2165052036960682f,-0.8488992994748702f,-0.5283431816445947f,-0.014948637420905742f,0.20307304298097725f,0f,0f,0f,1f],start_interpolation:0}
execute if entity @s[tag=aj.gojo.bone.leftarm] run data modify entity @s {} merge value {transformation:[-0.9751436087293751f,0.21636656330736143f,0.047754085027491615f,0.3125f,0.09677748881503798f,0.6097848130119681f,-0.7866362561429611f,1.375f,-0.19932149912366837f,-0.7624617971429918f,-0.6155671757692841f,3.827021247335479e-17f,0f,0f,0f,1f],start_interpolation:0}
execute if entity @s[tag=aj.gojo.bone.head] run data modify entity @s {} merge value {transformation:[-1f,-4.195093834873607e-17f,1.1505527627309893e-16f,0f,0f,0.9394976278319994f,0.3425554076321756f,1.5f,-1.2246467991473532e-16f,0.3425554076321756f,-0.9394976278319994f,0f,0f,0f,0f,1f],start_interpolation:0}
execute if entity @s[tag=aj.gojo.locator_origin.purple] at @s on origin run tp @s ^0 ^1 ^0.5 ~0 ~0
execute if entity @s[tag=aj.gojo.locator_origin.blue] at @s on origin run tp @s ^-1.0625 ^1.78125 ^-0.53125 ~0 ~0
execute if entity @s[tag=aj.gojo.locator_origin.red] at @s on origin run tp @s ^1.0625 ^1.78125 ^-0.53125 ~0 ~0
execute if entity @s[tag=aj.gojo.camera_origin.camera] at @s on origin run tp @s ^0 ^1.755 ^2 ~-180 ~0