execute if entity @s[tag=aj.gojo.locator_origin.head] at @s on origin run tp @s ^0 ^1.5 ^0 ~0 ~0
execute if entity @s[tag=aj.gojo.bone.bottom2] run data modify entity @s {} merge value {transformation:[-0.4616451627663648f,-0.8038380016268944f,0.3751375892054771f,-0.31682157244585857f,-0.15763474022080526f,-0.34182759369652066f,-0.9264476158224842f,1.2238675480269556f,0.8729461795379687f,-0.4868247768223459f,0.031090260563998218f,0.20867811570025882f,0f,0f,0f,1f],start_interpolation:0}
execute if entity @s[tag=aj.gojo.bone.rightarm] run data modify entity @s {} merge value {transformation:[-0.9732646205651099f,-0.2260298653578432f,-0.040822522246524565f,-0.3125f,-0.10062754102128316f,0.5793729226368569f,-0.8088269991186228f,1.375f,0.20647052173194771f,-0.7830948323680484f,-0.5866279972641908f,-3.827021247335479e-17f,0f,0f,0f,1f],start_interpolation:0}
execute if entity @s[tag=aj.gojo.bone.bottom] run data modify entity @s {} merge value {transformation:[-0.461646419930128f,0.8038372640309894f,-0.37513762264117034f,0.31682167718248877f,0.15763454374365504f,-0.34182779340818803f,-0.9264475755661614f,1.2238675629709415f,-0.8729455501830715f,-0.4868258544991854f,0.031091056699832254f,0.20867812435420258f,0f,0f,0f,1f],start_interpolation:0}
execute if entity @s[tag=aj.gojo.bone.leftarm] run data modify entity @s {} merge value {transformation:[-0.9732647527943238f,0.22602947946862578f,0.04082150633362175f,0.3125f,0.10062809291766092f,0.5793727248868187f,-0.8088270721068733f,1.375f,-0.2064696294469442f,-0.7830950900550742f,-0.5866279673248428f,3.827021247335479e-17f,0f,0f,0f,1f],start_interpolation:0}
execute if entity @s[tag=aj.gojo.bone.head] run data modify entity @s {} merge value {transformation:[-1f,-4.350804089942643e-17f,1.1447553539386664e-16f,0f,0f,0.9347636843012121f,0.3552701148585733f,1.5f,-1.2246467991473532e-16f,0.3552701148585733f,-0.9347636843012121f,0f,0f,0f,0f,1f],start_interpolation:0}
execute if entity @s[tag=aj.gojo.locator_origin.purple] at @s on origin run tp @s ^0 ^1 ^0.5 ~0 ~0
execute if entity @s[tag=aj.gojo.locator_origin.blue] at @s on origin run tp @s ^-1.0625 ^1.78125 ^-0.53125 ~0 ~0
execute if entity @s[tag=aj.gojo.locator_origin.red] at @s on origin run tp @s ^1.0625 ^1.78125 ^-0.53125 ~0 ~0
execute if entity @s[tag=aj.gojo.camera_origin.camera] at @s on origin run tp @s ^0 ^1.73664 ^1.90032 ~-180 ~0