execute if entity @s[tag=aj.gojo.locator_origin.head] at @s on origin run tp @s ^0 ^1.5 ^0 ~0 ~0
execute if entity @s[tag=aj.gojo.bone.bottom2] run data modify entity @s {} merge value {transformation:[-0.4401614883938562f,-0.8491029395499972f,0.29203092675684006f,-0.3111539582382461f,-0.1761988728655166f,-0.23723041913004383f,-0.9553406122636603f,1.2157165146832205f,0.8804611412980282f,-0.47195966595349825f,-0.04519128651892795f,0.20256655567224052f,0f,0f,0f,1f],start_interpolation:0}
execute if entity @s[tag=aj.gojo.bone.rightarm] run data modify entity @s {} merge value {transformation:[-0.9656008605601875f,-0.24678438218706258f,-0.08192952333545696f,-0.3125f,-0.09055418028688202f,0.6144953961953972f,-0.7837061620832343f,1.375f,0.24375175592802653f,-0.7493282837069556f,-0.615704640813103f,-3.827021247335479e-17f,0f,0f,0f,1f],start_interpolation:0}
execute if entity @s[tag=aj.gojo.bone.bottom] run data modify entity @s {} merge value {transformation:[-0.4401622467489868f,0.849102518499671f,-0.29203100796730447f,0.31115401089229433f,0.1761987388739783f,-0.23723053853200304f,-0.9553406073265365f,1.215716527188766f,-0.8804607889940949f,-0.4719603634473257f,-0.04519086609664241f,0.20256656585555985f,0f,0f,0f,1f],start_interpolation:0}
execute if entity @s[tag=aj.gojo.bone.leftarm] run data modify entity @s {} merge value {transformation:[-0.9656009602398383f,0.24678419649078234f,0.08192890787933878f,0.3125f,0.09055451266522313f,0.61449526307863f,-0.7837062280535286f,1.375f,-0.24375123757607098f,-0.7493284540282216f,-0.6157046387382588f,3.827021247335479e-17f,0f,0f,0f,1f],start_interpolation:0}
execute if entity @s[tag=aj.gojo.bone.head] run data modify entity @s {} merge value {transformation:[-1f,-4.5682727788343926e-17f,1.136252005869941e-16f,0f,0f,0.9278201736705178f,0.373027780909157f,1.5f,-1.2246467991473532e-16f,0.373027780909157f,-0.9278201736705178f,0f,0f,0f,0f,1f],start_interpolation:0}
execute if entity @s[tag=aj.gojo.locator_origin.purple] at @s on origin run tp @s ^0 ^1 ^0.5 ~0 ~0
execute if entity @s[tag=aj.gojo.locator_origin.blue] at @s on origin run tp @s ^-1.0625 ^1.78125 ^-0.53125 ~0 ~0
execute if entity @s[tag=aj.gojo.locator_origin.red] at @s on origin run tp @s ^1.0625 ^1.78125 ^-0.53125 ~0 ~0
execute if entity @s[tag=aj.gojo.camera_origin.camera] at @s on origin run tp @s ^0 ^1.755 ^2 ~-180 ~0