execute if entity @s[tag=aj.gojo.locator_origin.head] at @s on origin run tp @s ^0 ^1.47761 ^-0.18188 ~0 ~-14.03472
execute if entity @s[tag=aj.gojo.bone.torso] run data modify entity @s {} merge value {transformation:[-1f,2.9698893231398455e-17f,1.1880897932163448e-16f,2.2274169923548843e-17f,0f,0.970148939305226f,-0.24250986694348103f,1.4776117044789197f,-1.2246467991473532e-16f,-0.24250986694348103f,-0.970148939305226f,-0.18188240020761076f,0f,0f,0f,1f],start_interpolation:0}
execute if entity @s[tag=aj.gojo.bone.bottom2] run data modify entity @s {} merge value {transformation:[-0.7869771506690234f,0.5203421982343729f,-0.3315282206109844f,-0.4993049417205093f,-0.5083300531264332f,-0.8513598400885725f,-0.12956457761609763f,1.233602338909387f,-0.3496677300142849f,0.06656139587614146f,0.934506318419344f,-0.023331104125744545f,0f,0f,0f,1f],start_interpolation:0}
execute if entity @s[tag=aj.gojo.bone.rightarm] run data modify entity @s {} merge value {transformation:[-0.6111695004209742f,0.5944273917767938f,0.5226164154144173f,-0.3125f,-0.3304588618089186f,0.4083482771732869f,-0.8509104683699469f,1.3563430870657662f,-0.7192140032056735f,-0.6927537516571429f,-0.05313621324315998f,-0.15156866683967568f,0f,0f,0f,1f],start_interpolation:0}
execute if entity @s[tag=aj.gojo.bone.bottom] run data modify entity @s {} merge value {transformation:[-0.786977119741902f,-0.520342017319564f,0.3315285779756347f,0.4993049821968404f,0.508329827597967f,-0.851359951421847f,-0.12956473088465048f,1.2336022503894792f,0.3496681274822757f,0.06656138615441647f,0.9345061703896032f,-0.023331247813701828f,0f,0f,0f,1f],start_interpolation:0}
execute if entity @s[tag=aj.gojo.bone.leftarm] run data modify entity @s {} merge value {transformation:[-0.6111689114421922f,-0.5944277009268136f,-0.5226167525610219f,0.3125f,0.3304589546973835f,0.4083486080308017f,-0.8509102735186708f,1.3563430870657662f,0.7192144610245811f,-0.6927532913600405f,-0.053136017567675775f,-0.15156866683967563f,0f,0f,0f,1f],start_interpolation:0}
execute if entity @s[tag=aj.gojo.bone.head] run data modify entity @s {} merge value {transformation:[-1f,7.930877929345055e-17f,9.331514000204535e-17f,2.2274169923548843e-17f,0f,0.7619759433251693f,-0.647605328725543f,1.4776117044789197f,-1.2246467991473532e-16f,-0.647605328725543f,-0.7619759433251693f,-0.18188240020761076f,0f,0f,0f,1f],start_interpolation:0}
execute if entity @s[tag=aj.gojo.locator_origin.purple] at @s on origin run tp @s ^0 ^1 ^0.5 ~0 ~0
execute if entity @s[tag=aj.gojo.locator_origin.blue] at @s on origin run tp @s ^-1.0625 ^1.78125 ^-0.53125 ~0 ~0
execute if entity @s[tag=aj.gojo.locator_origin.red] at @s on origin run tp @s ^1.0625 ^1.78125 ^-0.53125 ~0 ~0
execute if entity @s[tag=aj.gojo.camera_origin.camera] at @s on origin run tp @s ^0 ^1.755 ^4.73438 ~-180 ~0