execute if entity @s[tag=aj.gojo.locator_origin.head] at @s on origin run tp @s ^0 ^1.47928 ^-0.17508 ~0 ~-13.5
execute if entity @s[tag=aj.gojo.bone.torso] run data modify entity @s {} merge value {transformation:[-1f,2.8588811762192377e-17f,1.1908097106021811e-16f,2.1441608821644283e-17f,0f,0.9723699203976766f,-0.23344536385590542f,1.4792774402982574f,-1.2246467991473532e-16f,-0.23344536385590542f,-0.9723699203976766f,-0.17508402289192906f,0f,0f,0f,1f],start_interpolation:0}
execute if entity @s[tag=aj.gojo.bone.bottom2] run data modify entity @s {} merge value {transformation:[-0.8365091690676107f,0.5478942260142458f,0.008020421813455796f,-0.44487900645497824f,-0.518519101512118f,-0.7867577664446002f,-0.3348882773495814f,1.1977733760398896f,-0.17717322436779495f,-0.28429585652864303f,0.9422237072626459f,0.006725423135251846f,0f,0f,0f,1f],start_interpolation:0}
execute if entity @s[tag=aj.gojo.bone.rightarm] run data modify entity @s {} merge value {transformation:[-0.7834927757928051f,0.33364283187171184f,0.5242342329733054f,-0.3125f,-0.2743372425146621f,0.571246986205967f,-0.7735734988480741f,1.3577312002485478f,-0.5575644784685774f,-0.7499062217979154f,-0.3560372324053189f,-0.14590335240994093f,0f,0f,0f,1f],start_interpolation:0}
execute if entity @s[tag=aj.gojo.bone.bottom] run data modify entity @s {} merge value {transformation:[-0.8365092487249288f,-0.547894107041599f,-0.008020241065214588f,0.4448790399691791f,0.5185189437525846f,-0.7867578827102755f,-0.33488824846946824f,1.1977733277277212f,0.17717330997461017f,-0.2842957640597782f,0.9422237190658634f,0.006725343435399517f,0f,0f,0f,1f],start_interpolation:0}
execute if entity @s[tag=aj.gojo.bone.leftarm] run data modify entity @s {} merge value {transformation:[-0.7834924324566751f,-0.33364305176254766f,-0.5242346061580603f,0.3125f,0.2743373920011612f,0.5712471420830165f,-0.77357333072695f,1.3577312002485478f,0.5575648873746657f,-0.749906005225028f,-0.3560370482047006f,-0.14590335240994087f,0f,0f,0f,1f],start_interpolation:0}
execute if entity @s[tag=aj.gojo.bone.head] run data modify entity @s {} merge value {transformation:[-1f,7.55987364259727e-17f,9.634536251120175e-17f,2.1441608821644283e-17f,0f,0.786719587870406f,-0.617310529685845f,1.4792774402982574f,-1.2246467991473532e-16f,-0.617310529685845f,-0.786719587870406f,-0.17508402289192906f,0f,0f,0f,1f],start_interpolation:0}
execute if entity @s[tag=aj.gojo.locator_origin.purple] at @s on origin run tp @s ^0 ^1 ^0.5 ~0 ~0
execute if entity @s[tag=aj.gojo.locator_origin.blue] at @s on origin run tp @s ^-1.0625 ^1.78125 ^-0.53125 ~0 ~0
execute if entity @s[tag=aj.gojo.locator_origin.red] at @s on origin run tp @s ^1.0625 ^1.78125 ^-0.53125 ~0 ~0
execute if entity @s[tag=aj.gojo.camera_origin.camera] at @s on origin run tp @s ^0 ^1.755 ^4.89324 ~-180 ~0