execute if entity @s[tag=aj.gojo.locator_origin.head] at @s on origin run tp @s ^0 ^1.5 ^0 ~0 ~0
execute if entity @s[tag=aj.gojo.bone.bottom2] run data modify entity @s {} merge value {transformation:[-0.4920056839704072f,-0.8064477346349717f,0.3279824053862255f,-0.3189471195218767f,-0.18574589280874237f,-0.2708223855560981f,-0.9445388815641143f,1.21646818004246f,0.8505462187591543f,-0.5256398831746188f,-0.016548201433334964f,0.20305749607148396f,0f,0f,0f,1f],start_interpolation:0}
execute if entity @s[tag=aj.gojo.bone.rightarm] run data modify entity @s {} merge value {transformation:[-0.9747199901930641f,-0.2178915194607591f,-0.04943911877364617f,-0.3125f,-0.09647084595833537f,0.6100095683405765f,-0.7864996518836018f,1.375f,0.20152993970652644f,-0.7618474993593043f,-0.6156086996801284f,-3.827021247335479e-17f,0f,0f,0f,1f],start_interpolation:0}
execute if entity @s[tag=aj.gojo.bone.bottom] run data modify entity @s {} merge value {transformation:[-0.49200678080042914f,0.8064470354121202f,-0.32798247929028335f,0.31894720588769443f,0.18574570680841368f,-0.27082256207040517f,-0.9445388675305343f,1.2164681929136554f,-0.8505456249071186f,-0.5256408649911307f,-0.01654753766378958f,0.20305750337818018f,0f,0f,0f,1f],start_interpolation:0}
execute if entity @s[tag=aj.gojo.bone.leftarm] run data modify entity @s {} merge value {transformation:[-0.9747201082194182f,0.21789120350407695f,0.04943818431405619f,0.3125f,0.09647134719753288f,0.6100093915459956f,-0.7864997275241594f,1.375f,-0.2015291289184239f,-0.7618477312831147f,-0.6156086780871044f,3.827021247335479e-17f,0f,0f,0f,1f],start_interpolation:0}
execute if entity @s[tag=aj.gojo.bone.head] run data modify entity @s {} merge value {transformation:[-1f,-4.213659209861033e-17f,1.1498741423709774e-16f,0f,0f,0.938943492255534f,0.344071385545183f,1.5f,-1.2246467991473532e-16f,0.344071385545183f,-0.938943492255534f,0f,0f,0f,0f,1f],start_interpolation:0}
execute if entity @s[tag=aj.gojo.locator_origin.purple] at @s on origin run tp @s ^0 ^1 ^0.5 ~0 ~0
execute if entity @s[tag=aj.gojo.locator_origin.blue] at @s on origin run tp @s ^-1.0625 ^1.78125 ^-0.53125 ~0 ~0
execute if entity @s[tag=aj.gojo.locator_origin.red] at @s on origin run tp @s ^1.0625 ^1.78125 ^-0.53125 ~0 ~0
execute if entity @s[tag=aj.gojo.camera_origin.camera] at @s on origin run tp @s ^0 ^1.755 ^2 ~-180 ~0