execute if entity @s[tag=aj.gojo.locator_origin.head] at @s on origin run tp @s ^0 ^1.5 ^0 ~0 ~0
execute if entity @s[tag=aj.gojo.bone.bottom2] run data modify entity @s {} merge value {transformation:[-0.9629939383730448f,-0.2532498721179273f,-0.09223435872290608f,-0.3657413824307004f,-0.19563540899144138f,0.892182461713264f,-0.40710839067748494f,1.1301475731771151f,0.18539002509715485f,-0.3739986059914044f,-0.9087109448614352f,0.060157246245249985f,0f,0f,0f,1f],start_interpolation:0}
execute if entity @s[tag=aj.gojo.bone.rightarm] run data modify entity @s {} merge value {transformation:[-0.9983448791409316f,-0.036620690062431224f,-0.044344417376147555f,-0.3125f,-0.025509220487359242f,0.9730324021697002f,-0.2292536237401496f,1.375f,0.051543980863005885f,-0.22774298976524862f,-0.9723560812015215f,-3.827021247335479e-17f,0f,0f,0f,1f],start_interpolation:0}
execute if entity @s[tag=aj.gojo.bone.bottom] run data modify entity @s {} merge value {transformation:[-0.9629939893057997f,0.2532497458251176f,0.0922341737124303f,0.3657413623945891f,0.1956353527214598f,0.8921824521115734f,-0.4071084387601539f,1.1301475682196487f,-0.18538981991051035f,-0.37399871441449284f,-0.9087109420986715f,0.060157243800031124f,0f,0f,0f,1f],start_interpolation:0}
execute if entity @s[tag=aj.gojo.bone.leftarm] run data modify entity @s {} merge value {transformation:[-0.9983448872961058f,0.036620772245669946f,0.044344165905522905f,0.3125f,0.02550935564868473f,0.9730323882092345f,-0.22925366795369354f,1.375f,-0.05154375601481412f,-0.2277430361964208f,-0.9723560822455533f,3.827021247335479e-17f,0f,0f,0f,1f],start_interpolation:0}
execute if entity @s[tag=aj.gojo.bone.head] run data modify entity @s {} merge value {transformation:[-1f,-1.1014142619990049e-17f,1.2196838315303312e-16f,0f,0f,0.9959474293972128f,0.08993729969864392f,1.5f,-1.2246467991473532e-16f,0.08993729969864392f,-0.9959474293972128f,0f,0f,0f,0f,1f],start_interpolation:0}
execute if entity @s[tag=aj.gojo.locator_origin.purple] at @s on origin run tp @s ^0 ^1 ^0.5 ~0 ~0
execute if entity @s[tag=aj.gojo.locator_origin.blue] at @s on origin run tp @s ^-1.0625 ^1.78125 ^-0.53125 ~0 ~0
execute if entity @s[tag=aj.gojo.locator_origin.red] at @s on origin run tp @s ^1.0625 ^1.78125 ^-0.53125 ~0 ~0
execute if entity @s[tag=aj.gojo.camera_origin.camera] at @s on origin run tp @s ^0 ^2.835 ^5.965 ~-180 ~0